6
9
6
4
7,12
7,22
17,2
17,12
17,22
27,12
4,5,2
3,4,2
1,4,1
3,5,1
2,3,2
0,2,2
0,3,1
1,3,1
0,1,1
0,0,3
0,1,3
0,2,3
0,3,3
0,4,3
0,5,1
0,6,1
0,7,4
0,8,4
0,9,4
0,10,4
0,11,4
0,12,4
0,13,4
0,14,4
0,15,4
0,16,1
0,17,1
0,18,1
0,19,4
0,20,4
0,21,3
0,22,3
0,23,3
0,24,1
0,25,1
0,26,1
0,27,1
0,28,2
0,29,2
0,30,2
1,0,3
1,1,3
1,2,3
1,3,3
1,4,3
1,5,1
1,6,1
1,7,4
1,8,4
1,9,4
1,10,4
1,11,4
1,12,4
1,13,4
1,14,4
1,15,4
1,16,1
1,17,1
1,18,1
1,19,4
1,20,4
1,21,3
1,22,3
1,23,3
1,24,1
1,25,1
1,26,1
1,27,1
1,28,2
1,29,2
1,30,2
2,0,4
2,1,4
2,2,3
2,3,3
2,4,1
2,5,1
2,6,1
2,7,4
2,8,4
2,9,4
2,10,4
2,11,3
2,12,3
2,13,4
2,14,4
2,15,1
2,16,1
2,17,1
2,18,4
2,19,4
2,20,4
2,21,3
2,22,3
2,23,3
2,24,3
2,25,1
2,26,1
2,27,2
2,28,2
2,29,2
2,30,2
3,0,4
3,1,4
3,2,4
3,3,4
3,4,1
3,5,1
3,6,1
3,7,4
3,8,4
3,9,4
3,10,3
3,11,3
3,12,3
3,13,3
3,14,1
3,15,1
3,16,1
3,17,1
3,18,4
3,19,4
3,20,4
3,21,4
3,22,3
3,23,3
3,24,3
3,25,3
3,26,3
3,27,2
3,28,2
3,29,2
3,30,2
4,0,4
4,1,4
4,2,4
4,3,4
4,4,4
4,5,1
4,6,1
4,7,4
4,8,4
4,9,4
4,10,3
4,11,3
4,12,3
4,13,3
4,14,1
4,15,1
4,16,1
4,17,4
4,18,4
4,19,4
4,20,4
4,21,4
4,22,4
4,23,3
4,24,3
4,25,3
4,26,3
4,27,3
4,28,2
4,29,2
4,30,2
5,0,1
5,1,1
5,2,4
5,3,4
5,4,4
5,5,1
5,6,1
5,7,4
5,8,4
5,9,4
5,10,3
5,11,3
5,12,3
5,13,3
5,14,3
5,15,1
5,16,1
5,17,4
5,18,4
5,19,4
5,20,4
5,21,4
5,22,4
5,23,4
5,24,4
5,25,3
5,26,3
5,27,3
5,28,3
5,29,3
5,30,3
6,0,1
6,1,1
6,2,1
6,3,4
6,4,4
6,5,1
6,6,1
6,7,4
6,8,4
6,9,4
6,10,3
6,11,3
6,12,3
6,13,3
6,14,3
6,15,1
6,16,1
6,17,1
6,18,4
6,19,4
6,20,4
6,21,4
6,22,4
6,23,4
6,24,4
6,25,4
6,26,3
6,27,3
6,28,3
6,29,3
6,30,3
7,0,1
7,1,1
7,2,1
7,3,4
7,4,4
7,5,1
7,6,1
7,7,4
7,8,4
7,9,3
7,10,3
7,11,3
7,12,3
7,13,3
7,14,3
7,15,1
7,16,1
7,17,1
7,18,4
7,19,4
7,20,4
7,21,4
7,22,4
7,23,4
7,24,4
7,25,4
7,26,4
7,27,4
7,28,4
7,29,4
7,30,4
8,0,1
8,1,1
8,2,1
8,3,4
8,4,4
8,5,1
8,6,1
8,7,4
8,8,4
8,9,3
8,10,3
8,11,3
8,12,3
8,13,3
8,14,3
8,15,3
8,16,1
8,17,1
8,18,1
8,19,4
8,20,4
8,21,4
8,22,4
8,23,4
8,24,4
8,25,4
8,26,4
8,27,4
8,28,4
8,29,4
8,30,4
9,0,1
9,1,1
9,2,4
9,3,4
9,4,4
9,5,1
9,6,1
9,7,4
9,8,4
9,9,4
9,10,3
9,11,3
9,12,3
9,13,3
9,14,3
9,15,3
9,16,1
9,17,1
9,18,1
9,19,1
9,20,4
9,21,4
9,22,4
9,23,4
9,24,4
9,25,4
9,26,2
9,27,2
9,28,2
9,29,4
9,30,4
10,0,1
10,1,1
10,2,4
10,3,4
10,4,4
10,5,1
10,6,1
10,7,4
10,8,4
10,9,4
10,10,4
10,11,4
10,12,3
10,13,3
10,14,3
10,15,4
10,16,4
10,17,1
10,18,1
10,19,1
10,20,1
10,21,4
10,22,4
10,23,4
10,24,4
10,25,2
10,26,2
10,27,2
10,28,2
10,29,2
10,30,2
11,0,1
11,1,1
11,2,1
11,3,4
11,4,4
11,5,1
11,6,1
11,7,1
11,8,4
11,9,4
11,10,4
11,11,4
11,12,4
11,13,4
11,14,4
11,15,4
11,16,4
11,17,4
11,18,1
11,19,1
11,20,1
11,21,1
11,22,4
11,23,4
11,24,2
11,25,2
11,26,2
11,27,2
11,28,2
11,29,2
11,30,2
12,0,1
12,1,1
12,2,1
12,3,4
12,4,4
12,5,1
12,6,1
12,7,1
12,8,1
12,9,4
12,10,4
12,11,4
12,12,4
12,13,4
12,14,4
12,15,4
12,16,4
12,17,4
12,18,4
12,19,1
12,20,1
12,21,1
12,22,1
12,23,1
12,24,2
12,25,2
12,26,2
12,27,2
12,28,2
12,29,2
12,30,2
13,0,1
13,1,1
13,2,4
13,3,4
13,4,4
13,5,1
13,6,1
13,7,1
13,8,1
13,9,1
13,10,4
13,11,4
13,12,4
13,13,4
13,14,4
13,15,4
13,16,4
13,17,4
13,18,4
13,19,1
13,20,1
13,21,1
13,22,1
13,23,1
13,24,1
13,25,2
13,26,2
13,27,2
13,28,2
13,29,2
13,30,2
14,0,4
14,1,4
14,2,4
14,3,4
14,4,4
14,5,1
14,6,1
14,7,1
14,8,1
14,9,1
14,10,2
14,11,2
14,12,2
14,13,2
14,14,4
14,15,4
14,16,4
14,17,4
14,18,1
14,19,1
14,20,1
14,21,1
14,22,1
14,23,1
14,24,1
14,25,1
14,26,1
14,27,1
14,28,1
14,29,1
14,30,1
15,0,4
15,1,4
15,2,4
15,3,4
15,4,4
15,5,1
15,6,1
15,7,1
15,8,1
15,9,2
15,10,2
15,11,2
15,12,2
15,13,2
15,14,2
15,15,4
15,16,4
15,17,1
15,18,1
15,19,1
15,20,1
15,21,1
15,22,1
15,23,1
15,24,1
15,25,1
15,26,1
15,27,1
15,28,1
15,29,1
15,30,1
16,0,4
16,1,4
16,2,4
16,3,4
16,4,4
16,5,4
16,6,1
16,7,1
16,8,2
16,9,2
16,10,2
16,11,2
16,12,2
16,13,2
16,14,2
16,15,2
16,16,2
16,17,1
16,18,1
16,19,1
16,20,1
16,21,1
16,22,1
16,23,1
16,24,1
16,25,1
16,26,4
16,27,4
16,28,4
16,29,4
16,30,4
17,0,4
17,1,4
17,2,4
17,3,4
17,4,4
17,5,4
17,6,3
17,7,3
17,8,2
17,9,2
17,10,2
17,11,2
17,12,2
17,13,2
17,14,2
17,15,2
17,16,2
17,17,2
17,18,1
17,19,1
17,20,1
17,21,1
17,22,1
17,23,1
17,24,1
17,25,4
17,26,4
17,27,4
17,28,4
17,29,4
17,30,4
18,0,4
18,1,4
18,2,4
18,3,4
18,4,4
18,5,3
18,6,3
18,7,3
18,8,3
18,9,2
18,10,2
18,11,2
18,12,2
18,13,2
18,14,2
18,15,2
18,16,2
18,17,2
18,18,1
18,19,1
18,20,1
18,21,1
18,22,1
18,23,1
18,24,1
18,25,4
18,26,4
18,27,4
18,28,4
18,29,3
18,30,3
19,0,4
19,1,4
19,2,4
19,3,4
19,4,4
19,5,3
19,6,3
19,7,3
19,8,3
19,9,3
19,10,2
19,11,2
19,12,2
19,13,2
19,14,2
19,15,2
19,16,2
19,17,2
19,18,2
19,19,1
19,20,1
19,21,1
19,22,1
19,23,1
19,24,1
19,25,4
19,26,4
19,27,4
19,28,3
19,29,3
19,30,3
20,0,4
20,1,4
20,2,4
20,3,4
20,4,2
20,5,2
20,6,3
20,7,3
20,8,3
20,9,3
20,10,1
20,11,1
20,12,2
20,13,2
20,14,4
20,15,4
20,16,2
20,17,2
20,18,2
20,19,2
20,20,2
20,21,1
20,22,1
20,23,1
20,24,4
20,25,4
20,26,4
20,27,4
20,28,3
20,29,3
20,30,3
21,0,4
21,1,4
21,2,2
21,3,2
21,4,2
21,5,2
21,6,2
21,7,3
21,8,3
21,9,1
21,10,1
21,11,1
21,12,1
21,13,4
21,14,4
21,15,4
21,16,4
21,17,2
21,18,2
21,19,2
21,20,2
21,21,2
21,22,2
21,23,2
21,24,4
21,25,4
21,26,4
21,27,4
21,28,3
21,29,3
21,30,3
22,0,2
22,1,2
22,2,2
22,3,2
22,4,2
22,5,2
22,6,2
22,7,1
22,8,1
22,9,1
22,10,1
22,11,1
22,12,1
22,13,4
22,14,4
22,15,4
22,16,4
22,17,4
22,18,2
22,19,2
22,20,2
22,21,2
22,22,2
22,23,2
22,24,2
22,25,4
22,26,4
22,27,2
22,28,2
22,29,3
22,30,3
23,0,2
23,1,2
23,2,2
23,3,2
23,4,2
23,5,2
23,6,1
23,7,1
23,8,1
23,9,1
23,10,1
23,11,1
23,12,1
23,13,4
23,14,4
23,15,4
23,16,4
23,17,4
23,18,1
23,19,1
23,20,1
23,21,2
23,22,2
23,23,2
23,24,2
23,25,2
23,26,2
23,27,2
23,28,2
23,29,2
23,30,2
24,0,2
24,1,2
24,2,2
24,3,2
24,4,2
24,5,1
24,6,1
24,7,1
24,8,1
24,9,1
24,10,1
24,11,1
24,12,3
24,13,3
24,14,4
24,15,4
24,16,4
24,17,1
24,18,1
24,19,1
24,20,1
24,21,1
24,22,2
24,23,2
24,24,2
24,25,2
24,26,2
24,27,2
24,28,2
24,29,2
24,30,2
25,0,4
25,1,4
25,2,2
25,3,2
25,4,2
25,5,1
25,6,1
25,7,1
25,8,1
25,9,1
25,10,3
25,11,3
25,12,3
25,13,3
25,14,3
25,15,4
25,16,4
25,17,1
25,18,1
25,19,1
25,20,1
25,21,1
25,22,1
25,23,2
25,24,2
25,25,1
25,26,1
25,27,2
25,28,2
25,29,3
25,30,3
26,0,4
26,1,4
26,2,4
26,3,2
26,4,2
26,5,1
26,6,1
26,7,1
26,8,1
26,9,3
26,10,3
26,11,3
26,12,3
26,13,3
26,14,3
26,15,4
26,16,4
26,17,1
26,18,1
26,19,1
26,20,1
26,21,1
26,22,1
26,23,1
26,24,1
26,25,1
26,26,1
26,27,1
26,28,3
26,29,3
26,30,3
27,0,4
27,1,4
27,2,4
27,3,2
27,4,2
27,5,2
27,6,1
27,7,1
27,8,3
27,9,3
27,10,3
27,11,3
27,12,3
27,13,3
27,14,3
27,15,4
27,16,4
27,17,1
27,18,1
27,19,1
27,20,1
27,21,1
27,22,1
27,23,1
27,24,1
27,25,1
27,26,1
27,27,1
27,28,3
27,29,3
27,30,3
28,0,4
28,1,4
28,2,4
28,3,2
28,4,2
28,5,2
28,6,4
28,7,4
28,8,3
28,9,3
28,10,3
28,11,3
28,12,3
28,13,3
28,14,3
28,15,4
28,16,4
28,17,4
28,18,1
28,19,1
28,20,4
28,21,4
28,22,4
28,23,4
28,24,1
28,25,1
28,26,1
28,27,4
28,28,4
28,29,3
28,30,3
29,0,4
29,1,4
29,2,2
29,3,2
29,4,2
29,5,4
29,6,4
29,7,4
29,8,4
29,9,3
29,10,3
29,11,3
29,12,3
29,13,3
29,14,3
29,15,4
29,16,4
29,17,4
29,18,4
29,19,4
29,20,4
29,21,4
29,22,4
29,23,4
29,24,4
29,25,4
29,26,4
29,27,4
29,28,4
29,29,4
29,30,4
30,0,4
30,1,4
30,2,2
30,3,2
30,4,2
30,5,4
30,6,4
30,7,4
30,8,4
30,9,3
30,10,3
30,11,3
30,12,3
30,13,3
30,14,3
30,15,4
30,16,4
30,17,4
30,18,4
30,19,4
30,20,4
30,21,4
30,22,4
30,23,4
30,24,4
30,25,4
30,26,4
30,27,4
30,28,4
30,29,4
30,30,4