7
11
9
6
7,12
17,2
17,12
17,22
27,2
27,12
27,27
5,6,3
0,1,1
0,2,1
0,3,2
4,5,2
2,5,1
3,5,2
1,4,2
1,2,2
2,4,2
2,3,1
0,0,3
0,1,3
0,2,3
0,3,3
0,4,3
0,5,3
0,6,2
0,7,2
0,8,2
0,9,2
0,10,2
0,11,2
0,12,3
0,13,3
0,14,3
0,15,3
0,16,3
0,17,3
0,18,3
0,19,3
0,20,3
0,21,3
0,22,4
0,23,4
0,24,1
0,25,1
0,26,1
0,27,1
0,28,3
0,29,3
0,30,3
1,0,3
1,1,3
1,2,3
1,3,3
1,4,3
1,5,3
1,6,2
1,7,2
1,8,2
1,9,2
1,10,2
1,11,2
1,12,3
1,13,3
1,14,3
1,15,3
1,16,3
1,17,3
1,18,3
1,19,3
1,20,3
1,21,3
1,22,4
1,23,4
1,24,1
1,25,1
1,26,1
1,27,1
1,28,3
1,29,3
1,30,3
2,0,1
2,1,1
2,2,1
2,3,3
2,4,3
2,5,2
2,6,2
2,7,2
2,8,2
2,9,2
2,10,2
2,11,2
2,12,2
2,13,3
2,14,3
2,15,3
2,16,3
2,17,2
2,18,2
2,19,3
2,20,3
2,21,4
2,22,4
2,23,4
2,24,4
2,25,1
2,26,1
2,27,1
2,28,1
2,29,3
2,30,3
3,0,1
3,1,1
3,2,1
3,3,1
3,4,2
3,5,2
3,6,2
3,7,2
3,8,2
3,9,2
3,10,2
3,11,2
3,12,2
3,13,2
3,14,2
3,15,2
3,16,2
3,17,2
3,18,2
3,19,2
3,20,2
3,21,4
3,22,4
3,23,4
3,24,4
3,25,1
3,26,1
3,27,1
3,28,1
3,29,3
3,30,3
4,0,1
4,1,1
4,2,1
4,3,1
4,4,2
4,5,2
4,6,2
4,7,2
4,8,2
4,9,4
4,10,4
4,11,2
4,12,2
4,13,2
4,14,2
4,15,2
4,16,2
4,17,2
4,18,2
4,19,2
4,20,2
4,21,2
4,22,4
4,23,4
4,24,3
4,25,3
4,26,1
4,27,1
4,28,3
4,29,3
4,30,3
5,0,1
5,1,1
5,2,1
5,3,1
5,4,2
5,5,2
5,6,2
5,7,2
5,8,4
5,9,4
5,10,4
5,11,4
5,12,4
5,13,4
5,14,4
5,15,2
5,16,2
5,17,4
5,18,4
5,19,2
5,20,2
5,21,2
5,22,2
5,23,3
5,24,3
5,25,3
5,26,3
5,27,3
5,28,3
5,29,3
5,30,3
6,0,1
6,1,1
6,2,1
6,3,4
6,4,4
6,5,2
6,6,2
6,7,2
6,8,4
6,9,4
6,10,4
6,11,4
6,12,4
6,13,4
6,14,4
6,15,4
6,16,4
6,17,4
6,18,4
6,19,4
6,20,2
6,21,2
6,22,2
6,23,3
6,24,3
6,25,3
6,26,3
6,27,3
6,28,3
6,29,3
6,30,3
7,0,4
7,1,4
7,2,4
7,3,4
7,4,4
7,5,4
7,6,2
7,7,2
7,8,2
7,9,4
7,10,4
7,11,4
7,12,4
7,13,4
7,14,4
7,15,4
7,16,4
7,17,4
7,18,4
7,19,4
7,20,2
7,21,2
7,22,3
7,23,3
7,24,3
7,25,3
7,26,3
7,27,3
7,28,3
7,29,3
7,30,3
8,0,4
8,1,4
8,2,4
8,3,4
8,4,4
8,5,4
8,6,2
8,7,2
8,8,2
8,9,2
8,10,4
8,11,4
8,12,4
8,13,4
8,14,4
8,15,4
8,16,4
8,17,4
8,18,4
8,19,2
8,20,2
8,21,2
8,22,3
8,23,3
8,24,3
8,25,3
8,26,3
8,27,3
8,28,4
8,29,4
8,30,4
9,0,4
9,1,4
9,2,4
9,3,4
9,4,4
9,5,3
9,6,3
9,7,2
9,8,2
9,9,2
9,10,4
9,11,4
9,12,4
9,13,4
9,14,4
9,15,4
9,16,4
9,17,4
9,18,4
9,19,2
9,20,2
9,21,2
9,22,2
9,23,3
9,24,3
9,25,3
9,26,3
9,27,4
9,28,4
9,29,4
9,30,4
10,0,4
10,1,4
10,2,4
10,3,4
10,4,3
10,5,3
10,6,3
10,7,3
10,8,2
10,9,2
10,10,2
10,11,4
10,12,4
10,13,4
10,14,4
10,15,4
10,16,4
10,17,4
10,18,2
10,19,2
10,20,2
10,21,2
10,22,2
10,23,2
10,24,2
10,25,2
10,26,2
10,27,4
10,28,4
10,29,4
10,30,4
11,0,4
11,1,4
11,2,4
11,3,4
11,4,3
11,5,3
11,6,3
11,7,3
11,8,2
11,9,2
11,10,2
11,11,2
11,12,4
11,13,4
11,14,2
11,15,2
11,16,2
11,17,2
11,18,2
11,19,2
11,20,2
11,21,2
11,22,2
11,23,2
11,24,2
11,25,2
11,26,2
11,27,2
11,28,4
11,29,4
11,30,4
12,0,4
12,1,4
12,2,4
12,3,1
12,4,1
12,5,3
12,6,3
12,7,3
12,8,3
12,9,2
12,10,2
12,11,2
12,12,2
12,13,2
12,14,2
12,15,2
12,16,2
12,17,2
12,18,2
12,19,2
12,20,3
12,21,3
12,22,3
12,23,3
12,24,3
12,25,2
12,26,2
12,27,2
12,28,2
12,29,2
12,30,2
13,0,1
13,1,1
13,2,1
13,3,1
13,4,1
13,5,1
13,6,3
13,7,3
13,8,3
13,9,3
13,10,2
13,11,2
13,12,2
13,13,2
13,14,2
13,15,2
13,16,2
13,17,2
13,18,2
13,19,3
13,20,3
13,21,3
13,22,3
13,23,3
13,24,3
13,25,3
13,26,2
13,27,2
13,28,2
13,29,2
13,30,2
14,0,1
14,1,1
14,2,1
14,3,1
14,4,1
14,5,1
14,6,3
14,7,3
14,8,3
14,9,3
14,10,4
14,11,4
14,12,4
14,13,4
14,14,4
14,15,2
14,16,2
14,17,2
14,18,2
14,19,3
14,20,3
14,21,3
14,22,3
14,23,3
14,24,3
14,25,3
14,26,1
14,27,1
14,28,1
14,29,1
14,30,1
15,0,1
15,1,1
15,2,1
15,3,1
15,4,1
15,5,1
15,6,1
15,7,3
15,8,3
15,9,4
15,10,4
15,11,4
15,12,4
15,13,4
15,14,4
15,15,4
15,16,2
15,17,2
15,18,3
15,19,3
15,20,3
15,21,3
15,22,3
15,23,3
15,24,3
15,25,1
15,26,1
15,27,1
15,28,1
15,29,1
15,30,1
16,0,1
16,1,1
16,2,1
16,3,1
16,4,1
16,5,1
16,6,1
16,7,4
16,8,4
16,9,4
16,10,4
16,11,4
16,12,4
16,13,4
16,14,4
16,15,4
16,16,4
16,17,3
16,18,3
16,19,3
16,20,3
16,21,3
16,22,3
16,23,3
16,24,3
16,25,1
16,26,1
16,27,1
16,28,1
16,29,1
16,30,1
17,0,1
17,1,1
17,2,1
17,3,1
17,4,1
17,5,1
17,6,4
17,7,4
17,8,4
17,9,4
17,10,4
17,11,4
17,12,4
17,13,4
17,14,4
17,15,4
17,16,4
17,17,3
17,18,3
17,19,3
17,20,3
17,21,3
17,22,3
17,23,3
17,24,3
17,25,3
17,26,1
17,27,1
17,28,1
17,29,1
17,30,1
18,0,1
18,1,1
18,2,1
18,3,1
18,4,1
18,5,1
18,6,4
18,7,4
18,8,4
18,9,4
18,10,4
18,11,4
18,12,4
18,13,4
18,14,4
18,15,4
18,16,4
18,17,3
18,18,3
18,19,3
18,20,3
18,21,3
18,22,3
18,23,3
18,24,3
18,25,3
18,26,2
18,27,2
18,28,2
18,29,1
18,30,1
19,0,1
19,1,1
19,2,1
19,3,1
19,4,1
19,5,4
19,6,4
19,7,4
19,8,4
19,9,4
19,10,4
19,11,4
19,12,4
19,13,4
19,14,4
19,15,4
19,16,4
19,17,4
19,18,3
19,19,3
19,20,3
19,21,3
19,22,3
19,23,3
19,24,3
19,25,2
19,26,2
19,27,2
19,28,2
19,29,2
19,30,2
20,0,4
20,1,4
20,2,4
20,3,4
20,4,4
20,5,4
20,6,4
20,7,4
20,8,4
20,9,4
20,10,4
20,11,4
20,12,4
20,13,4
20,14,4
20,15,4
20,16,4
20,17,4
20,18,4
20,19,3
20,20,3
20,21,3
20,22,3
20,23,3
20,24,2
20,25,2
20,26,2
20,27,2
20,28,2
20,29,2
20,30,2
21,0,4
21,1,4
21,2,4
21,3,4
21,4,4
21,5,4
21,6,4
21,7,4
21,8,2
21,9,2
21,10,4
21,11,4
21,12,4
21,13,4
21,14,4
21,15,4
21,16,4
21,17,4
21,18,4
21,19,1
21,20,1
21,21,3
21,22,3
21,23,2
21,24,2
21,25,2
21,26,2
21,27,1
21,28,1
21,29,1
21,30,1
22,0,4
22,1,4
22,2,1
22,3,1
22,4,4
22,5,4
22,6,4
22,7,2
22,8,2
22,9,2
22,10,2
22,11,2
22,12,2
22,13,2
22,14,2
22,15,2
22,16,4
22,17,4
22,18,1
22,19,1
22,20,1
22,21,1
22,22,2
22,23,2
22,24,2
22,25,2
22,26,1
22,27,1
22,28,1
22,29,1
22,30,1
23,0,1
23,1,1
23,2,1
23,3,1
23,4,1
23,5,4
23,6,4
23,7,2
23,8,2
23,9,2
23,10,2
23,11,2
23,12,2
23,13,2
23,14,2
23,15,2
23,16,2
23,17,2
23,18,1
23,19,1
23,20,1
23,21,1
23,22,2
23,23,2
23,24,2
23,25,1
23,26,1
23,27,1
23,28,1
23,29,1
23,30,1
24,0,1
24,1,1
24,2,1
24,3,1
24,4,1
24,5,4
24,6,4
24,7,4
24,8,2
24,9,2
24,10,2
24,11,2
24,12,4
24,13,4
24,14,2
24,15,2
24,16,2
24,17,2
24,18,2
24,19,1
24,20,1
24,21,1
24,22,1
24,23,2
24,24,2
24,25,1
24,26,1
24,27,1
24,28,1
24,29,1
24,30,1
25,0,1
25,1,1
25,2,1
25,3,1
25,4,1
25,5,4
25,6,4
25,7,4
25,8,4
25,9,4
25,10,4
25,11,4
25,12,4
25,13,4
25,14,4
25,15,2
25,16,2
25,17,2
25,18,2
25,19,1
25,20,1
25,21,1
25,22,1
25,23,2
25,24,2
25,25,1
25,26,1
25,27,1
25,28,1
25,29,1
25,30,1
26,0,1
26,1,1
26,2,1
26,3,1
26,4,1
26,5,4
26,6,4
26,7,4
26,8,4
26,9,4
26,10,4
26,11,4
26,12,4
26,13,4
26,14,4
26,15,4
26,16,2
26,17,2
26,18,4
26,19,4
26,20,1
26,21,1
26,22,2
26,23,2
26,24,2
26,25,1
26,26,1
26,27,1
26,28,1
26,29,1
26,30,1
27,0,1
27,1,1
27,2,1
27,3,1
27,4,1
27,5,4
27,6,4
27,7,4
27,8,4
27,9,4
27,10,4
27,11,4
27,12,4
27,13,4
27,14,4
27,15,4
27,16,4
27,17,4
27,18,4
27,19,4
27,20,4
27,21,4
27,22,2
27,23,2
27,24,2
27,25,1
27,26,1
27,27,1
27,28,1
27,29,1
27,30,1
28,0,1
28,1,1
28,2,1
28,3,1
28,4,1
28,5,4
28,6,4
28,7,4
28,8,4
28,9,4
28,10,4
28,11,4
28,12,4
28,13,4
28,14,4
28,15,4
28,16,4
28,17,4
28,18,4
28,19,4
28,20,4
28,21,4
28,22,4
28,23,2
28,24,2
28,25,1
28,26,1
28,27,1
28,28,1
28,29,1
28,30,1
29,0,1
29,1,1
29,2,1
29,3,1
29,4,1
29,5,4
29,6,4
29,7,4
29,8,4
29,9,4
29,10,4
29,11,4
29,12,4
29,13,4
29,14,4
29,15,4
29,16,4
29,17,4
29,18,4
29,19,4
29,20,4
29,21,4
29,22,4
29,23,2
29,24,2
29,25,1
29,26,1
29,27,1
29,28,1
29,29,1
29,30,1
30,0,1
30,1,1
30,2,1
30,3,1
30,4,1
30,5,4
30,6,4
30,7,4
30,8,4
30,9,4
30,10,4
30,11,4
30,12,4
30,13,4
30,14,4
30,15,4
30,16,4
30,17,4
30,18,4
30,19,4
30,20,4
30,21,4
30,22,4
30,23,2
30,24,2
30,25,1
30,26,1
30,27,1
30,28,1
30,29,1
30,30,1