6
9
7
4
2,7
2,27
12,7
12,17
22,7
22,27
3,4,2
2,4,2
2,3,2
1,3,1
0,3,2
3,5,1
0,2,1
0,1,2
1,5,3
0,0,4
0,1,4
0,2,4
0,3,4
0,4,4
0,5,1
0,6,1
0,7,1
0,8,1
0,9,1
0,10,3
0,11,3
0,12,3
0,13,4
0,14,4
0,15,4
0,16,4
0,17,4
0,18,4
0,19,4
0,20,4
0,21,3
0,22,3
0,23,3
0,24,3
0,25,4
0,26,4
0,27,4
0,28,4
0,29,4
0,30,4
1,0,4
1,1,4
1,2,4
1,3,4
1,4,4
1,5,1
1,6,1
1,7,1
1,8,1
1,9,1
1,10,3
1,11,3
1,12,3
1,13,4
1,14,4
1,15,4
1,16,4
1,17,4
1,18,4
1,19,4
1,20,4
1,21,3
1,22,3
1,23,3
1,24,3
1,25,4
1,26,4
1,27,4
1,28,4
1,29,4
1,30,4
2,0,4
2,1,4
2,2,4
2,3,4
2,4,1
2,5,1
2,6,1
2,7,1
2,8,1
2,9,1
2,10,3
2,11,3
2,12,3
2,13,4
2,14,4
2,15,4
2,16,3
2,17,3
2,18,4
2,19,4
2,20,4
2,21,3
2,22,3
2,23,3
2,24,3
2,25,4
2,26,4
2,27,4
2,28,4
2,29,4
2,30,4
3,0,4
3,1,4
3,2,4
3,3,4
3,4,1
3,5,1
3,6,1
3,7,1
3,8,1
3,9,1
3,10,1
3,11,3
3,12,3
3,13,4
3,14,4
3,15,3
3,16,3
3,17,3
3,18,3
3,19,4
3,20,4
3,21,4
3,22,3
3,23,3
3,24,4
3,25,4
3,26,4
3,27,4
3,28,4
3,29,4
3,30,4
4,0,4
4,1,4
4,2,4
4,3,2
4,4,2
4,5,1
4,6,1
4,7,1
4,8,1
4,9,1
4,10,1
4,11,3
4,12,3
4,13,4
4,14,4
4,15,3
4,16,3
4,17,3
4,18,3
4,19,4
4,20,4
4,21,4
4,22,1
4,23,1
4,24,4
4,25,4
4,26,4
4,27,4
4,28,4
4,29,4
4,30,4
5,0,2
5,1,2
5,2,2
5,3,2
5,4,2
5,5,2
5,6,1
5,7,1
5,8,1
5,9,1
5,10,3
5,11,3
5,12,3
5,13,4
5,14,4
5,15,4
5,16,3
5,17,3
5,18,4
5,19,4
5,20,4
5,21,1
5,22,1
5,23,1
5,24,1
5,25,4
5,26,4
5,27,4
5,28,4
5,29,4
5,30,4
6,0,2
6,1,2
6,2,2
6,3,2
6,4,2
6,5,2
6,6,3
6,7,3
6,8,3
6,9,3
6,10,3
6,11,3
6,12,3
6,13,4
6,14,4
6,15,4
6,16,4
6,17,4
6,18,4
6,19,4
6,20,4
6,21,1
6,22,1
6,23,1
6,24,1
6,25,1
6,26,4
6,27,4
6,28,4
6,29,4
6,30,4
7,0,1
7,1,1
7,2,1
7,3,2
7,4,2
7,5,3
7,6,3
7,7,3
7,8,3
7,9,3
7,10,3
7,11,3
7,12,3
7,13,4
7,14,4
7,15,4
7,16,4
7,17,4
7,18,4
7,19,4
7,20,4
7,21,1
7,22,1
7,23,1
7,24,1
7,25,1
7,26,1
7,27,4
7,28,4
7,29,4
7,30,4
8,0,1
8,1,1
8,2,1
8,3,1
8,4,1
8,5,3
8,6,3
8,7,3
8,8,3
8,9,3
8,10,3
8,11,3
8,12,3
8,13,3
8,14,4
8,15,4
8,16,4
8,17,4
8,18,4
8,19,4
8,20,3
8,21,3
8,22,1
8,23,1
8,24,1
8,25,1
8,26,1
8,27,4
8,28,4
8,29,4
8,30,4
9,0,1
9,1,1
9,2,1
9,3,1
9,4,1
9,5,1
9,6,3
9,7,3
9,8,3
9,9,3
9,10,3
9,11,3
9,12,3
9,13,3
9,14,3
9,15,4
9,16,4
9,17,3
9,18,3
9,19,3
9,20,3
9,21,3
9,22,3
9,23,1
9,24,1
9,25,1
9,26,4
9,27,4
9,28,4
9,29,4
9,30,4
10,0,4
10,1,4
10,2,4
10,3,1
10,4,1
10,5,1
10,6,1
10,7,1
10,8,1
10,9,1
10,10,1
10,11,3
10,12,3
10,13,3
10,14,3
10,15,3
10,16,3
10,17,3
10,18,3
10,19,3
10,20,3
10,21,3
10,22,3
10,23,3
10,24,3
10,25,3
10,26,4
10,27,4
10,28,4
10,29,4
10,30,4
11,0,4
11,1,4
11,2,4
11,3,4
11,4,1
11,5,1
11,6,1
11,7,1
11,8,1
11,9,1
11,10,1
11,11,1
11,12,3
11,13,3
11,14,3
11,15,3
11,16,3
11,17,3
11,18,3
11,19,3
11,20,3
11,21,3
11,22,3
11,23,3
11,24,3
11,25,3
11,26,3
11,27,4
11,28,4
11,29,1
11,30,1
12,0,4
12,1,4
12,2,4
12,3,4
12,4,1
12,5,1
12,6,1
12,7,1
12,8,1
12,9,1
12,10,1
12,11,1
12,12,3
12,13,3
12,14,3
12,15,3
12,16,3
12,17,3
12,18,3
12,19,3
12,20,3
12,21,3
12,22,3
12,23,3
12,24,3
12,25,3
12,26,3
12,27,3
12,28,1
12,29,1
12,30,1
13,0,4
13,1,4
13,2,4
13,3,4
13,4,1
13,5,1
13,6,1
13,7,1
13,8,1
13,9,1
13,10,1
13,11,2
13,12,2
13,13,3
13,14,3
13,15,3
13,16,3
13,17,3
13,18,3
13,19,3
13,20,3
13,21,2
13,22,2
13,23,3
13,24,3
13,25,3
13,26,3
13,27,3
13,28,1
13,29,1
13,30,1
14,0,4
14,1,4
14,2,4
14,3,2
14,4,2
14,5,1
14,6,1
14,7,1
14,8,1
14,9,1
14,10,2
14,11,2
14,12,2
14,13,2
14,14,3
14,15,3
14,16,3
14,17,3
14,18,3
14,19,3
14,20,2
14,21,2
14,22,2
14,23,2
14,24,3
14,25,3
14,26,3
14,27,3
14,28,1
14,29,1
14,30,1
15,0,4
15,1,4
15,2,2
15,3,2
15,4,2
15,5,2
15,6,2
15,7,2
15,8,2
15,9,2
15,10,2
15,11,2
15,12,2
15,13,2
15,14,3
15,15,3
15,16,3
15,17,3
15,18,3
15,19,2
15,20,2
15,21,2
15,22,2
15,23,2
15,24,2
15,25,3
15,26,3
15,27,4
15,28,4
15,29,1
15,30,1
16,0,1
16,1,1
16,2,2
16,3,2
16,4,2
16,5,2
16,6,2
16,7,2
16,8,2
16,9,2
16,10,2
16,11,2
16,12,2
16,13,4
16,14,4
16,15,3
16,16,3
16,17,2
16,18,2
16,19,2
16,20,2
16,21,2
16,22,2
16,23,2
16,24,2
16,25,4
16,26,4
16,27,4
16,28,4
16,29,4
16,30,4
17,0,1
17,1,1
17,2,1
17,3,2
17,4,2
17,5,2
17,6,2
17,7,2
17,8,2
17,9,2
17,10,2
17,11,4
17,12,4
17,13,4
17,14,4
17,15,4
17,16,2
17,17,2
17,18,2
17,19,2
17,20,2
17,21,2
17,22,2
17,23,2
17,24,4
17,25,4
17,26,4
17,27,4
17,28,4
17,29,4
17,30,4
18,0,1
18,1,1
18,2,1
18,3,4
18,4,4
18,5,2
18,6,2
18,7,2
18,8,2
18,9,4
18,10,4
18,11,4
18,12,4
18,13,4
18,14,4
18,15,4
18,16,2
18,17,2
18,18,2
18,19,2
18,20,2
18,21,2
18,22,2
18,23,2
18,24,4
18,25,4
18,26,4
18,27,4
18,28,4
18,29,1
18,30,1
19,0,1
19,1,1
19,2,4
19,3,4
19,4,4
19,5,4
19,6,2
19,7,2
19,8,4
19,9,4
19,10,4
19,11,4
19,12,4
19,13,4
19,14,4
19,15,1
19,16,1
19,17,2
19,18,2
19,19,4
19,20,4
19,21,2
19,22,2
19,23,1
19,24,1
19,25,4
19,26,4
19,27,4
19,28,1
19,29,1
19,30,1
20,0,4
20,1,4
20,2,4
20,3,4
20,4,4
20,5,4
20,6,4
20,7,4
20,8,4
20,9,4
20,10,4
20,11,4
20,12,4
20,13,4
20,14,1
20,15,1
20,16,1
20,17,1
20,18,4
20,19,4
20,20,4
20,21,4
20,22,1
20,23,1
20,24,1
20,25,1
20,26,1
20,27,1
20,28,1
20,29,1
20,30,1
21,0,4
21,1,4
21,2,4
21,3,4
21,4,4
21,5,4
21,6,4
21,7,4
21,8,4
21,9,4
21,10,4
21,11,4
21,12,4
21,13,4
21,14,1
21,15,1
21,16,1
21,17,1
21,18,4
21,19,4
21,20,4
21,21,4
21,22,1
21,23,1
21,24,1
21,25,1
21,26,1
21,27,1
21,28,1
21,29,1
21,30,1
22,0,4
22,1,4
22,2,4
22,3,4
22,4,4
22,5,4
22,6,4
22,7,4
22,8,4
22,9,4
22,10,4
22,11,4
22,12,4
22,13,2
22,14,2
22,15,1
22,16,1
22,17,1
22,18,1
22,19,4
22,20,4
22,21,1
22,22,1
22,23,1
22,24,1
22,25,1
22,26,1
22,27,1
22,28,1
22,29,1
22,30,1
23,0,4
23,1,4
23,2,4
23,3,4
23,4,4
23,5,4
23,6,4
23,7,4
23,8,4
23,9,4
23,10,4
23,11,4
23,12,2
23,13,2
23,14,2
23,15,2
23,16,1
23,17,1
23,18,1
23,19,1
23,20,1
23,21,1
23,22,1
23,23,1
23,24,1
23,25,1
23,26,1
23,27,1
23,28,1
23,29,1
23,30,1
24,0,4
24,1,4
24,2,4
24,3,4
24,4,4
24,5,4
24,6,4
24,7,4
24,8,4
24,9,4
24,10,4
24,11,2
24,12,2
24,13,2
24,14,2
24,15,2
24,16,2
24,17,1
24,18,1
24,19,1
24,20,1
24,21,1
24,22,1
24,23,1
24,24,1
24,25,1
24,26,1
24,27,1
24,28,1
24,29,1
24,30,1
25,0,1
25,1,1
25,2,1
25,3,1
25,4,1
25,5,1
25,6,1
25,7,1
25,8,1
25,9,1
25,10,1
25,11,2
25,12,2
25,13,2
25,14,2
25,15,2
25,16,2
25,17,3
25,18,3
25,19,1
25,20,1
25,21,1
25,22,1
25,23,1
25,24,1
25,25,1
25,26,4
25,27,4
25,28,1
25,29,1
25,30,1
26,0,1
26,1,1
26,2,1
26,3,1
26,4,1
26,5,1
26,6,1
26,7,1
26,8,1
26,9,1
26,10,1
26,11,1
26,12,2
26,13,2
26,14,2
26,15,2
26,16,3
26,17,3
26,18,3
26,19,3
26,20,1
26,21,1
26,22,1
26,23,1
26,24,1
26,25,4
26,26,4
26,27,4
26,28,4
26,29,1
26,30,1
27,0,1
27,1,1
27,2,3
27,3,3
27,4,3
27,5,3
27,6,3
27,7,3
27,8,3
27,9,1
27,10,1
27,11,1
27,12,1
27,13,1
27,14,1
27,15,1
27,16,3
27,17,3
27,18,3
27,19,3
27,20,2
27,21,2
27,22,1
27,23,1
27,24,1
27,25,4
27,26,4
27,27,4
27,28,4
27,29,1
27,30,1
28,0,3
28,1,3
28,2,3
28,3,3
28,4,3
28,5,3
28,6,3
28,7,3
28,8,3
28,9,3
28,10,1
28,11,1
28,12,1
28,13,1
28,14,1
28,15,1
28,16,1
28,17,3
28,18,3
28,19,2
28,20,2
28,21,2
28,22,2
28,23,1
28,24,1
28,25,1
28,26,4
28,27,4
28,28,4
28,29,1
28,30,1
29,0,3
29,1,3
29,2,3
29,3,3
29,4,3
29,5,3
29,6,3
29,7,3
29,8,3
29,9,3
29,10,3
29,11,1
29,12,1
29,13,1
29,14,1
29,15,1
29,16,1
29,17,1
29,18,2
29,19,2
29,20,2
29,21,2
29,22,2
29,23,1
29,24,1
29,25,1
29,26,1
29,27,4
29,28,4
29,29,1
29,30,1
30,0,3
30,1,3
30,2,3
30,3,3
30,4,3
30,5,3
30,6,3
30,7,3
30,8,3
30,9,3
30,10,3
30,11,1
30,12,1
30,13,1
30,14,1
30,15,1
30,16,1
30,17,1
30,18,2
30,19,2
30,20,2
30,21,2
30,22,2
30,23,1
30,24,1
30,25,1
30,26,1
30,27,4
30,28,4
30,29,1
30,30,1