7
11
8
5
2,12
2,22
12,2
12,12
12,22
22,2
22,22
5,6,2
2,5,2
0,1,1
1,4,1
3,6,2
0,3,1
3,4,1
2,3,1
4,6,2
0,4,2
0,2,1
0,0,4
0,1,4
0,2,4
0,3,2
0,4,2
0,5,3
0,6,3
0,7,3
0,8,3
0,9,4
0,10,4
0,11,4
0,12,4
0,13,4
0,14,4
0,15,4
0,16,2
0,17,2
0,18,2
0,19,2
0,20,1
0,21,1
0,22,1
0,23,1
0,24,1
0,25,1
0,26,1
0,27,1
0,28,1
0,29,4
0,30,4
1,0,4
1,1,4
1,2,4
1,3,2
1,4,2
1,5,3
1,6,3
1,7,3
1,8,3
1,9,4
1,10,4
1,11,4
1,12,4
1,13,4
1,14,4
1,15,4
1,16,2
1,17,2
1,18,2
1,19,2
1,20,1
1,21,1
1,22,1
1,23,1
1,24,1
1,25,1
1,26,1
1,27,1
1,28,1
1,29,4
1,30,4
2,0,4
2,1,4
2,2,2
2,3,2
2,4,2
2,5,2
2,6,3
2,7,3
2,8,3
2,9,3
2,10,4
2,11,4
2,12,4
2,13,4
2,14,4
2,15,4
2,16,2
2,17,2
2,18,2
2,19,2
2,20,1
2,21,1
2,22,1
2,23,1
2,24,1
2,25,1
2,26,1
2,27,1
2,28,4
2,29,4
2,30,4
3,0,1
3,1,1
3,2,2
3,3,2
3,4,2
3,5,2
3,6,3
3,7,3
3,8,3
3,9,3
3,10,4
3,11,4
3,12,4
3,13,4
3,14,4
3,15,4
3,16,4
3,17,2
3,18,2
3,19,1
3,20,1
3,21,1
3,22,1
3,23,1
3,24,1
3,25,1
3,26,1
3,27,4
3,28,4
3,29,4
3,30,4
4,0,1
4,1,1
4,2,1
4,3,2
4,4,2
4,5,1
4,6,1
4,7,3
4,8,3
4,9,4
4,10,4
4,11,4
4,12,4
4,13,4
4,14,4
4,15,4
4,16,4
4,17,4
4,18,4
4,19,1
4,20,1
4,21,1
4,22,1
4,23,1
4,24,1
4,25,1
4,26,1
4,27,4
4,28,4
4,29,4
4,30,4
5,0,1
5,1,1
5,2,1
5,3,1
5,4,1
5,5,1
5,6,1
5,7,1
5,8,4
5,9,4
5,10,4
5,11,4
5,12,4
5,13,4
5,14,4
5,15,4
5,16,4
5,17,4
5,18,4
5,19,4
5,20,1
5,21,1
5,22,4
5,23,4
5,24,1
5,25,1
5,26,2
5,27,2
5,28,4
5,29,4
5,30,4
6,0,1
6,1,1
6,2,1
6,3,1
6,4,1
6,5,1
6,6,1
6,7,1
6,8,4
6,9,4
6,10,4
6,11,4
6,12,4
6,13,3
6,14,3
6,15,4
6,16,4
6,17,4
6,18,4
6,19,4
6,20,4
6,21,4
6,22,4
6,23,4
6,24,4
6,25,2
6,26,2
6,27,2
6,28,2
6,29,4
6,30,4
7,0,1
7,1,1
7,2,1
7,3,1
7,4,1
7,5,1
7,6,1
7,7,1
7,8,4
7,9,4
7,10,4
7,11,4
7,12,3
7,13,3
7,14,3
7,15,3
7,16,4
7,17,4
7,18,4
7,19,4
7,20,4
7,21,4
7,22,4
7,23,4
7,24,4
7,25,2
7,26,2
7,27,2
7,28,2
7,29,2
7,30,2
8,0,1
8,1,1
8,2,1
8,3,3
8,4,3
8,5,1
8,6,1
8,7,1
8,8,4
8,9,4
8,10,4
8,11,4
8,12,3
8,13,3
8,14,3
8,15,3
8,16,4
8,17,4
8,18,4
8,19,4
8,20,4
8,21,4
8,22,4
8,23,4
8,24,4
8,25,4
8,26,2
8,27,2
8,28,2
8,29,2
8,30,2
9,0,3
9,1,3
9,2,3
9,3,3
9,4,3
9,5,3
9,6,1
9,7,1
9,8,1
9,9,4
9,10,4
9,11,3
9,12,3
9,13,3
9,14,3
9,15,3
9,16,4
9,17,4
9,18,4
9,19,4
9,20,4
9,21,4
9,22,4
9,23,4
9,24,4
9,25,4
9,26,3
9,27,3
9,28,2
9,29,2
9,30,2
10,0,3
10,1,3
10,2,3
10,3,3
10,4,3
10,5,3
10,6,1
10,7,1
10,8,1
10,9,1
10,10,3
10,11,3
10,12,3
10,13,3
10,14,3
10,15,4
10,16,4
10,17,4
10,18,4
10,19,4
10,20,4
10,21,4
10,22,4
10,23,4
10,24,4
10,25,3
10,26,3
10,27,3
10,28,3
10,29,3
10,30,3
11,0,3
11,1,3
11,2,3
11,3,3
11,4,3
11,5,3
11,6,1
11,7,1
11,8,1
11,9,1
11,10,3
11,11,3
11,12,3
11,13,3
11,14,3
11,15,4
11,16,4
11,17,4
11,18,4
11,19,4
11,20,4
11,21,4
11,22,4
11,23,4
11,24,4
11,25,3
11,26,3
11,27,3
11,28,3
11,29,3
11,30,3
12,0,3
12,1,3
12,2,3
12,3,3
12,4,3
12,5,3
12,6,1
12,7,1
12,8,1
12,9,3
12,10,3
12,11,3
12,12,3
12,13,3
12,14,3
12,15,3
12,16,4
12,17,4
12,18,4
12,19,4
12,20,4
12,21,4
12,22,4
12,23,4
12,24,4
12,25,4
12,26,3
12,27,3
12,28,3
12,29,3
12,30,3
13,0,3
13,1,3
13,2,3
13,3,3
13,4,3
13,5,3
13,6,1
13,7,1
13,8,1
13,9,3
13,10,3
13,11,3
13,12,3
13,13,3
13,14,3
13,15,3
13,16,3
13,17,3
13,18,4
13,19,4
13,20,4
13,21,4
13,22,4
13,23,4
13,24,4
13,25,4
13,26,4
13,27,4
13,28,4
13,29,4
13,30,4
14,0,3
14,1,3
14,2,3
14,3,3
14,4,3
14,5,1
14,6,1
14,7,1
14,8,1
14,9,1
14,10,3
14,11,3
14,12,3
14,13,3
14,14,3
14,15,3
14,16,3
14,17,3
14,18,3
14,19,4
14,20,4
14,21,4
14,22,4
14,23,4
14,24,4
14,25,4
14,26,4
14,27,4
14,28,4
14,29,4
14,30,4
15,0,4
15,1,4
15,2,4
15,3,4
15,4,4
15,5,1
15,6,1
15,7,1
15,8,1
15,9,1
15,10,1
15,11,3
15,12,3
15,13,3
15,14,3
15,15,3
15,16,3
15,17,3
15,18,3
15,19,1
15,20,1
15,21,1
15,22,1
15,23,1
15,24,1
15,25,1
15,26,1
15,27,1
15,28,1
15,29,1
15,30,1
16,0,4
16,1,4
16,2,4
16,3,4
16,4,4
16,5,4
16,6,1
16,7,1
16,8,1
16,9,1
16,10,1
16,11,2
16,12,2
16,13,2
16,14,2
16,15,3
16,16,3
16,17,3
16,18,1
16,19,1
16,20,1
16,21,1
16,22,1
16,23,1
16,24,1
16,25,1
16,26,1
16,27,1
16,28,1
16,29,1
16,30,1
17,0,4
17,1,4
17,2,4
17,3,4
17,4,4
17,5,4
17,6,4
17,7,1
17,8,1
17,9,1
17,10,2
17,11,2
17,12,2
17,13,2
17,14,2
17,15,2
17,16,3
17,17,3
17,18,1
17,19,1
17,20,1
17,21,1
17,22,1
17,23,1
17,24,3
17,25,3
17,26,3
17,27,3
17,28,3
17,29,3
17,30,3
18,0,4
18,1,4
18,2,4
18,3,4
18,4,4
18,5,4
18,6,4
18,7,3
18,8,3
18,9,3
18,10,2
18,11,2
18,12,2
18,13,2
18,14,2
18,15,2
18,16,3
18,17,3
18,18,3
18,19,1
18,20,1
18,21,1
18,22,3
18,23,3
18,24,3
18,25,3
18,26,3
18,27,3
18,28,3
18,29,3
18,30,3
19,0,4
19,1,4
19,2,1
19,3,1
19,4,4
19,5,4
19,6,3
19,7,3
19,8,3
19,9,3
19,10,3
19,11,2
19,12,2
19,13,2
19,14,2
19,15,3
19,16,3
19,17,3
19,18,3
19,19,3
19,20,3
19,21,3
19,22,3
19,23,3
19,24,3
19,25,3
19,26,2
19,27,2
19,28,3
19,29,3
19,30,3
20,0,1
20,1,1
20,2,1
20,3,1
20,4,1
20,5,3
20,6,3
20,7,3
20,8,3
20,9,3
20,10,3
20,11,3
20,12,3
20,13,3
20,14,3
20,15,3
20,16,3
20,17,3
20,18,3
20,19,3
20,20,3
20,21,3
20,22,3
20,23,3
20,24,3
20,25,2
20,26,2
20,27,2
20,28,2
20,29,2
20,30,2
21,0,1
21,1,1
21,2,1
21,3,1
21,4,1
21,5,3
21,6,3
21,7,3
21,8,3
21,9,3
21,10,3
21,11,3
21,12,3
21,13,3
21,14,3
21,15,3
21,16,3
21,17,3
21,18,3
21,19,3
21,20,3
21,21,3
21,22,3
21,23,3
21,24,3
21,25,2
21,26,2
21,27,2
21,28,2
21,29,2
21,30,2
22,0,1
22,1,1
22,2,1
22,3,1
22,4,1
22,5,1
22,6,3
22,7,3
22,8,4
22,9,4
22,10,4
22,11,4
22,12,3
22,13,3
22,14,1
22,15,1
22,16,3
22,17,3
22,18,3
22,19,3
22,20,3
22,21,3
22,22,3
22,23,3
22,24,3
22,25,3
22,26,2
22,27,2
22,28,3
22,29,3
22,30,3
23,0,1
23,1,1
23,2,1
23,3,1
23,4,1
23,5,1
23,6,1
23,7,4
23,8,4
23,9,4
23,10,4
23,11,4
23,12,4
23,13,1
23,14,1
23,15,1
23,16,1
23,17,3
23,18,3
23,19,3
23,20,3
23,21,3
23,22,3
23,23,3
23,24,3
23,25,3
23,26,3
23,27,3
23,28,3
23,29,3
23,30,3
24,0,1
24,1,1
24,2,1
24,3,1
24,4,1
24,5,1
24,6,1
24,7,4
24,8,4
24,9,4
24,10,4
24,11,4
24,12,4
24,13,1
24,14,1
24,15,1
24,16,1
24,17,2
24,18,2
24,19,3
24,20,3
24,21,3
24,22,3
24,23,3
24,24,3
24,25,3
24,26,3
24,27,3
24,28,3
24,29,3
24,30,3
25,0,4
25,1,4
25,2,1
25,3,1
25,4,1
25,5,1
25,6,1
25,7,4
25,8,4
25,9,4
25,10,4
25,11,4
25,12,1
25,13,1
25,14,1
25,15,1
25,16,2
25,17,2
25,18,2
25,19,2
25,20,2
25,21,2
25,22,2
25,23,2
25,24,2
25,25,2
25,26,2
25,27,2
25,28,2
25,29,2
25,30,2
26,0,4
26,1,4
26,2,4
26,3,1
26,4,1
26,5,1
26,6,1
26,7,4
26,8,4
26,9,4
26,10,2
26,11,2
26,12,1
26,13,1
26,14,1
26,15,1
26,16,2
26,17,2
26,18,2
26,19,2
26,20,2
26,21,2
26,22,2
26,23,2
26,24,2
26,25,2
26,26,2
26,27,2
26,28,2
26,29,2
26,30,2
27,0,4
27,1,4
27,2,4
27,3,1
27,4,1
27,5,1
27,6,1
27,7,4
27,8,4
27,9,2
27,10,2
27,11,2
27,12,2
27,13,1
27,14,1
27,15,2
27,16,2
27,17,2
27,18,2
27,19,2
27,20,1
27,21,1
27,22,2
27,23,2
27,24,3
27,25,3
27,26,3
27,27,3
27,28,2
27,29,2
27,30,2
28,0,4
28,1,4
28,2,3
28,3,3
28,4,1
28,5,1
28,6,1
28,7,4
28,8,4
28,9,2
28,10,2
28,11,2
28,12,2
28,13,4
28,14,4
28,15,2
28,16,2
28,17,2
28,18,2
28,19,1
28,20,1
28,21,1
28,22,1
28,23,3
28,24,3
28,25,3
28,26,3
28,27,3
28,28,3
28,29,2
28,30,2
29,0,3
29,1,3
29,2,3
29,3,3
29,4,3
29,5,1
29,6,1
29,7,4
29,8,4
29,9,2
29,10,2
29,11,2
29,12,4
29,13,4
29,14,4
29,15,4
29,16,2
29,17,2
29,18,1
29,19,1
29,20,1
29,21,1
29,22,1
29,23,3
29,24,3
29,25,3
29,26,3
29,27,3
29,28,3
29,29,2
29,30,2
30,0,3
30,1,3
30,2,3
30,3,3
30,4,3
30,5,1
30,6,1
30,7,4
30,8,4
30,9,2
30,10,2
30,11,2
30,12,4
30,13,4
30,14,4
30,15,4
30,16,2
30,17,2
30,18,1
30,19,1
30,20,1
30,21,1
30,22,1
30,23,3
30,24,3
30,25,3
30,26,3
30,27,3
30,28,3
30,29,2
30,30,2