6
9
5
2
7,12
7,22
17,2
17,12
17,22
27,22
0,2,2
2,3,1
4,5,1
3,4,1
1,4,1
0,3,1
0,1,1
3,5,2
1,3,1
0,0,4
0,1,4
0,2,4
0,3,4
0,4,3
0,5,3
0,6,3
0,7,3
0,8,3
0,9,4
0,10,4
0,11,4
0,12,4
0,13,3
0,14,3
0,15,1
0,16,1
0,17,1
0,18,4
0,19,4
0,20,4
0,21,4
0,22,4
0,23,1
0,24,1
0,25,1
0,26,1
0,27,3
0,28,3
0,29,3
0,30,3
1,0,4
1,1,4
1,2,4
1,3,4
1,4,3
1,5,3
1,6,3
1,7,3
1,8,3
1,9,4
1,10,4
1,11,4
1,12,4
1,13,3
1,14,3
1,15,1
1,16,1
1,17,1
1,18,4
1,19,4
1,20,4
1,21,4
1,22,4
1,23,1
1,24,1
1,25,1
1,26,1
1,27,3
1,28,3
1,29,3
1,30,3
2,0,4
2,1,4
2,2,4
2,3,4
2,4,3
2,5,3
2,6,3
2,7,3
2,8,3
2,9,3
2,10,4
2,11,4
2,12,3
2,13,3
2,14,3
2,15,1
2,16,1
2,17,1
2,18,1
2,19,4
2,20,4
2,21,4
2,22,4
2,23,1
2,24,1
2,25,1
2,26,1
2,27,3
2,28,3
2,29,3
2,30,3
3,0,4
3,1,4
3,2,4
3,3,4
3,4,3
3,5,3
3,6,3
3,7,3
3,8,3
3,9,3
3,10,3
3,11,3
3,12,3
3,13,3
3,14,3
3,15,1
3,16,1
3,17,1
3,18,1
3,19,1
3,20,4
3,21,4
3,22,3
3,23,3
3,24,1
3,25,1
3,26,4
3,27,4
3,28,3
3,29,3
3,30,3
4,0,4
4,1,4
4,2,4
4,3,4
4,4,3
4,5,3
4,6,3
4,7,3
4,8,3
4,9,3
4,10,3
4,11,3
4,12,3
4,13,3
4,14,1
4,15,1
4,16,1
4,17,1
4,18,1
4,19,1
4,20,3
4,21,3
4,22,3
4,23,3
4,24,3
4,25,4
4,26,4
4,27,4
4,28,4
4,29,4
4,30,4
5,0,4
5,1,4
5,2,4
5,3,4
5,4,3
5,5,3
5,6,3
5,7,3
5,8,3
5,9,3
5,10,1
5,11,1
5,12,1
5,13,1
5,14,1
5,15,1
5,16,1
5,17,1
5,18,1
5,19,3
5,20,3
5,21,3
5,22,3
5,23,3
5,24,3
5,25,4
5,26,4
5,27,4
5,28,4
5,29,4
5,30,4
6,0,4
6,1,4
6,2,4
6,3,3
6,4,3
6,5,3
6,6,3
6,7,3
6,8,3
6,9,1
6,10,1
6,11,1
6,12,1
6,13,1
6,14,1
6,15,1
6,16,1
6,17,3
6,18,3
6,19,3
6,20,3
6,21,3
6,22,3
6,23,3
6,24,3
6,25,4
6,26,4
6,27,4
6,28,4
6,29,4
6,30,4
7,0,4
7,1,4
7,2,3
7,3,3
7,4,3
7,5,3
7,6,3
7,7,3
7,8,3
7,9,1
7,10,1
7,11,1
7,12,1
7,13,1
7,14,1
7,15,1
7,16,3
7,17,3
7,18,3
7,19,3
7,20,3
7,21,3
7,22,3
7,23,3
7,24,3
7,25,3
7,26,4
7,27,4
7,28,4
7,29,4
7,30,4
8,0,1
8,1,1
8,2,3
8,3,3
8,4,3
8,5,3
8,6,3
8,7,3
8,8,3
8,9,1
8,10,1
8,11,1
8,12,1
8,13,1
8,14,1
8,15,1
8,16,3
8,17,3
8,18,3
8,19,3
8,20,3
8,21,3
8,22,3
8,23,3
8,24,3
8,25,3
8,26,3
8,27,4
8,28,4
8,29,4
8,30,4
9,0,1
9,1,1
9,2,1
9,3,3
9,4,3
9,5,3
9,6,3
9,7,3
9,8,3
9,9,3
9,10,1
9,11,1
9,12,1
9,13,1
9,14,1
9,15,3
9,16,3
9,17,3
9,18,3
9,19,3
9,20,3
9,21,3
9,22,3
9,23,3
9,24,3
9,25,3
9,26,3
9,27,4
9,28,4
9,29,4
9,30,4
10,0,1
10,1,1
10,2,1
10,3,1
10,4,3
10,5,3
10,6,3
10,7,3
10,8,3
10,9,3
10,10,3
10,11,3
10,12,3
10,13,3
10,14,3
10,15,3
10,16,3
10,17,3
10,18,3
10,19,1
10,20,1
10,21,3
10,22,3
10,23,3
10,24,3
10,25,3
10,26,4
10,27,4
10,28,4
10,29,4
10,30,4
11,0,1
11,1,1
11,2,1
11,3,1
11,4,4
11,5,4
11,6,4
11,7,3
11,8,3
11,9,3
11,10,3
11,11,3
11,12,3
11,13,3
11,14,3
11,15,3
11,16,3
11,17,3
11,18,1
11,19,1
11,20,1
11,21,1
11,22,3
11,23,3
11,24,1
11,25,1
11,26,4
11,27,4
11,28,4
11,29,4
11,30,4
12,0,1
12,1,1
12,2,1
12,3,4
12,4,4
12,5,4
12,6,4
12,7,4
12,8,3
12,9,3
12,10,3
12,11,3
12,12,1
12,13,1
12,14,3
12,15,3
12,16,2
12,17,2
12,18,1
12,19,1
12,20,1
12,21,1
12,22,1
12,23,1
12,24,1
12,25,1
12,26,1
12,27,4
12,28,4
12,29,4
12,30,4
13,0,1
13,1,1
13,2,1
13,3,4
13,4,4
13,5,4
13,6,4
13,7,4
13,8,1
13,9,1
13,10,1
13,11,1
13,12,1
13,13,1
13,14,1
13,15,2
13,16,2
13,17,2
13,18,2
13,19,1
13,20,1
13,21,1
13,22,1
13,23,1
13,24,1
13,25,1
13,26,1
13,27,1
13,28,1
13,29,1
13,30,1
14,0,1
14,1,1
14,2,2
14,3,2
14,4,4
14,5,4
14,6,4
14,7,1
14,8,1
14,9,1
14,10,1
14,11,1
14,12,1
14,13,1
14,14,1
14,15,2
14,16,2
14,17,2
14,18,2
14,19,4
14,20,4
14,21,1
14,22,1
14,23,4
14,24,4
14,25,1
14,26,1
14,27,1
14,28,1
14,29,1
14,30,1
15,0,2
15,1,2
15,2,2
15,3,2
15,4,2
15,5,4
15,6,4
15,7,1
15,8,1
15,9,1
15,10,1
15,11,1
15,12,1
15,13,1
15,14,1
15,15,1
15,16,2
15,17,2
15,18,4
15,19,4
15,20,4
15,21,4
15,22,4
15,23,4
15,24,4
15,25,4
15,26,4
15,27,4
15,28,4
15,29,4
15,30,4
16,0,2
16,1,2
16,2,2
16,3,2
16,4,2
16,5,4
16,6,4
16,7,1
16,8,1
16,9,1
16,10,1
16,11,1
16,12,1
16,13,1
16,14,1
16,15,1
16,16,4
16,17,4
16,18,4
16,19,4
16,20,4
16,21,4
16,22,4
16,23,4
16,24,4
16,25,4
16,26,4
16,27,4
16,28,4
16,29,4
16,30,4
17,0,2
17,1,2
17,2,2
17,3,2
17,4,2
17,5,4
17,6,4
17,7,1
17,8,1
17,9,1
17,10,1
17,11,1
17,12,1
17,13,1
17,14,1
17,15,4
17,16,4
17,17,4
17,18,4
17,19,4
17,20,4
17,21,4
17,22,4
17,23,4
17,24,4
17,25,4
17,26,3
17,27,3
17,28,4
17,29,4
17,30,4
18,0,2
18,1,2
18,2,2
18,3,2
18,4,2
18,5,4
18,6,4
18,7,4
18,8,1
18,9,1
18,10,1
18,11,1
18,12,1
18,13,1
18,14,1
18,15,4
18,16,4
18,17,4
18,18,4
18,19,4
18,20,4
18,21,4
18,22,4
18,23,4
18,24,4
18,25,3
18,26,3
18,27,3
18,28,3
18,29,4
18,30,4
19,0,2
19,1,2
19,2,2
19,3,2
19,4,2
19,5,4
19,6,4
19,7,4
19,8,4
19,9,1
19,10,1
19,11,1
19,12,1
19,13,1
19,14,1
19,15,4
19,16,4
19,17,4
19,18,4
19,19,4
19,20,4
19,21,4
19,22,4
19,23,4
19,24,4
19,25,3
19,26,3
19,27,3
19,28,3
19,29,3
19,30,3
20,0,1
20,1,1
20,2,2
20,3,2
20,4,4
20,5,4
20,6,4
20,7,4
20,8,4
20,9,3
20,10,3
20,11,3
20,12,1
20,13,1
20,14,3
20,15,3
20,16,4
20,17,4
20,18,1
20,19,1
20,20,1
20,21,1
20,22,4
20,23,4
20,24,1
20,25,1
20,26,3
20,27,3
20,28,3
20,29,3
20,30,3
21,0,1
21,1,1
21,2,1
21,3,4
21,4,4
21,5,4
21,6,4
21,7,4
21,8,3
21,9,3
21,10,3
21,11,3
21,12,3
21,13,3
21,14,3
21,15,3
21,16,3
21,17,1
21,18,1
21,19,1
21,20,1
21,21,1
21,22,1
21,23,1
21,24,1
21,25,1
21,26,1
21,27,3
21,28,3
21,29,3
21,30,3
22,0,1
22,1,1
22,2,1
22,3,4
22,4,4
22,5,4
22,6,4
22,7,4
22,8,3
22,9,3
22,10,3
22,11,3
22,12,3
22,13,3
22,14,3
22,15,3
22,16,3
22,17,1
22,18,1
22,19,1
22,20,1
22,21,1
22,22,1
22,23,1
22,24,1
22,25,1
22,26,1
22,27,2
22,28,2
22,29,3
22,30,3
23,0,1
23,1,1
23,2,1
23,3,4
23,4,4
23,5,4
23,6,4
23,7,2
23,8,2
23,9,3
23,10,3
23,11,4
23,12,4
23,13,3
23,14,3
23,15,3
23,16,3
23,17,3
23,18,1
23,19,1
23,20,1
23,21,1
23,22,4
23,23,4
23,24,1
23,25,1
23,26,2
23,27,2
23,28,2
23,29,2
23,30,2
24,0,1
24,1,1
24,2,2
24,3,2
24,4,4
24,5,4
24,6,2
24,7,2
24,8,2
24,9,2
24,10,4
24,11,4
24,12,4
24,13,4
24,14,3
24,15,3
24,16,3
24,17,3
24,18,4
24,19,4
24,20,4
24,21,4
24,22,4
24,23,4
24,24,4
24,25,2
24,26,2
24,27,2
24,28,2
24,29,2
24,30,2
25,0,2
25,1,2
25,2,2
25,3,2
25,4,2
25,5,2
25,6,2
25,7,2
25,8,2
25,9,2
25,10,4
25,11,4
25,12,4
25,13,4
25,14,4
25,15,3
25,16,3
25,17,4
25,18,4
25,19,4
25,20,4
25,21,4
25,22,4
25,23,4
25,24,4
25,25,2
25,26,2
25,27,2
25,28,3
25,29,3
25,30,3
26,0,2
26,1,2
26,2,2
26,3,2
26,4,2
26,5,2
26,6,2
26,7,2
26,8,2
26,9,4
26,10,4
26,11,4
26,12,4
26,13,4
26,14,4
26,15,1
26,16,1
26,17,4
26,18,4
26,19,4
26,20,4
26,21,4
26,22,4
26,23,4
26,24,4
26,25,2
26,26,2
26,27,3
26,28,3
26,29,3
26,30,3
27,0,3
27,1,3
27,2,3
27,3,2
27,4,2
27,5,1
27,6,1
27,7,1
27,8,1
27,9,4
27,10,4
27,11,4
27,12,4
27,13,4
27,14,1
27,15,1
27,16,1
27,17,1
27,18,4
27,19,4
27,20,4
27,21,4
27,22,4
27,23,4
27,24,4
27,25,2
27,26,2
27,27,3
27,28,3
27,29,3
27,30,3
28,0,3
28,1,3
28,2,3
28,3,3
28,4,1
28,5,1
28,6,1
28,7,1
28,8,1
28,9,1
28,10,4
28,11,4
28,12,4
28,13,1
28,14,1
28,15,1
28,16,1
28,17,1
28,18,4
28,19,4
28,20,4
28,21,4
28,22,4
28,23,4
28,24,4
28,25,2
28,26,2
28,27,3
28,28,3
28,29,3
28,30,3
29,0,3
29,1,3
29,2,3
29,3,3
29,4,1
29,5,1
29,6,1
29,7,1
29,8,1
29,9,1
29,10,4
29,11,4
29,12,4
29,13,1
29,14,1
29,15,1
29,16,1
29,17,1
29,18,1
29,19,4
29,20,4
29,21,4
29,22,4
29,23,4
29,24,4
29,25,2
29,26,2
29,27,3
29,28,3
29,29,3
29,30,3
30,0,3
30,1,3
30,2,3
30,3,3
30,4,1
30,5,1
30,6,1
30,7,1
30,8,1
30,9,1
30,10,4
30,11,4
30,12,4
30,13,1
30,14,1
30,15,1
30,16,1
30,17,1
30,18,1
30,19,4
30,20,4
30,21,4
30,22,4
30,23,4
30,24,4
30,25,2
30,26,2
30,27,3
30,28,3
30,29,3
30,30,3