6
9
6
3
7,7
7,27
17,17
27,7
27,17
27,27
2,3,2
3,4,2
0,3,1
1,2,2
2,5,1
0,2,2
1,5,1
0,1,2
4,5,1
0,0,4
0,1,4
0,2,4
0,3,4
0,4,4
0,5,4
0,6,4
0,7,4
0,8,4
0,9,4
0,10,4
0,11,4
0,12,4
0,13,2
0,14,2
0,15,1
0,16,1
0,17,4
0,18,4
0,19,4
0,20,2
0,21,2
0,22,2
0,23,2
0,24,1
0,25,1
0,26,4
0,27,4
0,28,4
0,29,4
0,30,4
1,0,4
1,1,4
1,2,4
1,3,4
1,4,4
1,5,4
1,6,4
1,7,4
1,8,4
1,9,4
1,10,4
1,11,4
1,12,4
1,13,2
1,14,2
1,15,1
1,16,1
1,17,4
1,18,4
1,19,4
1,20,2
1,21,2
1,22,2
1,23,2
1,24,1
1,25,1
1,26,4
1,27,4
1,28,4
1,29,4
1,30,4
2,0,3
2,1,3
2,2,3
2,3,3
2,4,3
2,5,3
2,6,3
2,7,3
2,8,4
2,9,4
2,10,4
2,11,4
2,12,2
2,13,2
2,14,2
2,15,1
2,16,1
2,17,4
2,18,4
2,19,4
2,20,4
2,21,2
2,22,2
2,23,1
2,24,1
2,25,1
2,26,1
2,27,4
2,28,4
2,29,4
2,30,4
3,0,3
3,1,3
3,2,3
3,3,3
3,4,3
3,5,3
3,6,3
3,7,3
3,8,3
3,9,3
3,10,3
3,11,3
3,12,2
3,13,2
3,14,2
3,15,1
3,16,1
3,17,1
3,18,4
3,19,4
3,20,4
3,21,4
3,22,1
3,23,1
3,24,1
3,25,1
3,26,1
3,27,4
3,28,4
3,29,4
3,30,4
4,0,4
4,1,4
4,2,3
4,3,3
4,4,3
4,5,3
4,6,3
4,7,3
4,8,3
4,9,3
4,10,3
4,11,3
4,12,3
4,13,2
4,14,2
4,15,1
4,16,1
4,17,1
4,18,1
4,19,4
4,20,4
4,21,4
4,22,1
4,23,1
4,24,1
4,25,1
4,26,3
4,27,3
4,28,4
4,29,4
4,30,4
5,0,4
5,1,4
5,2,4
5,3,3
5,4,3
5,5,1
5,6,1
5,7,1
5,8,1
5,9,1
5,10,3
5,11,3
5,12,3
5,13,2
5,14,2
5,15,2
5,16,1
5,17,1
5,18,1
5,19,1
5,20,4
5,21,4
5,22,4
5,23,1
5,24,1
5,25,3
5,26,3
5,27,3
5,28,3
5,29,3
5,30,3
6,0,4
6,1,4
6,2,4
6,3,4
6,4,1
6,5,1
6,6,1
6,7,1
6,8,1
6,9,1
6,10,1
6,11,3
6,12,3
6,13,2
6,14,2
6,15,2
6,16,2
6,17,1
6,18,1
6,19,1
6,20,4
6,21,4
6,22,4
6,23,1
6,24,1
6,25,3
6,26,3
6,27,3
6,28,3
6,29,3
6,30,3
7,0,4
7,1,4
7,2,4
7,3,4
7,4,1
7,5,1
7,6,1
7,7,1
7,8,1
7,9,1
7,10,1
7,11,3
7,12,3
7,13,2
7,14,2
7,15,2
7,16,2
7,17,1
7,18,1
7,19,4
7,20,4
7,21,4
7,22,4
7,23,1
7,24,1
7,25,3
7,26,3
7,27,3
7,28,3
7,29,3
7,30,3
8,0,4
8,1,4
8,2,4
8,3,4
8,4,4
8,5,1
8,6,1
8,7,1
8,8,1
8,9,1
8,10,3
8,11,3
8,12,3
8,13,3
8,14,2
8,15,2
8,16,1
8,17,1
8,18,1
8,19,4
8,20,4
8,21,4
8,22,4
8,23,1
8,24,1
8,25,3
8,26,3
8,27,3
8,28,3
8,29,3
8,30,3
9,0,1
9,1,1
9,2,4
9,3,4
9,4,4
9,5,1
9,6,1
9,7,1
9,8,1
9,9,1
9,10,3
9,11,3
9,12,3
9,13,3
9,14,4
9,15,4
9,16,1
9,17,1
9,18,1
9,19,4
9,20,4
9,21,4
9,22,4
9,23,1
9,24,1
9,25,3
9,26,3
9,27,3
9,28,3
9,29,3
9,30,3
10,0,1
10,1,1
10,2,1
10,3,4
10,4,4
10,5,4
10,6,1
10,7,1
10,8,1
10,9,1
10,10,1
10,11,3
10,12,3
10,13,4
10,14,4
10,15,4
10,16,4
10,17,1
10,18,1
10,19,1
10,20,4
10,21,4
10,22,1
10,23,1
10,24,1
10,25,1
10,26,3
10,27,3
10,28,3
10,29,3
10,30,3
11,0,1
11,1,1
11,2,1
11,3,4
11,4,4
11,5,4
11,6,4
11,7,1
11,8,1
11,9,1
11,10,1
11,11,1
11,12,4
11,13,4
11,14,4
11,15,4
11,16,4
11,17,1
11,18,1
11,19,1
11,20,1
11,21,1
11,22,1
11,23,1
11,24,1
11,25,1
11,26,4
11,27,4
11,28,4
11,29,4
11,30,4
12,0,1
12,1,1
12,2,1
12,3,4
12,4,4
12,5,4
12,6,4
12,7,4
12,8,1
12,9,1
12,10,1
12,11,1
12,12,4
12,13,4
12,14,4
12,15,4
12,16,4
12,17,4
12,18,1
12,19,1
12,20,1
12,21,1
12,22,1
12,23,1
12,24,1
12,25,4
12,26,4
12,27,4
12,28,4
12,29,4
12,30,4
13,0,1
13,1,1
13,2,1
13,3,4
13,4,4
13,5,4
13,6,4
13,7,4
13,8,4
13,9,1
13,10,1
13,11,2
13,12,2
13,13,4
13,14,4
13,15,4
13,16,4
13,17,4
13,18,1
13,19,1
13,20,1
13,21,1
13,22,1
13,23,1
13,24,1
13,25,4
13,26,4
13,27,4
13,28,4
13,29,4
13,30,4
14,0,1
14,1,1
14,2,1
14,3,4
14,4,4
14,5,4
14,6,4
14,7,4
14,8,4
14,9,2
14,10,2
14,11,2
14,12,2
14,13,2
14,14,2
14,15,4
14,16,4
14,17,2
14,18,2
14,19,1
14,20,1
14,21,1
14,22,1
14,23,1
14,24,1
14,25,1
14,26,4
14,27,4
14,28,4
14,29,4
14,30,4
15,0,1
15,1,1
15,2,2
15,3,2
15,4,4
15,5,4
15,6,4
15,7,4
15,8,2
15,9,2
15,10,2
15,11,2
15,12,2
15,13,2
15,14,2
15,15,2
15,16,2
15,17,2
15,18,2
15,19,2
15,20,2
15,21,1
15,22,1
15,23,1
15,24,1
15,25,1
15,26,1
15,27,1
15,28,1
15,29,4
15,30,4
16,0,2
16,1,2
16,2,2
16,3,2
16,4,2
16,5,2
16,6,2
16,7,2
16,8,2
16,9,2
16,10,2
16,11,1
16,12,1
16,13,2
16,14,2
16,15,2
16,16,2
16,17,2
16,18,2
16,19,2
16,20,2
16,21,2
16,22,1
16,23,1
16,24,1
16,25,1
16,26,1
16,27,1
16,28,1
16,29,1
16,30,1
17,0,2
17,1,2
17,2,2
17,3,2
17,4,2
17,5,2
17,6,2
17,7,2
17,8,2
17,9,2
17,10,1
17,11,1
17,12,1
17,13,1
17,14,2
17,15,2
17,16,2
17,17,2
17,18,2
17,19,2
17,20,2
17,21,2
17,22,1
17,23,1
17,24,1
17,25,2
17,26,2
17,27,1
17,28,1
17,29,1
17,30,1
18,0,3
18,1,3
18,2,3
18,3,3
18,4,3
18,5,3
18,6,3
18,7,2
18,8,2
18,9,1
18,10,1
18,11,1
18,12,1
18,13,1
18,14,2
18,15,2
18,16,2
18,17,2
18,18,2
18,19,2
18,20,2
18,21,2
18,22,1
18,23,1
18,24,2
18,25,2
18,26,2
18,27,2
18,28,2
18,29,2
18,30,2
19,0,3
19,1,3
19,2,3
19,3,3
19,4,3
19,5,3
19,6,3
19,7,3
19,8,3
19,9,1
19,10,1
19,11,1
19,12,1
19,13,1
19,14,2
19,15,2
19,16,2
19,17,2
19,18,2
19,19,2
19,20,2
19,21,1
19,22,1
19,23,1
19,24,2
19,25,2
19,26,2
19,27,2
19,28,2
19,29,2
19,30,2
20,0,1
20,1,1
20,2,1
20,3,1
20,4,1
20,5,3
20,6,3
20,7,3
20,8,3
20,9,3
20,10,1
20,11,1
20,12,1
20,13,2
20,14,2
20,15,2
20,16,2
20,17,2
20,18,1
20,19,1
20,20,1
20,21,1
20,22,1
20,23,1
20,24,1
20,25,2
20,26,2
20,27,2
20,28,1
20,29,1
20,30,1
21,0,1
21,1,1
21,2,1
21,3,1
21,4,1
21,5,1
21,6,3
21,7,3
21,8,3
21,9,3
21,10,3
21,11,3
21,12,3
21,13,2
21,14,2
21,15,2
21,16,2
21,17,1
21,18,1
21,19,1
21,20,1
21,21,1
21,22,1
21,23,1
21,24,1
21,25,1
21,26,1
21,27,1
21,28,1
21,29,1
21,30,1
22,0,2
22,1,2
22,2,1
22,3,1
22,4,1
22,5,1
22,6,4
22,7,4
22,8,3
22,9,3
22,10,3
22,11,3
22,12,3
22,13,3
22,14,2
22,15,2
22,16,1
22,17,1
22,18,1
22,19,1
22,20,4
22,21,4
22,22,4
22,23,1
22,24,1
22,25,1
22,26,1
22,27,1
22,28,1
22,29,1
22,30,1
23,0,2
23,1,2
23,2,2
23,3,1
23,4,1
23,5,4
23,6,4
23,7,4
23,8,4
23,9,3
23,10,3
23,11,3
23,12,3
23,13,3
23,14,3
23,15,1
23,16,1
23,17,1
23,18,1
23,19,4
23,20,4
23,21,4
23,22,4
23,23,4
23,24,4
23,25,4
23,26,4
23,27,4
23,28,4
23,29,4
23,30,4
24,0,2
24,1,2
24,2,2
24,3,1
24,4,1
24,5,4
24,6,4
24,7,4
24,8,4
24,9,4
24,10,4
24,11,4
24,12,3
24,13,3
24,14,3
24,15,1
24,16,1
24,17,1
24,18,1
24,19,4
24,20,4
24,21,4
24,22,4
24,23,4
24,24,4
24,25,4
24,26,4
24,27,4
24,28,4
24,29,4
24,30,4
25,0,2
25,1,2
25,2,1
25,3,1
25,4,1
25,5,4
25,6,4
25,7,4
25,8,4
25,9,4
25,10,4
25,11,4
25,12,4
25,13,3
25,14,3
25,15,1
25,16,1
25,17,1
25,18,1
25,19,1
25,20,4
25,21,4
25,22,4
25,23,4
25,24,4
25,25,3
25,26,3
25,27,3
25,28,3
25,29,3
25,30,3
26,0,1
26,1,1
26,2,1
26,3,1
26,4,1
26,5,4
26,6,4
26,7,4
26,8,4
26,9,4
26,10,4
26,11,4
26,12,4
26,13,3
26,14,3
26,15,1
26,16,1
26,17,1
26,18,1
26,19,1
26,20,1
26,21,4
26,22,4
26,23,4
26,24,3
26,25,3
26,26,3
26,27,3
26,28,3
26,29,3
26,30,3
27,0,1
27,1,1
27,2,1
27,3,1
27,4,1
27,5,4
27,6,4
27,7,4
27,8,4
27,9,4
27,10,4
27,11,4
27,12,4
27,13,3
27,14,3
27,15,1
27,16,1
27,17,1
27,18,1
27,19,1
27,20,1
27,21,2
27,22,2
27,23,2
27,24,3
27,25,3
27,26,3
27,27,3
27,28,3
27,29,3
27,30,3
28,0,2
28,1,2
28,2,1
28,3,1
28,4,1
28,5,4
28,6,4
28,7,4
28,8,4
28,9,4
28,10,4
28,11,4
28,12,4
28,13,3
28,14,3
28,15,1
28,16,1
28,17,1
28,18,1
28,19,1
28,20,2
28,21,2
28,22,2
28,23,2
28,24,2
28,25,3
28,26,3
28,27,3
28,28,3
28,29,3
28,30,3
29,0,2
29,1,2
29,2,2
29,3,1
29,4,1
29,5,4
29,6,4
29,7,4
29,8,4
29,9,4
29,10,4
29,11,4
29,12,4
29,13,3
29,14,3
29,15,1
29,16,1
29,17,1
29,18,1
29,19,1
29,20,2
29,21,2
29,22,2
29,23,2
29,24,2
29,25,3
29,26,3
29,27,3
29,28,3
29,29,3
29,30,3
30,0,2
30,1,2
30,2,2
30,3,1
30,4,1
30,5,4
30,6,4
30,7,4
30,8,4
30,9,4
30,10,4
30,11,4
30,12,4
30,13,3
30,14,3
30,15,1
30,16,1
30,17,1
30,18,1
30,19,1
30,20,2
30,21,2
30,22,2
30,23,2
30,24,2
30,25,3
30,26,3
30,27,3
30,28,3
30,29,3
30,30,3