7
11
6
2
2,2
2,12
12,2
12,12
12,22
22,2
22,12
2,5,2
0,2,1
2,3,1
5,6,1
3,5,2
4,6,2
3,6,1
3,4,2
1,4,1
0,3,2
1,3,1
0,0,1
0,1,1
0,2,1
0,3,1
0,4,1
0,5,1
0,6,4
0,7,4
0,8,4
0,9,4
0,10,4
0,11,4
0,12,4
0,13,4
0,14,4
0,15,2
0,16,2
0,17,2
0,18,2
0,19,3
0,20,3
0,21,3
0,22,4
0,23,4
0,24,4
0,25,4
0,26,1
0,27,1
0,28,2
0,29,2
0,30,2
1,0,1
1,1,1
1,2,1
1,3,1
1,4,1
1,5,1
1,6,4
1,7,4
1,8,4
1,9,4
1,10,4
1,11,4
1,12,4
1,13,4
1,14,4
1,15,2
1,16,2
1,17,2
1,18,2
1,19,3
1,20,3
1,21,3
1,22,4
1,23,4
1,24,4
1,25,4
1,26,1
1,27,1
1,28,2
1,29,2
1,30,2
2,0,1
2,1,1
2,2,1
2,3,1
2,4,1
2,5,4
2,6,4
2,7,4
2,8,4
2,9,4
2,10,4
2,11,4
2,12,4
2,13,4
2,14,4
2,15,4
2,16,2
2,17,2
2,18,3
2,19,3
2,20,3
2,21,3
2,22,3
2,23,4
2,24,4
2,25,4
2,26,1
2,27,1
2,28,1
2,29,2
2,30,2
3,0,1
3,1,1
3,2,1
3,3,1
3,4,1
3,5,4
3,6,4
3,7,4
3,8,4
3,9,4
3,10,4
3,11,4
3,12,4
3,13,4
3,14,4
3,15,4
3,16,4
3,17,4
3,18,3
3,19,3
3,20,3
3,21,3
3,22,3
3,23,4
3,24,4
3,25,1
3,26,1
3,27,1
3,28,1
3,29,1
3,30,1
4,0,1
4,1,1
4,2,1
4,3,1
4,4,1
4,5,4
4,6,4
4,7,4
4,8,4
4,9,4
4,10,4
4,11,4
4,12,4
4,13,4
4,14,4
4,15,4
4,16,4
4,17,4
4,18,4
4,19,3
4,20,3
4,21,3
4,22,4
4,23,4
4,24,4
4,25,1
4,26,1
4,27,1
4,28,1
4,29,1
4,30,1
5,0,1
5,1,1
5,2,1
5,3,1
5,4,2
5,5,2
5,6,4
5,7,4
5,8,4
5,9,4
5,10,4
5,11,4
5,12,1
5,13,1
5,14,1
5,15,4
5,16,4
5,17,4
5,18,4
5,19,4
5,20,4
5,21,4
5,22,4
5,23,4
5,24,4
5,25,4
5,26,1
5,27,1
5,28,1
5,29,1
5,30,1
6,0,1
6,1,1
6,2,1
6,3,2
6,4,2
6,5,2
6,6,2
6,7,4
6,8,4
6,9,4
6,10,4
6,11,1
6,12,1
6,13,1
6,14,1
6,15,1
6,16,4
6,17,4
6,18,4
6,19,4
6,20,4
6,21,4
6,22,4
6,23,4
6,24,4
6,25,4
6,26,1
6,27,1
6,28,1
6,29,1
6,30,1
7,0,1
7,1,1
7,2,1
7,3,2
7,4,2
7,5,2
7,6,2
7,7,4
7,8,4
7,9,4
7,10,4
7,11,1
7,12,1
7,13,1
7,14,1
7,15,1
7,16,2
7,17,2
7,18,2
7,19,4
7,20,4
7,21,4
7,22,4
7,23,4
7,24,4
7,25,2
7,26,2
7,27,1
7,28,1
7,29,1
7,30,1
8,0,1
8,1,1
8,2,2
8,3,2
8,4,2
8,5,2
8,6,2
8,7,4
8,8,4
8,9,4
8,10,4
8,11,1
8,12,1
8,13,1
8,14,1
8,15,2
8,16,2
8,17,2
8,18,2
8,19,2
8,20,4
8,21,4
8,22,4
8,23,4
8,24,2
8,25,2
8,26,2
8,27,2
8,28,2
8,29,2
8,30,2
9,0,2
9,1,2
9,2,2
9,3,2
9,4,2
9,5,2
9,6,2
9,7,2
9,8,4
9,9,4
9,10,2
9,11,2
9,12,1
9,13,1
9,14,2
9,15,2
9,16,2
9,17,2
9,18,2
9,19,2
9,20,1
9,21,1
9,22,1
9,23,1
9,24,2
9,25,2
9,26,2
9,27,2
9,28,2
9,29,2
9,30,2
10,0,2
10,1,2
10,2,2
10,3,2
10,4,2
10,5,2
10,6,2
10,7,2
10,8,2
10,9,2
10,10,2
10,11,2
10,12,2
10,13,2
10,14,2
10,15,2
10,16,2
10,17,2
10,18,2
10,19,1
10,20,1
10,21,1
10,22,1
10,23,1
10,24,1
10,25,2
10,26,2
10,27,2
10,28,1
10,29,1
10,30,1
11,0,2
11,1,2
11,2,2
11,3,2
11,4,2
11,5,2
11,6,2
11,7,2
11,8,2
11,9,2
11,10,2
11,11,2
11,12,2
11,13,2
11,14,2
11,15,2
11,16,4
11,17,4
11,18,4
11,19,1
11,20,1
11,21,1
11,22,1
11,23,1
11,24,1
11,25,2
11,26,2
11,27,1
11,28,1
11,29,1
11,30,1
12,0,2
12,1,2
12,2,2
12,3,2
12,4,2
12,5,2
12,6,2
12,7,2
12,8,2
12,9,2
12,10,2
12,11,2
12,12,2
12,13,2
12,14,2
12,15,4
12,16,4
12,17,4
12,18,4
12,19,4
12,20,1
12,21,1
12,22,1
12,23,1
12,24,1
12,25,2
12,26,2
12,27,1
12,28,1
12,29,1
12,30,1
13,0,2
13,1,2
13,2,2
13,3,2
13,4,2
13,5,2
13,6,2
13,7,2
13,8,2
13,9,2
13,10,2
13,11,2
13,12,2
13,13,2
13,14,2
13,15,4
13,16,4
13,17,4
13,18,4
13,19,4
13,20,1
13,21,1
13,22,1
13,23,1
13,24,1
13,25,2
13,26,2
13,27,2
13,28,1
13,29,1
13,30,1
14,0,2
14,1,2
14,2,2
14,3,2
14,4,2
14,5,2
14,6,2
14,7,3
14,8,3
14,9,2
14,10,2
14,11,2
14,12,2
14,13,2
14,14,2
14,15,4
14,16,4
14,17,4
14,18,4
14,19,4
14,20,1
14,21,1
14,22,1
14,23,1
14,24,1
14,25,2
14,26,2
14,27,2
14,28,2
14,29,1
14,30,1
15,0,4
15,1,4
15,2,4
15,3,2
15,4,2
15,5,2
15,6,3
15,7,3
15,8,3
15,9,3
15,10,2
15,11,2
15,12,2
15,13,2
15,14,4
15,15,4
15,16,4
15,17,4
15,18,4
15,19,4
15,20,4
15,21,1
15,22,1
15,23,1
15,24,1
15,25,1
15,26,2
15,27,2
15,28,2
15,29,2
15,30,2
16,0,4
16,1,4
16,2,4
16,3,4
16,4,2
16,5,2
16,6,3
16,7,3
16,8,3
16,9,3
16,10,4
16,11,4
16,12,4
16,13,4
16,14,4
16,15,4
16,16,4
16,17,4
16,18,4
16,19,4
16,20,4
16,21,4
16,22,1
16,23,1
16,24,1
16,25,1
16,26,1
16,27,2
16,28,2
16,29,2
16,30,2
17,0,4
17,1,4
17,2,4
17,3,4
17,4,2
17,5,2
17,6,2
17,7,3
17,8,3
17,9,4
17,10,4
17,11,4
17,12,4
17,13,4
17,14,4
17,15,4
17,16,4
17,17,4
17,18,4
17,19,4
17,20,4
17,21,4
17,22,4
17,23,4
17,24,1
17,25,1
17,26,1
17,27,1
17,28,1
17,29,1
17,30,1
18,0,4
18,1,4
18,2,4
18,3,4
18,4,2
18,5,2
18,6,2
18,7,2
18,8,4
18,9,4
18,10,4
18,11,4
18,12,4
18,13,4
18,14,4
18,15,4
18,16,3
18,17,3
18,18,4
18,19,4
18,20,4
18,21,4
18,22,4
18,23,4
18,24,4
18,25,1
18,26,1
18,27,1
18,28,1
18,29,1
18,30,1
19,0,4
19,1,4
19,2,4
19,3,2
19,4,2
19,5,2
19,6,2
19,7,2
19,8,4
19,9,4
19,10,4
19,11,4
19,12,4
19,13,4
19,14,4
19,15,3
19,16,3
19,17,3
19,18,3
19,19,4
19,20,4
19,21,4
19,22,4
19,23,4
19,24,4
19,25,4
19,26,4
19,27,4
19,28,4
19,29,4
19,30,4
20,0,2
20,1,2
20,2,2
20,3,2
20,4,2
20,5,2
20,6,2
20,7,1
20,8,1
20,9,4
20,10,4
20,11,4
20,12,4
20,13,4
20,14,4
20,15,3
20,16,3
20,17,3
20,18,3
20,19,3
20,20,4
20,21,4
20,22,4
20,23,4
20,24,4
20,25,4
20,26,4
20,27,4
20,28,4
20,29,4
20,30,4
21,0,2
21,1,2
21,2,2
21,3,2
21,4,2
21,5,2
21,6,1
21,7,1
21,8,1
21,9,1
21,10,4
21,11,4
21,12,4
21,13,4
21,14,4
21,15,3
21,16,3
21,17,3
21,18,3
21,19,3
21,20,3
21,21,4
21,22,4
21,23,4
21,24,4
21,25,4
21,26,4
21,27,4
21,28,4
21,29,4
21,30,4
22,0,2
22,1,2
22,2,2
22,3,2
22,4,2
22,5,2
22,6,1
22,7,1
22,8,1
22,9,1
22,10,4
22,11,4
22,12,4
22,13,4
22,14,4
22,15,4
22,16,3
22,17,3
22,18,3
22,19,3
22,20,3
22,21,4
22,22,4
22,23,4
22,24,4
22,25,1
22,26,1
22,27,4
22,28,4
22,29,1
22,30,1
23,0,2
23,1,2
23,2,2
23,3,2
23,4,2
23,5,2
23,6,1
23,7,1
23,8,1
23,9,1
23,10,4
23,11,4
23,12,4
23,13,4
23,14,4
23,15,4
23,16,2
23,17,2
23,18,3
23,19,3
23,20,2
23,21,2
23,22,4
23,23,4
23,24,1
23,25,1
23,26,1
23,27,1
23,28,1
23,29,1
23,30,1
24,0,2
24,1,2
24,2,2
24,3,2
24,4,2
24,5,4
24,6,4
24,7,1
24,8,1
24,9,4
24,10,4
24,11,4
24,12,4
24,13,4
24,14,4
24,15,2
24,16,2
24,17,2
24,18,2
24,19,2
24,20,2
24,21,2
24,22,2
24,23,2
24,24,1
24,25,1
24,26,1
24,27,1
24,28,1
24,29,1
24,30,1
25,0,4
25,1,4
25,2,4
25,3,4
25,4,4
25,5,4
25,6,4
25,7,4
25,8,4
25,9,4
25,10,4
25,11,4
25,12,4
25,13,1
25,14,1
25,15,2
25,16,2
25,17,2
25,18,2
25,19,2
25,20,2
25,21,2
25,22,2
25,23,2
25,24,2
25,25,1
25,26,1
25,27,4
25,28,4
25,29,4
25,30,4
26,0,4
26,1,4
26,2,4
26,3,4
26,4,4
26,5,4
26,6,4
26,7,4
26,8,4
26,9,4
26,10,4
26,11,4
26,12,1
26,13,1
26,14,1
26,15,1
26,16,2
26,17,2
26,18,2
26,19,2
26,20,1
26,21,1
26,22,2
26,23,2
26,24,2
26,25,2
26,26,4
26,27,4
26,28,4
26,29,4
26,30,4
27,0,4
27,1,4
27,2,4
27,3,4
27,4,4
27,5,4
27,6,4
27,7,4
27,8,4
27,9,4
27,10,4
27,11,4
27,12,1
27,13,1
27,14,1
27,15,1
27,16,1
27,17,2
27,18,2
27,19,1
27,20,1
27,21,1
27,22,1
27,23,2
27,24,2
27,25,2
27,26,4
27,27,4
27,28,4
27,29,2
27,30,2
28,0,2
28,1,2
28,2,4
28,3,4
28,4,4
28,5,4
28,6,4
28,7,4
28,8,4
28,9,4
28,10,4
28,11,4
28,12,4
28,13,1
28,14,1
28,15,1
28,16,1
28,17,2
28,18,2
28,19,1
28,20,1
28,21,1
28,22,1
28,23,1
28,24,2
28,25,2
28,26,4
28,27,4
28,28,2
28,29,2
28,30,2
29,0,2
29,1,2
29,2,2
29,3,4
29,4,4
29,5,4
29,6,4
29,7,4
29,8,4
29,9,4
29,10,4
29,11,4
29,12,4
29,13,4
29,14,1
29,15,1
29,16,1
29,17,2
29,18,2
29,19,1
29,20,1
29,21,1
29,22,1
29,23,1
29,24,2
29,25,2
29,26,4
29,27,4
29,28,2
29,29,2
29,30,2
30,0,2
30,1,2
30,2,2
30,3,4
30,4,4
30,5,4
30,6,4
30,7,4
30,8,4
30,9,4
30,10,4
30,11,4
30,12,4
30,13,4
30,14,1
30,15,1
30,16,1
30,17,2
30,18,2
30,19,1
30,20,1
30,21,1
30,22,1
30,23,1
30,24,2
30,25,2
30,26,4
30,27,4
30,28,2
30,29,2
30,30,2