6
9
6
0
2,7
2,17
2,27
12,17
22,7
22,27
0,1,1
0,3,2
0,4,2
2,5,4
3,5,1
4,5,4
1,2,2
2,3,1
3,4,1
0,0,4
0,1,4
0,2,1
0,3,1
0,4,1
0,5,1
0,6,1
0,7,1
0,8,1
0,9,1
0,10,1
0,11,2
0,12,2
0,13,2
0,14,2
0,15,3
0,16,3
0,17,3
0,18,3
0,19,3
0,20,3
0,21,1
0,22,1
0,23,1
0,24,1
0,25,4
0,26,4
0,27,4
0,28,4
0,29,4
0,30,4
1,0,4
1,1,4
1,2,1
1,3,1
1,4,1
1,5,1
1,6,1
1,7,1
1,8,1
1,9,1
1,10,1
1,11,2
1,12,2
1,13,2
1,14,2
1,15,3
1,16,3
1,17,3
1,18,3
1,19,3
1,20,3
1,21,1
1,22,1
1,23,1
1,24,1
1,25,4
1,26,4
1,27,4
1,28,4
1,29,4
1,30,4
2,0,4
2,1,4
2,2,4
2,3,1
2,4,1
2,5,1
2,6,1
2,7,1
2,8,1
2,9,1
2,10,1
2,11,2
2,12,2
2,13,2
2,14,2
2,15,3
2,16,3
2,17,3
2,18,3
2,19,3
2,20,3
2,21,1
2,22,1
2,23,1
2,24,1
2,25,4
2,26,4
2,27,4
2,28,4
2,29,4
2,30,4
3,0,4
3,1,4
3,2,4
3,3,1
3,4,1
3,5,1
3,6,1
3,7,1
3,8,1
3,9,1
3,10,1
3,11,1
3,12,2
3,13,2
3,14,3
3,15,3
3,16,3
3,17,3
3,18,3
3,19,3
3,20,3
3,21,3
3,22,1
3,23,1
3,24,4
3,25,4
3,26,4
3,27,4
3,28,4
3,29,4
3,30,4
4,0,4
4,1,4
4,2,4
4,3,1
4,4,1
4,5,1
4,6,1
4,7,1
4,8,1
4,9,1
4,10,1
4,11,1
4,12,1
4,13,1
4,14,3
4,15,3
4,16,3
4,17,3
4,18,3
4,19,3
4,20,3
4,21,3
4,22,3
4,23,4
4,24,4
4,25,4
4,26,4
4,27,4
4,28,4
4,29,4
4,30,4
5,0,4
5,1,4
5,2,4
5,3,1
5,4,1
5,5,1
5,6,3
5,7,3
5,8,1
5,9,1
5,10,1
5,11,1
5,12,1
5,13,1
5,14,1
5,15,3
5,16,3
5,17,2
5,18,2
5,19,3
5,20,3
5,21,3
5,22,3
5,23,4
5,24,4
5,25,4
5,26,4
5,27,4
5,28,2
5,29,2
5,30,2
6,0,4
6,1,4
6,2,1
6,3,1
6,4,1
6,5,3
6,6,3
6,7,3
6,8,3
6,9,3
6,10,3
6,11,1
6,12,1
6,13,1
6,14,1
6,15,1
6,16,2
6,17,2
6,18,2
6,19,2
6,20,3
6,21,3
6,22,4
6,23,4
6,24,4
6,25,4
6,26,2
6,27,2
6,28,2
6,29,2
6,30,2
7,0,1
7,1,1
7,2,1
7,3,1
7,4,1
7,5,3
7,6,3
7,7,3
7,8,3
7,9,3
7,10,3
7,11,3
7,12,1
7,13,1
7,14,1
7,15,1
7,16,2
7,17,2
7,18,2
7,19,2
7,20,2
7,21,4
7,22,4
7,23,4
7,24,4
7,25,2
7,26,2
7,27,2
7,28,2
7,29,2
7,30,2
8,0,1
8,1,1
8,2,1
8,3,1
8,4,4
8,5,4
8,6,3
8,7,3
8,8,3
8,9,3
8,10,3
8,11,3
8,12,1
8,13,1
8,14,1
8,15,1
8,16,2
8,17,2
8,18,2
8,19,2
8,20,2
8,21,4
8,22,4
8,23,4
8,24,4
8,25,2
8,26,2
8,27,2
8,28,2
8,29,2
8,30,2
9,0,1
9,1,1
9,2,1
9,3,4
9,4,4
9,5,4
9,6,4
9,7,3
9,8,3
9,9,3
9,10,3
9,11,2
9,12,2
9,13,1
9,14,1
9,15,3
9,16,3
9,17,2
9,18,2
9,19,2
9,20,3
9,21,3
9,22,4
9,23,4
9,24,3
9,25,3
9,26,2
9,27,2
9,28,2
9,29,2
9,30,2
10,0,1
10,1,1
10,2,4
10,3,4
10,4,4
10,5,4
10,6,4
10,7,4
10,8,3
10,9,3
10,10,2
10,11,2
10,12,2
10,13,2
10,14,3
10,15,3
10,16,3
10,17,3
10,18,3
10,19,3
10,20,3
10,21,3
10,22,3
10,23,3
10,24,3
10,25,3
10,26,3
10,27,3
10,28,3
10,29,3
10,30,3
11,0,4
11,1,4
11,2,4
11,3,4
11,4,4
11,5,4
11,6,4
11,7,4
11,8,2
11,9,2
11,10,2
11,11,2
11,12,2
11,13,2
11,14,3
11,15,3
11,16,3
11,17,3
11,18,3
11,19,3
11,20,3
11,21,3
11,22,3
11,23,3
11,24,3
11,25,3
11,26,3
11,27,3
11,28,3
11,29,3
11,30,3
12,0,4
12,1,4
12,2,4
12,3,4
12,4,4
12,5,4
12,6,4
12,7,2
12,8,2
12,9,2
12,10,2
12,11,2
12,12,2
12,13,3
12,14,3
12,15,3
12,16,3
12,17,3
12,18,3
12,19,3
12,20,3
12,21,4
12,22,4
12,23,3
12,24,3
12,25,1
12,26,1
12,27,3
12,28,3
12,29,3
12,30,3
13,0,2
13,1,2
13,2,2
13,3,4
13,4,4
13,5,2
13,6,2
13,7,2
13,8,2
13,9,2
13,10,3
13,11,3
13,12,3
13,13,3
13,14,3
13,15,3
13,16,3
13,17,3
13,18,3
13,19,3
13,20,4
13,21,4
13,22,4
13,23,4
13,24,1
13,25,1
13,26,1
13,27,1
13,28,1
13,29,1
13,30,1
14,0,2
14,1,2
14,2,2
14,3,2
14,4,2
14,5,2
14,6,2
14,7,2
14,8,2
14,9,3
14,10,3
14,11,3
14,12,3
14,13,3
14,14,3
14,15,3
14,16,3
14,17,3
14,18,3
14,19,3
14,20,4
14,21,4
14,22,4
14,23,4
14,24,1
14,25,1
14,26,1
14,27,1
14,28,1
14,29,1
14,30,1
15,0,2
15,1,2
15,2,2
15,3,2
15,4,2
15,5,2
15,6,2
15,7,3
15,8,3
15,9,3
15,10,3
15,11,3
15,12,2
15,13,2
15,14,3
15,15,3
15,16,3
15,17,3
15,18,3
15,19,3
15,20,4
15,21,4
15,22,4
15,23,4
15,24,4
15,25,1
15,26,1
15,27,3
15,28,3
15,29,3
15,30,3
16,0,3
16,1,3
16,2,3
16,3,3
16,4,3
16,5,3
16,6,3
16,7,3
16,8,3
16,9,3
16,10,3
16,11,2
16,12,2
16,13,2
16,14,2
16,15,3
16,16,3
16,17,3
16,18,3
16,19,3
16,20,4
16,21,4
16,22,4
16,23,4
16,24,4
16,25,3
16,26,3
16,27,3
16,28,3
16,29,3
16,30,3
17,0,3
17,1,3
17,2,3
17,3,3
17,4,3
17,5,3
17,6,3
17,7,3
17,8,3
17,9,1
17,10,1
17,11,2
17,12,2
17,13,2
17,14,2
17,15,3
17,16,3
17,17,3
17,18,3
17,19,3
17,20,4
17,21,4
17,22,4
17,23,4
17,24,3
17,25,3
17,26,3
17,27,3
17,28,3
17,29,3
17,30,3
18,0,3
18,1,3
18,2,3
18,3,1
18,4,1
18,5,1
18,6,1
18,7,1
18,8,1
18,9,1
18,10,1
18,11,1
18,12,2
18,13,2
18,14,1
18,15,1
18,16,3
18,17,3
18,18,3
18,19,4
18,20,4
18,21,4
18,22,4
18,23,4
18,24,3
18,25,3
18,26,3
18,27,3
18,28,1
18,29,1
18,30,1
19,0,1
19,1,1
19,2,1
19,3,1
19,4,1
19,5,1
19,6,1
19,7,1
19,8,1
19,9,1
19,10,1
19,11,1
19,12,1
19,13,1
19,14,1
19,15,1
19,16,1
19,17,1
19,18,1
19,19,4
19,20,4
19,21,4
19,22,4
19,23,4
19,24,4
19,25,3
19,26,3
19,27,1
19,28,1
19,29,1
19,30,1
20,0,1
20,1,1
20,2,1
20,3,1
20,4,1
20,5,2
20,6,2
20,7,2
20,8,2
20,9,2
20,10,1
20,11,1
20,12,1
20,13,1
20,14,1
20,15,1
20,16,1
20,17,1
20,18,1
20,19,1
20,20,4
20,21,4
20,22,4
20,23,4
20,24,4
20,25,1
20,26,1
20,27,1
20,28,1
20,29,1
20,30,1
21,0,1
21,1,1
21,2,1
21,3,1
21,4,2
21,5,2
21,6,2
21,7,2
21,8,2
21,9,2
21,10,2
21,11,1
21,12,1
21,13,1
21,14,1
21,15,1
21,16,1
21,17,1
21,18,1
21,19,1
21,20,1
21,21,4
21,22,4
21,23,4
21,24,1
21,25,1
21,26,1
21,27,1
21,28,1
21,29,1
21,30,1
22,0,2
22,1,2
22,2,2
22,3,2
22,4,2
22,5,2
22,6,2
22,7,2
22,8,2
22,9,2
22,10,2
22,11,4
22,12,4
22,13,1
22,14,1
22,15,3
22,16,3
22,17,1
22,18,1
22,19,1
22,20,1
22,21,4
22,22,4
22,23,4
22,24,1
22,25,1
22,26,1
22,27,1
22,28,1
22,29,1
22,30,1
23,0,2
23,1,2
23,2,2
23,3,2
23,4,2
23,5,2
23,6,2
23,7,2
23,8,2
23,9,2
23,10,4
23,11,4
23,12,4
23,13,4
23,14,3
23,15,3
23,16,3
23,17,3
23,18,1
23,19,1
23,20,1
23,21,1
23,22,4
23,23,4
23,24,1
23,25,1
23,26,1
23,27,1
23,28,1
23,29,1
23,30,1
24,0,1
24,1,1
24,2,1
24,3,1
24,4,1
24,5,2
24,6,2
24,7,2
24,8,2
24,9,2
24,10,4
24,11,4
24,12,4
24,13,4
24,14,3
24,15,3
24,16,3
24,17,3
24,18,1
24,19,1
24,20,1
24,21,1
24,22,4
24,23,4
24,24,4
24,25,1
24,26,1
24,27,1
24,28,1
24,29,1
24,30,1
25,0,1
25,1,1
25,2,1
25,3,1
25,4,1
25,5,1
25,6,1
25,7,2
25,8,2
25,9,4
25,10,4
25,11,4
25,12,4
25,13,4
25,14,4
25,15,3
25,16,3
25,17,2
25,18,2
25,19,1
25,20,1
25,21,4
25,22,4
25,23,4
25,24,4
25,25,1
25,26,1
25,27,1
25,28,1
25,29,1
25,30,1
26,0,1
26,1,1
26,2,1
26,3,1
26,4,1
26,5,1
26,6,1
26,7,1
26,8,4
26,9,4
26,10,4
26,11,4
26,12,4
26,13,4
26,14,4
26,15,2
26,16,2
26,17,2
26,18,2
26,19,2
26,20,4
26,21,4
26,22,4
26,23,4
26,24,4
26,25,1
26,26,1
26,27,1
26,28,1
26,29,2
26,30,2
27,0,1
27,1,1
27,2,1
27,3,2
27,4,2
27,5,1
27,6,1
27,7,1
27,8,4
27,9,4
27,10,4
27,11,4
27,12,4
27,13,4
27,14,2
27,15,2
27,16,2
27,17,2
27,18,2
27,19,2
27,20,4
27,21,4
27,22,4
27,23,4
27,24,4
27,25,1
27,26,1
27,27,1
27,28,2
27,29,2
27,30,2
28,0,1
28,1,1
28,2,2
28,3,2
28,4,2
28,5,2
28,6,1
28,7,1
28,8,4
28,9,4
28,10,4
28,11,4
28,12,1
28,13,1
28,14,2
28,15,2
28,16,2
28,17,2
28,18,2
28,19,4
28,20,4
28,21,4
28,22,4
28,23,4
28,24,1
28,25,1
28,26,1
28,27,1
28,28,2
28,29,2
28,30,2
29,0,1
29,1,1
29,2,2
29,3,2
29,4,2
29,5,2
29,6,1
29,7,1
29,8,4
29,9,4
29,10,4
29,11,1
29,12,1
29,13,1
29,14,1
29,15,2
29,16,2
29,17,2
29,18,2
29,19,4
29,20,4
29,21,4
29,22,4
29,23,4
29,24,1
29,25,1
29,26,1
29,27,1
29,28,1
29,29,2
29,30,2
30,0,1
30,1,1
30,2,2
30,3,2
30,4,2
30,5,2
30,6,1
30,7,1
30,8,4
30,9,4
30,10,4
30,11,1
30,12,1
30,13,1
30,14,1
30,15,2
30,16,2
30,17,2
30,18,2
30,19,4
30,20,4
30,21,4
30,22,4
30,23,4
30,24,1
30,25,1
30,26,1
30,27,1
30,28,1
30,29,2
30,30,2