5
7
8
1
7,17
17,7
17,17
17,27
27,17
1,4,2
0,1,2
1,2,2
3,4,2
0,2,2
0,3,2
2,3,2
0,0,4
0,1,4
0,2,2
0,3,2
0,4,2
0,5,4
0,6,4
0,7,4
0,8,3
0,9,3
0,10,2
0,11,2
0,12,2
0,13,4
0,14,4
0,15,4
0,16,4
0,17,4
0,18,4
0,19,4
0,20,4
0,21,4
0,22,1
0,23,1
0,24,2
0,25,2
0,26,2
0,27,2
0,28,4
0,29,4
0,30,4
1,0,4
1,1,4
1,2,2
1,3,2
1,4,2
1,5,4
1,6,4
1,7,4
1,8,3
1,9,3
1,10,2
1,11,2
1,12,2
1,13,4
1,14,4
1,15,4
1,16,4
1,17,4
1,18,4
1,19,4
1,20,4
1,21,4
1,22,1
1,23,1
1,24,2
1,25,2
1,26,2
1,27,2
1,28,4
1,29,4
1,30,4
2,0,4
2,1,4
2,2,2
2,3,2
2,4,2
2,5,2
2,6,4
2,7,4
2,8,3
2,9,3
2,10,2
2,11,2
2,12,2
2,13,4
2,14,4
2,15,4
2,16,4
2,17,4
2,18,4
2,19,4
2,20,4
2,21,4
2,22,1
2,23,1
2,24,1
2,25,2
2,26,2
2,27,1
2,28,1
2,29,4
2,30,4
3,0,4
3,1,4
3,2,2
3,3,2
3,4,2
3,5,2
3,6,4
3,7,4
3,8,3
3,9,3
3,10,3
3,11,2
3,12,2
3,13,4
3,14,4
3,15,4
3,16,4
3,17,4
3,18,4
3,19,4
3,20,4
3,21,4
3,22,1
3,23,1
3,24,1
3,25,1
3,26,1
3,27,1
3,28,1
3,29,1
3,30,1
4,0,4
4,1,4
4,2,4
4,3,2
4,4,2
4,5,4
4,6,4
4,7,4
4,8,3
4,9,3
4,10,3
4,11,2
4,12,2
4,13,2
4,14,4
4,15,4
4,16,4
4,17,4
4,18,4
4,19,4
4,20,4
4,21,4
4,22,4
4,23,1
4,24,1
4,25,1
4,26,1
4,27,1
4,28,1
4,29,1
4,30,1
5,0,4
5,1,4
5,2,4
5,3,2
5,4,2
5,5,4
5,6,4
5,7,4
5,8,3
5,9,3
5,10,2
5,11,2
5,12,2
5,13,2
5,14,2
5,15,4
5,16,4
5,17,4
5,18,4
5,19,4
5,20,4
5,21,4
5,22,4
5,23,4
5,24,4
5,25,1
5,26,1
5,27,3
5,28,3
5,29,3
5,30,3
6,0,4
6,1,4
6,2,2
6,3,2
6,4,2
6,5,4
6,6,4
6,7,3
6,8,3
6,9,3
6,10,2
6,11,2
6,12,2
6,13,2
6,14,2
6,15,4
6,16,4
6,17,4
6,18,4
6,19,4
6,20,4
6,21,4
6,22,4
6,23,4
6,24,4
6,25,4
6,26,3
6,27,3
6,28,3
6,29,3
6,30,3
7,0,3
7,1,3
7,2,2
7,3,2
7,4,2
7,5,4
7,6,4
7,7,3
7,8,3
7,9,3
7,10,3
7,11,2
7,12,2
7,13,2
7,14,4
7,15,4
7,16,4
7,17,4
7,18,4
7,19,4
7,20,4
7,21,4
7,22,4
7,23,4
7,24,4
7,25,4
7,26,3
7,27,3
7,28,3
7,29,3
7,30,3
8,0,3
8,1,3
8,2,3
8,3,2
8,4,2
8,5,4
8,6,4
8,7,4
8,8,3
8,9,3
8,10,3
8,11,3
8,12,3
8,13,3
8,14,4
8,15,4
8,16,4
8,17,4
8,18,4
8,19,4
8,20,4
8,21,4
8,22,4
8,23,4
8,24,4
8,25,4
8,26,3
8,27,3
8,28,3
8,29,3
8,30,3
9,0,3
9,1,3
9,2,3
9,3,2
9,4,2
9,5,4
9,6,4
9,7,4
9,8,4
9,9,3
9,10,3
9,11,3
9,12,3
9,13,3
9,14,3
9,15,4
9,16,4
9,17,4
9,18,4
9,19,4
9,20,1
9,21,1
9,22,4
9,23,4
9,24,4
9,25,4
9,26,3
9,27,3
9,28,3
9,29,3
9,30,3
10,0,3
10,1,3
10,2,2
10,3,2
10,4,2
10,5,4
10,6,4
10,7,4
10,8,4
10,9,4
10,10,3
10,11,3
10,12,3
10,13,3
10,14,3
10,15,4
10,16,4
10,17,4
10,18,4
10,19,1
10,20,1
10,21,1
10,22,1
10,23,4
10,24,4
10,25,3
10,26,3
10,27,3
10,28,3
10,29,3
10,30,3
11,0,4
11,1,4
11,2,2
11,3,2
11,4,2
11,5,4
11,6,4
11,7,4
11,8,4
11,9,4
11,10,4
11,11,3
11,12,3
11,13,3
11,14,1
11,15,1
11,16,4
11,17,4
11,18,4
11,19,1
11,20,1
11,21,1
11,22,1
11,23,1
11,24,1
11,25,3
11,26,3
11,27,3
11,28,3
11,29,3
11,30,3
12,0,4
12,1,4
12,2,4
12,3,2
12,4,2
12,5,4
12,6,4
12,7,4
12,8,4
12,9,4
12,10,4
12,11,3
12,12,3
12,13,1
12,14,1
12,15,1
12,16,1
12,17,4
12,18,4
12,19,1
12,20,1
12,21,1
12,22,1
12,23,1
12,24,1
12,25,1
12,26,3
12,27,3
12,28,3
12,29,3
12,30,3
13,0,4
13,1,4
13,2,4
13,3,2
13,4,2
13,5,2
13,6,4
13,7,4
13,8,4
13,9,4
13,10,4
13,11,3
13,12,3
13,13,1
13,14,1
13,15,1
13,16,1
13,17,4
13,18,4
13,19,1
13,20,1
13,21,1
13,22,1
13,23,1
13,24,1
13,25,1
13,26,1
13,27,1
13,28,1
13,29,1
13,30,1
14,0,4
14,1,4
14,2,4
14,3,2
14,4,2
14,5,2
14,6,3
14,7,3
14,8,4
14,9,4
14,10,3
14,11,3
14,12,3
14,13,1
14,14,1
14,15,1
14,16,4
14,17,4
14,18,4
14,19,1
14,20,1
14,21,1
14,22,1
14,23,1
14,24,1
14,25,1
14,26,1
14,27,1
14,28,1
14,29,1
14,30,1
15,0,4
15,1,4
15,2,4
15,3,2
15,4,2
15,5,3
15,6,3
15,7,3
15,8,3
15,9,3
15,10,3
15,11,3
15,12,3
15,13,1
15,14,1
15,15,4
15,16,4
15,17,4
15,18,4
15,19,4
15,20,1
15,21,1
15,22,4
15,23,4
15,24,4
15,25,4
15,26,4
15,27,4
15,28,4
15,29,4
15,30,4
16,0,4
16,1,4
16,2,4
16,3,2
16,4,2
16,5,3
16,6,3
16,7,3
16,8,3
16,9,3
16,10,3
16,11,3
16,12,3
16,13,1
16,14,1
16,15,4
16,16,4
16,17,4
16,18,4
16,19,4
16,20,4
16,21,4
16,22,4
16,23,4
16,24,4
16,25,4
16,26,4
16,27,4
16,28,4
16,29,4
16,30,4
17,0,4
17,1,4
17,2,4
17,3,2
17,4,2
17,5,3
17,6,3
17,7,3
17,8,3
17,9,3
17,10,3
17,11,3
17,12,3
17,13,1
17,14,1
17,15,4
17,16,4
17,17,4
17,18,4
17,19,4
17,20,4
17,21,4
17,22,4
17,23,4
17,24,4
17,25,4
17,26,4
17,27,4
17,28,4
17,29,4
17,30,4
18,0,4
18,1,4
18,2,2
18,3,2
18,4,2
18,5,3
18,6,3
18,7,3
18,8,3
18,9,3
18,10,3
18,11,3
18,12,1
18,13,1
18,14,1
18,15,4
18,16,4
18,17,4
18,18,4
18,19,4
18,20,4
18,21,4
18,22,4
18,23,4
18,24,4
18,25,4
18,26,4
18,27,4
18,28,4
18,29,4
18,30,4
19,0,2
19,1,2
19,2,2
19,3,2
19,4,2
19,5,3
19,6,3
19,7,3
19,8,3
19,9,3
19,10,1
19,11,1
19,12,1
19,13,1
19,14,1
19,15,4
19,16,4
19,17,4
19,18,4
19,19,4
19,20,1
19,21,1
19,22,4
19,23,4
19,24,4
19,25,4
19,26,4
19,27,4
19,28,4
19,29,4
19,30,4
20,0,2
20,1,2
20,2,2
20,3,2
20,4,3
20,5,3
20,6,3
20,7,3
20,8,3
20,9,1
20,10,1
20,11,1
20,12,1
20,13,1
20,14,1
20,15,1
20,16,4
20,17,4
20,18,4
20,19,1
20,20,1
20,21,1
20,22,1
20,23,4
20,24,4
20,25,4
20,26,1
20,27,1
20,28,4
20,29,4
20,30,4
21,0,4
21,1,4
21,2,4
21,3,4
21,4,3
21,5,3
21,6,3
21,7,3
21,8,1
21,9,1
21,10,1
21,11,1
21,12,1
21,13,1
21,14,1
21,15,1
21,16,4
21,17,4
21,18,4
21,19,1
21,20,1
21,21,1
21,22,1
21,23,1
21,24,1
21,25,1
21,26,1
21,27,1
21,28,1
21,29,4
21,30,4
22,0,4
22,1,4
22,2,4
22,3,4
22,4,4
22,5,3
22,6,3
22,7,3
22,8,1
22,9,1
22,10,1
22,11,1
22,12,1
22,13,1
22,14,1
22,15,4
22,16,4
22,17,4
22,18,4
22,19,4
22,20,1
22,21,1
22,22,1
22,23,1
22,24,1
22,25,1
22,26,1
22,27,1
22,28,1
22,29,3
22,30,3
23,0,4
23,1,4
23,2,4
23,3,4
23,4,4
23,5,3
23,6,3
23,7,3
23,8,3
23,9,1
23,10,1
23,11,4
23,12,4
23,13,4
23,14,4
23,15,4
23,16,4
23,17,4
23,18,4
23,19,4
23,20,4
23,21,4
23,22,4
23,23,4
23,24,1
23,25,1
23,26,1
23,27,1
23,28,3
23,29,3
23,30,3
24,0,1
24,1,1
24,2,4
24,3,4
24,4,4
24,5,3
24,6,3
24,7,3
24,8,3
24,9,4
24,10,4
24,11,4
24,12,4
24,13,4
24,14,4
24,15,4
24,16,4
24,17,4
24,18,4
24,19,4
24,20,4
24,21,4
24,22,4
24,23,4
24,24,4
24,25,1
24,26,1
24,27,3
24,28,3
24,29,3
24,30,3
25,0,1
25,1,1
25,2,1
25,3,4
25,4,4
25,5,4
25,6,3
25,7,3
25,8,4
25,9,4
25,10,4
25,11,4
25,12,4
25,13,4
25,14,3
25,15,3
25,16,3
25,17,3
25,18,3
25,19,3
25,20,4
25,21,4
25,22,4
25,23,4
25,24,4
25,25,2
25,26,2
25,27,3
25,28,3
25,29,3
25,30,3
26,0,1
26,1,1
26,2,1
26,3,4
26,4,4
26,5,4
26,6,2
26,7,2
26,8,4
26,9,4
26,10,4
26,11,4
26,12,4
26,13,3
26,14,3
26,15,3
26,16,3
26,17,3
26,18,3
26,19,3
26,20,3
26,21,4
26,22,4
26,23,4
26,24,2
26,25,2
26,26,2
26,27,2
26,28,3
26,29,3
26,30,3
27,0,1
27,1,1
27,2,4
27,3,4
27,4,4
27,5,2
27,6,2
27,7,2
27,8,2
27,9,4
27,10,4
27,11,4
27,12,4
27,13,3
27,14,3
27,15,3
27,16,3
27,17,3
27,18,3
27,19,3
27,20,3
27,21,1
27,22,1
27,23,1
27,24,2
27,25,2
27,26,2
27,27,2
27,28,4
27,29,4
27,30,4
28,0,4
28,1,4
28,2,4
28,3,4
28,4,4
28,5,2
28,6,2
28,7,2
28,8,2
28,9,2
28,10,4
28,11,4
28,12,4
28,13,4
28,14,3
28,15,3
28,16,3
28,17,3
28,18,3
28,19,3
28,20,1
28,21,1
28,22,1
28,23,1
28,24,1
28,25,2
28,26,2
28,27,4
28,28,4
28,29,4
28,30,4
29,0,4
29,1,4
29,2,4
29,3,4
29,4,4
29,5,4
29,6,2
29,7,2
29,8,2
29,9,2
29,10,2
29,11,4
29,12,4
29,13,4
29,14,4
29,15,3
29,16,3
29,17,3
29,18,3
29,19,3
29,20,1
29,21,1
29,22,1
29,23,1
29,24,1
29,25,1
29,26,4
29,27,4
29,28,4
29,29,4
29,30,4
30,0,4
30,1,4
30,2,4
30,3,4
30,4,4
30,5,4
30,6,2
30,7,2
30,8,2
30,9,2
30,10,2
30,11,4
30,12,4
30,13,4
30,14,4
30,15,3
30,16,3
30,17,3
30,18,3
30,19,3
30,20,1
30,21,1
30,22,1
30,23,1
30,24,1
30,25,1
30,26,4
30,27,4
30,28,4
30,29,4
30,30,4