6
9
5
4
7,7
7,17
7,27
17,7
17,17
27,7
3,4,2
1,4,2
2,4,1
0,4,1
4,5,1
0,3,1
3,5,1
1,2,1
0,1,2
0,0,4
0,1,4
0,2,4
0,3,2
0,4,2
0,5,2
0,6,2
0,7,2
0,8,2
0,9,2
0,10,4
0,11,4
0,12,4
0,13,1
0,14,1
0,15,1
0,16,1
0,17,1
0,18,2
0,19,2
0,20,2
0,21,4
0,22,4
0,23,4
0,24,4
0,25,3
0,26,3
0,27,3
0,28,1
0,29,1
0,30,1
1,0,4
1,1,4
1,2,4
1,3,2
1,4,2
1,5,2
1,6,2
1,7,2
1,8,2
1,9,2
1,10,4
1,11,4
1,12,4
1,13,1
1,14,1
1,15,1
1,16,1
1,17,1
1,18,2
1,19,2
1,20,2
1,21,4
1,22,4
1,23,4
1,24,4
1,25,3
1,26,3
1,27,3
1,28,1
1,29,1
1,30,1
2,0,4
2,1,4
2,2,1
2,3,1
2,4,2
2,5,2
2,6,2
2,7,2
2,8,2
2,9,2
2,10,2
2,11,4
2,12,4
2,13,1
2,14,1
2,15,1
2,16,1
2,17,2
2,18,2
2,19,2
2,20,2
2,21,2
2,22,4
2,23,4
2,24,3
2,25,3
2,26,3
2,27,3
2,28,1
2,29,1
2,30,1
3,0,1
3,1,1
3,2,1
3,3,1
3,4,1
3,5,2
3,6,2
3,7,2
3,8,2
3,9,2
3,10,2
3,11,4
3,12,4
3,13,1
3,14,1
3,15,1
3,16,1
3,17,2
3,18,2
3,19,2
3,20,2
3,21,2
3,22,1
3,23,1
3,24,3
3,25,3
3,26,3
3,27,3
3,28,1
3,29,1
3,30,1
4,0,1
4,1,1
4,2,1
4,3,1
4,4,1
4,5,2
4,6,2
4,7,2
4,8,2
4,9,2
4,10,4
4,11,4
4,12,4
4,13,4
4,14,1
4,15,1
4,16,4
4,17,4
4,18,2
4,19,2
4,20,2
4,21,1
4,22,1
4,23,1
4,24,1
4,25,3
4,26,3
4,27,2
4,28,2
4,29,1
4,30,1
5,0,1
5,1,1
5,2,1
5,3,1
5,4,1
5,5,2
5,6,2
5,7,2
5,8,2
5,9,2
5,10,4
5,11,4
5,12,4
5,13,4
5,14,4
5,15,4
5,16,4
5,17,4
5,18,4
5,19,4
5,20,4
5,21,1
5,22,1
5,23,1
5,24,1
5,25,2
5,26,2
5,27,2
5,28,2
5,29,2
5,30,2
6,0,1
6,1,1
6,2,1
6,3,1
6,4,1
6,5,2
6,6,2
6,7,2
6,8,2
6,9,2
6,10,4
6,11,4
6,12,4
6,13,4
6,14,4
6,15,4
6,16,4
6,17,4
6,18,4
6,19,4
6,20,4
6,21,4
6,22,1
6,23,1
6,24,2
6,25,2
6,26,2
6,27,2
6,28,2
6,29,2
6,30,2
7,0,1
7,1,1
7,2,1
7,3,1
7,4,1
7,5,2
7,6,2
7,7,2
7,8,2
7,9,2
7,10,2
7,11,4
7,12,4
7,13,4
7,14,4
7,15,4
7,16,4
7,17,4
7,18,4
7,19,4
7,20,4
7,21,4
7,22,4
7,23,4
7,24,2
7,25,2
7,26,2
7,27,2
7,28,2
7,29,2
7,30,2
8,0,4
8,1,4
8,2,1
8,3,1
8,4,2
8,5,2
8,6,2
8,7,2
8,8,2
8,9,2
8,10,2
8,11,4
8,12,4
8,13,4
8,14,4
8,15,4
8,16,4
8,17,4
8,18,4
8,19,4
8,20,4
8,21,4
8,22,4
8,23,4
8,24,4
8,25,2
8,26,2
8,27,2
8,28,2
8,29,2
8,30,2
9,0,4
9,1,4
9,2,4
9,3,2
9,4,2
9,5,2
9,6,2
9,7,2
9,8,2
9,9,2
9,10,2
9,11,4
9,12,4
9,13,4
9,14,4
9,15,4
9,16,4
9,17,4
9,18,4
9,19,4
9,20,4
9,21,4
9,22,4
9,23,4
9,24,4
9,25,2
9,26,2
9,27,2
9,28,2
9,29,2
9,30,2
10,0,4
10,1,4
10,2,4
10,3,2
10,4,2
10,5,2
10,6,4
10,7,4
10,8,2
10,9,2
10,10,1
10,11,1
10,12,4
10,13,4
10,14,3
10,15,3
10,16,4
10,17,4
10,18,4
10,19,4
10,20,4
10,21,4
10,22,4
10,23,4
10,24,4
10,25,4
10,26,2
10,27,2
10,28,4
10,29,4
10,30,4
11,0,4
11,1,4
11,2,4
11,3,2
11,4,2
11,5,4
11,6,4
11,7,4
11,8,4
11,9,1
11,10,1
11,11,1
11,12,1
11,13,3
11,14,3
11,15,3
11,16,3
11,17,4
11,18,4
11,19,1
11,20,1
11,21,1
11,22,4
11,23,4
11,24,4
11,25,4
11,26,4
11,27,4
11,28,4
11,29,4
11,30,4
12,0,4
12,1,4
12,2,2
12,3,2
12,4,2
12,5,4
12,6,4
12,7,4
12,8,4
12,9,1
12,10,1
12,11,1
12,12,1
12,13,3
12,14,3
12,15,3
12,16,3
12,17,3
12,18,1
12,19,1
12,20,1
12,21,1
12,22,1
12,23,4
12,24,4
12,25,4
12,26,4
12,27,4
12,28,4
12,29,4
12,30,4
13,0,4
13,1,4
13,2,2
13,3,2
13,4,2
13,5,2
13,6,4
13,7,4
13,8,1
13,9,1
13,10,1
13,11,1
13,12,3
13,13,3
13,14,3
13,15,3
13,16,3
13,17,3
13,18,1
13,19,1
13,20,1
13,21,1
13,22,1
13,23,1
13,24,4
13,25,4
13,26,4
13,27,4
13,28,4
13,29,4
13,30,4
14,0,4
14,1,4
14,2,2
14,3,2
14,4,2
14,5,2
14,6,1
14,7,1
14,8,1
14,9,1
14,10,1
14,11,3
14,12,3
14,13,3
14,14,3
14,15,3
14,16,3
14,17,2
14,18,2
14,19,1
14,20,1
14,21,1
14,22,1
14,23,1
14,24,3
14,25,3
14,26,4
14,27,4
14,28,4
14,29,4
14,30,4
15,0,4
15,1,4
15,2,4
15,3,2
15,4,2
15,5,1
15,6,1
15,7,1
15,8,1
15,9,1
15,10,1
15,11,3
15,12,3
15,13,3
15,14,3
15,15,2
15,16,2
15,17,2
15,18,2
15,19,2
15,20,1
15,21,1
15,22,1
15,23,3
15,24,3
15,25,3
15,26,3
15,27,4
15,28,4
15,29,4
15,30,4
16,0,4
16,1,4
16,2,4
16,3,4
16,4,1
16,5,1
16,6,1
16,7,1
16,8,1
16,9,1
16,10,3
16,11,3
16,12,3
16,13,3
16,14,2
16,15,2
16,16,2
16,17,2
16,18,2
16,19,2
16,20,2
16,21,1
16,22,1
16,23,3
16,24,3
16,25,3
16,26,3
16,27,3
16,28,4
16,29,4
16,30,4
17,0,4
17,1,4
17,2,4
17,3,4
17,4,1
17,5,1
17,6,1
17,7,1
17,8,1
17,9,1
17,10,3
17,11,3
17,12,3
17,13,3
17,14,2
17,15,2
17,16,2
17,17,2
17,18,2
17,19,2
17,20,2
17,21,1
17,22,1
17,23,1
17,24,3
17,25,3
17,26,3
17,27,3
17,28,4
17,29,4
17,30,4
18,0,4
18,1,4
18,2,4
18,3,1
18,4,1
18,5,1
18,6,1
18,7,1
18,8,1
18,9,1
18,10,1
18,11,3
18,12,3
18,13,2
18,14,2
18,15,2
18,16,2
18,17,2
18,18,2
18,19,2
18,20,2
18,21,1
18,22,1
18,23,1
18,24,1
18,25,3
18,26,3
18,27,4
18,28,4
18,29,4
18,30,4
19,0,4
19,1,4
19,2,1
19,3,1
19,4,1
19,5,1
19,6,1
19,7,1
19,8,1
19,9,1
19,10,1
19,11,4
19,12,4
19,13,2
19,14,2
19,15,2
19,16,2
19,17,2
19,18,2
19,19,2
19,20,3
19,21,3
19,22,1
19,23,1
19,24,1
19,25,1
19,26,1
19,27,4
19,28,4
19,29,4
19,30,4
20,0,1
20,1,1
20,2,1
20,3,1
20,4,1
20,5,3
20,6,3
20,7,3
20,8,1
20,9,1
20,10,4
20,11,4
20,12,4
20,13,4
20,14,2
20,15,2
20,16,2
20,17,2
20,18,3
20,19,3
20,20,3
20,21,3
20,22,3
20,23,1
20,24,1
20,25,1
20,26,1
20,27,1
20,28,4
20,29,4
20,30,4
21,0,1
21,1,1
21,2,1
21,3,1
21,4,3
21,5,3
21,6,3
21,7,3
21,8,3
21,9,3
21,10,4
21,11,4
21,12,4
21,13,4
21,14,2
21,15,2
21,16,2
21,17,3
21,18,3
21,19,3
21,20,3
21,21,3
21,22,3
21,23,3
21,24,3
21,25,1
21,26,1
21,27,1
21,28,1
21,29,1
21,30,1
22,0,1
22,1,1
22,2,1
22,3,3
22,4,3
22,5,3
22,6,3
22,7,3
22,8,3
22,9,3
22,10,3
22,11,4
22,12,4
22,13,4
22,14,2
22,15,2
22,16,2
22,17,3
22,18,3
22,19,3
22,20,3
22,21,3
22,22,3
22,23,3
22,24,3
22,25,3
22,26,1
22,27,1
22,28,1
22,29,1
22,30,1
23,0,1
23,1,1
23,2,1
23,3,3
23,4,3
23,5,3
23,6,4
23,7,4
23,8,3
23,9,3
23,10,3
23,11,3
23,12,4
23,13,4
23,14,2
23,15,2
23,16,2
23,17,2
23,18,3
23,19,3
23,20,3
23,21,3
23,22,3
23,23,3
23,24,3
23,25,3
23,26,3
23,27,3
23,28,3
23,29,3
23,30,3
24,0,1
24,1,1
24,2,1
24,3,3
24,4,3
24,5,4
24,6,4
24,7,4
24,8,4
24,9,3
24,10,3
24,11,3
24,12,4
24,13,4
24,14,4
24,15,2
24,16,2
24,17,2
24,18,3
24,19,3
24,20,3
24,21,3
24,22,2
24,23,2
24,24,3
24,25,3
24,26,3
24,27,3
24,28,3
24,29,3
24,30,3
25,0,1
25,1,1
25,2,1
25,3,3
25,4,3
25,5,4
25,6,4
25,7,4
25,8,4
25,9,4
25,10,3
25,11,3
25,12,4
25,13,4
25,14,4
25,15,4
25,16,2
25,17,2
25,18,3
25,19,3
25,20,3
25,21,2
25,22,2
25,23,2
25,24,2
25,25,3
25,26,3
25,27,1
25,28,1
25,29,1
25,30,1
26,0,1
26,1,1
26,2,3
26,3,3
26,4,3
26,5,4
26,6,4
26,7,4
26,8,4
26,9,4
26,10,3
26,11,3
26,12,4
26,13,4
26,14,4
26,15,4
26,16,2
26,17,2
26,18,3
26,19,3
26,20,3
26,21,2
26,22,2
26,23,2
26,24,2
26,25,1
26,26,1
26,27,1
26,28,1
26,29,1
26,30,1
27,0,4
27,1,4
27,2,3
27,3,3
27,4,3
27,5,4
27,6,4
27,7,4
27,8,4
27,9,4
27,10,3
27,11,3
27,12,3
27,13,4
27,14,4
27,15,2
27,16,2
27,17,2
27,18,2
27,19,3
27,20,3
27,21,3
27,22,2
27,23,2
27,24,1
27,25,1
27,26,1
27,27,1
27,28,1
27,29,4
27,30,4
28,0,4
28,1,4
28,2,4
28,3,3
28,4,3
28,5,4
28,6,4
28,7,4
28,8,4
28,9,4
28,10,3
28,11,3
28,12,3
28,13,1
28,14,1
28,15,2
28,16,2
28,17,2
28,18,2
28,19,3
28,20,3
28,21,3
28,22,3
28,23,1
28,24,1
28,25,1
28,26,1
28,27,4
28,28,4
28,29,4
28,30,4
29,0,4
29,1,4
29,2,4
29,3,3
29,4,3
29,5,4
29,6,4
29,7,4
29,8,4
29,9,4
29,10,3
29,11,3
29,12,1
29,13,1
29,14,1
29,15,1
29,16,2
29,17,2
29,18,2
29,19,3
29,20,3
29,21,3
29,22,3
29,23,1
29,24,1
29,25,1
29,26,4
29,27,4
29,28,4
29,29,4
29,30,4
30,0,4
30,1,4
30,2,4
30,3,3
30,4,3
30,5,4
30,6,4
30,7,4
30,8,4
30,9,4
30,10,3
30,11,3
30,12,1
30,13,1
30,14,1
30,15,1
30,16,2
30,17,2
30,18,2
30,19,3
30,20,3
30,21,3
30,22,3
30,23,1
30,24,1
30,25,1
30,26,4
30,27,4
30,28,4
30,29,4
30,30,4