6
9
6
2
2,12
12,2
12,12
22,2
22,12
22,22
2,4,2
2,3,2
1,2,2
0,2,1
2,5,1
3,4,2
4,5,1
1,3,1
0,1,2
0,0,4
0,1,4
0,2,4
0,3,3
0,4,3
0,5,3
0,6,3
0,7,1
0,8,1
0,9,1
0,10,1
0,11,1
0,12,1
0,13,1
0,14,1
0,15,4
0,16,4
0,17,4
0,18,4
0,19,4
0,20,3
0,21,3
0,22,1
0,23,1
0,24,1
0,25,1
0,26,4
0,27,4
0,28,4
0,29,3
0,30,3
1,0,4
1,1,4
1,2,4
1,3,3
1,4,3
1,5,3
1,6,3
1,7,1
1,8,1
1,9,1
1,10,1
1,11,1
1,12,1
1,13,1
1,14,1
1,15,4
1,16,4
1,17,4
1,18,4
1,19,4
1,20,3
1,21,3
1,22,1
1,23,1
1,24,1
1,25,1
1,26,4
1,27,4
1,28,4
1,29,3
1,30,3
2,0,4
2,1,4
2,2,4
2,3,3
2,4,3
2,5,3
2,6,4
2,7,4
2,8,1
2,9,1
2,10,1
2,11,1
2,12,1
2,13,1
2,14,1
2,15,1
2,16,4
2,17,4
2,18,4
2,19,3
2,20,3
2,21,3
2,22,1
2,23,1
2,24,1
2,25,1
2,26,4
2,27,4
2,28,3
2,29,3
2,30,3
3,0,4
3,1,4
3,2,4
3,3,3
3,4,3
3,5,4
3,6,4
3,7,4
3,8,4
3,9,1
3,10,1
3,11,1
3,12,1
3,13,1
3,14,1
3,15,1
3,16,2
3,17,2
3,18,2
3,19,3
3,20,3
3,21,3
3,22,3
3,23,1
3,24,1
3,25,4
3,26,4
3,27,4
3,28,3
3,29,3
3,30,3
4,0,4
4,1,4
4,2,4
4,3,3
4,4,3
4,5,4
4,6,4
4,7,4
4,8,4
4,9,1
4,10,1
4,11,1
4,12,1
4,13,1
4,14,1
4,15,2
4,16,2
4,17,2
4,18,2
4,19,2
4,20,3
4,21,3
4,22,3
4,23,3
4,24,3
4,25,4
4,26,4
4,27,4
4,28,4
4,29,3
4,30,3
5,0,4
5,1,4
5,2,3
5,3,3
5,4,3
5,5,4
5,6,4
5,7,4
5,8,4
5,9,1
5,10,1
5,11,1
5,12,1
5,13,2
5,14,2
5,15,2
5,16,2
5,17,2
5,18,2
5,19,2
5,20,2
5,21,3
5,22,3
5,23,3
5,24,3
5,25,3
5,26,4
5,27,4
5,28,4
5,29,4
5,30,4
6,0,4
6,1,4
6,2,3
6,3,3
6,4,3
6,5,3
6,6,4
6,7,4
6,8,1
6,9,1
6,10,1
6,11,1
6,12,2
6,13,2
6,14,2
6,15,2
6,16,2
6,17,2
6,18,2
6,19,2
6,20,2
6,21,2
6,22,3
6,23,3
6,24,3
6,25,3
6,26,3
6,27,4
6,28,4
6,29,4
6,30,4
7,0,4
7,1,4
7,2,4
7,3,3
7,4,3
7,5,3
7,6,3
7,7,3
7,8,1
7,9,1
7,10,1
7,11,1
7,12,2
7,13,2
7,14,2
7,15,2
7,16,4
7,17,4
7,18,2
7,19,2
7,20,2
7,21,2
7,22,3
7,23,3
7,24,3
7,25,3
7,26,3
7,27,2
7,28,2
7,29,2
7,30,2
8,0,4
8,1,4
8,2,4
8,3,3
8,4,3
8,5,3
8,6,3
8,7,3
8,8,3
8,9,1
8,10,1
8,11,4
8,12,4
8,13,2
8,14,2
8,15,4
8,16,4
8,17,4
8,18,4
8,19,2
8,20,2
8,21,3
8,22,3
8,23,3
8,24,3
8,25,3
8,26,2
8,27,2
8,28,2
8,29,2
8,30,2
9,0,4
9,1,4
9,2,1
9,3,1
9,4,3
9,5,3
9,6,3
9,7,3
9,8,3
9,9,4
9,10,4
9,11,4
9,12,4
9,13,4
9,14,4
9,15,4
9,16,4
9,17,4
9,18,4
9,19,3
9,20,3
9,21,3
9,22,3
9,23,3
9,24,4
9,25,4
9,26,2
9,27,2
9,28,2
9,29,2
9,30,2
10,0,1
10,1,1
10,2,1
10,3,1
10,4,1
10,5,1
10,6,3
10,7,3
10,8,4
10,9,4
10,10,4
10,11,4
10,12,4
10,13,4
10,14,4
10,15,4
10,16,4
10,17,4
10,18,3
10,19,3
10,20,3
10,21,3
10,22,3
10,23,4
10,24,4
10,25,4
10,26,4
10,27,2
10,28,2
10,29,1
10,30,1
11,0,1
11,1,1
11,2,1
11,3,1
11,4,1
11,5,1
11,6,1
11,7,4
11,8,4
11,9,4
11,10,4
11,11,4
11,12,4
11,13,4
11,14,4
11,15,4
11,16,4
11,17,3
11,18,3
11,19,3
11,20,3
11,21,3
11,22,3
11,23,4
11,24,4
11,25,4
11,26,4
11,27,4
11,28,1
11,29,1
11,30,1
12,0,1
12,1,1
12,2,1
12,3,1
12,4,1
12,5,1
12,6,1
12,7,4
12,8,4
12,9,4
12,10,4
12,11,4
12,12,4
12,13,4
12,14,4
12,15,4
12,16,4
12,17,3
12,18,3
12,19,3
12,20,3
12,21,3
12,22,4
12,23,4
12,24,4
12,25,4
12,26,4
12,27,4
12,28,1
12,29,1
12,30,1
13,0,1
13,1,1
13,2,1
13,3,1
13,4,1
13,5,1
13,6,1
13,7,4
13,8,4
13,9,4
13,10,4
13,11,4
13,12,4
13,13,4
13,14,4
13,15,4
13,16,4
13,17,4
13,18,3
13,19,3
13,20,2
13,21,2
13,22,4
13,23,4
13,24,4
13,25,4
13,26,4
13,27,4
13,28,1
13,29,1
13,30,1
14,0,1
14,1,1
14,2,1
14,3,1
14,4,1
14,5,1
14,6,4
14,7,4
14,8,4
14,9,4
14,10,4
14,11,4
14,12,4
14,13,4
14,14,4
14,15,4
14,16,4
14,17,4
14,18,4
14,19,2
14,20,2
14,21,2
14,22,2
14,23,4
14,24,4
14,25,4
14,26,4
14,27,4
14,28,1
14,29,1
14,30,1
15,0,4
15,1,4
15,2,1
15,3,1
15,4,3
15,5,3
15,6,4
15,7,4
15,8,4
15,9,4
15,10,4
15,11,4
15,12,4
15,13,4
15,14,4
15,15,4
15,16,4
15,17,4
15,18,4
15,19,2
15,20,2
15,21,2
15,22,2
15,23,4
15,24,4
15,25,4
15,26,4
15,27,4
15,28,1
15,29,1
15,30,1
16,0,4
16,1,4
16,2,4
16,3,3
16,4,3
16,5,3
16,6,3
16,7,4
16,8,4
16,9,4
16,10,4
16,11,4
16,12,4
16,13,3
16,14,3
16,15,4
16,16,4
16,17,4
16,18,4
16,19,4
16,20,2
16,21,2
16,22,3
16,23,3
16,24,4
16,25,4
16,26,4
16,27,3
16,28,3
16,29,1
16,30,1
17,0,4
17,1,4
17,2,4
17,3,3
17,4,3
17,5,3
17,6,3
17,7,3
17,8,3
17,9,3
17,10,3
17,11,3
17,12,3
17,13,3
17,14,3
17,15,3
17,16,4
17,17,4
17,18,4
17,19,4
17,20,4
17,21,3
17,22,3
17,23,3
17,24,3
17,25,3
17,26,3
17,27,3
17,28,3
17,29,3
17,30,3
18,0,4
18,1,4
18,2,2
18,3,2
18,4,3
18,5,3
18,6,3
18,7,3
18,8,3
18,9,3
18,10,3
18,11,3
18,12,3
18,13,3
18,14,3
18,15,3
18,16,1
18,17,1
18,18,4
18,19,4
18,20,4
18,21,3
18,22,3
18,23,3
18,24,3
18,25,3
18,26,3
18,27,3
18,28,3
18,29,3
18,30,3
19,0,2
19,1,2
19,2,2
19,3,2
19,4,2
19,5,2
19,6,3
19,7,3
19,8,4
19,9,4
19,10,4
19,11,4
19,12,4
19,13,3
19,14,3
19,15,1
19,16,1
19,17,1
19,18,1
19,19,4
19,20,4
19,21,4
19,22,3
19,23,3
19,24,3
19,25,3
19,26,3
19,27,4
19,28,4
19,29,4
19,30,4
20,0,2
20,1,2
20,2,2
20,3,2
20,4,2
20,5,2
20,6,2
20,7,4
20,8,4
20,9,4
20,10,4
20,11,4
20,12,4
20,13,4
20,14,4
20,15,1
20,16,1
20,17,1
20,18,1
20,19,4
20,20,4
20,21,4
20,22,4
20,23,4
20,24,4
20,25,4
20,26,4
20,27,4
20,28,4
20,29,4
20,30,4
21,0,2
21,1,2
21,2,2
21,3,2
21,4,2
21,5,2
21,6,2
21,7,4
21,8,4
21,9,4
21,10,4
21,11,4
21,12,4
21,13,4
21,14,4
21,15,4
21,16,1
21,17,1
21,18,4
21,19,4
21,20,4
21,21,4
21,22,4
21,23,4
21,24,4
21,25,4
21,26,4
21,27,4
21,28,4
21,29,3
21,30,3
22,0,2
22,1,2
22,2,2
22,3,2
22,4,2
22,5,2
22,6,1
22,7,1
22,8,4
22,9,4
22,10,4
22,11,4
22,12,4
22,13,4
22,14,4
22,15,4
22,16,4
22,17,4
22,18,4
22,19,4
22,20,4
22,21,4
22,22,4
22,23,4
22,24,4
22,25,4
22,26,4
22,27,4
22,28,3
22,29,3
22,30,3
23,0,2
23,1,2
23,2,2
23,3,2
23,4,2
23,5,1
23,6,1
23,7,1
23,8,1
23,9,4
23,10,4
23,11,4
23,12,4
23,13,4
23,14,4
23,15,4
23,16,4
23,17,4
23,18,4
23,19,4
23,20,4
23,21,4
23,22,4
23,23,4
23,24,4
23,25,4
23,26,4
23,27,4
23,28,3
23,29,3
23,30,3
24,0,2
24,1,2
24,2,2
24,3,2
24,4,2
24,5,1
24,6,1
24,7,1
24,8,1
24,9,4
24,10,4
24,11,4
24,12,4
24,13,4
24,14,4
24,15,4
24,16,4
24,17,4
24,18,4
24,19,4
24,20,4
24,21,4
24,22,4
24,23,4
24,24,4
24,25,4
24,26,4
24,27,4
24,28,4
24,29,3
24,30,3
25,0,1
25,1,1
25,2,2
25,3,2
25,4,1
25,5,1
25,6,1
25,7,1
25,8,4
25,9,4
25,10,4
25,11,4
25,12,4
25,13,4
25,14,4
25,15,4
25,16,4
25,17,4
25,18,4
25,19,1
25,20,1
25,21,4
25,22,4
25,23,3
25,24,3
25,25,4
25,26,4
25,27,4
25,28,4
25,29,1
25,30,1
26,0,1
26,1,1
26,2,1
26,3,1
26,4,1
26,5,1
26,6,1
26,7,4
26,8,4
26,9,4
26,10,4
26,11,4
26,12,4
26,13,4
26,14,4
26,15,4
26,16,4
26,17,4
26,18,1
26,19,1
26,20,1
26,21,1
26,22,3
26,23,3
26,24,3
26,25,3
26,26,4
26,27,4
26,28,1
26,29,1
26,30,1
27,0,1
27,1,1
27,2,1
27,3,1
27,4,1
27,5,1
27,6,1
27,7,4
27,8,4
27,9,4
27,10,4
27,11,4
27,12,4
27,13,4
27,14,4
27,15,4
27,16,4
27,17,4
27,18,1
27,19,1
27,20,1
27,21,1
27,22,3
27,23,3
27,24,3
27,25,3
27,26,2
27,27,2
27,28,1
27,29,1
27,30,1
28,0,1
28,1,1
28,2,1
28,3,1
28,4,1
28,5,1
28,6,1
28,7,4
28,8,4
28,9,4
28,10,3
28,11,3
28,12,4
28,13,4
28,14,4
28,15,4
28,16,4
28,17,3
28,18,3
28,19,1
28,20,1
28,21,1
28,22,3
28,23,3
28,24,3
28,25,2
28,26,2
28,27,2
28,28,2
28,29,1
28,30,1
29,0,1
29,1,1
29,2,1
29,3,1
29,4,1
29,5,1
29,6,1
29,7,4
29,8,4
29,9,3
29,10,3
29,11,3
29,12,3
29,13,3
29,14,3
29,15,3
29,16,3
29,17,3
29,18,3
29,19,3
29,20,1
29,21,1
29,22,3
29,23,3
29,24,2
29,25,2
29,26,2
29,27,2
29,28,2
29,29,2
29,30,2
30,0,1
30,1,1
30,2,1
30,3,1
30,4,1
30,5,1
30,6,1
30,7,4
30,8,4
30,9,3
30,10,3
30,11,3
30,12,3
30,13,3
30,14,3
30,15,3
30,16,3
30,17,3
30,18,3
30,19,3
30,20,1
30,21,1
30,22,3
30,23,3
30,24,2
30,25,2
30,26,2
30,27,2
30,28,2
30,29,2
30,30,2