6
9
5
1
2,2
2,12
12,2
12,12
22,2
22,12
1,2,1
1,3,2
0,1,1
2,3,2
2,4,1
2,5,1
0,2,1
3,5,1
4,5,1
0,0,3
0,1,3
0,2,3
0,3,3
0,4,3
0,5,2
0,6,2
0,7,2
0,8,2
0,9,2
0,10,1
0,11,1
0,12,1
0,13,1
0,14,1
0,15,1
0,16,1
0,17,2
0,18,2
0,19,2
0,20,2
0,21,2
0,22,4
0,23,4
0,24,2
0,25,2
0,26,2
0,27,2
0,28,2
0,29,2
0,30,2
1,0,3
1,1,3
1,2,3
1,3,3
1,4,3
1,5,2
1,6,2
1,7,2
1,8,2
1,9,2
1,10,1
1,11,1
1,12,1
1,13,1
1,14,1
1,15,1
1,16,1
1,17,2
1,18,2
1,19,2
1,20,2
1,21,2
1,22,4
1,23,4
1,24,2
1,25,2
1,26,2
1,27,2
1,28,2
1,29,2
1,30,2
2,0,3
2,1,3
2,2,3
2,3,3
2,4,3
2,5,3
2,6,2
2,7,2
2,8,2
2,9,2
2,10,1
2,11,1
2,12,1
2,13,1
2,14,1
2,15,1
2,16,1
2,17,2
2,18,2
2,19,2
2,20,2
2,21,4
2,22,4
2,23,4
2,24,2
2,25,2
2,26,2
2,27,2
2,28,3
2,29,3
2,30,3
3,0,3
3,1,3
3,2,3
3,3,3
3,4,3
3,5,3
3,6,3
3,7,2
3,8,2
3,9,1
3,10,1
3,11,1
3,12,1
3,13,1
3,14,1
3,15,1
3,16,1
3,17,1
3,18,2
3,19,2
3,20,4
3,21,4
3,22,4
3,23,4
3,24,4
3,25,2
3,26,2
3,27,3
3,28,3
3,29,3
3,30,3
4,0,3
4,1,3
4,2,3
4,3,3
4,4,3
4,5,3
4,6,3
4,7,3
4,8,3
4,9,1
4,10,1
4,11,1
4,12,1
4,13,1
4,14,1
4,15,1
4,16,1
4,17,1
4,18,3
4,19,3
4,20,4
4,21,4
4,22,4
4,23,4
4,24,4
4,25,1
4,26,1
4,27,3
4,28,3
4,29,3
4,30,3
5,0,3
5,1,3
5,2,3
5,3,2
5,4,2
5,5,3
5,6,3
5,7,3
5,8,3
5,9,3
5,10,1
5,11,1
5,12,4
5,13,4
5,14,1
5,15,1
5,16,1
5,17,3
5,18,3
5,19,3
5,20,3
5,21,4
5,22,4
5,23,4
5,24,1
5,25,1
5,26,1
5,27,1
5,28,3
5,29,3
5,30,3
6,0,3
6,1,3
6,2,2
6,3,2
6,4,2
6,5,2
6,6,3
6,7,3
6,8,3
6,9,3
6,10,4
6,11,4
6,12,4
6,13,4
6,14,4
6,15,1
6,16,1
6,17,3
6,18,3
6,19,3
6,20,3
6,21,4
6,22,4
6,23,4
6,24,1
6,25,1
6,26,1
6,27,1
6,28,1
6,29,1
6,30,1
7,0,2
7,1,2
7,2,2
7,3,2
7,4,2
7,5,2
7,6,3
7,7,3
7,8,3
7,9,4
7,10,4
7,11,4
7,12,4
7,13,4
7,14,4
7,15,1
7,16,1
7,17,1
7,18,3
7,19,3
7,20,4
7,21,4
7,22,4
7,23,4
7,24,4
7,25,1
7,26,1
7,27,1
7,28,1
7,29,1
7,30,1
8,0,2
8,1,2
8,2,2
8,3,2
8,4,2
8,5,2
8,6,3
8,7,3
8,8,3
8,9,4
8,10,4
8,11,4
8,12,4
8,13,4
8,14,4
8,15,1
8,16,1
8,17,1
8,18,2
8,19,2
8,20,4
8,21,4
8,22,4
8,23,4
8,24,4
8,25,2
8,26,2
8,27,1
8,28,1
8,29,4
8,30,4
9,0,4
9,1,4
9,2,2
9,3,2
9,4,2
9,5,3
9,6,3
9,7,3
9,8,3
9,9,3
9,10,4
9,11,4
9,12,4
9,13,4
9,14,4
9,15,1
9,16,1
9,17,2
9,18,2
9,19,2
9,20,2
9,21,4
9,22,4
9,23,4
9,24,2
9,25,2
9,26,2
9,27,2
9,28,4
9,29,4
9,30,4
10,0,4
10,1,4
10,2,4
10,3,4
10,4,4
10,5,3
10,6,3
10,7,3
10,8,3
10,9,3
10,10,4
10,11,4
10,12,4
10,13,4
10,14,4
10,15,1
10,16,1
10,17,2
10,18,2
10,19,2
10,20,2
10,21,3
10,22,3
10,23,3
10,24,2
10,25,2
10,26,2
10,27,2
10,28,4
10,29,4
10,30,4
11,0,4
11,1,4
11,2,4
11,3,4
11,4,4
11,5,4
11,6,3
11,7,3
11,8,3
11,9,4
11,10,4
11,11,4
11,12,4
11,13,4
11,14,4
11,15,1
11,16,1
11,17,1
11,18,2
11,19,2
11,20,3
11,21,3
11,22,3
11,23,3
11,24,3
11,25,2
11,26,2
11,27,2
11,28,2
11,29,4
11,30,4
12,0,4
12,1,4
12,2,4
12,3,4
12,4,4
12,5,4
12,6,4
12,7,4
12,8,4
12,9,4
12,10,4
12,11,4
12,12,4
12,13,4
12,14,4
12,15,1
12,16,1
12,17,1
12,18,1
12,19,1
12,20,3
12,21,3
12,22,3
12,23,3
12,24,3
12,25,3
12,26,2
12,27,2
12,28,2
12,29,2
12,30,2
13,0,4
13,1,4
13,2,4
13,3,4
13,4,4
13,5,4
13,6,4
13,7,4
13,8,4
13,9,4
13,10,4
13,11,4
13,12,4
13,13,4
13,14,4
13,15,4
13,16,1
13,17,1
13,18,1
13,19,1
13,20,1
13,21,3
13,22,3
13,23,3
13,24,3
13,25,3
13,26,3
13,27,2
13,28,2
13,29,2
13,30,2
14,0,4
14,1,4
14,2,4
14,3,4
14,4,4
14,5,4
14,6,4
14,7,4
14,8,4
14,9,4
14,10,4
14,11,4
14,12,4
14,13,4
14,14,4
14,15,4
14,16,1
14,17,1
14,18,1
14,19,1
14,20,1
14,21,4
14,22,4
14,23,4
14,24,3
14,25,3
14,26,3
14,27,3
14,28,2
14,29,2
14,30,2
15,0,4
15,1,4
15,2,4
15,3,3
15,4,3
15,5,3
15,6,3
15,7,3
15,8,3
15,9,3
15,10,3
15,11,3
15,12,4
15,13,4
15,14,4
15,15,4
15,16,1
15,17,1
15,18,1
15,19,1
15,20,4
15,21,4
15,22,4
15,23,4
15,24,4
15,25,3
15,26,3
15,27,3
15,28,1
15,29,1
15,30,1
16,0,3
16,1,3
16,2,3
16,3,3
16,4,3
16,5,3
16,6,3
16,7,3
16,8,3
16,9,3
16,10,3
16,11,3
16,12,3
16,13,4
16,14,4
16,15,3
16,16,3
16,17,1
16,18,1
16,19,4
16,20,4
16,21,4
16,22,4
16,23,4
16,24,4
16,25,3
16,26,3
16,27,1
16,28,1
16,29,1
16,30,1
17,0,3
17,1,3
17,2,3
17,3,3
17,4,3
17,5,3
17,6,3
17,7,3
17,8,1
17,9,1
17,10,3
17,11,3
17,12,3
17,13,3
17,14,3
17,15,3
17,16,3
17,17,3
17,18,4
17,19,4
17,20,4
17,21,4
17,22,4
17,23,4
17,24,3
17,25,3
17,26,3
17,27,1
17,28,1
17,29,1
17,30,1
18,0,1
18,1,1
18,2,1
18,3,1
18,4,1
18,5,1
18,6,1
18,7,1
18,8,1
18,9,1
18,10,1
18,11,3
18,12,3
18,13,3
18,14,3
18,15,3
18,16,3
18,17,3
18,18,4
18,19,4
18,20,4
18,21,4
18,22,4
18,23,3
18,24,3
18,25,3
18,26,3
18,27,1
18,28,1
18,29,1
18,30,1
19,0,1
19,1,1
19,2,1
19,3,1
19,4,1
19,5,1
19,6,1
19,7,1
19,8,1
19,9,1
19,10,1
19,11,3
19,12,3
19,13,3
19,14,3
19,15,3
19,16,3
19,17,3
19,18,4
19,19,4
19,20,4
19,21,2
19,22,2
19,23,3
19,24,3
19,25,3
19,26,3
19,27,1
19,28,1
19,29,1
19,30,1
20,0,3
20,1,3
20,2,3
20,3,3
20,4,3
20,5,1
20,6,1
20,7,1
20,8,1
20,9,1
20,10,3
20,11,3
20,12,3
20,13,3
20,14,3
20,15,3
20,16,3
20,17,4
20,18,4
20,19,4
20,20,2
20,21,2
20,22,2
20,23,2
20,24,3
20,25,3
20,26,1
20,27,1
20,28,1
20,29,1
20,30,1
21,0,3
21,1,3
21,2,3
21,3,3
21,4,3
21,5,3
21,6,1
21,7,1
21,8,1
21,9,3
21,10,3
21,11,3
21,12,3
21,13,3
21,14,3
21,15,3
21,16,3
21,17,4
21,18,4
21,19,4
21,20,2
21,21,2
21,22,2
21,23,2
21,24,1
21,25,1
21,26,1
21,27,1
21,28,1
21,29,4
21,30,4
22,0,3
22,1,3
22,2,3
22,3,3
22,4,3
22,5,3
22,6,2
22,7,2
22,8,2
22,9,3
22,10,3
22,11,3
22,12,3
22,13,3
22,14,3
22,15,3
22,16,3
22,17,4
22,18,4
22,19,4
22,20,2
22,21,2
22,22,2
22,23,1
22,24,1
22,25,1
22,26,1
22,27,1
22,28,4
22,29,4
22,30,4
23,0,3
23,1,3
23,2,3
23,3,3
23,4,3
23,5,2
23,6,2
23,7,2
23,8,2
23,9,2
23,10,3
23,11,3
23,12,3
23,13,3
23,14,3
23,15,3
23,16,3
23,17,3
23,18,4
23,19,4
23,20,2
23,21,2
23,22,1
23,23,1
23,24,1
23,25,1
23,26,2
23,27,2
23,28,4
23,29,4
23,30,4
24,0,3
24,1,3
24,2,3
24,3,3
24,4,3
24,5,2
24,6,2
24,7,2
24,8,2
24,9,2
24,10,3
24,11,3
24,12,3
24,13,3
24,14,3
24,15,3
24,16,3
24,17,3
24,18,4
24,19,4
24,20,2
24,21,2
24,22,1
24,23,1
24,24,1
24,25,2
24,26,2
24,27,2
24,28,2
24,29,4
24,30,4
25,0,4
25,1,4
25,2,3
25,3,3
25,4,1
25,5,1
25,6,2
25,7,2
25,8,2
25,9,2
25,10,2
25,11,3
25,12,3
25,13,3
25,14,3
25,15,3
25,16,3
25,17,4
25,18,4
25,19,4
25,20,2
25,21,2
25,22,2
25,23,1
25,24,1
25,25,2
25,26,2
25,27,2
25,28,2
25,29,4
25,30,4
26,0,4
26,1,4
26,2,4
26,3,1
26,4,1
26,5,1
26,6,1
26,7,1
26,8,2
26,9,2
26,10,2
26,11,2
26,12,2
26,13,2
26,14,2
26,15,2
26,16,2
26,17,4
26,18,4
26,19,4
26,20,2
26,21,2
26,22,2
26,23,1
26,24,1
26,25,1
26,26,2
26,27,2
26,28,4
26,29,4
26,30,4
27,0,4
27,1,4
27,2,4
27,3,1
27,4,1
27,5,1
27,6,1
27,7,1
27,8,1
27,9,2
27,10,2
27,11,2
27,12,2
27,13,2
27,14,2
27,15,2
27,16,2
27,17,2
27,18,4
27,19,4
27,20,4
27,21,2
27,22,2
27,23,1
27,24,1
27,25,1
27,26,4
27,27,4
27,28,4
27,29,4
27,30,4
28,0,4
28,1,4
28,2,3
28,3,3
28,4,1
28,5,1
28,6,1
28,7,1
28,8,1
28,9,3
28,10,3
28,11,3
28,12,3
28,13,3
28,14,2
28,15,2
28,16,2
28,17,2
28,18,4
28,19,4
28,20,4
28,21,2
28,22,2
28,23,1
28,24,1
28,25,4
28,26,4
28,27,4
28,28,4
28,29,4
28,30,4
29,0,3
29,1,3
29,2,3
29,3,3
29,4,3
29,5,1
29,6,1
29,7,1
29,8,3
29,9,3
29,10,3
29,11,3
29,12,3
29,13,3
29,14,3
29,15,2
29,16,2
29,17,4
29,18,4
29,19,4
29,20,4
29,21,2
29,22,2
29,23,1
29,24,1
29,25,4
29,26,4
29,27,4
29,28,4
29,29,4
29,30,4
30,0,3
30,1,3
30,2,3
30,3,3
30,4,3
30,5,1
30,6,1
30,7,1
30,8,3
30,9,3
30,10,3
30,11,3
30,12,3
30,13,3
30,14,3
30,15,2
30,16,2
30,17,4
30,18,4
30,19,4
30,20,4
30,21,2
30,22,2
30,23,1
30,24,1
30,25,4
30,26,4
30,27,4
30,28,4
30,29,4
30,30,4