5
7
4
2
7,12
7,22
17,12
17,22
27,12
2,3,2
0,2,2
2,4,1
0,3,1
3,4,1
1,3,1
0,1,2
0,0,1
0,1,1
0,2,1
0,3,1
0,4,1
0,5,4
0,6,4
0,7,4
0,8,4
0,9,4
0,10,4
0,11,4
0,12,4
0,13,1
0,14,1
0,15,3
0,16,3
0,17,3
0,18,4
0,19,4
0,20,4
0,21,4
0,22,4
0,23,4
0,24,4
0,25,4
0,26,4
0,27,4
0,28,4
0,29,1
0,30,1
1,0,1
1,1,1
1,2,1
1,3,1
1,4,1
1,5,4
1,6,4
1,7,4
1,8,4
1,9,4
1,10,4
1,11,4
1,12,4
1,13,1
1,14,1
1,15,3
1,16,3
1,17,3
1,18,4
1,19,4
1,20,4
1,21,4
1,22,4
1,23,4
1,24,4
1,25,4
1,26,4
1,27,4
1,28,4
1,29,1
1,30,1
2,0,1
2,1,1
2,2,1
2,3,1
2,4,1
2,5,1
2,6,4
2,7,4
2,8,4
2,9,4
2,10,4
2,11,4
2,12,1
2,13,1
2,14,1
2,15,1
2,16,3
2,17,3
2,18,4
2,19,4
2,20,4
2,21,4
2,22,4
2,23,4
2,24,4
2,25,4
2,26,4
2,27,4
2,28,1
2,29,1
2,30,1
3,0,1
3,1,1
3,2,1
3,3,1
3,4,1
3,5,1
3,6,3
3,7,3
3,8,3
3,9,3
3,10,3
3,11,3
3,12,1
3,13,1
3,14,1
3,15,1
3,16,3
3,17,3
3,18,3
3,19,4
3,20,4
3,21,4
3,22,4
3,23,4
3,24,4
3,25,4
3,26,3
3,27,3
3,28,1
3,29,1
3,30,1
4,0,1
4,1,1
4,2,1
4,3,1
4,4,1
4,5,3
4,6,3
4,7,3
4,8,3
4,9,3
4,10,3
4,11,3
4,12,3
4,13,1
4,14,1
4,15,3
4,16,3
4,17,3
4,18,3
4,19,4
4,20,4
4,21,4
4,22,4
4,23,4
4,24,4
4,25,3
4,26,3
4,27,3
4,28,3
4,29,1
4,30,1
5,0,1
5,1,1
5,2,1
5,3,1
5,4,3
5,5,3
5,6,3
5,7,3
5,8,3
5,9,3
5,10,3
5,11,3
5,12,3
5,13,3
5,14,3
5,15,3
5,16,3
5,17,3
5,18,3
5,19,4
5,20,4
5,21,4
5,22,4
5,23,4
5,24,4
5,25,3
5,26,3
5,27,3
5,28,3
5,29,3
5,30,3
6,0,1
6,1,1
6,2,2
6,3,2
6,4,3
6,5,3
6,6,3
6,7,3
6,8,3
6,9,3
6,10,3
6,11,3
6,12,3
6,13,3
6,14,3
6,15,3
6,16,3
6,17,3
6,18,3
6,19,4
6,20,4
6,21,4
6,22,4
6,23,4
6,24,4
6,25,4
6,26,3
6,27,3
6,28,3
6,29,3
6,30,3
7,0,2
7,1,2
7,2,2
7,3,2
7,4,2
7,5,3
7,6,3
7,7,3
7,8,3
7,9,3
7,10,3
7,11,3
7,12,3
7,13,3
7,14,3
7,15,3
7,16,3
7,17,3
7,18,4
7,19,4
7,20,4
7,21,4
7,22,4
7,23,4
7,24,4
7,25,4
7,26,4
7,27,4
7,28,4
7,29,4
7,30,4
8,0,2
8,1,2
8,2,2
8,3,2
8,4,2
8,5,3
8,6,3
8,7,3
8,8,3
8,9,3
8,10,3
8,11,3
8,12,3
8,13,3
8,14,3
8,15,3
8,16,4
8,17,4
8,18,4
8,19,4
8,20,4
8,21,4
8,22,4
8,23,4
8,24,4
8,25,4
8,26,4
8,27,4
8,28,4
8,29,4
8,30,4
9,0,4
9,1,4
9,2,2
9,3,2
9,4,1
9,5,1
9,6,3
9,7,3
9,8,4
9,9,4
9,10,3
9,11,3
9,12,3
9,13,3
9,14,3
9,15,4
9,16,4
9,17,4
9,18,4
9,19,4
9,20,4
9,21,4
9,22,4
9,23,4
9,24,4
9,25,4
9,26,4
9,27,4
9,28,1
9,29,1
9,30,1
10,0,4
10,1,4
10,2,4
10,3,1
10,4,1
10,5,1
10,6,1
10,7,4
10,8,4
10,9,4
10,10,4
10,11,4
10,12,4
10,13,4
10,14,4
10,15,4
10,16,4
10,17,4
10,18,4
10,19,4
10,20,4
10,21,4
10,22,4
10,23,4
10,24,4
10,25,4
10,26,4
10,27,1
10,28,1
10,29,1
10,30,1
11,0,4
11,1,4
11,2,4
11,3,1
11,4,1
11,5,1
11,6,1
11,7,4
11,8,4
11,9,4
11,10,4
11,11,4
11,12,4
11,13,4
11,14,4
11,15,4
11,16,4
11,17,4
11,18,4
11,19,4
11,20,4
11,21,4
11,22,4
11,23,4
11,24,4
11,25,4
11,26,4
11,27,1
11,28,1
11,29,1
11,30,1
12,0,4
12,1,4
12,2,3
12,3,3
12,4,1
12,5,1
12,6,1
12,7,1
12,8,4
12,9,4
12,10,1
12,11,1
12,12,1
12,13,1
12,14,1
12,15,1
12,16,4
12,17,4
12,18,4
12,19,4
12,20,4
12,21,4
12,22,4
12,23,4
12,24,4
12,25,4
12,26,4
12,27,1
12,28,1
12,29,1
12,30,1
13,0,3
13,1,3
13,2,3
13,3,3
13,4,3
13,5,1
13,6,1
13,7,1
13,8,1
13,9,1
13,10,1
13,11,1
13,12,1
13,13,1
13,14,1
13,15,1
13,16,1
13,17,4
13,18,4
13,19,4
13,20,4
13,21,4
13,22,4
13,23,4
13,24,4
13,25,4
13,26,3
13,27,3
13,28,1
13,29,1
13,30,1
14,0,3
14,1,3
14,2,3
14,3,3
14,4,3
14,5,3
14,6,1
14,7,1
14,8,1
14,9,1
14,10,1
14,11,1
14,12,4
14,13,4
14,14,1
14,15,1
14,16,1
14,17,1
14,18,1
14,19,4
14,20,4
14,21,4
14,22,4
14,23,4
14,24,4
14,25,3
14,26,3
14,27,3
14,28,3
14,29,3
14,30,3
15,0,4
15,1,4
15,2,3
15,3,3
15,4,3
15,5,3
15,6,2
15,7,2
15,8,1
15,9,1
15,10,4
15,11,4
15,12,4
15,13,4
15,14,4
15,15,1
15,16,1
15,17,1
15,18,1
15,19,1
15,20,4
15,21,4
15,22,4
15,23,4
15,24,4
15,25,3
15,26,3
15,27,3
15,28,3
15,29,3
15,30,3
16,0,4
16,1,4
16,2,4
16,3,3
16,4,3
16,5,2
16,6,2
16,7,2
16,8,2
16,9,4
16,10,4
16,11,4
16,12,4
16,13,4
16,14,4
16,15,4
16,16,1
16,17,1
16,18,1
16,19,1
16,20,4
16,21,4
16,22,4
16,23,4
16,24,4
16,25,4
16,26,3
16,27,3
16,28,4
16,29,4
16,30,4
17,0,4
17,1,4
17,2,4
17,3,3
17,4,3
17,5,2
17,6,2
17,7,2
17,8,2
17,9,4
17,10,4
17,11,4
17,12,4
17,13,4
17,14,4
17,15,4
17,16,4
17,17,1
17,18,1
17,19,4
17,20,4
17,21,4
17,22,4
17,23,4
17,24,4
17,25,4
17,26,4
17,27,4
17,28,4
17,29,4
17,30,4
18,0,4
18,1,4
18,2,3
18,3,3
18,4,3
18,5,2
18,6,2
18,7,2
18,8,2
18,9,4
18,10,4
18,11,4
18,12,4
18,13,4
18,14,4
18,15,4
18,16,4
18,17,2
18,18,2
18,19,4
18,20,4
18,21,4
18,22,4
18,23,4
18,24,4
18,25,4
18,26,4
18,27,4
18,28,4
18,29,4
18,30,4
19,0,4
19,1,4
19,2,3
19,3,3
19,4,3
19,5,3
19,6,2
19,7,2
19,8,4
19,9,4
19,10,4
19,11,4
19,12,4
19,13,4
19,14,4
19,15,4
19,16,2
19,17,2
19,18,2
19,19,2
19,20,4
19,21,4
19,22,4
19,23,4
19,24,4
19,25,4
19,26,4
19,27,4
19,28,4
19,29,4
19,30,4
20,0,4
20,1,4
20,2,3
20,3,3
20,4,3
20,5,3
20,6,4
20,7,4
20,8,4
20,9,4
20,10,4
20,11,4
20,12,4
20,13,4
20,14,1
20,15,1
20,16,2
20,17,2
20,18,2
20,19,2
20,20,2
20,21,2
20,22,4
20,23,4
20,24,4
20,25,4
20,26,4
20,27,4
20,28,4
20,29,4
20,30,4
21,0,4
21,1,4
21,2,4
21,3,3
21,4,3
21,5,4
21,6,4
21,7,4
21,8,4
21,9,4
21,10,4
21,11,4
21,12,4
21,13,1
21,14,1
21,15,1
21,16,1
21,17,2
21,18,2
21,19,2
21,20,2
21,21,2
21,22,2
21,23,4
21,24,4
21,25,4
21,26,4
21,27,4
21,28,4
21,29,2
21,30,2
22,0,4
22,1,4
22,2,4
22,3,4
22,4,4
22,5,4
22,6,4
22,7,4
22,8,4
22,9,4
22,10,4
22,11,4
22,12,1
22,13,1
22,14,1
22,15,1
22,16,1
22,17,4
22,18,4
22,19,2
22,20,2
22,21,2
22,22,2
22,23,4
22,24,4
22,25,4
22,26,4
22,27,4
22,28,2
22,29,2
22,30,2
23,0,4
23,1,4
23,2,4
23,3,4
23,4,4
23,5,4
23,6,4
23,7,4
23,8,4
23,9,4
23,10,4
23,11,4
23,12,1
23,13,1
23,14,1
23,15,1
23,16,4
23,17,4
23,18,4
23,19,4
23,20,2
23,21,2
23,22,4
23,23,4
23,24,4
23,25,4
23,26,4
23,27,2
23,28,2
23,29,2
23,30,2
24,0,4
24,1,4
24,2,4
24,3,2
24,4,2
24,5,4
24,6,4
24,7,1
24,8,1
24,9,4
24,10,4
24,11,4
24,12,4
24,13,1
24,14,1
24,15,4
24,16,4
24,17,4
24,18,4
24,19,4
24,20,4
24,21,4
24,22,4
24,23,4
24,24,4
24,25,2
24,26,2
24,27,2
24,28,2
24,29,2
24,30,2
25,0,4
25,1,4
25,2,2
25,3,2
25,4,2
25,5,2
25,6,1
25,7,1
25,8,1
25,9,1
25,10,4
25,11,4
25,12,4
25,13,4
25,14,4
25,15,4
25,16,4
25,17,4
25,18,4
25,19,4
25,20,4
25,21,4
25,22,4
25,23,4
25,24,2
25,25,2
25,26,2
25,27,2
25,28,2
25,29,1
25,30,1
26,0,4
26,1,4
26,2,2
26,3,2
26,4,2
26,5,2
26,6,1
26,7,1
26,8,1
26,9,1
26,10,4
26,11,4
26,12,4
26,13,4
26,14,4
26,15,4
26,16,4
26,17,3
26,18,3
26,19,4
26,20,4
26,21,4
26,22,4
26,23,4
26,24,2
26,25,2
26,26,2
26,27,2
26,28,1
26,29,1
26,30,1
27,0,4
27,1,4
27,2,2
27,3,2
27,4,2
27,5,3
27,6,3
27,7,1
27,8,1
27,9,4
27,10,4
27,11,4
27,12,4
27,13,4
27,14,4
27,15,4
27,16,3
27,17,3
27,18,3
27,19,3
27,20,4
27,21,4
27,22,4
27,23,2
27,24,2
27,25,2
27,26,2
27,27,2
27,28,1
27,29,1
27,30,1
28,0,4
28,1,4
28,2,2
28,3,2
28,4,3
28,5,3
28,6,3
28,7,3
28,8,4
28,9,4
28,10,4
28,11,4
28,12,4
28,13,4
28,14,4
28,15,3
28,16,3
28,17,3
28,18,3
28,19,3
28,20,4
28,21,4
28,22,4
28,23,2
28,24,2
28,25,2
28,26,2
28,27,3
28,28,3
28,29,1
28,30,1
29,0,4
29,1,4
29,2,2
29,3,2
29,4,3
29,5,3
29,6,3
29,7,3
29,8,4
29,9,4
29,10,4
29,11,4
29,12,4
29,13,4
29,14,4
29,15,3
29,16,3
29,17,3
29,18,3
29,19,4
29,20,4
29,21,4
29,22,4
29,23,4
29,24,2
29,25,2
29,26,3
29,27,3
29,28,3
29,29,3
29,30,3
30,0,4
30,1,4
30,2,2
30,3,2
30,4,3
30,5,3
30,6,3
30,7,3
30,8,4
30,9,4
30,10,4
30,11,4
30,12,4
30,13,4
30,14,4
30,15,3
30,16,3
30,17,3
30,18,3
30,19,4
30,20,4
30,21,4
30,22,4
30,23,4
30,24,2
30,25,2
30,26,3
30,27,3
30,28,3
30,29,3
30,30,3