7
11
9
6
2,12
2,22
12,2
12,12
12,22
22,2
22,12
4,6,2
2,6,2
3,6,2
3,4,2
1,4,1
2,3,2
2,5,2
0,2,2
0,3,1
1,3,2
0,1,1
0,0,4
0,1,4
0,2,4
0,3,4
0,4,4
0,5,1
0,6,1
0,7,2
0,8,2
0,9,2
0,10,2
0,11,2
0,12,2
0,13,2
0,14,2
0,15,3
0,16,3
0,17,4
0,18,4
0,19,4
0,20,4
0,21,4
0,22,4
0,23,4
0,24,4
0,25,2
0,26,2
0,27,2
0,28,2
0,29,2
0,30,2
1,0,4
1,1,4
1,2,4
1,3,4
1,4,4
1,5,1
1,6,1
1,7,2
1,8,2
1,9,2
1,10,2
1,11,2
1,12,2
1,13,2
1,14,2
1,15,3
1,16,3
1,17,4
1,18,4
1,19,4
1,20,4
1,21,4
1,22,4
1,23,4
1,24,4
1,25,2
1,26,2
1,27,2
1,28,2
1,29,2
1,30,2
2,0,4
2,1,4
2,2,4
2,3,4
2,4,4
2,5,1
2,6,1
2,7,2
2,8,2
2,9,2
2,10,2
2,11,2
2,12,2
2,13,2
2,14,2
2,15,3
2,16,3
2,17,3
2,18,4
2,19,4
2,20,4
2,21,4
2,22,4
2,23,4
2,24,4
2,25,4
2,26,2
2,27,2
2,28,2
2,29,3
2,30,3
3,0,4
3,1,4
3,2,4
3,3,4
3,4,4
3,5,1
3,6,1
3,7,1
3,8,2
3,9,2
3,10,2
3,11,2
3,12,2
3,13,2
3,14,2
3,15,3
3,16,3
3,17,3
3,18,3
3,19,4
3,20,4
3,21,4
3,22,4
3,23,4
3,24,4
3,25,4
3,26,2
3,27,2
3,28,3
3,29,3
3,30,3
4,0,1
4,1,1
4,2,4
4,3,4
4,4,1
4,5,1
4,6,1
4,7,1
4,8,2
4,9,2
4,10,2
4,11,2
4,12,2
4,13,2
4,14,2
4,15,2
4,16,3
4,17,3
4,18,3
4,19,3
4,20,4
4,21,4
4,22,4
4,23,4
4,24,4
4,25,4
4,26,2
4,27,2
4,28,3
4,29,3
4,30,3
5,0,1
5,1,1
5,2,1
5,3,1
5,4,1
5,5,1
5,6,1
5,7,4
5,8,4
5,9,2
5,10,2
5,11,3
5,12,3
5,13,2
5,14,2
5,15,2
5,16,3
5,17,3
5,18,3
5,19,3
5,20,4
5,21,4
5,22,4
5,23,4
5,24,4
5,25,4
5,26,2
5,27,2
5,28,2
5,29,3
5,30,3
6,0,1
6,1,1
6,2,1
6,3,1
6,4,1
6,5,1
6,6,4
6,7,4
6,8,4
6,9,4
6,10,3
6,11,3
6,12,3
6,13,3
6,14,2
6,15,2
6,16,2
6,17,3
6,18,3
6,19,2
6,20,2
6,21,4
6,22,4
6,23,4
6,24,4
6,25,2
6,26,2
6,27,2
6,28,2
6,29,3
6,30,3
7,0,1
7,1,1
7,2,1
7,3,4
7,4,4
7,5,4
7,6,4
7,7,4
7,8,4
7,9,4
7,10,3
7,11,3
7,12,3
7,13,3
7,14,2
7,15,2
7,16,2
7,17,2
7,18,2
7,19,2
7,20,2
7,21,2
7,22,2
7,23,2
7,24,2
7,25,2
7,26,2
7,27,2
7,28,3
7,29,3
7,30,3
8,0,4
8,1,4
8,2,4
8,3,4
8,4,4
8,5,4
8,6,4
8,7,4
8,8,4
8,9,4
8,10,4
8,11,3
8,12,3
8,13,2
8,14,2
8,15,2
8,16,2
8,17,2
8,18,2
8,19,2
8,20,2
8,21,2
8,22,2
8,23,2
8,24,2
8,25,2
8,26,2
8,27,3
8,28,3
8,29,3
8,30,3
9,0,4
9,1,4
9,2,4
9,3,4
9,4,4
9,5,4
9,6,4
9,7,4
9,8,4
9,9,4
9,10,4
9,11,2
9,12,2
9,13,2
9,14,2
9,15,2
9,16,2
9,17,2
9,18,1
9,19,1
9,20,2
9,21,2
9,22,2
9,23,2
9,24,2
9,25,1
9,26,1
9,27,3
9,28,3
9,29,3
9,30,3
10,0,4
10,1,4
10,2,4
10,3,4
10,4,4
10,5,4
10,6,4
10,7,4
10,8,4
10,9,4
10,10,2
10,11,2
10,12,2
10,13,2
10,14,2
10,15,2
10,16,1
10,17,1
10,18,1
10,19,1
10,20,1
10,21,1
10,22,1
10,23,1
10,24,1
10,25,1
10,26,1
10,27,1
10,28,3
10,29,3
10,30,3
11,0,4
11,1,4
11,2,4
11,3,4
11,4,4
11,5,4
11,6,4
11,7,4
11,8,4
11,9,2
11,10,2
11,11,2
11,12,2
11,13,2
11,14,2
11,15,1
11,16,1
11,17,1
11,18,1
11,19,1
11,20,1
11,21,1
11,22,1
11,23,1
11,24,1
11,25,1
11,26,1
11,27,1
11,28,3
11,29,3
11,30,3
12,0,4
12,1,4
12,2,4
12,3,4
12,4,4
12,5,4
12,6,2
12,7,2
12,8,2
12,9,2
12,10,2
12,11,2
12,12,2
12,13,2
12,14,2
12,15,1
12,16,1
12,17,1
12,18,1
12,19,1
12,20,1
12,21,1
12,22,1
12,23,1
12,24,1
12,25,1
12,26,1
12,27,3
12,28,3
12,29,3
12,30,3
13,0,4
13,1,4
13,2,4
13,3,4
13,4,4
13,5,2
13,6,2
13,7,2
13,8,2
13,9,2
13,10,2
13,11,2
13,12,2
13,13,2
13,14,2
13,15,1
13,16,1
13,17,1
13,18,1
13,19,1
13,20,1
13,21,1
13,22,1
13,23,1
13,24,1
13,25,1
13,26,3
13,27,3
13,28,3
13,29,3
13,30,3
14,0,4
14,1,4
14,2,4
14,3,4
14,4,4
14,5,2
14,6,2
14,7,2
14,8,2
14,9,2
14,10,2
14,11,2
14,12,2
14,13,2
14,14,2
14,15,2
14,16,1
14,17,1
14,18,1
14,19,1
14,20,1
14,21,1
14,22,1
14,23,1
14,24,1
14,25,3
14,26,3
14,27,3
14,28,3
14,29,3
14,30,3
15,0,4
15,1,4
15,2,4
15,3,4
15,4,4
15,5,4
15,6,2
15,7,2
15,8,2
15,9,1
15,10,1
15,11,2
15,12,2
15,13,2
15,14,2
15,15,2
15,16,2
15,17,2
15,18,2
15,19,2
15,20,2
15,21,1
15,22,1
15,23,1
15,24,1
15,25,3
15,26,3
15,27,3
15,28,3
15,29,3
15,30,3
16,0,4
16,1,4
16,2,4
16,3,4
16,4,4
16,5,4
16,6,2
16,7,2
16,8,1
16,9,1
16,10,1
16,11,1
16,12,1
16,13,2
16,14,2
16,15,2
16,16,2
16,17,2
16,18,2
16,19,2
16,20,2
16,21,2
16,22,1
16,23,1
16,24,1
16,25,1
16,26,3
16,27,3
16,28,3
16,29,3
16,30,3
17,0,4
17,1,4
17,2,4
17,3,4
17,4,4
17,5,2
17,6,2
17,7,2
17,8,1
17,9,1
17,10,1
17,11,1
17,12,1
17,13,1
17,14,1
17,15,1
17,16,1
17,17,1
17,18,1
17,19,2
17,20,2
17,21,2
17,22,1
17,23,1
17,24,1
17,25,1
17,26,3
17,27,3
17,28,3
17,29,3
17,30,3
18,0,4
18,1,4
18,2,4
18,3,4
18,4,4
18,5,2
18,6,2
18,7,2
18,8,2
18,9,1
18,10,1
18,11,1
18,12,1
18,13,1
18,14,1
18,15,1
18,16,1
18,17,1
18,18,1
18,19,1
18,20,2
18,21,2
18,22,2
18,23,1
18,24,1
18,25,2
18,26,2
18,27,3
18,28,3
18,29,3
18,30,3
19,0,4
19,1,4
19,2,4
19,3,4
19,4,2
19,5,2
19,6,2
19,7,2
19,8,2
19,9,4
19,10,4
19,11,1
19,12,1
19,13,1
19,14,4
19,15,4
19,16,1
19,17,1
19,18,1
19,19,1
19,20,2
19,21,2
19,22,2
19,23,2
19,24,2
19,25,2
19,26,2
19,27,2
19,28,3
19,29,3
19,30,3
20,0,2
20,1,2
20,2,2
20,3,2
20,4,2
20,5,2
20,6,2
20,7,2
20,8,4
20,9,4
20,10,4
20,11,4
20,12,4
20,13,4
20,14,4
20,15,4
20,16,4
20,17,1
20,18,1
20,19,1
20,20,1
20,21,2
20,22,2
20,23,2
20,24,2
20,25,2
20,26,2
20,27,2
20,28,3
20,29,3
20,30,3
21,0,2
21,1,2
21,2,2
21,3,2
21,4,2
21,5,2
21,6,4
21,7,4
21,8,4
21,9,4
21,10,4
21,11,4
21,12,4
21,13,4
21,14,4
21,15,4
21,16,4
21,17,1
21,18,1
21,19,1
21,20,1
21,21,4
21,22,4
21,23,4
21,24,4
21,25,2
21,26,2
21,27,1
21,28,1
21,29,3
21,30,3
22,0,2
22,1,2
22,2,2
22,3,2
22,4,2
22,5,4
22,6,4
22,7,4
22,8,4
22,9,4
22,10,4
22,11,4
22,12,4
22,13,4
22,14,4
22,15,4
22,16,4
22,17,4
22,18,1
22,19,1
22,20,4
22,21,4
22,22,4
22,23,4
22,24,4
22,25,4
22,26,1
22,27,1
22,28,1
22,29,1
22,30,1
23,0,2
23,1,2
23,2,2
23,3,2
23,4,2
23,5,4
23,6,4
23,7,4
23,8,4
23,9,4
23,10,4
23,11,4
23,12,4
23,13,4
23,14,4
23,15,4
23,16,4
23,17,4
23,18,4
23,19,4
23,20,4
23,21,4
23,22,4
23,23,4
23,24,4
23,25,4
23,26,1
23,27,1
23,28,1
23,29,1
23,30,1
24,0,2
24,1,2
24,2,2
24,3,2
24,4,2
24,5,4
24,6,4
24,7,4
24,8,2
24,9,2
24,10,4
24,11,4
24,12,4
24,13,4
24,14,4
24,15,4
24,16,4
24,17,4
24,18,4
24,19,4
24,20,4
24,21,4
24,22,4
24,23,4
24,24,4
24,25,4
24,26,4
24,27,1
24,28,1
24,29,4
24,30,4
25,0,4
25,1,4
25,2,2
25,3,2
25,4,4
25,5,4
25,6,4
25,7,2
25,8,2
25,9,2
25,10,2
25,11,4
25,12,4
25,13,4
25,14,4
25,15,4
25,16,4
25,17,1
25,18,1
25,19,1
25,20,4
25,21,4
25,22,2
25,23,2
25,24,4
25,25,4
25,26,4
25,27,4
25,28,4
25,29,4
25,30,4
26,0,4
26,1,4
26,2,4
26,3,4
26,4,4
26,5,4
26,6,4
26,7,2
26,8,2
26,9,2
26,10,2
26,11,4
26,12,4
26,13,4
26,14,4
26,15,4
26,16,1
26,17,1
26,18,1
26,19,1
26,20,1
26,21,2
26,22,2
26,23,2
26,24,2
26,25,4
26,26,4
26,27,4
26,28,4
26,29,4
26,30,4
27,0,4
27,1,4
27,2,4
27,3,4
27,4,4
27,5,4
27,6,1
27,7,1
27,8,2
27,9,2
27,10,4
27,11,4
27,12,4
27,13,4
27,14,4
27,15,4
27,16,1
27,17,1
27,18,1
27,19,1
27,20,1
27,21,2
27,22,2
27,23,2
27,24,2
27,25,2
27,26,4
27,27,4
27,28,4
27,29,4
27,30,4
28,0,4
28,1,4
28,2,4
28,3,4
28,4,4
28,5,1
28,6,1
28,7,1
28,8,1
28,9,4
28,10,4
28,11,4
28,12,4
28,13,4
28,14,4
28,15,3
28,16,3
28,17,1
28,18,1
28,19,1
28,20,1
28,21,1
28,22,2
28,23,2
28,24,2
28,25,2
28,26,2
28,27,4
28,28,4
28,29,3
28,30,3
29,0,4
29,1,4
29,2,4
29,3,4
29,4,1
29,5,1
29,6,1
29,7,1
29,8,1
29,9,4
29,10,4
29,11,4
29,12,4
29,13,4
29,14,3
29,15,3
29,16,3
29,17,3
29,18,1
29,19,1
29,20,1
29,21,1
29,22,1
29,23,2
29,24,2
29,25,2
29,26,2
29,27,2
29,28,3
29,29,3
29,30,3
30,0,4
30,1,4
30,2,4
30,3,4
30,4,1
30,5,1
30,6,1
30,7,1
30,8,1
30,9,4
30,10,4
30,11,4
30,12,4
30,13,4
30,14,3
30,15,3
30,16,3
30,17,3
30,18,1
30,19,1
30,20,1
30,21,1
30,22,1
30,23,2
30,24,2
30,25,2
30,26,2
30,27,2
30,28,3
30,29,3
30,30,3