5
7
4
0
7,2
17,2
17,12
27,2
27,12
0,2,1
0,1,2
2,4,2
1,2,1
3,4,1
1,3,2
1,4,1
0,0,3
0,1,3
0,2,3
0,3,3
0,4,3
0,5,2
0,6,2
0,7,2
0,8,3
0,9,3
0,10,1
0,11,1
0,12,3
0,13,3
0,14,3
0,15,4
0,16,4
0,17,4
0,18,1
0,19,1
0,20,1
0,21,1
0,22,4
0,23,4
0,24,4
0,25,4
0,26,1
0,27,1
0,28,1
0,29,1
0,30,1
1,0,3
1,1,3
1,2,3
1,3,3
1,4,3
1,5,2
1,6,2
1,7,2
1,8,3
1,9,3
1,10,1
1,11,1
1,12,3
1,13,3
1,14,3
1,15,4
1,16,4
1,17,4
1,18,1
1,19,1
1,20,1
1,21,1
1,22,4
1,23,4
1,24,4
1,25,4
1,26,1
1,27,1
1,28,1
1,29,1
1,30,1
2,0,3
2,1,3
2,2,3
2,3,3
2,4,2
2,5,2
2,6,2
2,7,2
2,8,3
2,9,3
2,10,1
2,11,1
2,12,3
2,13,3
2,14,3
2,15,3
2,16,4
2,17,4
2,18,4
2,19,1
2,20,1
2,21,3
2,22,3
2,23,4
2,24,4
2,25,2
2,26,2
2,27,1
2,28,1
2,29,1
2,30,1
3,0,2
3,1,2
3,2,2
3,3,2
3,4,2
3,5,2
3,6,2
3,7,2
3,8,3
3,9,3
3,10,1
3,11,1
3,12,3
3,13,3
3,14,3
3,15,3
3,16,4
3,17,4
3,18,4
3,19,4
3,20,3
3,21,3
3,22,3
3,23,3
3,24,2
3,25,2
3,26,2
3,27,2
3,28,1
3,29,1
3,30,1
4,0,2
4,1,2
4,2,2
4,3,2
4,4,2
4,5,2
4,6,2
4,7,2
4,8,3
4,9,3
4,10,1
4,11,1
4,12,1
4,13,3
4,14,3
4,15,1
4,16,1
4,17,4
4,18,4
4,19,4
4,20,3
4,21,3
4,22,3
4,23,3
4,24,2
4,25,2
4,26,2
4,27,2
4,28,1
4,29,1
4,30,1
5,0,4
5,1,4
5,2,4
5,3,4
5,4,4
5,5,2
5,6,2
5,7,3
5,8,3
5,9,3
5,10,1
5,11,1
5,12,1
5,13,1
5,14,1
5,15,1
5,16,1
5,17,1
5,18,4
5,19,4
5,20,4
5,21,3
5,22,3
5,23,3
5,24,3
5,25,2
5,26,2
5,27,1
5,28,1
5,29,1
5,30,1
6,0,4
6,1,4
6,2,4
6,3,4
6,4,4
6,5,4
6,6,4
6,7,3
6,8,3
6,9,3
6,10,3
6,11,1
6,12,1
6,13,1
6,14,1
6,15,1
6,16,1
6,17,1
6,18,4
6,19,4
6,20,4
6,21,3
6,22,3
6,23,3
6,24,3
6,25,4
6,26,4
6,27,1
6,28,1
6,29,1
6,30,1
7,0,4
7,1,4
7,2,4
7,3,4
7,4,4
7,5,4
7,6,4
7,7,4
7,8,3
7,9,3
7,10,3
7,11,3
7,12,3
7,13,3
7,14,1
7,15,1
7,16,1
7,17,1
7,18,4
7,19,4
7,20,4
7,21,3
7,22,3
7,23,3
7,24,4
7,25,4
7,26,4
7,27,4
7,28,1
7,29,1
7,30,1
8,0,4
8,1,4
8,2,4
8,3,4
8,4,4
8,5,4
8,6,4
8,7,4
8,8,4
8,9,3
8,10,3
8,11,3
8,12,3
8,13,3
8,14,3
8,15,1
8,16,1
8,17,4
8,18,4
8,19,4
8,20,3
8,21,3
8,22,3
8,23,3
8,24,4
8,25,4
8,26,4
8,27,4
8,28,1
8,29,1
8,30,1
9,0,4
9,1,4
9,2,4
9,3,4
9,4,4
9,5,4
9,6,4
9,7,4
9,8,4
9,9,4
9,10,4
9,11,4
9,12,3
9,13,3
9,14,3
9,15,3
9,16,4
9,17,4
9,18,4
9,19,4
9,20,3
9,21,3
9,22,3
9,23,3
9,24,4
9,25,4
9,26,4
9,27,1
9,28,1
9,29,1
9,30,1
10,0,4
10,1,4
10,2,4
10,3,4
10,4,3
10,5,3
10,6,4
10,7,4
10,8,4
10,9,4
10,10,4
10,11,4
10,12,4
10,13,3
10,14,3
10,15,3
10,16,4
10,17,4
10,18,4
10,19,4
10,20,3
10,21,3
10,22,3
10,23,3
10,24,4
10,25,4
10,26,1
10,27,1
10,28,1
10,29,1
10,30,1
11,0,4
11,1,4
11,2,4
11,3,3
11,4,3
11,5,3
11,6,3
11,7,4
11,8,4
11,9,4
11,10,4
11,11,4
11,12,4
11,13,3
11,14,3
11,15,3
11,16,3
11,17,4
11,18,4
11,19,3
11,20,3
11,21,3
11,22,3
11,23,3
11,24,4
11,25,4
11,26,1
11,27,1
11,28,1
11,29,1
11,30,1
12,0,4
12,1,4
12,2,4
12,3,3
12,4,3
12,5,3
12,6,3
12,7,4
12,8,4
12,9,4
12,10,4
12,11,4
12,12,4
12,13,3
12,14,3
12,15,3
12,16,3
12,17,2
12,18,2
12,19,3
12,20,3
12,21,3
12,22,3
12,23,3
12,24,4
12,25,4
12,26,4
12,27,1
12,28,1
12,29,1
12,30,1
13,0,4
13,1,4
13,2,1
13,3,1
13,4,3
13,5,3
13,6,2
13,7,2
13,8,4
13,9,4
13,10,4
13,11,4
13,12,4
13,13,4
13,14,3
13,15,3
13,16,2
13,17,2
13,18,2
13,19,2
13,20,3
13,21,3
13,22,3
13,23,3
13,24,4
13,25,4
13,26,4
13,27,4
13,28,4
13,29,4
13,30,4
14,0,1
14,1,1
14,2,1
14,3,1
14,4,1
14,5,2
14,6,2
14,7,2
14,8,2
14,9,4
14,10,4
14,11,4
14,12,4
14,13,4
14,14,4
14,15,2
14,16,2
14,17,2
14,18,2
14,19,2
14,20,2
14,21,3
14,22,3
14,23,2
14,24,2
14,25,4
14,26,4
14,27,4
14,28,4
14,29,4
14,30,4
15,0,1
15,1,1
15,2,1
15,3,1
15,4,1
15,5,2
15,6,2
15,7,2
15,8,2
15,9,4
15,10,4
15,11,4
15,12,4
15,13,4
15,14,4
15,15,2
15,16,2
15,17,2
15,18,2
15,19,2
15,20,2
15,21,2
15,22,2
15,23,2
15,24,2
15,25,2
15,26,2
15,27,2
15,28,2
15,29,2
15,30,2
16,0,1
16,1,1
16,2,1
16,3,1
16,4,1
16,5,1
16,6,2
16,7,2
16,8,4
16,9,4
16,10,4
16,11,4
16,12,4
16,13,4
16,14,4
16,15,2
16,16,2
16,17,2
16,18,2
16,19,2
16,20,2
16,21,2
16,22,2
16,23,2
16,24,2
16,25,2
16,26,2
16,27,2
16,28,2
16,29,2
16,30,2
17,0,1
17,1,1
17,2,1
17,3,1
17,4,1
17,5,1
17,6,2
17,7,2
17,8,4
17,9,4
17,10,4
17,11,4
17,12,4
17,13,4
17,14,4
17,15,4
17,16,2
17,17,2
17,18,4
17,19,4
17,20,4
17,21,4
17,22,4
17,23,4
17,24,4
17,25,4
17,26,4
17,27,4
17,28,2
17,29,2
17,30,2
18,0,1
18,1,1
18,2,1
18,3,1
18,4,1
18,5,2
18,6,2
18,7,2
18,8,4
18,9,4
18,10,4
18,11,4
18,12,4
18,13,4
18,14,4
18,15,4
18,16,4
18,17,4
18,18,4
18,19,4
18,20,4
18,21,4
18,22,4
18,23,4
18,24,4
18,25,4
18,26,4
18,27,4
18,28,4
18,29,4
18,30,4
19,0,1
19,1,1
19,2,1
19,3,1
19,4,1
19,5,2
19,6,2
19,7,2
19,8,2
19,9,4
19,10,4
19,11,4
19,12,4
19,13,4
19,14,4
19,15,4
19,16,4
19,17,4
19,18,4
19,19,4
19,20,2
19,21,2
19,22,2
19,23,2
19,24,2
19,25,2
19,26,4
19,27,4
19,28,4
19,29,4
19,30,4
20,0,1
20,1,1
20,2,1
20,3,1
20,4,1
20,5,1
20,6,2
20,7,2
20,8,2
20,9,4
20,10,4
20,11,4
20,12,4
20,13,4
20,14,4
20,15,4
20,16,4
20,17,4
20,18,4
20,19,2
20,20,2
20,21,2
20,22,2
20,23,2
20,24,2
20,25,2
20,26,2
20,27,2
20,28,2
20,29,2
20,30,2
21,0,4
21,1,4
21,2,1
21,3,1
21,4,1
21,5,1
21,6,2
21,7,2
21,8,2
21,9,2
21,10,4
21,11,4
21,12,4
21,13,4
21,14,4
21,15,4
21,16,4
21,17,4
21,18,2
21,19,2
21,20,2
21,21,2
21,22,1
21,23,1
21,24,2
21,25,2
21,26,2
21,27,2
21,28,2
21,29,2
21,30,2
22,0,4
22,1,4
22,2,4
22,3,1
22,4,1
22,5,4
22,6,4
22,7,2
22,8,2
22,9,2
22,10,2
22,11,2
22,12,2
22,13,2
22,14,2
22,15,2
22,16,2
22,17,2
22,18,2
22,19,2
22,20,2
22,21,1
22,22,1
22,23,1
22,24,1
22,25,1
22,26,2
22,27,2
22,28,2
22,29,2
22,30,2
23,0,4
23,1,4
23,2,4
23,3,4
23,4,4
23,5,4
23,6,4
23,7,4
23,8,2
23,9,2
23,10,2
23,11,2
23,12,2
23,13,2
23,14,2
23,15,2
23,16,2
23,17,2
23,18,2
23,19,2
23,20,2
23,21,1
23,22,1
23,23,1
23,24,1
23,25,1
23,26,1
23,27,2
23,28,2
23,29,4
23,30,4
24,0,4
24,1,4
24,2,4
24,3,4
24,4,4
24,5,4
24,6,4
24,7,4
24,8,4
24,9,4
24,10,4
24,11,4
24,12,4
24,13,4
24,14,4
24,15,2
24,16,2
24,17,2
24,18,2
24,19,2
24,20,2
24,21,1
24,22,1
24,23,1
24,24,1
24,25,1
24,26,1
24,27,4
24,28,4
24,29,4
24,30,4
25,0,1
25,1,1
25,2,1
25,3,1
25,4,1
25,5,1
25,6,4
25,7,4
25,8,4
25,9,4
25,10,4
25,11,4
25,12,4
25,13,4
25,14,4
25,15,4
25,16,2
25,17,2
25,18,2
25,19,2
25,20,1
25,21,1
25,22,1
25,23,1
25,24,1
25,25,1
25,26,4
25,27,4
25,28,4
25,29,4
25,30,4
26,0,1
26,1,1
26,2,1
26,3,1
26,4,1
26,5,1
26,6,1
26,7,4
26,8,4
26,9,4
26,10,4
26,11,4
26,12,4
26,13,4
26,14,4
26,15,4
26,16,2
26,17,2
26,18,2
26,19,2
26,20,1
26,21,1
26,22,1
26,23,1
26,24,1
26,25,4
26,26,4
26,27,4
26,28,4
26,29,3
26,30,3
27,0,1
27,1,1
27,2,1
27,3,1
27,4,1
27,5,1
27,6,1
27,7,4
27,8,4
27,9,4
27,10,4
27,11,4
27,12,4
27,13,4
27,14,4
27,15,4
27,16,4
27,17,2
27,18,2
27,19,3
27,20,3
27,21,1
27,22,1
27,23,2
27,24,2
27,25,4
27,26,4
27,27,4
27,28,3
27,29,3
27,30,3
28,0,1
28,1,1
28,2,1
28,3,1
28,4,1
28,5,1
28,6,4
28,7,4
28,8,4
28,9,4
28,10,4
28,11,4
28,12,4
28,13,4
28,14,4
28,15,4
28,16,4
28,17,4
28,18,3
28,19,3
28,20,3
28,21,3
28,22,2
28,23,2
28,24,2
28,25,2
28,26,4
28,27,4
28,28,3
28,29,3
28,30,3
29,0,1
29,1,1
29,2,1
29,3,1
29,4,1
29,5,4
29,6,4
29,7,4
29,8,4
29,9,4
29,10,4
29,11,4
29,12,4
29,13,4
29,14,4
29,15,4
29,16,4
29,17,4
29,18,3
29,19,3
29,20,3
29,21,3
29,22,2
29,23,2
29,24,2
29,25,2
29,26,4
29,27,4
29,28,4
29,29,3
29,30,3
30,0,1
30,1,1
30,2,1
30,3,1
30,4,1
30,5,4
30,6,4
30,7,4
30,8,4
30,9,4
30,10,4
30,11,4
30,12,4
30,13,4
30,14,4
30,15,4
30,16,4
30,17,4
30,18,3
30,19,3
30,20,3
30,21,3
30,22,2
30,23,2
30,24,2
30,25,2
30,26,4
30,27,4
30,28,4
30,29,3
30,30,3