7
11
9
5
2,2
2,17
2,27
12,7
12,17
12,27
22,17
5,6,2
4,5,1
2,5,1
4,6,2
3,6,1
0,1,4
1,4,1
1,2,1
1,3,2
2,4,1
3,4,1
0,0,1
0,1,1
0,2,1
0,3,1
0,4,1
0,5,1
0,6,1
0,7,3
0,8,3
0,9,4
0,10,4
0,11,4
0,12,4
0,13,4
0,14,4
0,15,4
0,16,4
0,17,4
0,18,4
0,19,4
0,20,4
0,21,4
0,22,4
0,23,4
0,24,4
0,25,4
0,26,4
0,27,4
0,28,4
0,29,4
0,30,4
1,0,1
1,1,1
1,2,1
1,3,1
1,4,1
1,5,1
1,6,1
1,7,3
1,8,3
1,9,4
1,10,4
1,11,4
1,12,4
1,13,4
1,14,4
1,15,4
1,16,4
1,17,4
1,18,4
1,19,4
1,20,4
1,21,4
1,22,4
1,23,4
1,24,4
1,25,4
1,26,4
1,27,4
1,28,4
1,29,4
1,30,4
2,0,1
2,1,1
2,2,1
2,3,1
2,4,1
2,5,1
2,6,3
2,7,3
2,8,3
2,9,4
2,10,4
2,11,4
2,12,4
2,13,4
2,14,4
2,15,4
2,16,4
2,17,4
2,18,4
2,19,4
2,20,4
2,21,4
2,22,4
2,23,4
2,24,4
2,25,4
2,26,4
2,27,4
2,28,4
2,29,4
2,30,4
3,0,1
3,1,1
3,2,1
3,3,1
3,4,1
3,5,1
3,6,3
3,7,3
3,8,3
3,9,3
3,10,4
3,11,4
3,12,4
3,13,4
3,14,4
3,15,4
3,16,4
3,17,4
3,18,4
3,19,4
3,20,4
3,21,4
3,22,4
3,23,4
3,24,4
3,25,4
3,26,4
3,27,4
3,28,4
3,29,4
3,30,4
4,0,1
4,1,1
4,2,1
4,3,1
4,4,1
4,5,1
4,6,3
4,7,3
4,8,3
4,9,3
4,10,3
4,11,4
4,12,4
4,13,4
4,14,4
4,15,4
4,16,4
4,17,4
4,18,4
4,19,4
4,20,4
4,21,4
4,22,3
4,23,3
4,24,4
4,25,4
4,26,4
4,27,4
4,28,4
4,29,4
4,30,4
5,0,4
5,1,4
5,2,1
5,3,1
5,4,1
5,5,4
5,6,4
5,7,3
5,8,3
5,9,3
5,10,3
5,11,1
5,12,1
5,13,1
5,14,1
5,15,1
5,16,4
5,17,4
5,18,4
5,19,4
5,20,4
5,21,3
5,22,3
5,23,3
5,24,3
5,25,4
5,26,4
5,27,4
5,28,4
5,29,4
5,30,4
6,0,4
6,1,4
6,2,4
6,3,4
6,4,4
6,5,4
6,6,4
6,7,4
6,8,3
6,9,3
6,10,1
6,11,1
6,12,1
6,13,1
6,14,1
6,15,1
6,16,1
6,17,4
6,18,4
6,19,4
6,20,3
6,21,3
6,22,3
6,23,3
6,24,3
6,25,4
6,26,4
6,27,4
6,28,4
6,29,1
6,30,1
7,0,4
7,1,4
7,2,4
7,3,4
7,4,4
7,5,4
7,6,4
7,7,4
7,8,3
7,9,3
7,10,1
7,11,1
7,12,1
7,13,1
7,14,1
7,15,1
7,16,1
7,17,3
7,18,3
7,19,3
7,20,3
7,21,3
7,22,3
7,23,3
7,24,4
7,25,4
7,26,4
7,27,4
7,28,1
7,29,1
7,30,1
8,0,4
8,1,4
8,2,4
8,3,4
8,4,4
8,5,4
8,6,4
8,7,4
8,8,3
8,9,3
8,10,3
8,11,1
8,12,1
8,13,1
8,14,1
8,15,1
8,16,3
8,17,3
8,18,3
8,19,3
8,20,3
8,21,3
8,22,1
8,23,1
8,24,4
8,25,4
8,26,4
8,27,4
8,28,1
8,29,1
8,30,1
9,0,4
9,1,4
9,2,3
9,3,3
9,4,3
9,5,4
9,6,4
9,7,3
9,8,3
9,9,3
9,10,3
9,11,2
9,12,2
9,13,1
9,14,1
9,15,3
9,16,3
9,17,3
9,18,3
9,19,3
9,20,3
9,21,1
9,22,1
9,23,1
9,24,1
9,25,4
9,26,4
9,27,2
9,28,2
9,29,1
9,30,1
10,0,3
10,1,3
10,2,3
10,3,3
10,4,3
10,5,3
10,6,3
10,7,3
10,8,3
10,9,3
10,10,2
10,11,2
10,12,2
10,13,2
10,14,3
10,15,3
10,16,3
10,17,3
10,18,3
10,19,3
10,20,3
10,21,1
10,22,1
10,23,1
10,24,1
10,25,2
10,26,2
10,27,2
10,28,2
10,29,2
10,30,2
11,0,3
11,1,3
11,2,3
11,3,3
11,4,3
11,5,3
11,6,3
11,7,3
11,8,3
11,9,3
11,10,2
11,11,2
11,12,2
11,13,2
11,14,3
11,15,3
11,16,3
11,17,3
11,18,3
11,19,3
11,20,3
11,21,3
11,22,1
11,23,1
11,24,2
11,25,2
11,26,2
11,27,2
11,28,2
11,29,2
11,30,2
12,0,4
12,1,4
12,2,4
12,3,4
12,4,3
12,5,3
12,6,3
12,7,3
12,8,3
12,9,3
12,10,2
12,11,2
12,12,2
12,13,2
12,14,3
12,15,3
12,16,3
12,17,3
12,18,3
12,19,3
12,20,3
12,21,3
12,22,3
12,23,2
12,24,2
12,25,2
12,26,2
12,27,2
12,28,2
12,29,2
12,30,2
13,0,4
13,1,4
13,2,4
13,3,4
13,4,4
13,5,3
13,6,3
13,7,3
13,8,3
13,9,3
13,10,2
13,11,2
13,12,2
13,13,3
13,14,3
13,15,3
13,16,3
13,17,3
13,18,3
13,19,3
13,20,3
13,21,3
13,22,3
13,23,2
13,24,2
13,25,2
13,26,2
13,27,2
13,28,2
13,29,2
13,30,2
14,0,4
14,1,4
14,2,4
14,3,4
14,4,4
14,5,3
14,6,3
14,7,3
14,8,3
14,9,3
14,10,2
14,11,2
14,12,3
14,13,3
14,14,3
14,15,3
14,16,3
14,17,3
14,18,3
14,19,3
14,20,3
14,21,3
14,22,2
14,23,2
14,24,2
14,25,2
14,26,2
14,27,2
14,28,2
14,29,2
14,30,2
15,0,3
15,1,3
15,2,4
15,3,4
15,4,2
15,5,2
15,6,3
15,7,3
15,8,3
15,9,3
15,10,2
15,11,2
15,12,3
15,13,3
15,14,3
15,15,4
15,16,4
15,17,4
15,18,3
15,19,3
15,20,2
15,21,2
15,22,2
15,23,2
15,24,2
15,25,1
15,26,1
15,27,2
15,28,2
15,29,2
15,30,2
16,0,3
16,1,3
16,2,3
16,3,2
16,4,2
16,5,2
16,6,2
16,7,3
16,8,3
16,9,2
16,10,2
16,11,2
16,12,3
16,13,3
16,14,4
16,15,4
16,16,4
16,17,4
16,18,4
16,19,2
16,20,2
16,21,2
16,22,2
16,23,2
16,24,1
16,25,1
16,26,1
16,27,1
16,28,2
16,29,2
16,30,2
17,0,3
17,1,3
17,2,3
17,3,2
17,4,2
17,5,2
17,6,2
17,7,2
17,8,2
17,9,2
17,10,2
17,11,2
17,12,3
17,13,3
17,14,4
17,15,4
17,16,4
17,17,4
17,18,4
17,19,2
17,20,2
17,21,2
17,22,2
17,23,2
17,24,1
17,25,1
17,26,1
17,27,1
17,28,2
17,29,2
17,30,2
18,0,3
18,1,3
18,2,3
18,3,2
18,4,2
18,5,2
18,6,2
18,7,2
18,8,2
18,9,2
18,10,2
18,11,3
18,12,3
18,13,3
18,14,4
18,15,4
18,16,4
18,17,4
18,18,4
18,19,4
18,20,2
18,21,2
18,22,2
18,23,2
18,24,1
18,25,1
18,26,1
18,27,1
18,28,2
18,29,2
18,30,2
19,0,3
19,1,3
19,2,1
19,3,1
19,4,2
19,5,2
19,6,4
19,7,4
19,8,4
19,9,4
19,10,4
19,11,3
19,12,3
19,13,3
19,14,4
19,15,4
19,16,4
19,17,4
19,18,4
19,19,4
19,20,4
19,21,2
19,22,2
19,23,2
19,24,1
19,25,1
19,26,1
19,27,1
19,28,2
19,29,2
19,30,2
20,0,1
20,1,1
20,2,1
20,3,1
20,4,1
20,5,4
20,6,4
20,7,4
20,8,4
20,9,4
20,10,4
20,11,4
20,12,3
20,13,3
20,14,3
20,15,4
20,16,4
20,17,4
20,18,4
20,19,4
20,20,4
20,21,4
20,22,2
20,23,2
20,24,1
20,25,1
20,26,1
20,27,4
20,28,4
20,29,2
20,30,2
21,0,1
21,1,1
21,2,1
21,3,1
21,4,1
21,5,4
21,6,4
21,7,4
21,8,4
21,9,4
21,10,4
21,11,4
21,12,3
21,13,3
21,14,3
21,15,4
21,16,4
21,17,4
21,18,4
21,19,4
21,20,4
21,21,4
21,22,2
21,23,2
21,24,1
21,25,1
21,26,4
21,27,4
21,28,4
21,29,4
21,30,4
22,0,1
22,1,1
22,2,1
22,3,1
22,4,2
22,5,2
22,6,4
22,7,4
22,8,4
22,9,4
22,10,4
22,11,3
22,12,3
22,13,3
22,14,4
22,15,4
22,16,4
22,17,4
22,18,4
22,19,4
22,20,4
22,21,2
22,22,2
22,23,2
22,24,1
22,25,1
22,26,4
22,27,4
22,28,4
22,29,4
22,30,4
23,0,2
23,1,2
23,2,2
23,3,2
23,4,2
23,5,2
23,6,2
23,7,4
23,8,4
23,9,3
23,10,3
23,11,3
23,12,3
23,13,3
23,14,4
23,15,4
23,16,4
23,17,4
23,18,4
23,19,4
23,20,2
23,21,2
23,22,2
23,23,2
23,24,1
23,25,1
23,26,1
23,27,4
23,28,4
23,29,4
23,30,4
24,0,2
24,1,2
24,2,2
24,3,2
24,4,2
24,5,2
24,6,2
24,7,2
24,8,3
24,9,3
24,10,3
24,11,3
24,12,3
24,13,3
24,14,4
24,15,4
24,16,4
24,17,4
24,18,4
24,19,4
24,20,2
24,21,2
24,22,2
24,23,1
24,24,1
24,25,1
24,26,1
24,27,3
24,28,3
24,29,3
24,30,3
25,0,2
25,1,2
25,2,2
25,3,3
25,4,3
25,5,2
25,6,2
25,7,2
25,8,3
25,9,3
25,10,3
25,11,3
25,12,3
25,13,2
25,14,2
25,15,4
25,16,4
25,17,4
25,18,4
25,19,2
25,20,2
25,21,2
25,22,1
25,23,1
25,24,1
25,25,1
25,26,3
25,27,3
25,28,3
25,29,3
25,30,3
26,0,3
26,1,3
26,2,3
26,3,3
26,4,3
26,5,3
26,6,2
26,7,2
26,8,3
26,9,3
26,10,3
26,11,2
26,12,2
26,13,2
26,14,2
26,15,2
26,16,2
26,17,2
26,18,2
26,19,2
26,20,2
26,21,2
26,22,1
26,23,1
26,24,1
26,25,3
26,26,3
26,27,3
26,28,3
26,29,2
26,30,2
27,0,3
27,1,3
27,2,3
27,3,3
27,4,3
27,5,3
27,6,2
27,7,2
27,8,3
27,9,3
27,10,2
27,11,2
27,12,2
27,13,2
27,14,2
27,15,2
27,16,2
27,17,2
27,18,2
27,19,2
27,20,2
27,21,1
27,22,1
27,23,1
27,24,3
27,25,3
27,26,3
27,27,3
27,28,2
27,29,2
27,30,2
28,0,4
28,1,4
28,2,3
28,3,3
28,4,3
28,5,3
28,6,2
28,7,2
28,8,3
28,9,3
28,10,2
28,11,2
28,12,2
28,13,1
28,14,1
28,15,1
28,16,1
28,17,1
28,18,1
28,19,1
28,20,1
28,21,1
28,22,1
28,23,1
28,24,3
28,25,3
28,26,3
28,27,3
28,28,2
28,29,2
28,30,2
29,0,4
29,1,4
29,2,4
29,3,3
29,4,3
29,5,3
29,6,2
29,7,2
29,8,3
29,9,3
29,10,2
29,11,2
29,12,1
29,13,1
29,14,1
29,15,1
29,16,1
29,17,1
29,18,1
29,19,1
29,20,1
29,21,1
29,22,1
29,23,3
29,24,3
29,25,3
29,26,3
29,27,3
29,28,3
29,29,2
29,30,2
30,0,4
30,1,4
30,2,4
30,3,3
30,4,3
30,5,3
30,6,2
30,7,2
30,8,3
30,9,3
30,10,2
30,11,2
30,12,1
30,13,1
30,14,1
30,15,1
30,16,1
30,17,1
30,18,1
30,19,1
30,20,1
30,21,1
30,22,1
30,23,3
30,24,3
30,25,3
30,26,3
30,27,3
30,28,3
30,29,2
30,30,2