5
7
6
4
17,12
17,22
27,2
27,12
27,22
3,4,2
1,4,2
0,4,1
2,3,2
0,3,2
0,1,1
0,2,2
0,0,4
0,1,4
0,2,4
0,3,2
0,4,2
0,5,2
0,6,3
0,7,3
0,8,4
0,9,4
0,10,4
0,11,4
0,12,1
0,13,1
0,14,3
0,15,3
0,16,3
0,17,2
0,18,2
0,19,3
0,20,3
0,21,3
0,22,3
0,23,3
0,24,3
0,25,1
0,26,1
0,27,2
0,28,2
0,29,2
0,30,2
1,0,4
1,1,4
1,2,4
1,3,2
1,4,2
1,5,2
1,6,3
1,7,3
1,8,4
1,9,4
1,10,4
1,11,4
1,12,1
1,13,1
1,14,3
1,15,3
1,16,3
1,17,2
1,18,2
1,19,3
1,20,3
1,21,3
1,22,3
1,23,3
1,24,3
1,25,1
1,26,1
1,27,2
1,28,2
1,29,2
1,30,2
2,0,4
2,1,4
2,2,2
2,3,2
2,4,2
2,5,2
2,6,3
2,7,3
2,8,4
2,9,4
2,10,4
2,11,1
2,12,1
2,13,1
2,14,1
2,15,3
2,16,3
2,17,2
2,18,2
2,19,2
2,20,3
2,21,3
2,22,3
2,23,3
2,24,1
2,25,1
2,26,1
2,27,1
2,28,2
2,29,2
2,30,2
3,0,4
3,1,4
3,2,2
3,3,2
3,4,2
3,5,2
3,6,3
3,7,3
3,8,4
3,9,4
3,10,4
3,11,1
3,12,1
3,13,1
3,14,1
3,15,3
3,16,3
3,17,2
3,18,2
3,19,2
3,20,2
3,21,3
3,22,3
3,23,3
3,24,1
3,25,1
3,26,1
3,27,1
3,28,1
3,29,1
3,30,1
4,0,4
4,1,4
4,2,4
4,3,2
4,4,2
4,5,3
4,6,3
4,7,3
4,8,4
4,9,4
4,10,4
4,11,4
4,12,1
4,13,1
4,14,3
4,15,3
4,16,3
4,17,2
4,18,2
4,19,2
4,20,2
4,21,2
4,22,3
4,23,3
4,24,3
4,25,1
4,26,1
4,27,1
4,28,1
4,29,1
4,30,1
5,0,4
5,1,4
5,2,4
5,3,4
5,4,3
5,5,3
5,6,3
5,7,3
5,8,4
5,9,4
5,10,4
5,11,4
5,12,4
5,13,3
5,14,3
5,15,3
5,16,3
5,17,3
5,18,2
5,19,2
5,20,2
5,21,2
5,22,3
5,23,3
5,24,3
5,25,4
5,26,4
5,27,4
5,28,4
5,29,1
5,30,1
6,0,4
6,1,4
6,2,4
6,3,4
6,4,3
6,5,3
6,6,3
6,7,1
6,8,1
6,9,4
6,10,4
6,11,4
6,12,4
6,13,3
6,14,3
6,15,3
6,16,3
6,17,3
6,18,2
6,19,2
6,20,2
6,21,2
6,22,3
6,23,3
6,24,4
6,25,4
6,26,4
6,27,4
6,28,4
6,29,4
6,30,4
7,0,4
7,1,4
7,2,4
7,3,3
7,4,3
7,5,3
7,6,1
7,7,1
7,8,1
7,9,1
7,10,4
7,11,4
7,12,3
7,13,3
7,14,3
7,15,3
7,16,3
7,17,4
7,18,4
7,19,2
7,20,2
7,21,3
7,22,3
7,23,3
7,24,4
7,25,4
7,26,4
7,27,4
7,28,4
7,29,4
7,30,4
8,0,4
8,1,4
8,2,4
8,3,3
8,4,3
8,5,3
8,6,1
8,7,1
8,8,1
8,9,1
8,10,3
8,11,3
8,12,3
8,13,3
8,14,3
8,15,3
8,16,4
8,17,4
8,18,4
8,19,4
8,20,4
8,21,3
8,22,3
8,23,3
8,24,4
8,25,4
8,26,4
8,27,4
8,28,4
8,29,3
8,30,3
9,0,4
9,1,4
9,2,3
9,3,3
9,4,3
9,5,3
9,6,3
9,7,1
9,8,1
9,9,3
9,10,3
9,11,3
9,12,3
9,13,3
9,14,1
9,15,1
9,16,4
9,17,4
9,18,4
9,19,4
9,20,4
9,21,4
9,22,3
9,23,3
9,24,4
9,25,4
9,26,4
9,27,4
9,28,3
9,29,3
9,30,3
10,0,3
10,1,3
10,2,3
10,3,3
10,4,3
10,5,3
10,6,3
10,7,3
10,8,3
10,9,3
10,10,3
10,11,3
10,12,3
10,13,1
10,14,1
10,15,1
10,16,1
10,17,4
10,18,4
10,19,4
10,20,4
10,21,4
10,22,3
10,23,3
10,24,4
10,25,4
10,26,4
10,27,4
10,28,3
10,29,3
10,30,3
11,0,3
11,1,3
11,2,3
11,3,3
11,4,3
11,5,3
11,6,3
11,7,3
11,8,3
11,9,3
11,10,3
11,11,2
11,12,2
11,13,1
11,14,1
11,15,1
11,16,1
11,17,3
11,18,3
11,19,4
11,20,4
11,21,3
11,22,3
11,23,3
11,24,4
11,25,4
11,26,4
11,27,4
11,28,3
11,29,3
11,30,3
12,0,3
12,1,3
12,2,3
12,3,3
12,4,4
12,5,4
12,6,3
12,7,3
12,8,2
12,9,2
12,10,2
12,11,2
12,12,2
12,13,2
12,14,1
12,15,1
12,16,3
12,17,3
12,18,3
12,19,3
12,20,3
12,21,3
12,22,3
12,23,3
12,24,3
12,25,4
12,26,4
12,27,4
12,28,4
12,29,3
12,30,3
13,0,3
13,1,3
13,2,3
13,3,4
13,4,4
13,5,4
13,6,4
13,7,2
13,8,2
13,9,2
13,10,2
13,11,2
13,12,2
13,13,2
13,14,4
13,15,4
13,16,3
13,17,3
13,18,3
13,19,3
13,20,3
13,21,3
13,22,3
13,23,3
13,24,3
13,25,3
13,26,4
13,27,4
13,28,4
13,29,2
13,30,2
14,0,3
14,1,3
14,2,3
14,3,4
14,4,4
14,5,4
14,6,4
14,7,2
14,8,2
14,9,2
14,10,2
14,11,2
14,12,2
14,13,4
14,14,4
14,15,4
14,16,4
14,17,3
14,18,3
14,19,3
14,20,3
14,21,3
14,22,3
14,23,3
14,24,3
14,25,3
14,26,4
14,27,4
14,28,2
14,29,2
14,30,2
15,0,3
15,1,3
15,2,1
15,3,1
15,4,4
15,5,4
15,6,1
15,7,1
15,8,2
15,9,2
15,10,4
15,11,4
15,12,4
15,13,4
15,14,4
15,15,4
15,16,4
15,17,4
15,18,3
15,19,3
15,20,3
15,21,3
15,22,3
15,23,3
15,24,3
15,25,4
15,26,4
15,27,4
15,28,2
15,29,2
15,30,2
16,0,1
16,1,1
16,2,1
16,3,1
16,4,1
16,5,1
16,6,1
16,7,1
16,8,1
16,9,4
16,10,4
16,11,4
16,12,4
16,13,4
16,14,4
16,15,4
16,16,4
16,17,4
16,18,4
16,19,3
16,20,3
16,21,3
16,22,3
16,23,3
16,24,3
16,25,4
16,26,4
16,27,4
16,28,4
16,29,2
16,30,2
17,0,1
17,1,1
17,2,1
17,3,1
17,4,1
17,5,1
17,6,1
17,7,1
17,8,1
17,9,4
17,10,4
17,11,4
17,12,4
17,13,4
17,14,4
17,15,4
17,16,4
17,17,4
17,18,4
17,19,3
17,20,3
17,21,3
17,22,3
17,23,3
17,24,3
17,25,4
17,26,4
17,27,4
17,28,4
17,29,4
17,30,4
18,0,4
18,1,4
18,2,1
18,3,1
18,4,3
18,5,3
18,6,1
18,7,1
18,8,1
18,9,4
18,10,4
18,11,4
18,12,4
18,13,4
18,14,4
18,15,4
18,16,4
18,17,4
18,18,4
18,19,3
18,20,3
18,21,3
18,22,3
18,23,3
18,24,3
18,25,3
18,26,4
18,27,4
18,28,4
18,29,4
18,30,4
19,0,4
19,1,4
19,2,4
19,3,3
19,4,3
19,5,3
19,6,3
19,7,1
19,8,1
19,9,4
19,10,4
19,11,4
19,12,4
19,13,4
19,14,4
19,15,4
19,16,4
19,17,4
19,18,4
19,19,4
19,20,3
19,21,3
19,22,3
19,23,3
19,24,3
19,25,3
19,26,4
19,27,4
19,28,4
19,29,4
19,30,4
20,0,4
20,1,4
20,2,4
20,3,3
20,4,3
20,5,3
20,6,3
20,7,1
20,8,1
20,9,1
20,10,4
20,11,4
20,12,4
20,13,4
20,14,4
20,15,4
20,16,4
20,17,4
20,18,4
20,19,4
20,20,4
20,21,4
20,22,4
20,23,3
20,24,3
20,25,1
20,26,1
20,27,4
20,28,4
20,29,2
20,30,2
21,0,4
21,1,4
21,2,3
21,3,3
21,4,3
21,5,3
21,6,1
21,7,1
21,8,1
21,9,1
21,10,4
21,11,4
21,12,4
21,13,4
21,14,4
21,15,4
21,16,4
21,17,4
21,18,4
21,19,4
21,20,4
21,21,4
21,22,4
21,23,4
21,24,1
21,25,1
21,26,1
21,27,1
21,28,2
21,29,2
21,30,2
22,0,3
22,1,3
22,2,3
22,3,3
22,4,3
22,5,3
22,6,1
22,7,1
22,8,1
22,9,1
22,10,1
22,11,4
22,12,4
22,13,1
22,14,1
22,15,4
22,16,4
22,17,4
22,18,4
22,19,4
22,20,4
22,21,4
22,22,4
22,23,4
22,24,1
22,25,1
22,26,1
22,27,1
22,28,2
22,29,2
22,30,2
23,0,3
23,1,3
23,2,3
23,3,3
23,4,3
23,5,4
23,6,4
23,7,1
23,8,1
23,9,1
23,10,1
23,11,1
23,12,1
23,13,1
23,14,1
23,15,1
23,16,4
23,17,4
23,18,4
23,19,1
23,20,1
23,21,4
23,22,4
23,23,1
23,24,1
23,25,1
23,26,1
23,27,1
23,28,2
23,29,2
23,30,2
24,0,4
24,1,4
24,2,3
24,3,3
24,4,4
24,5,4
24,6,4
24,7,4
24,8,1
24,9,1
24,10,1
24,11,1
24,12,1
24,13,1
24,14,1
24,15,1
24,16,4
24,17,4
24,18,1
24,19,1
24,20,1
24,21,1
24,22,1
24,23,1
24,24,1
24,25,1
24,26,1
24,27,1
24,28,1
24,29,2
24,30,2
25,0,4
25,1,4
25,2,4
25,3,4
25,4,4
25,5,4
25,6,4
25,7,4
25,8,1
25,9,1
25,10,1
25,11,1
25,12,1
25,13,1
25,14,1
25,15,4
25,16,4
25,17,4
25,18,1
25,19,1
25,20,1
25,21,1
25,22,1
25,23,1
25,24,1
25,25,1
25,26,1
25,27,1
25,28,1
25,29,4
25,30,4
26,0,4
26,1,4
26,2,4
26,3,4
26,4,4
26,5,4
26,6,4
26,7,2
26,8,2
26,9,1
26,10,1
26,11,1
26,12,1
26,13,1
26,14,1
26,15,4
26,16,4
26,17,4
26,18,1
26,19,1
26,20,1
26,21,1
26,22,1
26,23,1
26,24,1
26,25,1
26,26,1
26,27,1
26,28,4
26,29,4
26,30,4
27,0,4
27,1,4
27,2,4
27,3,4
27,4,4
27,5,4
27,6,2
27,7,2
27,8,2
27,9,2
27,10,1
27,11,1
27,12,1
27,13,1
27,14,1
27,15,4
27,16,4
27,17,1
27,18,1
27,19,1
27,20,1
27,21,1
27,22,1
27,23,1
27,24,1
27,25,1
27,26,3
27,27,3
27,28,4
27,29,4
27,30,4
28,0,4
28,1,4
28,2,4
28,3,4
28,4,4
28,5,2
28,6,2
28,7,2
28,8,2
28,9,2
28,10,1
28,11,1
28,12,1
28,13,1
28,14,1
28,15,4
28,16,4
28,17,1
28,18,1
28,19,1
28,20,1
28,21,1
28,22,1
28,23,1
28,24,1
28,25,3
28,26,3
28,27,3
28,28,3
28,29,4
28,30,4
29,0,4
29,1,4
29,2,4
29,3,4
29,4,4
29,5,2
29,6,2
29,7,2
29,8,2
29,9,1
29,10,1
29,11,1
29,12,1
29,13,1
29,14,1
29,15,4
29,16,4
29,17,1
29,18,1
29,19,1
29,20,1
29,21,1
29,22,1
29,23,1
29,24,1
29,25,3
29,26,3
29,27,3
29,28,3
29,29,4
29,30,4
30,0,4
30,1,4
30,2,4
30,3,4
30,4,4
30,5,2
30,6,2
30,7,2
30,8,2
30,9,1
30,10,1
30,11,1
30,12,1
30,13,1
30,14,1
30,15,4
30,16,4
30,17,1
30,18,1
30,19,1
30,20,1
30,21,1
30,22,1
30,23,1
30,24,1
30,25,3
30,26,3
30,27,3
30,28,3
30,29,4
30,30,4