6
9
9
2
2,7
2,17
12,17
12,27
22,7
22,17
2,3,2
0,2,2
1,2,2
2,5,2
2,4,2
1,3,2
3,5,1
0,1,2
0,4,3
0,0,2
0,1,2
0,2,2
0,3,2
0,4,3
0,5,3
0,6,3
0,7,3
0,8,3
0,9,3
0,10,4
0,11,4
0,12,4
0,13,3
0,14,3
0,15,4
0,16,4
0,17,4
0,18,4
0,19,4
0,20,1
0,21,1
0,22,1
0,23,1
0,24,3
0,25,3
0,26,2
0,27,2
0,28,2
0,29,2
0,30,2
1,0,2
1,1,2
1,2,2
1,3,2
1,4,3
1,5,3
1,6,3
1,7,3
1,8,3
1,9,3
1,10,4
1,11,4
1,12,4
1,13,3
1,14,3
1,15,4
1,16,4
1,17,4
1,18,4
1,19,4
1,20,1
1,21,1
1,22,1
1,23,1
1,24,3
1,25,3
1,26,2
1,27,2
1,28,2
1,29,2
1,30,2
2,0,2
2,1,2
2,2,2
2,3,3
2,4,3
2,5,3
2,6,3
2,7,3
2,8,3
2,9,3
2,10,3
2,11,4
2,12,4
2,13,3
2,14,3
2,15,4
2,16,4
2,17,4
2,18,4
2,19,4
2,20,4
2,21,1
2,22,1
2,23,3
2,24,3
2,25,3
2,26,3
2,27,2
2,28,2
2,29,2
2,30,2
3,0,2
3,1,2
3,2,2
3,3,3
3,4,3
3,5,3
3,6,3
3,7,3
3,8,3
3,9,3
3,10,3
3,11,4
3,12,4
3,13,3
3,14,3
3,15,4
3,16,4
3,17,4
3,18,4
3,19,4
3,20,4
3,21,3
3,22,3
3,23,3
3,24,3
3,25,3
3,26,3
3,27,1
3,28,1
3,29,1
3,30,1
4,0,2
4,1,2
4,2,2
4,3,3
4,4,3
4,5,3
4,6,3
4,7,3
4,8,3
4,9,3
4,10,4
4,11,4
4,12,4
4,13,3
4,14,3
4,15,4
4,16,4
4,17,4
4,18,4
4,19,4
4,20,3
4,21,3
4,22,3
4,23,3
4,24,3
4,25,3
4,26,1
4,27,1
4,28,1
4,29,1
4,30,1
5,0,2
5,1,2
5,2,2
5,3,2
5,4,3
5,5,3
5,6,3
5,7,2
5,8,2
5,9,2
5,10,4
5,11,4
5,12,4
5,13,3
5,14,3
5,15,3
5,16,4
5,17,4
5,18,3
5,19,3
5,20,3
5,21,3
5,22,3
5,23,4
5,24,4
5,25,4
5,26,1
5,27,1
5,28,1
5,29,1
5,30,1
6,0,2
6,1,2
6,2,2
6,3,2
6,4,3
6,5,3
6,6,2
6,7,2
6,8,2
6,9,2
6,10,2
6,11,4
6,12,4
6,13,3
6,14,3
6,15,3
6,16,3
6,17,3
6,18,3
6,19,3
6,20,3
6,21,3
6,22,4
6,23,4
6,24,4
6,25,4
6,26,4
6,27,1
6,28,1
6,29,1
6,30,1
7,0,2
7,1,2
7,2,2
7,3,3
7,4,3
7,5,3
7,6,2
7,7,2
7,8,2
7,9,2
7,10,2
7,11,4
7,12,4
7,13,4
7,14,3
7,15,3
7,16,3
7,17,3
7,18,3
7,19,3
7,20,1
7,21,1
7,22,4
7,23,4
7,24,4
7,25,4
7,26,4
7,27,1
7,28,1
7,29,1
7,30,1
8,0,4
8,1,4
8,2,4
8,3,3
8,4,3
8,5,3
8,6,3
8,7,2
8,8,2
8,9,2
8,10,2
8,11,4
8,12,4
8,13,4
8,14,4
8,15,3
8,16,3
8,17,3
8,18,3
8,19,1
8,20,1
8,21,1
8,22,1
8,23,4
8,24,4
8,25,4
8,26,4
8,27,4
8,28,1
8,29,1
8,30,1
9,0,4
9,1,4
9,2,4
9,3,4
9,4,3
9,5,3
9,6,3
9,7,2
9,8,2
9,9,2
9,10,2
9,11,2
9,12,4
9,13,4
9,14,4
9,15,1
9,16,1
9,17,1
9,18,1
9,19,1
9,20,1
9,21,1
9,22,1
9,23,4
9,24,4
9,25,4
9,26,4
9,27,4
9,28,4
9,29,1
9,30,1
10,0,4
10,1,4
10,2,4
10,3,4
10,4,3
10,5,3
10,6,2
10,7,2
10,8,2
10,9,2
10,10,2
10,11,2
10,12,4
10,13,4
10,14,1
10,15,1
10,16,1
10,17,1
10,18,1
10,19,1
10,20,1
10,21,1
10,22,1
10,23,4
10,24,4
10,25,4
10,26,4
10,27,4
10,28,4
10,29,4
10,30,4
11,0,4
11,1,4
11,2,4
11,3,4
11,4,3
11,5,3
11,6,2
11,7,2
11,8,2
11,9,2
11,10,2
11,11,4
11,12,4
11,13,4
11,14,1
11,15,1
11,16,1
11,17,1
11,18,1
11,19,1
11,20,1
11,21,1
11,22,3
11,23,3
11,24,4
11,25,4
11,26,4
11,27,4
11,28,4
11,29,4
11,30,4
12,0,4
12,1,4
12,2,4
12,3,3
12,4,3
12,5,3
12,6,3
12,7,2
12,8,2
12,9,4
12,10,4
12,11,4
12,12,4
12,13,4
12,14,1
12,15,1
12,16,1
12,17,1
12,18,1
12,19,1
12,20,1
12,21,3
12,22,3
12,23,3
12,24,3
12,25,4
12,26,4
12,27,4
12,28,4
12,29,4
12,30,4
13,0,4
13,1,4
13,2,4
13,3,3
13,4,3
13,5,3
13,6,3
13,7,4
13,8,4
13,9,4
13,10,4
13,11,4
13,12,4
13,13,4
13,14,1
13,15,1
13,16,1
13,17,1
13,18,1
13,19,1
13,20,1
13,21,3
13,22,3
13,23,3
13,24,3
13,25,4
13,26,4
13,27,4
13,28,4
13,29,4
13,30,4
14,0,4
14,1,4
14,2,4
14,3,4
14,4,3
14,5,3
14,6,4
14,7,4
14,8,4
14,9,4
14,10,4
14,11,4
14,12,4
14,13,4
14,14,4
14,15,1
14,16,1
14,17,1
14,18,1
14,19,1
14,20,1
14,21,3
14,22,3
14,23,3
14,24,3
14,25,4
14,26,4
14,27,4
14,28,4
14,29,4
14,30,4
15,0,4
15,1,4
15,2,4
15,3,4
15,4,4
15,5,4
15,6,4
15,7,4
15,8,4
15,9,4
15,10,4
15,11,4
15,12,4
15,13,4
15,14,4
15,15,4
15,16,4
15,17,4
15,18,1
15,19,1
15,20,3
15,21,3
15,22,3
15,23,3
15,24,3
15,25,4
15,26,4
15,27,4
15,28,4
15,29,3
15,30,3
16,0,4
16,1,4
16,2,4
16,3,4
16,4,4
16,5,4
16,6,4
16,7,4
16,8,4
16,9,4
16,10,4
16,11,4
16,12,4
16,13,4
16,14,4
16,15,4
16,16,4
16,17,4
16,18,4
16,19,4
16,20,3
16,21,3
16,22,3
16,23,3
16,24,3
16,25,3
16,26,4
16,27,4
16,28,3
16,29,3
16,30,3
17,0,4
17,1,4
17,2,4
17,3,1
17,4,1
17,5,4
17,6,4
17,7,3
17,8,3
17,9,4
17,10,4
17,11,4
17,12,4
17,13,2
17,14,2
17,15,4
17,16,4
17,17,4
17,18,4
17,19,4
17,20,4
17,21,3
17,22,3
17,23,3
17,24,3
17,25,3
17,26,2
17,27,2
17,28,3
17,29,3
17,30,3
18,0,1
18,1,1
18,2,1
18,3,1
18,4,1
18,5,1
18,6,3
18,7,3
18,8,3
18,9,3
18,10,4
18,11,4
18,12,2
18,13,2
18,14,2
18,15,2
18,16,4
18,17,4
18,18,4
18,19,4
18,20,4
18,21,4
18,22,4
18,23,3
18,24,3
18,25,2
18,26,2
18,27,2
18,28,2
18,29,3
18,30,3
19,0,1
19,1,1
19,2,1
19,3,1
19,4,1
19,5,1
19,6,3
19,7,3
19,8,3
19,9,3
19,10,3
19,11,2
19,12,2
19,13,2
19,14,2
19,15,2
19,16,4
19,17,4
19,18,4
19,19,4
19,20,4
19,21,4
19,22,4
19,23,4
19,24,4
19,25,2
19,26,2
19,27,2
19,28,2
19,29,2
19,30,2
20,0,1
20,1,1
20,2,1
20,3,1
20,4,1
20,5,3
20,6,3
20,7,3
20,8,3
20,9,3
20,10,3
20,11,2
20,12,2
20,13,2
20,14,2
20,15,4
20,16,4
20,17,4
20,18,4
20,19,4
20,20,4
20,21,4
20,22,4
20,23,4
20,24,4
20,25,4
20,26,2
20,27,2
20,28,2
20,29,2
20,30,2
21,0,2
21,1,2
21,2,1
21,3,1
21,4,3
21,5,3
21,6,3
21,7,3
21,8,3
21,9,3
21,10,3
21,11,3
21,12,2
21,13,2
21,14,4
21,15,4
21,16,4
21,17,4
21,18,4
21,19,4
21,20,4
21,21,4
21,22,4
21,23,4
21,24,4
21,25,4
21,26,4
21,27,4
21,28,4
21,29,4
21,30,4
22,0,2
22,1,2
22,2,2
22,3,2
22,4,3
22,5,3
22,6,3
22,7,3
22,8,3
22,9,3
22,10,3
22,11,3
22,12,1
22,13,1
22,14,4
22,15,4
22,16,4
22,17,4
22,18,4
22,19,4
22,20,4
22,21,4
22,22,4
22,23,4
22,24,4
22,25,4
22,26,4
22,27,4
22,28,4
22,29,4
22,30,4
23,0,2
23,1,2
23,2,2
23,3,2
23,4,2
23,5,3
23,6,3
23,7,3
23,8,3
23,9,3
23,10,3
23,11,1
23,12,1
23,13,1
23,14,1
23,15,4
23,16,4
23,17,4
23,18,4
23,19,4
23,20,4
23,21,4
23,22,1
23,23,1
23,24,4
23,25,4
23,26,3
23,27,3
23,28,3
23,29,3
23,30,3
24,0,2
24,1,2
24,2,2
24,3,2
24,4,2
24,5,3
24,6,3
24,7,3
24,8,3
24,9,3
24,10,1
24,11,1
24,12,1
24,13,1
24,14,1
24,15,4
24,16,4
24,17,4
24,18,4
24,19,4
24,20,4
24,21,1
24,22,1
24,23,1
24,24,1
24,25,3
24,26,3
24,27,3
24,28,3
24,29,3
24,30,3
25,0,4
25,1,4
25,2,2
25,3,2
25,4,3
25,5,3
25,6,3
25,7,3
25,8,4
25,9,4
25,10,1
25,11,1
25,12,1
25,13,1
25,14,1
25,15,4
25,16,4
25,17,4
25,18,4
25,19,4
25,20,4
25,21,1
25,22,1
25,23,1
25,24,1
25,25,3
25,26,3
25,27,3
25,28,4
25,29,4
25,30,4
26,0,4
26,1,4
26,2,4
26,3,4
26,4,3
26,5,3
26,6,3
26,7,4
26,8,4
26,9,4
26,10,4
26,11,1
26,12,1
26,13,1
26,14,2
26,15,2
26,16,4
26,17,4
26,18,4
26,19,4
26,20,4
26,21,4
26,22,1
26,23,1
26,24,3
26,25,3
26,26,3
26,27,4
26,28,4
26,29,4
26,30,4
27,0,4
27,1,4
27,2,4
27,3,4
27,4,4
27,5,3
27,6,3
27,7,4
27,8,4
27,9,4
27,10,4
27,11,1
27,12,1
27,13,2
27,14,2
27,15,2
27,16,2
27,17,4
27,18,4
27,19,4
27,20,4
27,21,4
27,22,3
27,23,3
27,24,3
27,25,3
27,26,3
27,27,4
27,28,4
27,29,4
27,30,4
28,0,3
28,1,3
28,2,4
28,3,4
28,4,4
28,5,3
28,6,3
28,7,4
28,8,4
28,9,4
28,10,1
28,11,1
28,12,1
28,13,2
28,14,2
28,15,2
28,16,2
28,17,3
28,18,3
28,19,4
28,20,4
28,21,3
28,22,3
28,23,3
28,24,3
28,25,3
28,26,3
28,27,3
28,28,4
28,29,4
28,30,4
29,0,3
29,1,3
29,2,3
29,3,4
29,4,4
29,5,3
29,6,3
29,7,4
29,8,4
29,9,4
29,10,1
29,11,1
29,12,1
29,13,2
29,14,2
29,15,2
29,16,3
29,17,3
29,18,3
29,19,3
29,20,3
29,21,3
29,22,3
29,23,3
29,24,3
29,25,3
29,26,3
29,27,3
29,28,3
29,29,4
29,30,4
30,0,3
30,1,3
30,2,3
30,3,4
30,4,4
30,5,3
30,6,3
30,7,4
30,8,4
30,9,4
30,10,1
30,11,1
30,12,1
30,13,2
30,14,2
30,15,2
30,16,3
30,17,3
30,18,3
30,19,3
30,20,3
30,21,3
30,22,3
30,23,3
30,24,3
30,25,3
30,26,3
30,27,3
30,28,3
30,29,4
30,30,4