6
9
8
5
2,17
12,7
12,17
22,7
22,17
22,27
4,5,2
2,5,2
2,4,2
3,4,2
0,2,2
0,1,2
1,2,2
2,3,1
1,3,1
0,0,1
0,1,1
0,2,1
0,3,1
0,4,1
0,5,4
0,6,4
0,7,3
0,8,3
0,9,3
0,10,3
0,11,4
0,12,4
0,13,4
0,14,4
0,15,4
0,16,4
0,17,4
0,18,4
0,19,4
0,20,4
0,21,4
0,22,4
0,23,1
0,24,1
0,25,1
0,26,1
0,27,2
0,28,2
0,29,2
0,30,2
1,0,1
1,1,1
1,2,1
1,3,1
1,4,1
1,5,4
1,6,4
1,7,3
1,8,3
1,9,3
1,10,3
1,11,4
1,12,4
1,13,4
1,14,4
1,15,4
1,16,4
1,17,4
1,18,4
1,19,4
1,20,4
1,21,4
1,22,4
1,23,1
1,24,1
1,25,1
1,26,1
1,27,2
1,28,2
1,29,2
1,30,2
2,0,1
2,1,1
2,2,1
2,3,1
2,4,4
2,5,4
2,6,4
2,7,4
2,8,3
2,9,3
2,10,1
2,11,1
2,12,4
2,13,4
2,14,4
2,15,4
2,16,4
2,17,4
2,18,4
2,19,4
2,20,4
2,21,4
2,22,4
2,23,4
2,24,1
2,25,1
2,26,3
2,27,3
2,28,2
2,29,2
2,30,2
3,0,1
3,1,1
3,2,3
3,3,3
3,4,4
3,5,4
3,6,4
3,7,4
3,8,4
3,9,1
3,10,1
3,11,1
3,12,1
3,13,4
3,14,4
3,15,4
3,16,4
3,17,4
3,18,4
3,19,4
3,20,4
3,21,4
3,22,4
3,23,4
3,24,4
3,25,3
3,26,3
3,27,3
3,28,3
3,29,3
3,30,3
4,0,3
4,1,3
4,2,3
4,3,3
4,4,3
4,5,4
4,6,4
4,7,4
4,8,4
4,9,1
4,10,1
4,11,1
4,12,1
4,13,3
4,14,3
4,15,4
4,16,4
4,17,4
4,18,4
4,19,4
4,20,4
4,21,4
4,22,4
4,23,4
4,24,4
4,25,3
4,26,3
4,27,3
4,28,3
4,29,3
4,30,3
5,0,3
5,1,3
5,2,3
5,3,3
5,4,3
5,5,4
5,6,4
5,7,4
5,8,4
5,9,1
5,10,1
5,11,1
5,12,3
5,13,3
5,14,3
5,15,3
5,16,3
5,17,3
5,18,3
5,19,4
5,20,4
5,21,4
5,22,4
5,23,4
5,24,4
5,25,3
5,26,3
5,27,3
5,28,3
5,29,3
5,30,3
6,0,2
6,1,2
6,2,3
6,3,3
6,4,1
6,5,1
6,6,4
6,7,4
6,8,4
6,9,1
6,10,1
6,11,1
6,12,3
6,13,3
6,14,3
6,15,3
6,16,3
6,17,3
6,18,3
6,19,3
6,20,4
6,21,4
6,22,4
6,23,4
6,24,1
6,25,1
6,26,3
6,27,3
6,28,1
6,29,1
6,30,1
7,0,2
7,1,2
7,2,2
7,3,1
7,4,1
7,5,1
7,6,1
7,7,4
7,8,4
7,9,1
7,10,1
7,11,1
7,12,1
7,13,3
7,14,3
7,15,1
7,16,1
7,17,3
7,18,3
7,19,3
7,20,3
7,21,4
7,22,4
7,23,1
7,24,1
7,25,1
7,26,1
7,27,1
7,28,1
7,29,1
7,30,1
8,0,2
8,1,2
8,2,2
8,3,1
8,4,1
8,5,1
8,6,1
8,7,4
8,8,4
8,9,4
8,10,1
8,11,1
8,12,1
8,13,1
8,14,1
8,15,1
8,16,1
8,17,1
8,18,3
8,19,3
8,20,3
8,21,3
8,22,1
8,23,1
8,24,1
8,25,1
8,26,1
8,27,1
8,28,1
8,29,1
8,30,1
9,0,2
9,1,2
9,2,3
9,3,3
9,4,1
9,5,1
9,6,4
9,7,4
9,8,4
9,9,4
9,10,4
9,11,1
9,12,1
9,13,1
9,14,1
9,15,1
9,16,1
9,17,1
9,18,1
9,19,3
9,20,3
9,21,3
9,22,1
9,23,1
9,24,1
9,25,1
9,26,4
9,27,4
9,28,4
9,29,1
9,30,1
10,0,3
10,1,3
10,2,3
10,3,3
10,4,3
10,5,4
10,6,4
10,7,4
10,8,4
10,9,4
10,10,4
10,11,4
10,12,1
10,13,1
10,14,1
10,15,1
10,16,1
10,17,1
10,18,1
10,19,1
10,20,3
10,21,3
10,22,3
10,23,1
10,24,1
10,25,4
10,26,4
10,27,4
10,28,4
10,29,4
10,30,4
11,0,3
11,1,3
11,2,3
11,3,3
11,4,3
11,5,4
11,6,4
11,7,4
11,8,4
11,9,4
11,10,4
11,11,4
11,12,3
11,13,3
11,14,1
11,15,1
11,16,1
11,17,1
11,18,1
11,19,1
11,20,3
11,21,3
11,22,3
11,23,3
11,24,4
11,25,4
11,26,4
11,27,4
11,28,4
11,29,4
11,30,4
12,0,3
12,1,3
12,2,3
12,3,3
12,4,4
12,5,4
12,6,4
12,7,4
12,8,4
12,9,4
12,10,4
12,11,3
12,12,3
12,13,3
12,14,3
12,15,1
12,16,1
12,17,1
12,18,1
12,19,1
12,20,3
12,21,3
12,22,3
12,23,3
12,24,4
12,25,4
12,26,4
12,27,4
12,28,4
12,29,2
12,30,2
13,0,1
13,1,1
13,2,1
13,3,1
13,4,4
13,5,4
13,6,4
13,7,4
13,8,4
13,9,4
13,10,4
13,11,3
13,12,3
13,13,3
13,14,3
13,15,1
13,16,1
13,17,1
13,18,1
13,19,1
13,20,1
13,21,3
13,22,3
13,23,4
13,24,4
13,25,4
13,26,4
13,27,4
13,28,2
13,29,2
13,30,2
14,0,1
14,1,1
14,2,1
14,3,1
14,4,1
14,5,4
14,6,4
14,7,4
14,8,4
14,9,4
14,10,1
14,11,1
14,12,3
14,13,3
14,14,1
14,15,1
14,16,1
14,17,1
14,18,1
14,19,1
14,20,1
14,21,1
14,22,4
14,23,4
14,24,4
14,25,4
14,26,4
14,27,4
14,28,2
14,29,2
14,30,2
15,0,3
15,1,3
15,2,1
15,3,1
15,4,1
15,5,1
15,6,4
15,7,4
15,8,1
15,9,1
15,10,1
15,11,1
15,12,1
15,13,1
15,14,1
15,15,1
15,16,1
15,17,1
15,18,1
15,19,1
15,20,1
15,21,1
15,22,4
15,23,4
15,24,4
15,25,4
15,26,4
15,27,4
15,28,4
15,29,2
15,30,2
16,0,3
16,1,3
16,2,3
16,3,1
16,4,1
16,5,1
16,6,1
16,7,1
16,8,1
16,9,1
16,10,1
16,11,1
16,12,1
16,13,1
16,14,1
16,15,1
16,16,1
16,17,4
16,18,4
16,19,1
16,20,1
16,21,3
16,22,3
16,23,4
16,24,4
16,25,4
16,26,4
16,27,4
16,28,4
16,29,1
16,30,1
17,0,3
17,1,3
17,2,3
17,3,1
17,4,1
17,5,1
17,6,1
17,7,1
17,8,1
17,9,1
17,10,4
17,11,4
17,12,4
17,13,4
17,14,4
17,15,4
17,16,4
17,17,4
17,18,4
17,19,4
17,20,3
17,21,3
17,22,3
17,23,3
17,24,3
17,25,4
17,26,4
17,27,4
17,28,1
17,29,1
17,30,1
18,0,3
18,1,3
18,2,4
18,3,4
18,4,1
18,5,1
18,6,1
18,7,1
18,8,1
18,9,4
18,10,4
18,11,4
18,12,4
18,13,4
18,14,4
18,15,4
18,16,4
18,17,4
18,18,4
18,19,4
18,20,3
18,21,3
18,22,3
18,23,3
18,24,3
18,25,3
18,26,4
18,27,4
18,28,1
18,29,1
18,30,1
19,0,4
19,1,4
19,2,4
19,3,4
19,4,4
19,5,4
19,6,1
19,7,1
19,8,4
19,9,4
19,10,4
19,11,4
19,12,4
19,13,4
19,14,4
19,15,4
19,16,4
19,17,4
19,18,4
19,19,4
19,20,4
19,21,3
19,22,3
19,23,3
19,24,3
19,25,3
19,26,4
19,27,4
19,28,4
19,29,1
19,30,1
20,0,4
20,1,4
20,2,4
20,3,4
20,4,4
20,5,4
20,6,4
20,7,4
20,8,4
20,9,4
20,10,4
20,11,2
20,12,2
20,13,2
20,14,4
20,15,4
20,16,4
20,17,4
20,18,4
20,19,4
20,20,4
20,21,2
20,22,2
20,23,3
20,24,3
20,25,4
20,26,4
20,27,4
20,28,4
20,29,4
20,30,4
21,0,2
21,1,2
21,2,2
21,3,2
21,4,4
21,5,4
21,6,4
21,7,4
21,8,4
21,9,4
21,10,2
21,11,2
21,12,2
21,13,2
21,14,2
21,15,4
21,16,4
21,17,4
21,18,4
21,19,4
21,20,2
21,21,2
21,22,2
21,23,2
21,24,4
21,25,4
21,26,4
21,27,4
21,28,4
21,29,4
21,30,4
22,0,2
22,1,2
22,2,2
22,3,2
22,4,2
22,5,4
22,6,4
22,7,4
22,8,4
22,9,4
22,10,2
22,11,2
22,12,2
22,13,2
22,14,2
22,15,4
22,16,4
22,17,4
22,18,4
22,19,4
22,20,2
22,21,2
22,22,2
22,23,2
22,24,4
22,25,4
22,26,4
22,27,4
22,28,4
22,29,4
22,30,4
23,0,2
23,1,2
23,2,2
23,3,2
23,4,2
23,5,4
23,6,4
23,7,4
23,8,4
23,9,4
23,10,4
23,11,2
23,12,2
23,13,2
23,14,4
23,15,4
23,16,4
23,17,4
23,18,4
23,19,4
23,20,4
23,21,2
23,22,2
23,23,4
23,24,4
23,25,4
23,26,4
23,27,4
23,28,4
23,29,4
23,30,4
24,0,2
24,1,2
24,2,2
24,3,2
24,4,2
24,5,4
24,6,4
24,7,4
24,8,4
24,9,4
24,10,4
24,11,4
24,12,4
24,13,4
24,14,4
24,15,4
24,16,4
24,17,4
24,18,4
24,19,4
24,20,4
24,21,3
24,22,3
24,23,4
24,24,4
24,25,4
24,26,4
24,27,4
24,28,4
24,29,4
24,30,4
25,0,3
25,1,3
25,2,2
25,3,2
25,4,3
25,5,3
25,6,4
25,7,4
25,8,4
25,9,4
25,10,4
25,11,4
25,12,4
25,13,4
25,14,4
25,15,4
25,16,4
25,17,4
25,18,4
25,19,4
25,20,3
25,21,3
25,22,3
25,23,3
25,24,4
25,25,4
25,26,4
25,27,4
25,28,4
25,29,4
25,30,4
26,0,3
26,1,3
26,2,3
26,3,3
26,4,3
26,5,3
26,6,3
26,7,3
26,8,3
26,9,3
26,10,3
26,11,4
26,12,4
26,13,2
26,14,2
26,15,4
26,16,4
26,17,3
26,18,3
26,19,3
26,20,3
26,21,3
26,22,3
26,23,3
26,24,3
26,25,3
26,26,3
26,27,3
26,28,3
26,29,3
26,30,3
27,0,3
27,1,3
27,2,3
27,3,3
27,4,3
27,5,3
27,6,3
27,7,3
27,8,3
27,9,3
27,10,3
27,11,3
27,12,2
27,13,2
27,14,2
27,15,2
27,16,3
27,17,3
27,18,3
27,19,3
27,20,3
27,21,3
27,22,3
27,23,3
27,24,3
27,25,3
27,26,3
27,27,3
27,28,3
27,29,3
27,30,3
28,0,3
28,1,3
28,2,3
28,3,4
28,4,4
28,5,4
28,6,4
28,7,4
28,8,3
28,9,3
28,10,3
28,11,3
28,12,2
28,13,2
28,14,2
28,15,2
28,16,3
28,17,3
28,18,3
28,19,1
28,20,1
28,21,1
28,22,1
28,23,3
28,24,3
28,25,4
28,26,4
28,27,4
28,28,3
28,29,3
28,30,3
29,0,3
29,1,3
29,2,4
29,3,4
29,4,4
29,5,4
29,6,4
29,7,4
29,8,4
29,9,3
29,10,3
29,11,3
29,12,3
29,13,2
29,14,2
29,15,3
29,16,3
29,17,3
29,18,1
29,19,1
29,20,1
29,21,1
29,22,1
29,23,1
29,24,4
29,25,4
29,26,4
29,27,4
29,28,4
29,29,3
29,30,3
30,0,3
30,1,3
30,2,4
30,3,4
30,4,4
30,5,4
30,6,4
30,7,4
30,8,4
30,9,3
30,10,3
30,11,3
30,12,3
30,13,2
30,14,2
30,15,3
30,16,3
30,17,3
30,18,1
30,19,1
30,20,1
30,21,1
30,22,1
30,23,1
30,24,4
30,25,4
30,26,4
30,27,4
30,28,4
30,29,3
30,30,3