5
7
5
0
2,7
2,27
12,17
12,27
22,7
0,1,1
0,2,2
0,4,2
1,3,1
1,2,1
2,3,2
2,4,2
0,0,3
0,1,3
0,2,3
0,3,4
0,4,4
0,5,4
0,6,4
0,7,4
0,8,4
0,9,4
0,10,4
0,11,3
0,12,3
0,13,2
0,14,2
0,15,2
0,16,2
0,17,1
0,18,1
0,19,1
0,20,1
0,21,1
0,22,1
0,23,2
0,24,2
0,25,4
0,26,4
0,27,4
0,28,4
0,29,4
0,30,4
1,0,3
1,1,3
1,2,3
1,3,4
1,4,4
1,5,4
1,6,4
1,7,4
1,8,4
1,9,4
1,10,4
1,11,3
1,12,3
1,13,2
1,14,2
1,15,2
1,16,2
1,17,1
1,18,1
1,19,1
1,20,1
1,21,1
1,22,1
1,23,2
1,24,2
1,25,4
1,26,4
1,27,4
1,28,4
1,29,4
1,30,4
2,0,3
2,1,3
2,2,4
2,3,4
2,4,4
2,5,4
2,6,4
2,7,4
2,8,4
2,9,4
2,10,3
2,11,3
2,12,3
2,13,3
2,14,2
2,15,2
2,16,2
2,17,1
2,18,1
2,19,1
2,20,1
2,21,1
2,22,2
2,23,2
2,24,2
2,25,4
2,26,4
2,27,4
2,28,4
2,29,4
2,30,4
3,0,4
3,1,4
3,2,4
3,3,4
3,4,4
3,5,4
3,6,4
3,7,4
3,8,4
3,9,4
3,10,3
3,11,3
3,12,3
3,13,3
3,14,3
3,15,2
3,16,2
3,17,2
3,18,1
3,19,1
3,20,1
3,21,2
3,22,2
3,23,2
3,24,2
3,25,4
3,26,4
3,27,4
3,28,4
3,29,4
3,30,4
4,0,4
4,1,4
4,2,4
4,3,4
4,4,4
4,5,4
4,6,4
4,7,4
4,8,4
4,9,4
4,10,3
4,11,3
4,12,3
4,13,3
4,14,3
4,15,2
4,16,2
4,17,2
4,18,2
4,19,2
4,20,2
4,21,2
4,22,2
4,23,2
4,24,4
4,25,4
4,26,4
4,27,4
4,28,4
4,29,4
4,30,4
5,0,4
5,1,4
5,2,4
5,3,4
5,4,4
5,5,4
5,6,4
5,7,4
5,8,4
5,9,3
5,10,3
5,11,3
5,12,3
5,13,3
5,14,4
5,15,4
5,16,2
5,17,2
5,18,2
5,19,2
5,20,2
5,21,2
5,22,2
5,23,2
5,24,4
5,25,4
5,26,4
5,27,4
5,28,4
5,29,4
5,30,4
6,0,2
6,1,2
6,2,2
6,3,2
6,4,4
6,5,4
6,6,4
6,7,4
6,8,3
6,9,3
6,10,3
6,11,3
6,12,4
6,13,4
6,14,4
6,15,4
6,16,4
6,17,2
6,18,2
6,19,1
6,20,1
6,21,2
6,22,2
6,23,2
6,24,2
6,25,4
6,26,4
6,27,4
6,28,4
6,29,4
6,30,4
7,0,2
7,1,2
7,2,2
7,3,2
7,4,2
7,5,2
7,6,2
7,7,2
7,8,3
7,9,3
7,10,3
7,11,4
7,12,4
7,13,4
7,14,4
7,15,4
7,16,4
7,17,4
7,18,1
7,19,1
7,20,1
7,21,1
7,22,2
7,23,2
7,24,2
7,25,2
7,26,4
7,27,4
7,28,4
7,29,4
7,30,4
8,0,2
8,1,2
8,2,2
8,3,2
8,4,2
8,5,2
8,6,2
8,7,2
8,8,2
8,9,3
8,10,3
8,11,4
8,12,4
8,13,4
8,14,4
8,15,4
8,16,4
8,17,4
8,18,1
8,19,1
8,20,1
8,21,1
8,22,2
8,23,2
8,24,2
8,25,2
8,26,4
8,27,4
8,28,4
8,29,4
8,30,4
9,0,2
9,1,2
9,2,3
9,3,3
9,4,2
9,5,2
9,6,2
9,7,2
9,8,2
9,9,3
9,10,3
9,11,3
9,12,4
9,13,4
9,14,4
9,15,4
9,16,4
9,17,3
9,18,3
9,19,1
9,20,1
9,21,3
9,22,3
9,23,2
9,24,2
9,25,1
9,26,1
9,27,4
9,28,4
9,29,4
9,30,4
10,0,3
10,1,3
10,2,3
10,3,3
10,4,3
10,5,2
10,6,2
10,7,2
10,8,2
10,9,3
10,10,3
10,11,3
10,12,3
10,13,4
10,14,4
10,15,3
10,16,3
10,17,3
10,18,3
10,19,3
10,20,3
10,21,3
10,22,3
10,23,3
10,24,1
10,25,1
10,26,1
10,27,1
10,28,1
10,29,1
10,30,1
11,0,3
11,1,3
11,2,3
11,3,3
11,4,3
11,5,3
11,6,2
11,7,2
11,8,4
11,9,4
11,10,3
11,11,3
11,12,3
11,13,3
11,14,3
11,15,3
11,16,3
11,17,3
11,18,3
11,19,3
11,20,3
11,21,3
11,22,3
11,23,3
11,24,1
11,25,1
11,26,1
11,27,1
11,28,1
11,29,1
11,30,1
12,0,4
12,1,4
12,2,3
12,3,3
12,4,3
12,5,3
12,6,4
12,7,4
12,8,4
12,9,4
12,10,4
12,11,3
12,12,3
12,13,3
12,14,3
12,15,3
12,16,3
12,17,3
12,18,3
12,19,3
12,20,3
12,21,3
12,22,3
12,23,1
12,24,1
12,25,1
12,26,1
12,27,1
12,28,1
12,29,1
12,30,1
13,0,4
13,1,4
13,2,4
13,3,3
13,4,3
13,5,4
13,6,4
13,7,4
13,8,4
13,9,4
13,10,4
13,11,1
13,12,1
13,13,1
13,14,3
13,15,3
13,16,3
13,17,3
13,18,3
13,19,3
13,20,3
13,21,4
13,22,4
13,23,1
13,24,1
13,25,1
13,26,1
13,27,1
13,28,1
13,29,1
13,30,1
14,0,4
14,1,4
14,2,4
14,3,3
14,4,3
14,5,4
14,6,4
14,7,4
14,8,4
14,9,4
14,10,1
14,11,1
14,12,1
14,13,1
14,14,1
14,15,3
14,16,3
14,17,3
14,18,3
14,19,3
14,20,4
14,21,4
14,22,4
14,23,4
14,24,1
14,25,1
14,26,1
14,27,1
14,28,1
14,29,1
14,30,1
15,0,4
15,1,4
15,2,3
15,3,3
15,4,3
15,5,3
15,6,4
15,7,4
15,8,3
15,9,3
15,10,1
15,11,1
15,12,1
15,13,1
15,14,1
15,15,3
15,16,3
15,17,3
15,18,3
15,19,3
15,20,4
15,21,4
15,22,4
15,23,4
15,24,4
15,25,4
15,26,4
15,27,4
15,28,4
15,29,4
15,30,4
16,0,3
16,1,3
16,2,3
16,3,3
16,4,3
16,5,3
16,6,3
16,7,3
16,8,3
16,9,3
16,10,3
16,11,1
16,12,1
16,13,1
16,14,1
16,15,1
16,16,3
16,17,3
16,18,3
16,19,3
16,20,4
16,21,4
16,22,4
16,23,4
16,24,4
16,25,4
16,26,4
16,27,4
16,28,4
16,29,4
16,30,4
17,0,3
17,1,3
17,2,3
17,3,3
17,4,3
17,5,3
17,6,3
17,7,3
17,8,3
17,9,3
17,10,3
17,11,4
17,12,4
17,13,1
17,14,1
17,15,1
17,16,3
17,17,3
17,18,3
17,19,3
17,20,3
17,21,4
17,22,4
17,23,3
17,24,3
17,25,3
17,26,4
17,27,4
17,28,2
17,29,2
17,30,2
18,0,4
18,1,4
18,2,4
18,3,4
18,4,3
18,5,3
18,6,3
18,7,3
18,8,3
18,9,3
18,10,4
18,11,4
18,12,4
18,13,4
18,14,1
18,15,1
18,16,1
18,17,3
18,18,3
18,19,3
18,20,3
18,21,3
18,22,3
18,23,3
18,24,3
18,25,3
18,26,3
18,27,2
18,28,2
18,29,2
18,30,2
19,0,4
19,1,4
19,2,4
19,3,4
19,4,4
19,5,4
19,6,4
19,7,3
19,8,3
19,9,4
19,10,4
19,11,4
19,12,4
19,13,4
19,14,1
19,15,1
19,16,1
19,17,1
19,18,3
19,19,3
19,20,3
19,21,3
19,22,3
19,23,3
19,24,3
19,25,3
19,26,3
19,27,2
19,28,2
19,29,2
19,30,2
20,0,4
20,1,4
20,2,4
20,3,4
20,4,4
20,5,4
20,6,4
20,7,4
20,8,4
20,9,4
20,10,4
20,11,4
20,12,4
20,13,4
20,14,1
20,15,1
20,16,1
20,17,1
20,18,2
20,19,2
20,20,3
20,21,3
20,22,1
20,23,1
20,24,3
20,25,3
20,26,1
20,27,1
20,28,2
20,29,2
20,30,2
21,0,4
21,1,4
21,2,4
21,3,4
21,4,4
21,5,4
21,6,4
21,7,4
21,8,4
21,9,4
21,10,4
21,11,4
21,12,4
21,13,4
21,14,4
21,15,1
21,16,1
21,17,2
21,18,2
21,19,2
21,20,2
21,21,1
21,22,1
21,23,1
21,24,1
21,25,1
21,26,1
21,27,1
21,28,1
21,29,1
21,30,1
22,0,1
22,1,1
22,2,4
22,3,4
22,4,4
22,5,4
22,6,4
22,7,4
22,8,4
22,9,4
22,10,4
22,11,4
22,12,4
22,13,4
22,14,4
22,15,2
22,16,2
22,17,2
22,18,2
22,19,2
22,20,2
22,21,1
22,22,1
22,23,1
22,24,1
22,25,1
22,26,1
22,27,1
22,28,1
22,29,1
22,30,1
23,0,1
23,1,1
23,2,1
23,3,4
23,4,4
23,5,4
23,6,4
23,7,4
23,8,4
23,9,4
23,10,4
23,11,4
23,12,4
23,13,4
23,14,2
23,15,2
23,16,2
23,17,2
23,18,2
23,19,2
23,20,2
23,21,2
23,22,1
23,23,1
23,24,3
23,25,3
23,26,3
23,27,3
23,28,3
23,29,3
23,30,3
24,0,1
24,1,1
24,2,1
24,3,2
24,4,2
24,5,4
24,6,4
24,7,4
24,8,4
24,9,4
24,10,2
24,11,2
24,12,2
24,13,2
24,14,2
24,15,2
24,16,2
24,17,2
24,18,2
24,19,2
24,20,2
24,21,2
24,22,3
24,23,3
24,24,3
24,25,3
24,26,3
24,27,3
24,28,3
24,29,3
24,30,3
25,0,1
25,1,1
25,2,2
25,3,2
25,4,2
25,5,2
25,6,4
25,7,4
25,8,4
25,9,2
25,10,2
25,11,2
25,12,2
25,13,2
25,14,2
25,15,2
25,16,2
25,17,1
25,18,1
25,19,2
25,20,2
25,21,3
25,22,3
25,23,3
25,24,3
25,25,3
25,26,3
25,27,1
25,28,1
25,29,3
25,30,3
26,0,1
26,1,1
26,2,2
26,3,2
26,4,2
26,5,2
26,6,2
26,7,2
26,8,2
26,9,2
26,10,2
26,11,2
26,12,1
26,13,1
26,14,1
26,15,1
26,16,1
26,17,1
26,18,1
26,19,1
26,20,1
26,21,3
26,22,3
26,23,3
26,24,3
26,25,1
26,26,1
26,27,1
26,28,1
26,29,1
26,30,1
27,0,1
27,1,1
27,2,1
27,3,2
27,4,2
27,5,2
27,6,2
27,7,2
27,8,2
27,9,2
27,10,2
27,11,1
27,12,1
27,13,1
27,14,1
27,15,1
27,16,1
27,17,1
27,18,1
27,19,1
27,20,1
27,21,1
27,22,3
27,23,3
27,24,1
27,25,1
27,26,1
27,27,1
27,28,1
27,29,1
27,30,1
28,0,1
28,1,1
28,2,1
28,3,4
28,4,4
28,5,4
28,6,4
28,7,2
28,8,2
28,9,1
28,10,1
28,11,1
28,12,1
28,13,1
28,14,4
28,15,4
28,16,4
28,17,4
28,18,1
28,19,1
28,20,1
28,21,1
28,22,4
28,23,4
28,24,1
28,25,1
28,26,1
28,27,1
28,28,1
28,29,3
28,30,3
29,0,1
29,1,1
29,2,4
29,3,4
29,4,4
29,5,4
29,6,4
29,7,4
29,8,1
29,9,1
29,10,1
29,11,1
29,12,1
29,13,4
29,14,4
29,15,4
29,16,4
29,17,4
29,18,4
29,19,1
29,20,1
29,21,4
29,22,4
29,23,4
29,24,4
29,25,1
29,26,1
29,27,1
29,28,3
29,29,3
29,30,3
30,0,1
30,1,1
30,2,4
30,3,4
30,4,4
30,5,4
30,6,4
30,7,4
30,8,1
30,9,1
30,10,1
30,11,1
30,12,1
30,13,4
30,14,4
30,15,4
30,16,4
30,17,4
30,18,4
30,19,1
30,20,1
30,21,4
30,22,4
30,23,4
30,24,4
30,25,1
30,26,1
30,27,1
30,28,3
30,29,3
30,30,3