5
7
4
1
2,7
12,7
12,17
22,7
22,27
1,3,1
1,2,1
0,1,2
2,3,2
3,4,2
2,4,1
0,2,1
0,0,4
0,1,4
0,2,4
0,3,2
0,4,2
0,5,4
0,6,4
0,7,4
0,8,4
0,9,4
0,10,2
0,11,2
0,12,4
0,13,4
0,14,2
0,15,2
0,16,2
0,17,2
0,18,2
0,19,3
0,20,3
0,21,3
0,22,3
0,23,3
0,24,3
0,25,3
0,26,1
0,27,1
0,28,1
0,29,1
0,30,1
1,0,4
1,1,4
1,2,4
1,3,2
1,4,2
1,5,4
1,6,4
1,7,4
1,8,4
1,9,4
1,10,2
1,11,2
1,12,4
1,13,4
1,14,2
1,15,2
1,16,2
1,17,2
1,18,2
1,19,3
1,20,3
1,21,3
1,22,3
1,23,3
1,24,3
1,25,3
1,26,1
1,27,1
1,28,1
1,29,1
1,30,1
2,0,4
2,1,4
2,2,4
2,3,2
2,4,2
2,5,4
2,6,4
2,7,4
2,8,4
2,9,4
2,10,2
2,11,2
2,12,4
2,13,4
2,14,2
2,15,2
2,16,2
2,17,2
2,18,2
2,19,3
2,20,3
2,21,3
2,22,3
2,23,3
2,24,3
2,25,4
2,26,4
2,27,1
2,28,1
2,29,4
2,30,4
3,0,4
3,1,4
3,2,4
3,3,2
3,4,2
3,5,4
3,6,4
3,7,4
3,8,4
3,9,4
3,10,2
3,11,2
3,12,4
3,13,4
3,14,4
3,15,2
3,16,2
3,17,2
3,18,4
3,19,4
3,20,3
3,21,3
3,22,3
3,23,4
3,24,4
3,25,4
3,26,4
3,27,4
3,28,4
3,29,4
3,30,4
4,0,4
4,1,4
4,2,2
4,3,2
4,4,2
4,5,4
4,6,4
4,7,4
4,8,4
4,9,4
4,10,2
4,11,2
4,12,4
4,13,4
4,14,4
4,15,4
4,16,4
4,17,4
4,18,4
4,19,4
4,20,4
4,21,4
4,22,4
4,23,4
4,24,4
4,25,4
4,26,4
4,27,4
4,28,4
4,29,4
4,30,4
5,0,4
5,1,4
5,2,2
5,3,2
5,4,2
5,5,2
5,6,4
5,7,4
5,8,4
5,9,4
5,10,2
5,11,2
5,12,4
5,13,4
5,14,4
5,15,4
5,16,4
5,17,4
5,18,4
5,19,4
5,20,4
5,21,4
5,22,4
5,23,4
5,24,4
5,25,2
5,26,2
5,27,2
5,28,2
5,29,2
5,30,2
6,0,4
6,1,4
6,2,2
6,3,2
6,4,2
6,5,2
6,6,4
6,7,4
6,8,4
6,9,4
6,10,2
6,11,2
6,12,2
6,13,4
6,14,4
6,15,2
6,16,2
6,17,4
6,18,4
6,19,2
6,20,2
6,21,4
6,22,4
6,23,4
6,24,2
6,25,2
6,26,2
6,27,2
6,28,2
6,29,2
6,30,2
7,0,4
7,1,4
7,2,4
7,3,2
7,4,2
7,5,4
7,6,4
7,7,4
7,8,4
7,9,4
7,10,2
7,11,2
7,12,2
7,13,2
7,14,2
7,15,2
7,16,2
7,17,2
7,18,2
7,19,2
7,20,2
7,21,2
7,22,2
7,23,2
7,24,2
7,25,2
7,26,2
7,27,2
7,28,3
7,29,3
7,30,3
8,0,4
8,1,4
8,2,4
8,3,1
8,4,1
8,5,4
8,6,4
8,7,4
8,8,4
8,9,1
8,10,1
8,11,2
8,12,2
8,13,2
8,14,2
8,15,2
8,16,2
8,17,2
8,18,2
8,19,2
8,20,2
8,21,2
8,22,2
8,23,2
8,24,2
8,25,2
8,26,2
8,27,3
8,28,3
8,29,3
8,30,3
9,0,4
9,1,4
9,2,1
9,3,1
9,4,1
9,5,1
9,6,4
9,7,4
9,8,1
9,9,1
9,10,1
9,11,1
9,12,1
9,13,1
9,14,2
9,15,2
9,16,4
9,17,4
9,18,4
9,19,2
9,20,2
9,21,1
9,22,1
9,23,2
9,24,2
9,25,4
9,26,4
9,27,3
9,28,3
9,29,3
9,30,3
10,0,4
10,1,4
10,2,1
10,3,1
10,4,1
10,5,1
10,6,1
10,7,1
10,8,1
10,9,1
10,10,1
10,11,1
10,12,1
10,13,1
10,14,1
10,15,4
10,16,4
10,17,4
10,18,4
10,19,4
10,20,1
10,21,1
10,22,1
10,23,1
10,24,4
10,25,4
10,26,4
10,27,4
10,28,3
10,29,3
10,30,3
11,0,4
11,1,4
11,2,4
11,3,1
11,4,1
11,5,1
11,6,1
11,7,1
11,8,1
11,9,1
11,10,1
11,11,1
11,12,1
11,13,1
11,14,1
11,15,4
11,16,4
11,17,4
11,18,4
11,19,4
11,20,1
11,21,1
11,22,1
11,23,1
11,24,4
11,25,4
11,26,4
11,27,4
11,28,4
11,29,3
11,30,3
12,0,4
12,1,4
12,2,4
12,3,4
12,4,1
12,5,1
12,6,1
12,7,1
12,8,1
12,9,1
12,10,1
12,11,1
12,12,1
12,13,1
12,14,4
12,15,4
12,16,4
12,17,4
12,18,4
12,19,4
12,20,4
12,21,1
12,22,1
12,23,2
12,24,2
12,25,4
12,26,4
12,27,4
12,28,4
12,29,4
12,30,4
13,0,4
13,1,4
13,2,4
13,3,4
13,4,1
13,5,1
13,6,1
13,7,1
13,8,1
13,9,1
13,10,1
13,11,1
13,12,4
13,13,4
13,14,4
13,15,4
13,16,4
13,17,4
13,18,4
13,19,4
13,20,4
13,21,2
13,22,2
13,23,2
13,24,2
13,25,2
13,26,4
13,27,4
13,28,4
13,29,4
13,30,4
14,0,4
14,1,4
14,2,4
14,3,4
14,4,4
14,5,1
14,6,1
14,7,1
14,8,1
14,9,1
14,10,4
14,11,4
14,12,4
14,13,4
14,14,4
14,15,4
14,16,4
14,17,4
14,18,4
14,19,4
14,20,2
14,21,2
14,22,2
14,23,2
14,24,2
14,25,2
14,26,1
14,27,1
14,28,4
14,29,4
14,30,4
15,0,4
15,1,4
15,2,4
15,3,4
15,4,4
15,5,4
15,6,4
15,7,4
15,8,4
15,9,4
15,10,4
15,11,4
15,12,4
15,13,4
15,14,2
15,15,2
15,16,2
15,17,2
15,18,2
15,19,2
15,20,2
15,21,2
15,22,2
15,23,2
15,24,2
15,25,1
15,26,1
15,27,1
15,28,1
15,29,4
15,30,4
16,0,2
16,1,2
16,2,4
16,3,4
16,4,4
16,5,4
16,6,4
16,7,4
16,8,4
16,9,4
16,10,4
16,11,4
16,12,4
16,13,2
16,14,2
16,15,2
16,16,2
16,17,2
16,18,2
16,19,2
16,20,2
16,21,2
16,22,2
16,23,3
16,24,3
16,25,1
16,26,1
16,27,1
16,28,1
16,29,4
16,30,4
17,0,2
17,1,2
17,2,2
17,3,2
17,4,2
17,5,2
17,6,2
17,7,2
17,8,2
17,9,2
17,10,2
17,11,2
17,12,2
17,13,2
17,14,2
17,15,2
17,16,3
17,17,3
17,18,2
17,19,2
17,20,2
17,21,2
17,22,3
17,23,3
17,24,3
17,25,3
17,26,1
17,27,1
17,28,4
17,29,4
17,30,4
18,0,2
18,1,2
18,2,2
18,3,2
18,4,2
18,5,2
18,6,2
18,7,2
18,8,2
18,9,2
18,10,2
18,11,2
18,12,2
18,13,2
18,14,2
18,15,3
18,16,3
18,17,3
18,18,3
18,19,2
18,20,2
18,21,2
18,22,3
18,23,3
18,24,3
18,25,3
18,26,2
18,27,2
18,28,4
18,29,4
18,30,4
19,0,1
19,1,1
19,2,1
19,3,1
19,4,1
19,5,1
19,6,2
19,7,2
19,8,1
19,9,1
19,10,2
19,11,2
19,12,3
19,13,3
19,14,3
19,15,3
19,16,3
19,17,3
19,18,3
19,19,2
19,20,2
19,21,2
19,22,3
19,23,3
19,24,3
19,25,2
19,26,2
19,27,2
19,28,2
19,29,4
19,30,4
20,0,1
20,1,1
20,2,1
20,3,1
20,4,1
20,5,1
20,6,1
20,7,1
20,8,1
20,9,1
20,10,1
20,11,3
20,12,3
20,13,3
20,14,3
20,15,3
20,16,3
20,17,3
20,18,2
20,19,2
20,20,2
20,21,3
20,22,3
20,23,3
20,24,3
20,25,2
20,26,2
20,27,2
20,28,2
20,29,2
20,30,2
21,0,2
21,1,2
21,2,2
21,3,2
21,4,1
21,5,1
21,6,1
21,7,1
21,8,1
21,9,1
21,10,1
21,11,3
21,12,3
21,13,3
21,14,1
21,15,1
21,16,1
21,17,1
21,18,2
21,19,2
21,20,2
21,21,3
21,22,3
21,23,3
21,24,3
21,25,2
21,26,2
21,27,2
21,28,2
21,29,2
21,30,2
22,0,2
22,1,2
22,2,2
22,3,2
22,4,2
22,5,1
22,6,1
22,7,1
22,8,1
22,9,1
22,10,3
22,11,3
22,12,3
22,13,1
22,14,1
22,15,1
22,16,1
22,17,1
22,18,1
22,19,2
22,20,2
22,21,2
22,22,3
22,23,3
22,24,2
22,25,2
22,26,2
22,27,2
22,28,2
22,29,2
22,30,2
23,0,3
23,1,3
23,2,2
23,3,2
23,4,2
23,5,1
23,6,1
23,7,1
23,8,1
23,9,1
23,10,3
23,11,3
23,12,3
23,13,1
23,14,1
23,15,1
23,16,1
23,17,1
23,18,1
23,19,2
23,20,2
23,21,2
23,22,2
23,23,2
23,24,2
23,25,2
23,26,2
23,27,2
23,28,2
23,29,2
23,30,2
24,0,3
24,1,3
24,2,3
24,3,2
24,4,2
24,5,1
24,6,1
24,7,1
24,8,1
24,9,1
24,10,3
24,11,3
24,12,3
24,13,1
24,14,1
24,15,1
24,16,1
24,17,1
24,18,4
24,19,4
24,20,2
24,21,2
24,22,2
24,23,2
24,24,2
24,25,2
24,26,2
24,27,2
24,28,2
24,29,2
24,30,2
25,0,3
25,1,3
25,2,3
25,3,2
25,4,2
25,5,2
25,6,1
25,7,1
25,8,1
25,9,3
25,10,3
25,11,3
25,12,3
25,13,1
25,14,1
25,15,1
25,16,4
25,17,4
25,18,4
25,19,4
25,20,4
25,21,4
25,22,2
25,23,2
25,24,3
25,25,3
25,26,2
25,27,2
25,28,2
25,29,2
25,30,2
26,0,3
26,1,3
26,2,2
26,3,2
26,4,2
26,5,2
26,6,1
26,7,1
26,8,3
26,9,3
26,10,3
26,11,3
26,12,1
26,13,1
26,14,1
26,15,4
26,16,4
26,17,4
26,18,4
26,19,4
26,20,4
26,21,4
26,22,4
26,23,3
26,24,3
26,25,3
26,26,3
26,27,2
26,28,2
26,29,3
26,30,3
27,0,2
27,1,2
27,2,2
27,3,2
27,4,2
27,5,1
27,6,1
27,7,1
27,8,3
27,9,3
27,10,3
27,11,1
27,12,1
27,13,1
27,14,1
27,15,4
27,16,4
27,17,4
27,18,4
27,19,4
27,20,4
27,21,4
27,22,4
27,23,3
27,24,3
27,25,3
27,26,3
27,27,3
27,28,3
27,29,3
27,30,3
28,0,2
28,1,2
28,2,2
28,3,2
28,4,1
28,5,1
28,6,1
28,7,1
28,8,3
28,9,3
28,10,3
28,11,1
28,12,1
28,13,1
28,14,2
28,15,2
28,16,4
28,17,4
28,18,4
28,19,4
28,20,4
28,21,4
28,22,2
28,23,2
28,24,3
28,25,3
28,26,3
28,27,3
28,28,3
28,29,3
28,30,3
29,0,1
29,1,1
29,2,1
29,3,1
29,4,1
29,5,1
29,6,1
29,7,1
29,8,1
29,9,3
29,10,3
29,11,1
29,12,1
29,13,2
29,14,2
29,15,2
29,16,2
29,17,4
29,18,4
29,19,4
29,20,4
29,21,2
29,22,2
29,23,2
29,24,2
29,25,3
29,26,3
29,27,3
29,28,3
29,29,3
29,30,3
30,0,1
30,1,1
30,2,1
30,3,1
30,4,1
30,5,1
30,6,1
30,7,1
30,8,1
30,9,3
30,10,3
30,11,1
30,12,1
30,13,2
30,14,2
30,15,2
30,16,2
30,17,4
30,18,4
30,19,4
30,20,4
30,21,2
30,22,2
30,23,2
30,24,2
30,25,3
30,26,3
30,27,3
30,28,3
30,29,3
30,30,3