5
7
5
0
2,2
2,12
2,22
12,2
12,22
0,1,2
0,3,1
1,4,2
1,2,1
1,3,1
2,4,2
3,4,4
0,0,4
0,1,4
0,2,4
0,3,4
0,4,4
0,5,4
0,6,4
0,7,4
0,8,1
0,9,1
0,10,1
0,11,1
0,12,1
0,13,1
0,14,1
0,15,4
0,16,4
0,17,4
0,18,4
0,19,4
0,20,4
0,21,4
0,22,4
0,23,4
0,24,4
0,25,3
0,26,3
0,27,1
0,28,1
0,29,1
0,30,1
1,0,4
1,1,4
1,2,4
1,3,4
1,4,4
1,5,4
1,6,4
1,7,4
1,8,1
1,9,1
1,10,1
1,11,1
1,12,1
1,13,1
1,14,1
1,15,4
1,16,4
1,17,4
1,18,4
1,19,4
1,20,4
1,21,4
1,22,4
1,23,4
1,24,4
1,25,3
1,26,3
1,27,1
1,28,1
1,29,1
1,30,1
2,0,4
2,1,4
2,2,4
2,3,4
2,4,4
2,5,4
2,6,4
2,7,4
2,8,4
2,9,1
2,10,1
2,11,1
2,12,1
2,13,1
2,14,1
2,15,4
2,16,4
2,17,4
2,18,4
2,19,4
2,20,4
2,21,4
2,22,4
2,23,4
2,24,4
2,25,3
2,26,3
2,27,3
2,28,1
2,29,1
2,30,1
3,0,4
3,1,4
3,2,4
3,3,4
3,4,4
3,5,4
3,6,4
3,7,4
3,8,4
3,9,4
3,10,1
3,11,1
3,12,1
3,13,1
3,14,1
3,15,4
3,16,4
3,17,4
3,18,4
3,19,4
3,20,4
3,21,4
3,22,4
3,23,4
3,24,4
3,25,3
3,26,3
3,27,3
3,28,3
3,29,3
3,30,3
4,0,4
4,1,4
4,2,4
4,3,4
4,4,4
4,5,4
4,6,4
4,7,4
4,8,4
4,9,4
4,10,1
4,11,1
4,12,1
4,13,1
4,14,1
4,15,4
4,16,4
4,17,4
4,18,4
4,19,4
4,20,4
4,21,4
4,22,4
4,23,4
4,24,4
4,25,3
4,26,3
4,27,3
4,28,3
4,29,3
4,30,3
5,0,4
5,1,4
5,2,4
5,3,4
5,4,4
5,5,4
5,6,4
5,7,4
5,8,4
5,9,4
5,10,1
5,11,1
5,12,1
5,13,1
5,14,3
5,15,3
5,16,4
5,17,4
5,18,3
5,19,3
5,20,4
5,21,4
5,22,4
5,23,4
5,24,4
5,25,3
5,26,3
5,27,3
5,28,3
5,29,3
5,30,3
6,0,4
6,1,4
6,2,4
6,3,4
6,4,1
6,5,1
6,6,4
6,7,4
6,8,4
6,9,4
6,10,1
6,11,1
6,12,1
6,13,3
6,14,3
6,15,3
6,16,3
6,17,3
6,18,3
6,19,3
6,20,3
6,21,4
6,22,4
6,23,4
6,24,4
6,25,3
6,26,3
6,27,3
6,28,3
6,29,3
6,30,3
7,0,4
7,1,4
7,2,4
7,3,1
7,4,1
7,5,1
7,6,1
7,7,4
7,8,4
7,9,1
7,10,1
7,11,1
7,12,1
7,13,3
7,14,3
7,15,3
7,16,3
7,17,3
7,18,3
7,19,3
7,20,3
7,21,4
7,22,4
7,23,4
7,24,4
7,25,4
7,26,3
7,27,3
7,28,3
7,29,3
7,30,3
8,0,4
8,1,4
8,2,4
8,3,1
8,4,1
8,5,1
8,6,1
8,7,1
8,8,1
8,9,1
8,10,1
8,11,1
8,12,1
8,13,1
8,14,3
8,15,3
8,16,4
8,17,4
8,18,3
8,19,3
8,20,2
8,21,2
8,22,4
8,23,4
8,24,4
8,25,4
8,26,2
8,27,2
8,28,3
8,29,3
8,30,3
9,0,4
9,1,4
9,2,4
9,3,4
9,4,1
9,5,1
9,6,1
9,7,1
9,8,1
9,9,1
9,10,1
9,11,1
9,12,1
9,13,1
9,14,1
9,15,4
9,16,4
9,17,4
9,18,4
9,19,2
9,20,2
9,21,2
9,22,2
9,23,4
9,24,4
9,25,2
9,26,2
9,27,2
9,28,2
9,29,3
9,30,3
10,0,4
10,1,4
10,2,4
10,3,4
10,4,4
10,5,4
10,6,1
10,7,1
10,8,1
10,9,1
10,10,3
10,11,3
10,12,1
10,13,1
10,14,1
10,15,4
10,16,4
10,17,4
10,18,4
10,19,2
10,20,2
10,21,2
10,22,2
10,23,2
10,24,2
10,25,2
10,26,2
10,27,2
10,28,2
10,29,3
10,30,3
11,0,4
11,1,4
11,2,4
11,3,4
11,4,4
11,5,4
11,6,4
11,7,1
11,8,1
11,9,3
11,10,3
11,11,3
11,12,3
11,13,1
11,14,1
11,15,1
11,16,4
11,17,4
11,18,2
11,19,2
11,20,2
11,21,2
11,22,2
11,23,2
11,24,2
11,25,2
11,26,2
11,27,2
11,28,3
11,29,3
11,30,3
12,0,4
12,1,4
12,2,4
12,3,4
12,4,4
12,5,4
12,6,4
12,7,2
12,8,2
12,9,3
12,10,3
12,11,3
12,12,3
12,13,1
12,14,1
12,15,1
12,16,4
12,17,4
12,18,2
12,19,2
12,20,2
12,21,2
12,22,2
12,23,2
12,24,2
12,25,2
12,26,1
12,27,1
12,28,3
12,29,3
12,30,3
13,0,4
13,1,4
13,2,4
13,3,4
13,4,4
13,5,4
13,6,2
13,7,2
13,8,2
13,9,2
13,10,3
13,11,3
13,12,1
13,13,1
13,14,1
13,15,4
13,16,4
13,17,4
13,18,4
13,19,2
13,20,2
13,21,2
13,22,2
13,23,2
13,24,2
13,25,1
13,26,1
13,27,1
13,28,1
13,29,3
13,30,3
14,0,4
14,1,4
14,2,4
14,3,4
14,4,4
14,5,4
14,6,2
14,7,2
14,8,2
14,9,2
14,10,4
14,11,4
14,12,1
14,13,1
14,14,1
14,15,4
14,16,4
14,17,4
14,18,4
14,19,4
14,20,2
14,21,2
14,22,2
14,23,2
14,24,2
14,25,1
14,26,1
14,27,1
14,28,1
14,29,4
14,30,4
15,0,4
15,1,4
15,2,4
15,3,4
15,4,4
15,5,4
15,6,4
15,7,2
15,8,2
15,9,4
15,10,4
15,11,4
15,12,4
15,13,1
15,14,1
15,15,1
15,16,4
15,17,4
15,18,4
15,19,4
15,20,4
15,21,2
15,22,2
15,23,2
15,24,1
15,25,1
15,26,1
15,27,1
15,28,4
15,29,4
15,30,4
16,0,4
16,1,4
16,2,4
16,3,4
16,4,4
16,5,4
16,6,4
16,7,4
16,8,4
16,9,4
16,10,4
16,11,4
16,12,4
16,13,1
16,14,1
16,15,1
16,16,1
16,17,4
16,18,4
16,19,4
16,20,4
16,21,1
16,22,1
16,23,1
16,24,1
16,25,1
16,26,1
16,27,4
16,28,4
16,29,4
16,30,4
17,0,4
17,1,4
17,2,4
17,3,4
17,4,4
17,5,4
17,6,4
17,7,4
17,8,4
17,9,4
17,10,4
17,11,4
17,12,1
17,13,1
17,14,1
17,15,1
17,16,1
17,17,4
17,18,4
17,19,4
17,20,1
17,21,1
17,22,1
17,23,1
17,24,1
17,25,1
17,26,4
17,27,4
17,28,4
17,29,4
17,30,4
18,0,2
18,1,2
18,2,2
18,3,2
18,4,2
18,5,2
18,6,2
18,7,2
18,8,2
18,9,2
18,10,2
18,11,2
18,12,1
18,13,1
18,14,1
18,15,1
18,16,4
18,17,4
18,18,4
18,19,4
18,20,1
18,21,1
18,22,1
18,23,1
18,24,4
18,25,4
18,26,4
18,27,4
18,28,4
18,29,4
18,30,4
19,0,2
19,1,2
19,2,2
19,3,2
19,4,2
19,5,2
19,6,2
19,7,2
19,8,2
19,9,2
19,10,2
19,11,2
19,12,2
19,13,1
19,14,1
19,15,4
19,16,4
19,17,4
19,18,4
19,19,4
19,20,4
19,21,1
19,22,1
19,23,4
19,24,4
19,25,4
19,26,4
19,27,4
19,28,4
19,29,4
19,30,4
20,0,1
20,1,1
20,2,1
20,3,1
20,4,1
20,5,1
20,6,1
20,7,1
20,8,1
20,9,1
20,10,2
20,11,2
20,12,2
20,13,2
20,14,2
20,15,4
20,16,4
20,17,4
20,18,4
20,19,4
20,20,4
20,21,4
20,22,4
20,23,4
20,24,4
20,25,4
20,26,4
20,27,4
20,28,4
20,29,4
20,30,4
21,0,1
21,1,1
21,2,1
21,3,1
21,4,1
21,5,1
21,6,1
21,7,1
21,8,1
21,9,1
21,10,1
21,11,2
21,12,2
21,13,2
21,14,2
21,15,2
21,16,4
21,17,4
21,18,4
21,19,4
21,20,4
21,21,4
21,22,4
21,23,4
21,24,4
21,25,4
21,26,4
21,27,4
21,28,4
21,29,4
21,30,4
22,0,4
22,1,4
22,2,1
22,3,1
22,4,1
22,5,1
22,6,1
22,7,1
22,8,1
22,9,1
22,10,1
22,11,1
22,12,2
22,13,2
22,14,2
22,15,2
22,16,1
22,17,1
22,18,1
22,19,1
22,20,1
22,21,1
22,22,1
22,23,1
22,24,1
22,25,1
22,26,1
22,27,1
22,28,1
22,29,1
22,30,1
23,0,4
23,1,4
23,2,4
23,3,1
23,4,1
23,5,1
23,6,1
23,7,1
23,8,1
23,9,1
23,10,1
23,11,1
23,12,1
23,13,2
23,14,2
23,15,1
23,16,1
23,17,1
23,18,1
23,19,1
23,20,1
23,21,1
23,22,1
23,23,1
23,24,1
23,25,1
23,26,1
23,27,1
23,28,1
23,29,1
23,30,1
24,0,4
24,1,4
24,2,4
24,3,1
24,4,1
24,5,1
24,6,1
24,7,1
24,8,1
24,9,1
24,10,1
24,11,1
24,12,1
24,13,2
24,14,2
24,15,1
24,16,1
24,17,1
24,18,2
24,19,2
24,20,2
24,21,2
24,22,2
24,23,2
24,24,1
24,25,1
24,26,3
24,27,3
24,28,3
24,29,3
24,30,3
25,0,4
25,1,4
25,2,2
25,3,2
25,4,1
25,5,1
25,6,1
25,7,1
25,8,2
25,9,2
25,10,1
25,11,1
25,12,2
25,13,2
25,14,2
25,15,1
25,16,1
25,17,2
25,18,2
25,19,2
25,20,2
25,21,2
25,22,2
25,23,2
25,24,2
25,25,3
25,26,3
25,27,3
25,28,3
25,29,3
25,30,3
26,0,2
26,1,2
26,2,2
26,3,2
26,4,2
26,5,2
26,6,2
26,7,2
26,8,2
26,9,2
26,10,2
26,11,2
26,12,2
26,13,2
26,14,2
26,15,1
26,16,1
26,17,2
26,18,2
26,19,2
26,20,4
26,21,4
26,22,2
26,23,2
26,24,2
26,25,3
26,26,3
26,27,3
26,28,3
26,29,3
26,30,3
27,0,2
27,1,2
27,2,2
27,3,2
27,4,2
27,5,2
27,6,2
27,7,2
27,8,2
27,9,2
27,10,2
27,11,2
27,12,2
27,13,2
27,14,1
27,15,1
27,16,1
27,17,2
27,18,2
27,19,4
27,20,4
27,21,4
27,22,4
27,23,2
27,24,2
27,25,2
27,26,3
27,27,3
27,28,3
27,29,3
27,30,3
28,0,2
28,1,2
28,2,2
28,3,4
28,4,4
28,5,2
28,6,2
28,7,3
28,8,3
28,9,3
28,10,2
28,11,2
28,12,1
28,13,1
28,14,1
28,15,1
28,16,1
28,17,2
28,18,2
28,19,4
28,20,4
28,21,4
28,22,4
28,23,2
28,24,2
28,25,2
28,26,3
28,27,3
28,28,3
28,29,3
28,30,3
29,0,4
29,1,4
29,2,4
29,3,4
29,4,4
29,5,4
29,6,3
29,7,3
29,8,3
29,9,3
29,10,3
29,11,1
29,12,1
29,13,1
29,14,1
29,15,1
29,16,2
29,17,2
29,18,2
29,19,2
29,20,4
29,21,4
29,22,4
29,23,2
29,24,2
29,25,3
29,26,3
29,27,3
29,28,3
29,29,3
29,30,3
30,0,4
30,1,4
30,2,4
30,3,4
30,4,4
30,5,4
30,6,3
30,7,3
30,8,3
30,9,3
30,10,3
30,11,1
30,12,1
30,13,1
30,14,1
30,15,1
30,16,2
30,17,2
30,18,2
30,19,2
30,20,4
30,21,4
30,22,4
30,23,2
30,24,2
30,25,3
30,26,3
30,27,3
30,28,3
30,29,3
30,30,3