5
7
5
4
2,7
2,17
2,27
12,17
22,27
2,4,3
3,4,2
1,2,2
1,3,2
0,1,1
2,3,1
0,3,1
0,0,2
0,1,2
0,2,2
0,3,2
0,4,2
0,5,4
0,6,4
0,7,4
0,8,4
0,9,4
0,10,4
0,11,4
0,12,4
0,13,1
0,14,1
0,15,4
0,16,4
0,17,4
0,18,4
0,19,4
0,20,4
0,21,2
0,22,2
0,23,1
0,24,1
0,25,1
0,26,1
0,27,1
0,28,1
0,29,1
0,30,1
1,0,2
1,1,2
1,2,2
1,3,2
1,4,2
1,5,4
1,6,4
1,7,4
1,8,4
1,9,4
1,10,4
1,11,4
1,12,4
1,13,1
1,14,1
1,15,4
1,16,4
1,17,4
1,18,4
1,19,4
1,20,4
1,21,2
1,22,2
1,23,1
1,24,1
1,25,1
1,26,1
1,27,1
1,28,1
1,29,1
1,30,1
2,0,3
2,1,3
2,2,2
2,3,2
2,4,4
2,5,4
2,6,4
2,7,4
2,8,4
2,9,4
2,10,4
2,11,4
2,12,1
2,13,1
2,14,1
2,15,4
2,16,4
2,17,4
2,18,4
2,19,4
2,20,4
2,21,2
2,22,2
2,23,1
2,24,1
2,25,1
2,26,1
2,27,1
2,28,1
2,29,1
2,30,1
3,0,3
3,1,3
3,2,3
3,3,4
3,4,4
3,5,4
3,6,4
3,7,4
3,8,4
3,9,4
3,10,4
3,11,1
3,12,1
3,13,1
3,14,1
3,15,4
3,16,4
3,17,4
3,18,4
3,19,4
3,20,4
3,21,2
3,22,2
3,23,1
3,24,1
3,25,1
3,26,1
3,27,1
3,28,1
3,29,1
3,30,1
4,0,3
4,1,3
4,2,3
4,3,4
4,4,4
4,5,4
4,6,4
4,7,4
4,8,4
4,9,4
4,10,1
4,11,1
4,12,1
4,13,1
4,14,4
4,15,4
4,16,4
4,17,4
4,18,4
4,19,4
4,20,4
4,21,2
4,22,2
4,23,2
4,24,1
4,25,1
4,26,1
4,27,1
4,28,1
4,29,1
4,30,1
5,0,3
5,1,3
5,2,3
5,3,3
5,4,4
5,5,4
5,6,4
5,7,4
5,8,4
5,9,1
5,10,1
5,11,1
5,12,1
5,13,4
5,14,4
5,15,4
5,16,4
5,17,4
5,18,4
5,19,4
5,20,4
5,21,2
5,22,2
5,23,2
5,24,4
5,25,4
5,26,4
5,27,4
5,28,4
5,29,4
5,30,4
6,0,3
6,1,3
6,2,3
6,3,3
6,4,3
6,5,4
6,6,4
6,7,2
6,8,2
6,9,1
6,10,1
6,11,1
6,12,1
6,13,4
6,14,4
6,15,4
6,16,4
6,17,4
6,18,4
6,19,4
6,20,4
6,21,2
6,22,2
6,23,4
6,24,4
6,25,4
6,26,4
6,27,4
6,28,4
6,29,4
6,30,4
7,0,3
7,1,3
7,2,3
7,3,3
7,4,3
7,5,2
7,6,2
7,7,2
7,8,2
7,9,2
7,10,1
7,11,1
7,12,1
7,13,4
7,14,4
7,15,4
7,16,4
7,17,4
7,18,4
7,19,4
7,20,4
7,21,2
7,22,2
7,23,4
7,24,4
7,25,4
7,26,3
7,27,3
7,28,3
7,29,3
7,30,3
8,0,3
8,1,3
8,2,3
8,3,3
8,4,2
8,5,2
8,6,2
8,7,2
8,8,2
8,9,2
8,10,1
8,11,1
8,12,1
8,13,1
8,14,4
8,15,4
8,16,4
8,17,4
8,18,4
8,19,4
8,20,4
8,21,2
8,22,2
8,23,4
8,24,4
8,25,3
8,26,3
8,27,3
8,28,3
8,29,3
8,30,3
9,0,3
9,1,3
9,2,3
9,3,3
9,4,2
9,5,2
9,6,2
9,7,2
9,8,2
9,9,1
9,10,1
9,11,1
9,12,1
9,13,1
9,14,4
9,15,4
9,16,4
9,17,4
9,18,4
9,19,4
9,20,2
9,21,2
9,22,2
9,23,4
9,24,4
9,25,3
9,26,3
9,27,3
9,28,4
9,29,4
9,30,4
10,0,3
10,1,3
10,2,3
10,3,3
10,4,2
10,5,2
10,6,2
10,7,2
10,8,2
10,9,1
10,10,1
10,11,1
10,12,1
10,13,1
10,14,1
10,15,4
10,16,4
10,17,4
10,18,4
10,19,4
10,20,2
10,21,2
10,22,2
10,23,4
10,24,4
10,25,3
10,26,3
10,27,4
10,28,4
10,29,4
10,30,4
11,0,3
11,1,3
11,2,3
11,3,2
11,4,2
11,5,2
11,6,2
11,7,2
11,8,1
11,9,1
11,10,1
11,11,1
11,12,1
11,13,1
11,14,1
11,15,4
11,16,4
11,17,4
11,18,4
11,19,4
11,20,2
11,21,2
11,22,4
11,23,4
11,24,4
11,25,3
11,26,3
11,27,4
11,28,4
11,29,4
11,30,4
12,0,4
12,1,4
12,2,4
12,3,2
12,4,2
12,5,2
12,6,2
12,7,1
12,8,1
12,9,1
12,10,1
12,11,1
12,12,1
12,13,1
12,14,1
12,15,4
12,16,4
12,17,4
12,18,4
12,19,4
12,20,2
12,21,2
12,22,4
12,23,4
12,24,4
12,25,3
12,26,3
12,27,3
12,28,4
12,29,4
12,30,4
13,0,4
13,1,4
13,2,4
13,3,4
13,4,2
13,5,2
13,6,1
13,7,1
13,8,1
13,9,1
13,10,3
13,11,3
13,12,1
13,13,1
13,14,1
13,15,4
13,16,4
13,17,4
13,18,4
13,19,4
13,20,2
13,21,2
13,22,4
13,23,4
13,24,4
13,25,3
13,26,3
13,27,3
13,28,4
13,29,4
13,30,4
14,0,4
14,1,4
14,2,4
14,3,4
14,4,3
14,5,3
14,6,1
14,7,1
14,8,1
14,9,3
14,10,3
14,11,3
14,12,3
14,13,1
14,14,1
14,15,4
14,16,4
14,17,4
14,18,4
14,19,4
14,20,2
14,21,2
14,22,4
14,23,4
14,24,4
14,25,4
14,26,3
14,27,3
14,28,4
14,29,4
14,30,4
15,0,4
15,1,4
15,2,4
15,3,3
15,4,3
15,5,3
15,6,3
15,7,1
15,8,1
15,9,3
15,10,3
15,11,3
15,12,3
15,13,1
15,14,1
15,15,4
15,16,4
15,17,4
15,18,4
15,19,4
15,20,2
15,21,2
15,22,4
15,23,4
15,24,4
15,25,4
15,26,3
15,27,3
15,28,4
15,29,4
15,30,4
16,0,1
16,1,1
16,2,1
16,3,3
16,4,3
16,5,3
16,6,3
16,7,1
16,8,1
16,9,3
16,10,3
16,11,3
16,12,1
16,13,1
16,14,1
16,15,4
16,16,4
16,17,4
16,18,4
16,19,2
16,20,2
16,21,2
16,22,2
16,23,4
16,24,4
16,25,3
16,26,3
16,27,3
16,28,3
16,29,4
16,30,4
17,0,1
17,1,1
17,2,1
17,3,1
17,4,3
17,5,3
17,6,1
17,7,1
17,8,1
17,9,3
17,10,3
17,11,3
17,12,1
17,13,1
17,14,1
17,15,1
17,16,4
17,17,4
17,18,4
17,19,2
17,20,2
17,21,2
17,22,2
17,23,1
17,24,1
17,25,3
17,26,3
17,27,3
17,28,3
17,29,1
17,30,1
18,0,1
18,1,1
18,2,1
18,3,1
18,4,4
18,5,4
18,6,1
18,7,1
18,8,1
18,9,3
18,10,3
18,11,3
18,12,3
18,13,1
18,14,1
18,15,1
18,16,4
18,17,4
18,18,4
18,19,4
18,20,2
18,21,2
18,22,1
18,23,1
18,24,1
18,25,1
18,26,3
18,27,3
18,28,1
18,29,1
18,30,1
19,0,1
19,1,1
19,2,1
19,3,4
19,4,4
19,5,4
19,6,4
19,7,1
19,8,1
19,9,1
19,10,3
19,11,3
19,12,3
19,13,3
19,14,1
19,15,1
19,16,4
19,17,4
19,18,4
19,19,4
19,20,4
19,21,4
19,22,1
19,23,1
19,24,1
19,25,1
19,26,1
19,27,1
19,28,1
19,29,1
19,30,1
20,0,4
20,1,4
20,2,4
20,3,4
20,4,4
20,5,4
20,6,4
20,7,1
20,8,1
20,9,1
20,10,1
20,11,3
20,12,3
20,13,3
20,14,1
20,15,1
20,16,4
20,17,4
20,18,4
20,19,4
20,20,4
20,21,4
20,22,4
20,23,1
20,24,1
20,25,1
20,26,1
20,27,1
20,28,1
20,29,1
20,30,1
21,0,4
21,1,4
21,2,4
21,3,4
21,4,4
21,5,4
21,6,1
21,7,1
21,8,1
21,9,1
21,10,1
21,11,1
21,12,3
21,13,3
21,14,1
21,15,1
21,16,4
21,17,4
21,18,4
21,19,4
21,20,4
21,21,4
21,22,4
21,23,1
21,24,1
21,25,1
21,26,1
21,27,1
21,28,1
21,29,1
21,30,1
22,0,4
22,1,4
22,2,4
22,3,4
22,4,4
22,5,1
22,6,1
22,7,1
22,8,1
22,9,1
22,10,1
22,11,1
22,12,3
22,13,3
22,14,1
22,15,1
22,16,4
22,17,4
22,18,4
22,19,4
22,20,4
22,21,4
22,22,1
22,23,1
22,24,1
22,25,1
22,26,1
22,27,1
22,28,1
22,29,1
22,30,1
23,0,1
23,1,1
23,2,1
23,3,1
23,4,1
23,5,1
23,6,1
23,7,1
23,8,1
23,9,1
23,10,1
23,11,1
23,12,3
23,13,3
23,14,1
23,15,1
23,16,4
23,17,4
23,18,4
23,19,4
23,20,4
23,21,1
23,22,1
23,23,1
23,24,1
23,25,1
23,26,1
23,27,1
23,28,1
23,29,1
23,30,1
24,0,1
24,1,1
24,2,1
24,3,1
24,4,1
24,5,1
24,6,1
24,7,1
24,8,1
24,9,1
24,10,1
24,11,3
24,12,3
24,13,3
24,14,1
24,15,1
24,16,1
24,17,4
24,18,4
24,19,2
24,20,2
24,21,1
24,22,1
24,23,1
24,24,1
24,25,1
24,26,1
24,27,1
24,28,1
24,29,1
24,30,1
25,0,4
25,1,4
25,2,4
25,3,4
25,4,4
25,5,1
25,6,1
25,7,3
25,8,3
25,9,3
25,10,3
25,11,3
25,12,3
25,13,3
25,14,1
25,15,1
25,16,1
25,17,1
25,18,2
25,19,2
25,20,2
25,21,2
25,22,1
25,23,1
25,24,1
25,25,1
25,26,1
25,27,1
25,28,2
25,29,2
25,30,2
26,0,4
26,1,4
26,2,4
26,3,4
26,4,4
26,5,4
26,6,3
26,7,3
26,8,3
26,9,3
26,10,3
26,11,3
26,12,3
26,13,1
26,14,1
26,15,1
26,16,1
26,17,1
26,18,2
26,19,2
26,20,2
26,21,2
26,22,1
26,23,1
26,24,1
26,25,1
26,26,2
26,27,2
26,28,2
26,29,2
26,30,2
27,0,1
27,1,1
27,2,4
27,3,4
27,4,4
27,5,4
27,6,3
27,7,3
27,8,3
27,9,3
27,10,3
27,11,4
27,12,4
27,13,1
27,14,1
27,15,1
27,16,1
27,17,1
27,18,1
27,19,2
27,20,2
27,21,3
27,22,3
27,23,1
27,24,1
27,25,2
27,26,2
27,27,2
27,28,2
27,29,2
27,30,2
28,0,1
28,1,1
28,2,1
28,3,4
28,4,4
28,5,4
28,6,4
28,7,3
28,8,3
28,9,3
28,10,4
28,11,4
28,12,4
28,13,4
28,14,1
28,15,1
28,16,1
28,17,1
28,18,1
28,19,3
28,20,3
28,21,3
28,22,3
28,23,3
28,24,2
28,25,2
28,26,2
28,27,2
28,28,3
28,29,3
28,30,3
29,0,1
29,1,1
29,2,1
29,3,4
29,4,4
29,5,4
29,6,4
29,7,4
29,8,4
29,9,4
29,10,4
29,11,4
29,12,4
29,13,4
29,14,1
29,15,1
29,16,1
29,17,1
29,18,3
29,19,3
29,20,3
29,21,3
29,22,3
29,23,3
29,24,2
29,25,2
29,26,2
29,27,3
29,28,3
29,29,3
29,30,3
30,0,1
30,1,1
30,2,1
30,3,4
30,4,4
30,5,4
30,6,4
30,7,4
30,8,4
30,9,4
30,10,4
30,11,4
30,12,4
30,13,4
30,14,1
30,15,1
30,16,1
30,17,1
30,18,3
30,19,3
30,20,3
30,21,3
30,22,3
30,23,3
30,24,2
30,25,2
30,26,2
30,27,3
30,28,3
30,29,3
30,30,3