5
7
5
1
17,2
17,12
17,22
27,2
27,12
0,1,2
1,2,2
1,4,1
0,3,2
0,4,2
2,4,1
3,4,1
0,0,4
0,1,4
0,2,4
0,3,1
0,4,1
0,5,2
0,6,2
0,7,3
0,8,3
0,9,2
0,10,2
0,11,2
0,12,3
0,13,3
0,14,3
0,15,3
0,16,1
0,17,1
0,18,1
0,19,4
0,20,4
0,21,4
0,22,4
0,23,4
0,24,1
0,25,1
0,26,1
0,27,2
0,28,2
0,29,2
0,30,2
1,0,4
1,1,4
1,2,4
1,3,1
1,4,1
1,5,2
1,6,2
1,7,3
1,8,3
1,9,2
1,10,2
1,11,2
1,12,3
1,13,3
1,14,3
1,15,3
1,16,1
1,17,1
1,18,1
1,19,4
1,20,4
1,21,4
1,22,4
1,23,4
1,24,1
1,25,1
1,26,1
1,27,2
1,28,2
1,29,2
1,30,2
2,0,4
2,1,4
2,2,1
2,3,1
2,4,1
2,5,2
2,6,2
2,7,3
2,8,3
2,9,3
2,10,2
2,11,2
2,12,2
2,13,3
2,14,3
2,15,1
2,16,1
2,17,1
2,18,1
2,19,4
2,20,4
2,21,4
2,22,4
2,23,1
2,24,1
2,25,1
2,26,2
2,27,2
2,28,2
2,29,2
2,30,2
3,0,1
3,1,1
3,2,1
3,3,1
3,4,1
3,5,2
3,6,2
3,7,3
3,8,3
3,9,3
3,10,2
3,11,2
3,12,2
3,13,2
3,14,2
3,15,1
3,16,1
3,17,1
3,18,1
3,19,1
3,20,4
3,21,4
3,22,1
3,23,1
3,24,1
3,25,1
3,26,2
3,27,2
3,28,2
3,29,2
3,30,2
4,0,1
4,1,1
4,2,1
4,3,1
4,4,1
4,5,2
4,6,2
4,7,2
4,8,3
4,9,3
4,10,3
4,11,2
4,12,2
4,13,2
4,14,2
4,15,2
4,16,1
4,17,1
4,18,1
4,19,1
4,20,1
4,21,1
4,22,1
4,23,1
4,24,1
4,25,2
4,26,2
4,27,2
4,28,2
4,29,2
4,30,2
5,0,4
5,1,4
5,2,1
5,3,1
5,4,2
5,5,2
5,6,2
5,7,2
5,8,3
5,9,3
5,10,3
5,11,2
5,12,2
5,13,2
5,14,2
5,15,2
5,16,3
5,17,3
5,18,1
5,19,1
5,20,1
5,21,1
5,22,1
5,23,1
5,24,2
5,25,2
5,26,2
5,27,2
5,28,4
5,29,4
5,30,4
6,0,4
6,1,4
6,2,4
6,3,2
6,4,2
6,5,2
6,6,2
6,7,2
6,8,3
6,9,3
6,10,3
6,11,3
6,12,2
6,13,2
6,14,2
6,15,3
6,16,3
6,17,3
6,18,3
6,19,1
6,20,1
6,21,1
6,22,1
6,23,2
6,24,2
6,25,2
6,26,2
6,27,4
6,28,4
6,29,4
6,30,4
7,0,4
7,1,4
7,2,4
7,3,2
7,4,2
7,5,2
7,6,2
7,7,4
7,8,4
7,9,3
7,10,3
7,11,3
7,12,3
7,13,3
7,14,3
7,15,3
7,16,3
7,17,3
7,18,3
7,19,4
7,20,4
7,21,4
7,22,4
7,23,2
7,24,2
7,25,2
7,26,4
7,27,4
7,28,4
7,29,4
7,30,4
8,0,4
8,1,4
8,2,2
8,3,2
8,4,2
8,5,2
8,6,4
8,7,4
8,8,4
8,9,4
8,10,3
8,11,3
8,12,3
8,13,3
8,14,3
8,15,3
8,16,3
8,17,3
8,18,4
8,19,4
8,20,4
8,21,4
8,22,4
8,23,4
8,24,2
8,25,2
8,26,4
8,27,4
8,28,4
8,29,4
8,30,4
9,0,4
9,1,4
9,2,2
9,3,2
9,4,2
9,5,2
9,6,4
9,7,4
9,8,4
9,9,4
9,10,4
9,11,4
9,12,4
9,13,4
9,14,4
9,15,4
9,16,4
9,17,4
9,18,4
9,19,4
9,20,4
9,21,4
9,22,4
9,23,4
9,24,2
9,25,2
9,26,2
9,27,4
9,28,4
9,29,4
9,30,4
10,0,4
10,1,4
10,2,4
10,3,2
10,4,2
10,5,4
10,6,4
10,7,4
10,8,4
10,9,4
10,10,4
10,11,4
10,12,4
10,13,4
10,14,4
10,15,4
10,16,4
10,17,4
10,18,4
10,19,4
10,20,4
10,21,4
10,22,4
10,23,4
10,24,2
10,25,2
10,26,2
10,27,4
10,28,4
10,29,4
10,30,4
11,0,4
11,1,4
11,2,4
11,3,4
11,4,4
11,5,4
11,6,4
11,7,4
11,8,4
11,9,2
11,10,2
11,11,2
11,12,2
11,13,2
11,14,2
11,15,2
11,16,4
11,17,4
11,18,1
11,19,1
11,20,4
11,21,4
11,22,4
11,23,4
11,24,4
11,25,2
11,26,2
11,27,4
11,28,4
11,29,4
11,30,4
12,0,4
12,1,4
12,2,4
12,3,4
12,4,4
12,5,4
12,6,4
12,7,2
12,8,2
12,9,2
12,10,2
12,11,2
12,12,2
12,13,2
12,14,2
12,15,2
12,16,2
12,17,1
12,18,1
12,19,1
12,20,1
12,21,4
12,22,4
12,23,4
12,24,4
12,25,2
12,26,2
12,27,2
12,28,4
12,29,4
12,30,4
13,0,2
13,1,2
13,2,2
13,3,4
13,4,4
13,5,4
13,6,2
13,7,2
13,8,2
13,9,2
13,10,2
13,11,4
13,12,4
13,13,4
13,14,2
13,15,2
13,16,2
13,17,1
13,18,1
13,19,1
13,20,1
13,21,4
13,22,4
13,23,4
13,24,4
13,25,2
13,26,2
13,27,2
13,28,2
13,29,4
13,30,4
14,0,2
14,1,2
14,2,2
14,3,2
14,4,2
14,5,2
14,6,2
14,7,2
14,8,2
14,9,4
14,10,4
14,11,4
14,12,4
14,13,4
14,14,4
14,15,2
14,16,2
14,17,2
14,18,1
14,19,1
14,20,3
14,21,3
14,22,4
14,23,4
14,24,3
14,25,3
14,26,2
14,27,2
14,28,2
14,29,2
14,30,2
15,0,2
15,1,2
15,2,2
15,3,2
15,4,2
15,5,2
15,6,2
15,7,2
15,8,4
15,9,4
15,10,4
15,11,4
15,12,4
15,13,4
15,14,4
15,15,2
15,16,2
15,17,2
15,18,3
15,19,3
15,20,3
15,21,3
15,22,3
15,23,3
15,24,3
15,25,3
15,26,3
15,27,2
15,28,2
15,29,2
15,30,2
16,0,2
16,1,2
16,2,2
16,3,2
16,4,2
16,5,2
16,6,2
16,7,2
16,8,4
16,9,4
16,10,4
16,11,4
16,12,4
16,13,4
16,14,4
16,15,2
16,16,2
16,17,3
16,18,3
16,19,3
16,20,3
16,21,3
16,22,3
16,23,3
16,24,3
16,25,3
16,26,3
16,27,1
16,28,1
16,29,1
16,30,1
17,0,2
17,1,2
17,2,2
17,3,2
17,4,2
17,5,2
17,6,2
17,7,2
17,8,2
17,9,4
17,10,4
17,11,4
17,12,4
17,13,4
17,14,4
17,15,2
17,16,2
17,17,3
17,18,3
17,19,3
17,20,3
17,21,3
17,22,3
17,23,3
17,24,3
17,25,3
17,26,1
17,27,1
17,28,1
17,29,1
17,30,1
18,0,2
18,1,2
18,2,2
18,3,2
18,4,2
18,5,2
18,6,2
18,7,2
18,8,2
18,9,2
18,10,4
18,11,4
18,12,4
18,13,4
18,14,4
18,15,2
18,16,2
18,17,2
18,18,3
18,19,3
18,20,3
18,21,3
18,22,3
18,23,3
18,24,3
18,25,1
18,26,1
18,27,1
18,28,1
18,29,1
18,30,1
19,0,2
19,1,2
19,2,2
19,3,2
19,4,2
19,5,4
19,6,4
19,7,2
19,8,2
19,9,2
19,10,4
19,11,4
19,12,4
19,13,4
19,14,4
19,15,2
19,16,2
19,17,2
19,18,2
19,19,3
19,20,3
19,21,3
19,22,3
19,23,3
19,24,3
19,25,1
19,26,1
19,27,1
19,28,1
19,29,1
19,30,1
20,0,2
20,1,2
20,2,2
20,3,2
20,4,4
20,5,4
20,6,4
20,7,4
20,8,2
20,9,2
20,10,2
20,11,4
20,12,4
20,13,4
20,14,4
20,15,2
20,16,2
20,17,2
20,18,2
20,19,3
20,20,3
20,21,3
20,22,3
20,23,3
20,24,3
20,25,3
20,26,1
20,27,1
20,28,1
20,29,1
20,30,1
21,0,2
21,1,2
21,2,2
21,3,2
21,4,4
21,5,4
21,6,4
21,7,4
21,8,2
21,9,2
21,10,2
21,11,2
21,12,4
21,13,4
21,14,4
21,15,4
21,16,2
21,17,2
21,18,1
21,19,1
21,20,3
21,21,3
21,22,3
21,23,3
21,24,3
21,25,3
21,26,3
21,27,3
21,28,1
21,29,1
21,30,1
22,0,2
22,1,2
22,2,2
22,3,2
22,4,4
22,5,4
22,6,4
22,7,4
22,8,2
22,9,2
22,10,2
22,11,2
22,12,4
22,13,4
22,14,4
22,15,4
22,16,4
22,17,1
22,18,1
22,19,1
22,20,1
22,21,1
22,22,1
22,23,3
22,24,3
22,25,3
22,26,3
22,27,3
22,28,3
22,29,1
22,30,1
23,0,2
23,1,2
23,2,2
23,3,3
23,4,3
23,5,4
23,6,4
23,7,2
23,8,2
23,9,2
23,10,2
23,11,4
23,12,4
23,13,4
23,14,4
23,15,4
23,16,4
23,17,1
23,18,1
23,19,1
23,20,1
23,21,1
23,22,1
23,23,1
23,24,3
23,25,3
23,26,3
23,27,3
23,28,3
23,29,1
23,30,1
24,0,3
24,1,3
24,2,3
24,3,3
24,4,3
24,5,3
24,6,2
24,7,2
24,8,2
24,9,2
24,10,4
24,11,4
24,12,4
24,13,4
24,14,4
24,15,4
24,16,4
24,17,1
24,18,1
24,19,1
24,20,1
24,21,1
24,22,1
24,23,1
24,24,2
24,25,2
24,26,3
24,27,3
24,28,3
24,29,1
24,30,1
25,0,3
25,1,3
25,2,3
25,3,3
25,4,3
25,5,3
25,6,2
25,7,2
25,8,2
25,9,2
25,10,4
25,11,4
25,12,4
25,13,4
25,14,4
25,15,4
25,16,1
25,17,1
25,18,1
25,19,1
25,20,1
25,21,1
25,22,1
25,23,2
25,24,2
25,25,2
25,26,2
25,27,3
25,28,3
25,29,1
25,30,1
26,0,3
26,1,3
26,2,3
26,3,3
26,4,3
26,5,2
26,6,2
26,7,2
26,8,2
26,9,4
26,10,4
26,11,4
26,12,4
26,13,4
26,14,4
26,15,1
26,16,1
26,17,1
26,18,1
26,19,1
26,20,1
26,21,1
26,22,2
26,23,2
26,24,2
26,25,2
26,26,2
26,27,3
26,28,3
26,29,1
26,30,1
27,0,3
27,1,3
27,2,3
27,3,3
27,4,3
27,5,2
27,6,2
27,7,2
27,8,4
27,9,4
27,10,4
27,11,4
27,12,4
27,13,4
27,14,4
27,15,1
27,16,1
27,17,1
27,18,1
27,19,4
27,20,4
27,21,4
27,22,2
27,23,2
27,24,2
27,25,2
27,26,3
27,27,3
27,28,3
27,29,1
27,30,1
28,0,3
28,1,3
28,2,3
28,3,3
28,4,3
28,5,2
28,6,2
28,7,4
28,8,4
28,9,4
28,10,4
28,11,4
28,12,4
28,13,4
28,14,4
28,15,4
28,16,1
28,17,1
28,18,4
28,19,4
28,20,4
28,21,4
28,22,4
28,23,2
28,24,2
28,25,2
28,26,3
28,27,3
28,28,3
28,29,1
28,30,1
29,0,3
29,1,3
29,2,3
29,3,3
29,4,3
29,5,2
29,6,2
29,7,4
29,8,4
29,9,4
29,10,4
29,11,4
29,12,4
29,13,4
29,14,4
29,15,4
29,16,4
29,17,4
29,18,4
29,19,4
29,20,4
29,21,4
29,22,4
29,23,2
29,24,2
29,25,3
29,26,3
29,27,3
29,28,3
29,29,1
29,30,1
30,0,3
30,1,3
30,2,3
30,3,3
30,4,3
30,5,2
30,6,2
30,7,4
30,8,4
30,9,4
30,10,4
30,11,4
30,12,4
30,13,4
30,14,4
30,15,4
30,16,4
30,17,4
30,18,4
30,19,4
30,20,4
30,21,4
30,22,4
30,23,2
30,24,2
30,25,3
30,26,3
30,27,3
30,28,3
30,29,1
30,30,1