5
7
4
4
2,7
12,17
22,7
22,17
22,27
1,4,2
3,4,1
0,2,4
1,2,1
2,3,1
0,1,1
1,3,1
0,0,4
0,1,4
0,2,1
0,3,1
0,4,4
0,5,4
0,6,4
0,7,4
0,8,4
0,9,4
0,10,4
0,11,4
0,12,4
0,13,4
0,14,4
0,15,4
0,16,4
0,17,2
0,18,2
0,19,3
0,20,3
0,21,3
0,22,1
0,23,1
0,24,1
0,25,1
0,26,1
0,27,1
0,28,1
0,29,4
0,30,4
1,0,4
1,1,4
1,2,1
1,3,1
1,4,4
1,5,4
1,6,4
1,7,4
1,8,4
1,9,4
1,10,4
1,11,4
1,12,4
1,13,4
1,14,4
1,15,4
1,16,4
1,17,2
1,18,2
1,19,3
1,20,3
1,21,3
1,22,1
1,23,1
1,24,1
1,25,1
1,26,1
1,27,1
1,28,1
1,29,4
1,30,4
2,0,4
2,1,4
2,2,1
2,3,1
2,4,4
2,5,4
2,6,4
2,7,4
2,8,4
2,9,4
2,10,4
2,11,4
2,12,4
2,13,4
2,14,4
2,15,4
2,16,2
2,17,2
2,18,2
2,19,3
2,20,3
2,21,3
2,22,3
2,23,1
2,24,1
2,25,1
2,26,1
2,27,1
2,28,4
2,29,4
2,30,4
3,0,4
3,1,4
3,2,1
3,3,1
3,4,4
3,5,4
3,6,4
3,7,4
3,8,4
3,9,4
3,10,4
3,11,4
3,12,4
3,13,4
3,14,4
3,15,2
3,16,2
3,17,2
3,18,2
3,19,3
3,20,3
3,21,3
3,22,3
3,23,4
3,24,4
3,25,1
3,26,1
3,27,1
3,28,4
3,29,4
3,30,4
4,0,4
4,1,4
4,2,1
4,3,1
4,4,1
4,5,4
4,6,4
4,7,4
4,8,4
4,9,4
4,10,4
4,11,4
4,12,4
4,13,4
4,14,4
4,15,2
4,16,2
4,17,2
4,18,1
4,19,1
4,20,3
4,21,3
4,22,4
4,23,4
4,24,4
4,25,4
4,26,1
4,27,1
4,28,1
4,29,4
4,30,4
5,0,4
5,1,4
5,2,1
5,3,1
5,4,1
5,5,1
5,6,4
5,7,4
5,8,4
5,9,4
5,10,4
5,11,4
5,12,4
5,13,4
5,14,4
5,15,2
5,16,2
5,17,1
5,18,1
5,19,1
5,20,1
5,21,4
5,22,4
5,23,4
5,24,4
5,25,4
5,26,1
5,27,1
5,28,1
5,29,1
5,30,1
6,0,4
6,1,4
6,2,1
6,3,1
6,4,1
6,5,1
6,6,4
6,7,4
6,8,4
6,9,4
6,10,4
6,11,4
6,12,4
6,13,4
6,14,2
6,15,2
6,16,2
6,17,1
6,18,1
6,19,1
6,20,1
6,21,4
6,22,4
6,23,4
6,24,4
6,25,3
6,26,3
6,27,1
6,28,1
6,29,1
6,30,1
7,0,4
7,1,4
7,2,4
7,3,1
7,4,1
7,5,2
7,6,2
7,7,4
7,8,4
7,9,2
7,10,2
7,11,2
7,12,2
7,13,2
7,14,2
7,15,2
7,16,2
7,17,1
7,18,1
7,19,1
7,20,4
7,21,4
7,22,4
7,23,4
7,24,3
7,25,3
7,26,3
7,27,3
7,28,1
7,29,1
7,30,1
8,0,4
8,1,4
8,2,4
8,3,2
8,4,2
8,5,2
8,6,2
8,7,2
8,8,2
8,9,2
8,10,2
8,11,2
8,12,2
8,13,2
8,14,2
8,15,2
8,16,1
8,17,1
8,18,1
8,19,4
8,20,4
8,21,4
8,22,4
8,23,4
8,24,3
8,25,3
8,26,3
8,27,3
8,28,1
8,29,1
8,30,1
9,0,4
9,1,4
9,2,2
9,3,2
9,4,2
9,5,2
9,6,2
9,7,2
9,8,2
9,9,2
9,10,2
9,11,3
9,12,3
9,13,2
9,14,2
9,15,1
9,16,1
9,17,1
9,18,1
9,19,4
9,20,4
9,21,4
9,22,4
9,23,4
9,24,3
9,25,3
9,26,3
9,27,2
9,28,2
9,29,1
9,30,1
10,0,2
10,1,2
10,2,2
10,3,2
10,4,2
10,5,1
10,6,1
10,7,2
10,8,2
10,9,3
10,10,3
10,11,3
10,12,3
10,13,3
10,14,1
10,15,1
10,16,1
10,17,1
10,18,1
10,19,1
10,20,4
10,21,4
10,22,4
10,23,4
10,24,3
10,25,3
10,26,2
10,27,2
10,28,2
10,29,2
10,30,2
11,0,2
11,1,2
11,2,2
11,3,2
11,4,1
11,5,1
11,6,1
11,7,1
11,8,3
11,9,3
11,10,3
11,11,3
11,12,3
11,13,3
11,14,1
11,15,1
11,16,1
11,17,1
11,18,1
11,19,1
11,20,4
11,21,4
11,22,4
11,23,4
11,24,3
11,25,3
11,26,2
11,27,2
11,28,2
11,29,2
11,30,2
12,0,1
12,1,1
12,2,1
12,3,1
12,4,1
12,5,1
12,6,1
12,7,1
12,8,3
12,9,3
12,10,3
12,11,3
12,12,3
12,13,1
12,14,1
12,15,1
12,16,1
12,17,1
12,18,1
12,19,1
12,20,4
12,21,4
12,22,4
12,23,4
12,24,3
12,25,3
12,26,3
12,27,2
12,28,2
12,29,3
12,30,3
13,0,1
13,1,1
13,2,1
13,3,1
13,4,1
13,5,1
13,6,1
13,7,1
13,8,3
13,9,3
13,10,3
13,11,4
13,12,4
13,13,1
13,14,1
13,15,1
13,16,1
13,17,1
13,18,1
13,19,1
13,20,4
13,21,4
13,22,4
13,23,4
13,24,3
13,25,3
13,26,3
13,27,3
13,28,3
13,29,3
13,30,3
14,0,3
14,1,3
14,2,3
14,3,3
14,4,1
14,5,1
14,6,1
14,7,3
14,8,3
14,9,3
14,10,4
14,11,4
14,12,4
14,13,4
14,14,1
14,15,1
14,16,1
14,17,1
14,18,1
14,19,1
14,20,1
14,21,4
14,22,4
14,23,4
14,24,4
14,25,3
14,26,3
14,27,3
14,28,3
14,29,3
14,30,3
15,0,3
15,1,3
15,2,3
15,3,3
15,4,3
15,5,3
15,6,3
15,7,3
15,8,3
15,9,3
15,10,4
15,11,4
15,12,4
15,13,4
15,14,4
15,15,4
15,16,4
15,17,4
15,18,1
15,19,1
15,20,1
15,21,4
15,22,4
15,23,4
15,24,4
15,25,4
15,26,3
15,27,3
15,28,3
15,29,4
15,30,4
16,0,3
16,1,3
16,2,3
16,3,3
16,4,3
16,5,3
16,6,3
16,7,3
16,8,3
16,9,2
16,10,2
16,11,4
16,12,4
16,13,4
16,14,4
16,15,4
16,16,4
16,17,4
16,18,4
16,19,1
16,20,1
16,21,4
16,22,4
16,23,4
16,24,4
16,25,4
16,26,4
16,27,4
16,28,4
16,29,4
16,30,4
17,0,3
17,1,3
17,2,3
17,3,3
17,4,2
17,5,2
17,6,3
17,7,3
17,8,2
17,9,2
17,10,2
17,11,2
17,12,2
17,13,2
17,14,2
17,15,4
17,16,4
17,17,4
17,18,4
17,19,1
17,20,1
17,21,1
17,22,4
17,23,4
17,24,4
17,25,4
17,26,4
17,27,4
17,28,4
17,29,4
17,30,4
18,0,2
18,1,2
18,2,2
18,3,2
18,4,2
18,5,2
18,6,2
18,7,2
18,8,2
18,9,2
18,10,2
18,11,2
18,12,2
18,13,2
18,14,2
18,15,2
18,16,4
18,17,4
18,18,1
18,19,1
18,20,1
18,21,1
18,22,2
18,23,2
18,24,2
18,25,2
18,26,2
18,27,2
18,28,2
18,29,2
18,30,2
19,0,2
19,1,2
19,2,2
19,3,2
19,4,2
19,5,2
19,6,2
19,7,2
19,8,2
19,9,2
19,10,1
19,11,1
19,12,2
19,13,2
19,14,2
19,15,2
19,16,1
19,17,1
19,18,1
19,19,1
19,20,1
19,21,2
19,22,2
19,23,2
19,24,2
19,25,2
19,26,2
19,27,2
19,28,2
19,29,2
19,30,2
20,0,4
20,1,4
20,2,2
20,3,2
20,4,1
20,5,1
20,6,1
20,7,1
20,8,1
20,9,1
20,10,1
20,11,1
20,12,1
20,13,2
20,14,2
20,15,1
20,16,1
20,17,1
20,18,1
20,19,1
20,20,2
20,21,2
20,22,2
20,23,2
20,24,1
20,25,1
20,26,1
20,27,1
20,28,1
20,29,1
20,30,1
21,0,4
21,1,4
21,2,4
21,3,1
21,4,1
21,5,1
21,6,1
21,7,1
21,8,1
21,9,1
21,10,1
21,11,1
21,12,1
21,13,1
21,14,1
21,15,1
21,16,1
21,17,1
21,18,1
21,19,1
21,20,2
21,21,2
21,22,2
21,23,1
21,24,1
21,25,1
21,26,1
21,27,1
21,28,1
21,29,1
21,30,1
22,0,4
22,1,4
22,2,4
22,3,1
22,4,1
22,5,1
22,6,1
22,7,1
22,8,1
22,9,1
22,10,1
22,11,1
22,12,1
22,13,1
22,14,1
22,15,1
22,16,1
22,17,1
22,18,1
22,19,1
22,20,1
22,21,2
22,22,2
22,23,1
22,24,1
22,25,1
22,26,1
22,27,1
22,28,1
22,29,1
22,30,1
23,0,4
23,1,4
23,2,4
23,3,4
23,4,1
23,5,1
23,6,1
23,7,1
23,8,1
23,9,1
23,10,1
23,11,1
23,12,2
23,13,2
23,14,1
23,15,1
23,16,1
23,17,1
23,18,1
23,19,1
23,20,1
23,21,2
23,22,2
23,23,2
23,24,1
23,25,1
23,26,1
23,27,1
23,28,1
23,29,1
23,30,1
24,0,4
24,1,4
24,2,4
24,3,4
24,4,1
24,5,1
24,6,1
24,7,1
24,8,1
24,9,1
24,10,1
24,11,2
24,12,2
24,13,2
24,14,2
24,15,1
24,16,1
24,17,1
24,18,1
24,19,1
24,20,2
24,21,2
24,22,2
24,23,2
24,24,1
24,25,1
24,26,1
24,27,1
24,28,1
24,29,1
24,30,1
25,0,4
25,1,4
25,2,4
25,3,3
25,4,3
25,5,1
25,6,1
25,7,1
25,8,1
25,9,3
25,10,3
25,11,2
25,12,2
25,13,2
25,14,2
25,15,2
25,16,2
25,17,2
25,18,2
25,19,2
25,20,2
25,21,2
25,22,2
25,23,4
25,24,4
25,25,1
25,26,1
25,27,1
25,28,1
25,29,3
25,30,3
26,0,4
26,1,4
26,2,3
26,3,3
26,4,3
26,5,3
26,6,3
26,7,3
26,8,3
26,9,3
26,10,3
26,11,3
26,12,2
26,13,2
26,14,2
26,15,2
26,16,2
26,17,2
26,18,2
26,19,2
26,20,2
26,21,2
26,22,4
26,23,4
26,24,4
26,25,4
26,26,1
26,27,1
26,28,3
26,29,3
26,30,3
27,0,3
27,1,3
27,2,3
27,3,3
27,4,3
27,5,3
27,6,3
27,7,3
27,8,3
27,9,3
27,10,3
27,11,3
27,12,3
27,13,2
27,14,2
27,15,1
27,16,1
27,17,1
27,18,2
27,19,2
27,20,2
27,21,4
27,22,4
27,23,4
27,24,4
27,25,4
27,26,4
27,27,3
27,28,3
27,29,3
27,30,3
28,0,3
28,1,3
28,2,3
28,3,3
28,4,3
28,5,3
28,6,3
28,7,1
28,8,1
28,9,3
28,10,3
28,11,3
28,12,3
28,13,1
28,14,1
28,15,1
28,16,1
28,17,1
28,18,1
28,19,2
28,20,2
28,21,4
28,22,4
28,23,4
28,24,4
28,25,4
28,26,4
28,27,3
28,28,3
28,29,3
28,30,3
29,0,1
29,1,1
29,2,1
29,3,1
29,4,1
29,5,1
29,6,1
29,7,1
29,8,1
29,9,1
29,10,3
29,11,3
29,12,1
29,13,1
29,14,1
29,15,1
29,16,1
29,17,1
29,18,1
29,19,2
29,20,2
29,21,4
29,22,4
29,23,4
29,24,4
29,25,4
29,26,4
29,27,4
29,28,3
29,29,3
29,30,3
30,0,1
30,1,1
30,2,1
30,3,1
30,4,1
30,5,1
30,6,1
30,7,1
30,8,1
30,9,1
30,10,3
30,11,3
30,12,1
30,13,1
30,14,1
30,15,1
30,16,1
30,17,1
30,18,1
30,19,2
30,20,2
30,21,4
30,22,4
30,23,4
30,24,4
30,25,4
30,26,4
30,27,4
30,28,3
30,29,3
30,30,3