5
7
5
1
2,12
12,2
12,22
22,12
22,22
1,3,2
1,2,1
0,1,2
2,3,2
3,4,1
2,4,1
0,2,2
0,0,4
0,1,4
0,2,4
0,3,4
0,4,4
0,5,1
0,6,1
0,7,1
0,8,1
0,9,4
0,10,4
0,11,4
0,12,4
0,13,4
0,14,4
0,15,1
0,16,1
0,17,1
0,18,1
0,19,1
0,20,1
0,21,1
0,22,1
0,23,3
0,24,3
0,25,4
0,26,4
0,27,4
0,28,4
0,29,4
0,30,4
1,0,4
1,1,4
1,2,4
1,3,4
1,4,4
1,5,1
1,6,1
1,7,1
1,8,1
1,9,4
1,10,4
1,11,4
1,12,4
1,13,4
1,14,4
1,15,1
1,16,1
1,17,1
1,18,1
1,19,1
1,20,1
1,21,1
1,22,1
1,23,3
1,24,3
1,25,4
1,26,4
1,27,4
1,28,4
1,29,4
1,30,4
2,0,4
2,1,4
2,2,4
2,3,4
2,4,4
2,5,1
2,6,1
2,7,1
2,8,1
2,9,4
2,10,4
2,11,4
2,12,4
2,13,4
2,14,4
2,15,4
2,16,1
2,17,1
2,18,1
2,19,1
2,20,1
2,21,1
2,22,3
2,23,3
2,24,3
2,25,3
2,26,4
2,27,4
2,28,4
2,29,4
2,30,4
3,0,4
3,1,4
3,2,4
3,3,4
3,4,3
3,5,3
3,6,1
3,7,1
3,8,4
3,9,4
3,10,4
3,11,4
3,12,4
3,13,4
3,14,4
3,15,4
3,16,4
3,17,1
3,18,1
3,19,3
3,20,3
3,21,3
3,22,3
3,23,3
3,24,3
3,25,3
3,26,2
3,27,2
3,28,2
3,29,2
3,30,2
4,0,3
4,1,3
4,2,3
4,3,3
4,4,3
4,5,3
4,6,3
4,7,4
4,8,4
4,9,4
4,10,4
4,11,4
4,12,4
4,13,4
4,14,4
4,15,4
4,16,4
4,17,3
4,18,3
4,19,3
4,20,3
4,21,3
4,22,3
4,23,3
4,24,3
4,25,2
4,26,2
4,27,2
4,28,2
4,29,2
4,30,2
5,0,3
5,1,3
5,2,3
5,3,3
5,4,3
5,5,3
5,6,3
5,7,4
5,8,4
5,9,4
5,10,4
5,11,4
5,12,2
5,13,2
5,14,4
5,15,4
5,16,3
5,17,3
5,18,3
5,19,3
5,20,3
5,21,3
5,22,3
5,23,2
5,24,2
5,25,2
5,26,2
5,27,2
5,28,4
5,29,4
5,30,4
6,0,1
6,1,1
6,2,1
6,3,1
6,4,3
6,5,3
6,6,2
6,7,2
6,8,4
6,9,4
6,10,4
6,11,2
6,12,2
6,13,2
6,14,2
6,15,3
6,16,3
6,17,3
6,18,3
6,19,3
6,20,3
6,21,3
6,22,2
6,23,2
6,24,2
6,25,2
6,26,2
6,27,4
6,28,4
6,29,4
6,30,4
7,0,1
7,1,1
7,2,1
7,3,1
7,4,1
7,5,2
7,6,2
7,7,2
7,8,2
7,9,2
7,10,2
7,11,2
7,12,2
7,13,2
7,14,2
7,15,3
7,16,3
7,17,3
7,18,3
7,19,3
7,20,3
7,21,3
7,22,2
7,23,2
7,24,2
7,25,2
7,26,2
7,27,4
7,28,4
7,29,4
7,30,4
8,0,1
8,1,1
8,2,1
8,3,1
8,4,1
8,5,2
8,6,2
8,7,2
8,8,2
8,9,2
8,10,2
8,11,2
8,12,2
8,13,2
8,14,1
8,15,1
8,16,3
8,17,3
8,18,3
8,19,3
8,20,3
8,21,3
8,22,2
8,23,2
8,24,2
8,25,2
8,26,1
8,27,1
8,28,4
8,29,4
8,30,4
9,0,1
9,1,1
9,2,1
9,3,1
9,4,1
9,5,1
9,6,2
9,7,2
9,8,4
9,9,4
9,10,2
9,11,2
9,12,2
9,13,1
9,14,1
9,15,1
9,16,1
9,17,3
9,18,3
9,19,3
9,20,3
9,21,4
9,22,4
9,23,2
9,24,2
9,25,1
9,26,1
9,27,1
9,28,1
9,29,1
9,30,1
10,0,1
10,1,1
10,2,1
10,3,1
10,4,1
10,5,1
10,6,1
10,7,4
10,8,4
10,9,4
10,10,4
10,11,4
10,12,4
10,13,1
10,14,1
10,15,1
10,16,1
10,17,3
10,18,3
10,19,3
10,20,4
10,21,4
10,22,4
10,23,4
10,24,4
10,25,1
10,26,1
10,27,1
10,28,1
10,29,1
10,30,1
11,0,1
11,1,1
11,2,1
11,3,1
11,4,1
11,5,1
11,6,1
11,7,4
11,8,4
11,9,4
11,10,4
11,11,4
11,12,4
11,13,4
11,14,1
11,15,1
11,16,3
11,17,3
11,18,3
11,19,3
11,20,4
11,21,4
11,22,4
11,23,4
11,24,4
11,25,4
11,26,1
11,27,1
11,28,4
11,29,4
11,30,4
12,0,1
12,1,1
12,2,1
12,3,1
12,4,1
12,5,1
12,6,4
12,7,4
12,8,4
12,9,4
12,10,4
12,11,4
12,12,4
12,13,4
12,14,3
12,15,3
12,16,3
12,17,3
12,18,3
12,19,4
12,20,4
12,21,4
12,22,4
12,23,4
12,24,4
12,25,4
12,26,4
12,27,4
12,28,4
12,29,4
12,30,4
13,0,1
13,1,1
13,2,1
13,3,1
13,4,1
13,5,1
13,6,4
13,7,4
13,8,4
13,9,2
13,10,2
13,11,4
13,12,4
13,13,3
13,14,3
13,15,3
13,16,3
13,17,3
13,18,3
13,19,4
13,20,4
13,21,4
13,22,4
13,23,4
13,24,4
13,25,4
13,26,4
13,27,4
13,28,4
13,29,4
13,30,4
14,0,1
14,1,1
14,2,1
14,3,1
14,4,1
14,5,4
14,6,4
14,7,4
14,8,2
14,9,2
14,10,2
14,11,2
14,12,2
14,13,3
14,14,3
14,15,3
14,16,3
14,17,3
14,18,3
14,19,4
14,20,4
14,21,4
14,22,4
14,23,4
14,24,4
14,25,1
14,26,1
14,27,4
14,28,4
14,29,4
14,30,4
15,0,4
15,1,4
15,2,4
15,3,4
15,4,4
15,5,4
15,6,4
15,7,4
15,8,2
15,9,2
15,10,2
15,11,2
15,12,2
15,13,2
15,14,3
15,15,3
15,16,3
15,17,3
15,18,1
15,19,1
15,20,4
15,21,4
15,22,4
15,23,4
15,24,1
15,25,1
15,26,1
15,27,1
15,28,4
15,29,4
15,30,4
16,0,4
16,1,4
16,2,4
16,3,4
16,4,4
16,5,4
16,6,4
16,7,3
16,8,3
16,9,2
16,10,2
16,11,2
16,12,2
16,13,2
16,14,1
16,15,1
16,16,1
16,17,1
16,18,1
16,19,1
16,20,1
16,21,4
16,22,4
16,23,1
16,24,1
16,25,1
16,26,1
16,27,1
16,28,4
16,29,4
16,30,4
17,0,4
17,1,4
17,2,3
17,3,3
17,4,3
17,5,3
17,6,3
17,7,3
17,8,3
17,9,3
17,10,3
17,11,2
17,12,2
17,13,1
17,14,1
17,15,1
17,16,1
17,17,1
17,18,1
17,19,1
17,20,1
17,21,1
17,22,1
17,23,1
17,24,1
17,25,1
17,26,1
17,27,1
17,28,4
17,29,4
17,30,4
18,0,3
18,1,3
18,2,3
18,3,3
18,4,3
18,5,3
18,6,3
18,7,3
18,8,3
18,9,3
18,10,3
18,11,3
18,12,3
18,13,1
18,14,1
18,15,1
18,16,1
18,17,1
18,18,1
18,19,1
18,20,1
18,21,1
18,22,1
18,23,1
18,24,1
18,25,1
18,26,1
18,27,1
18,28,1
18,29,4
18,30,4
19,0,3
19,1,3
19,2,3
19,3,3
19,4,3
19,5,3
19,6,3
19,7,2
19,8,2
19,9,3
19,10,3
19,11,3
19,12,3
19,13,3
19,14,1
19,15,1
19,16,4
19,17,4
19,18,1
19,19,1
19,20,3
19,21,3
19,22,3
19,23,3
19,24,1
19,25,1
19,26,1
19,27,1
19,28,1
19,29,2
19,30,2
20,0,4
20,1,4
20,2,4
20,3,3
20,4,3
20,5,3
20,6,2
20,7,2
20,8,2
20,9,2
20,10,3
20,11,3
20,12,3
20,13,3
20,14,3
20,15,4
20,16,4
20,17,4
20,18,4
20,19,3
20,20,3
20,21,3
20,22,3
20,23,3
20,24,3
20,25,1
20,26,1
20,27,1
20,28,2
20,29,2
20,30,2
21,0,4
21,1,4
21,2,4
21,3,4
21,4,3
21,5,3
21,6,2
21,7,2
21,8,2
21,9,2
21,10,3
21,11,3
21,12,3
21,13,3
21,14,3
21,15,4
21,16,4
21,17,4
21,18,4
21,19,3
21,20,3
21,21,3
21,22,3
21,23,3
21,24,3
21,25,3
21,26,1
21,27,1
21,28,2
21,29,2
21,30,2
22,0,4
22,1,4
22,2,4
22,3,4
22,4,3
22,5,3
22,6,2
22,7,2
22,8,2
22,9,3
22,10,3
22,11,3
22,12,3
22,13,3
22,14,3
22,15,4
22,16,4
22,17,4
22,18,3
22,19,3
22,20,3
22,21,3
22,22,3
22,23,3
22,24,3
22,25,3
22,26,1
22,27,1
22,28,1
22,29,2
22,30,2
23,0,4
23,1,4
23,2,4
23,3,4
23,4,3
23,5,3
23,6,3
23,7,2
23,8,2
23,9,3
23,10,3
23,11,3
23,12,3
23,13,3
23,14,3
23,15,4
23,16,4
23,17,4
23,18,3
23,19,3
23,20,3
23,21,3
23,22,3
23,23,3
23,24,3
23,25,1
23,26,1
23,27,1
23,28,1
23,29,3
23,30,3
24,0,4
24,1,4
24,2,4
24,3,3
24,4,3
24,5,3
24,6,3
24,7,2
24,8,2
24,9,2
24,10,3
24,11,3
24,12,3
24,13,3
24,14,3
24,15,4
24,16,4
24,17,4
24,18,4
24,19,3
24,20,3
24,21,3
24,22,3
24,23,3
24,24,3
24,25,1
24,26,1
24,27,1
24,28,3
24,29,3
24,30,3
25,0,1
25,1,1
25,2,1
25,3,3
25,4,3
25,5,3
25,6,3
25,7,2
25,8,2
25,9,2
25,10,2
25,11,3
25,12,3
25,13,3
25,14,3
25,15,3
25,16,4
25,17,4
25,18,4
25,19,4
25,20,3
25,21,3
25,22,3
25,23,3
25,24,3
25,25,3
25,26,1
25,27,1
25,28,3
25,29,3
25,30,3
26,0,1
26,1,1
26,2,1
26,3,1
26,4,3
26,5,3
26,6,3
26,7,3
26,8,2
26,9,2
26,10,2
26,11,3
26,12,3
26,13,3
26,14,3
26,15,3
26,16,4
26,17,4
26,18,4
26,19,4
26,20,4
26,21,4
26,22,3
26,23,3
26,24,3
26,25,3
26,26,1
26,27,1
26,28,3
26,29,3
26,30,3
27,0,1
27,1,1
27,2,1
27,3,1
27,4,3
27,5,3
27,6,3
27,7,3
27,8,2
27,9,2
27,10,2
27,11,2
27,12,3
27,13,3
27,14,3
27,15,1
27,16,1
27,17,4
27,18,4
27,19,4
27,20,4
27,21,4
27,22,4
27,23,3
27,24,3
27,25,1
27,26,1
27,27,1
27,28,1
27,29,3
27,30,3
28,0,1
28,1,1
28,2,1
28,3,4
28,4,4
28,5,3
28,6,3
28,7,4
28,8,4
28,9,2
28,10,2
28,11,2
28,12,3
28,13,3
28,14,1
28,15,1
28,16,1
28,17,1
28,18,4
28,19,4
28,20,4
28,21,4
28,22,4
28,23,1
28,24,1
28,25,1
28,26,1
28,27,1
28,28,1
28,29,2
28,30,2
29,0,4
29,1,4
29,2,4
29,3,4
29,4,4
29,5,4
29,6,4
29,7,4
29,8,4
29,9,4
29,10,2
29,11,2
29,12,3
29,13,3
29,14,1
29,15,1
29,16,1
29,17,1
29,18,4
29,19,4
29,20,4
29,21,4
29,22,1
29,23,1
29,24,1
29,25,1
29,26,1
29,27,1
29,28,2
29,29,2
29,30,2
30,0,4
30,1,4
30,2,4
30,3,4
30,4,4
30,5,4
30,6,4
30,7,4
30,8,4
30,9,4
30,10,2
30,11,2
30,12,3
30,13,3
30,14,1
30,15,1
30,16,1
30,17,1
30,18,4
30,19,4
30,20,4
30,21,4
30,22,1
30,23,1
30,24,1
30,25,1
30,26,1
30,27,1
30,28,2
30,29,2
30,30,2