5
7
6
1
7,7
7,27
17,17
27,7
27,27
1,4,1
1,2,2
0,1,3
3,4,3
2,3,1
0,3,3
2,4,1
0,0,4
0,1,4
0,2,4
0,3,4
0,4,4
0,5,4
0,6,1
0,7,1
0,8,1
0,9,2
0,10,2
0,11,2
0,12,3
0,13,3
0,14,4
0,15,4
0,16,4
0,17,4
0,18,3
0,19,3
0,20,2
0,21,2
0,22,3
0,23,3
0,24,3
0,25,3
0,26,2
0,27,2
0,28,2
0,29,2
0,30,2
1,0,4
1,1,4
1,2,4
1,3,4
1,4,4
1,5,4
1,6,1
1,7,1
1,8,1
1,9,2
1,10,2
1,11,2
1,12,3
1,13,3
1,14,4
1,15,4
1,16,4
1,17,4
1,18,3
1,19,3
1,20,2
1,21,2
1,22,3
1,23,3
1,24,3
1,25,3
1,26,2
1,27,2
1,28,2
1,29,2
1,30,2
2,0,4
2,1,4
2,2,4
2,3,4
2,4,4
2,5,1
2,6,1
2,7,1
2,8,2
2,9,2
2,10,2
2,11,2
2,12,3
2,13,3
2,14,4
2,15,4
2,16,4
2,17,4
2,18,3
2,19,3
2,20,2
2,21,2
2,22,3
2,23,3
2,24,3
2,25,3
2,26,2
2,27,2
2,28,2
2,29,2
2,30,2
3,0,1
3,1,1
3,2,4
3,3,4
3,4,4
3,5,1
3,6,1
3,7,1
3,8,2
3,9,2
3,10,2
3,11,2
3,12,3
3,13,3
3,14,3
3,15,4
3,16,4
3,17,3
3,18,3
3,19,3
3,20,2
3,21,2
3,22,2
3,23,3
3,24,3
3,25,4
3,26,4
3,27,2
3,28,2
3,29,4
3,30,4
4,0,1
4,1,1
4,2,1
4,3,4
4,4,4
4,5,1
4,6,1
4,7,1
4,8,1
4,9,2
4,10,2
4,11,2
4,12,3
4,13,3
4,14,3
4,15,3
4,16,3
4,17,3
4,18,3
4,19,3
4,20,2
4,21,2
4,22,2
4,23,2
4,24,4
4,25,4
4,26,4
4,27,4
4,28,4
4,29,4
4,30,4
5,0,1
5,1,1
5,2,1
5,3,4
5,4,4
5,5,1
5,6,1
5,7,1
5,8,1
5,9,1
5,10,2
5,11,2
5,12,2
5,13,3
5,14,3
5,15,3
5,16,3
5,17,3
5,18,3
5,19,2
5,20,2
5,21,2
5,22,2
5,23,2
5,24,4
5,25,4
5,26,4
5,27,4
5,28,4
5,29,4
5,30,4
6,0,1
6,1,1
6,2,4
6,3,4
6,4,4
6,5,1
6,6,1
6,7,1
6,8,1
6,9,1
6,10,2
6,11,2
6,12,2
6,13,2
6,14,2
6,15,2
6,16,2
6,17,2
6,18,2
6,19,2
6,20,2
6,21,2
6,22,2
6,23,4
6,24,4
6,25,4
6,26,4
6,27,4
6,28,4
6,29,4
6,30,4
7,0,4
7,1,4
7,2,4
7,3,4
7,4,4
7,5,1
7,6,1
7,7,1
7,8,1
7,9,1
7,10,1
7,11,2
7,12,2
7,13,2
7,14,2
7,15,2
7,16,2
7,17,2
7,18,2
7,19,2
7,20,2
7,21,2
7,22,2
7,23,4
7,24,4
7,25,4
7,26,4
7,27,4
7,28,4
7,29,4
7,30,4
8,0,4
8,1,4
8,2,4
8,3,4
8,4,1
8,5,1
8,6,1
8,7,1
8,8,1
8,9,1
8,10,1
8,11,2
8,12,2
8,13,2
8,14,2
8,15,2
8,16,4
8,17,4
8,18,2
8,19,2
8,20,2
8,21,2
8,22,1
8,23,1
8,24,4
8,25,4
8,26,4
8,27,4
8,28,4
8,29,4
8,30,4
9,0,3
9,1,3
9,2,3
9,3,3
9,4,1
9,5,1
9,6,1
9,7,1
9,8,1
9,9,1
9,10,1
9,11,2
9,12,2
9,13,2
9,14,2
9,15,4
9,16,4
9,17,4
9,18,4
9,19,2
9,20,2
9,21,1
9,22,1
9,23,1
9,24,1
9,25,4
9,26,4
9,27,4
9,28,4
9,29,4
9,30,4
10,0,3
10,1,3
10,2,3
10,3,3
10,4,3
10,5,1
10,6,1
10,7,1
10,8,1
10,9,1
10,10,1
10,11,2
10,12,2
10,13,2
10,14,2
10,15,4
10,16,4
10,17,4
10,18,4
10,19,1
10,20,1
10,21,1
10,22,1
10,23,1
10,24,1
10,25,4
10,26,4
10,27,4
10,28,4
10,29,1
10,30,1
11,0,3
11,1,3
11,2,3
11,3,3
11,4,3
11,5,1
11,6,1
11,7,1
11,8,1
11,9,1
11,10,1
11,11,1
11,12,2
11,13,2
11,14,2
11,15,4
11,16,4
11,17,4
11,18,1
11,19,1
11,20,1
11,21,1
11,22,1
11,23,1
11,24,4
11,25,4
11,26,4
11,27,4
11,28,1
11,29,1
11,30,1
12,0,2
12,1,2
12,2,3
12,3,3
12,4,2
12,5,2
12,6,1
12,7,1
12,8,1
12,9,1
12,10,1
12,11,1
12,12,2
12,13,2
12,14,2
12,15,4
12,16,4
12,17,1
12,18,1
12,19,1
12,20,1
12,21,1
12,22,2
12,23,2
12,24,4
12,25,4
12,26,4
12,27,4
12,28,1
12,29,1
12,30,1
13,0,2
13,1,2
13,2,2
13,3,2
13,4,2
13,5,2
13,6,2
13,7,2
13,8,2
13,9,1
13,10,1
13,11,2
13,12,2
13,13,2
13,14,2
13,15,4
13,16,4
13,17,1
13,18,1
13,19,1
13,20,1
13,21,2
13,22,2
13,23,2
13,24,2
13,25,4
13,26,4
13,27,4
13,28,4
13,29,1
13,30,1
14,0,2
14,1,2
14,2,2
14,3,2
14,4,2
14,5,2
14,6,2
14,7,2
14,8,2
14,9,2
14,10,2
14,11,2
14,12,2
14,13,2
14,14,4
14,15,4
14,16,4
14,17,4
14,18,1
14,19,1
14,20,2
14,21,2
14,22,2
14,23,2
14,24,2
14,25,2
14,26,4
14,27,4
14,28,4
14,29,1
14,30,1
15,0,4
15,1,4
15,2,4
15,3,4
15,4,4
15,5,4
15,6,4
15,7,2
15,8,2
15,9,2
15,10,2
15,11,2
15,12,2
15,13,4
15,14,4
15,15,4
15,16,4
15,17,4
15,18,4
15,19,4
15,20,2
15,21,2
15,22,2
15,23,2
15,24,2
15,25,2
15,26,4
15,27,4
15,28,4
15,29,1
15,30,1
16,0,4
16,1,4
16,2,4
16,3,4
16,4,4
16,5,4
16,6,4
16,7,4
16,8,2
16,9,2
16,10,2
16,11,2
16,12,4
16,13,4
16,14,4
16,15,4
16,16,4
16,17,4
16,18,4
16,19,4
16,20,4
16,21,2
16,22,2
16,23,2
16,24,2
16,25,4
16,26,4
16,27,4
16,28,4
16,29,1
16,30,1
17,0,4
17,1,4
17,2,4
17,3,2
17,4,2
17,5,4
17,6,4
17,7,4
17,8,4
17,9,2
17,10,2
17,11,4
17,12,4
17,13,4
17,14,4
17,15,4
17,16,4
17,17,4
17,18,4
17,19,4
17,20,4
17,21,4
17,22,4
17,23,4
17,24,4
17,25,4
17,26,4
17,27,4
17,28,4
17,29,1
17,30,1
18,0,4
18,1,4
18,2,2
18,3,2
18,4,2
18,5,2
18,6,4
18,7,4
18,8,4
18,9,1
18,10,1
18,11,4
18,12,4
18,13,4
18,14,4
18,15,4
18,16,4
18,17,4
18,18,4
18,19,4
18,20,4
18,21,4
18,22,4
18,23,4
18,24,4
18,25,4
18,26,4
18,27,4
18,28,1
18,29,1
18,30,1
19,0,4
19,1,4
19,2,2
19,3,2
19,4,2
19,5,2
19,6,4
19,7,4
19,8,1
19,9,1
19,10,1
19,11,1
19,12,4
19,13,4
19,14,4
19,15,4
19,16,4
19,17,4
19,18,4
19,19,4
19,20,4
19,21,4
19,22,4
19,23,4
19,24,4
19,25,4
19,26,3
19,27,3
19,28,1
19,29,1
19,30,1
20,0,4
20,1,4
20,2,4
20,3,2
20,4,2
20,5,4
20,6,4
20,7,4
20,8,1
20,9,1
20,10,1
20,11,1
20,12,4
20,13,4
20,14,4
20,15,4
20,16,2
20,17,2
20,18,4
20,19,4
20,20,1
20,21,1
20,22,4
20,23,4
20,24,4
20,25,3
20,26,3
20,27,3
20,28,3
20,29,1
20,30,1
21,0,4
21,1,4
21,2,4
21,3,4
21,4,4
21,5,4
21,6,4
21,7,4
21,8,4
21,9,1
21,10,1
21,11,4
21,12,4
21,13,4
21,14,4
21,15,2
21,16,2
21,17,2
21,18,2
21,19,1
21,20,1
21,21,1
21,22,1
21,23,1
21,24,1
21,25,3
21,26,3
21,27,3
21,28,3
21,29,1
21,30,1
22,0,4
22,1,4
22,2,4
22,3,4
22,4,4
22,5,4
22,6,4
22,7,4
22,8,4
22,9,4
22,10,4
22,11,4
22,12,4
22,13,4
22,14,2
22,15,2
22,16,2
22,17,2
22,18,2
22,19,1
22,20,1
22,21,1
22,22,1
22,23,1
22,24,1
22,25,1
22,26,3
22,27,3
22,28,1
22,29,1
22,30,1
23,0,4
23,1,4
23,2,4
23,3,2
23,4,2
23,5,2
23,6,2
23,7,4
23,8,4
23,9,4
23,10,4
23,11,4
23,12,4
23,13,2
23,14,2
23,15,2
23,16,2
23,17,2
23,18,2
23,19,2
23,20,1
23,21,1
23,22,1
23,23,1
23,24,1
23,25,1
23,26,4
23,27,4
23,28,1
23,29,1
23,30,1
24,0,4
24,1,4
24,2,2
24,3,2
24,4,2
24,5,2
24,6,2
24,7,2
24,8,2
24,9,4
24,10,4
24,11,3
24,12,3
24,13,2
24,14,2
24,15,2
24,16,2
24,17,2
24,18,2
24,19,2
24,20,4
24,21,4
24,22,1
24,23,1
24,24,1
24,25,4
24,26,4
24,27,4
24,28,4
24,29,1
24,30,1
25,0,4
25,1,4
25,2,2
25,3,2
25,4,2
25,5,2
25,6,2
25,7,2
25,8,2
25,9,2
25,10,3
25,11,3
25,12,3
25,13,3
25,14,2
25,15,2
25,16,2
25,17,2
25,18,2
25,19,4
25,20,4
25,21,4
25,22,4
25,23,1
25,24,1
25,25,4
25,26,4
25,27,4
25,28,4
25,29,4
25,30,4
26,0,4
26,1,4
26,2,4
26,3,2
26,4,2
26,5,2
26,6,2
26,7,2
26,8,2
26,9,2
26,10,3
26,11,3
26,12,3
26,13,3
26,14,4
26,15,4
26,16,2
26,17,2
26,18,4
26,19,4
26,20,4
26,21,4
26,22,4
26,23,1
26,24,1
26,25,4
26,26,4
26,27,4
26,28,4
26,29,4
26,30,4
27,0,4
27,1,4
27,2,4
27,3,4
27,4,2
27,5,2
27,6,2
27,7,2
27,8,2
27,9,2
27,10,3
27,11,3
27,12,3
27,13,4
27,14,4
27,15,4
27,16,4
27,17,4
27,18,4
27,19,4
27,20,4
27,21,4
27,22,4
27,23,1
27,24,1
27,25,4
27,26,4
27,27,4
27,28,4
27,29,4
27,30,4
28,0,4
28,1,4
28,2,4
28,3,4
28,4,4
28,5,2
28,6,2
28,7,2
28,8,2
28,9,2
28,10,3
28,11,3
28,12,4
28,13,4
28,14,4
28,15,4
28,16,4
28,17,4
28,18,4
28,19,4
28,20,4
28,21,4
28,22,4
28,23,1
28,24,1
28,25,4
28,26,4
28,27,4
28,28,4
28,29,4
28,30,4
29,0,4
29,1,4
29,2,4
29,3,4
29,4,4
29,5,2
29,6,2
29,7,2
29,8,2
29,9,2
29,10,3
29,11,3
29,12,4
29,13,4
29,14,4
29,15,4
29,16,4
29,17,4
29,18,4
29,19,4
29,20,4
29,21,4
29,22,4
29,23,1
29,24,1
29,25,4
29,26,4
29,27,4
29,28,4
29,29,4
29,30,4
30,0,4
30,1,4
30,2,4
30,3,4
30,4,4
30,5,2
30,6,2
30,7,2
30,8,2
30,9,2
30,10,3
30,11,3
30,12,4
30,13,4
30,14,4
30,15,4
30,16,4
30,17,4
30,18,4
30,19,4
30,20,4
30,21,4
30,22,4
30,23,1
30,24,1
30,25,4
30,26,4
30,27,4
30,28,4
30,29,4
30,30,4