5
7
4
1
7,2
7,12
17,2
17,12
27,12
1,3,2
0,1,1
0,3,1
3,4,2
2,3,1
0,2,1
2,4,1
0,0,4
0,1,4
0,2,2
0,3,2
0,4,2
0,5,3
0,6,3
0,7,3
0,8,3
0,9,3
0,10,3
0,11,3
0,12,3
0,13,3
0,14,2
0,15,2
0,16,2
0,17,3
0,18,3
0,19,3
0,20,3
0,21,2
0,22,2
0,23,2
0,24,2
0,25,2
0,26,4
0,27,4
0,28,2
0,29,2
0,30,2
1,0,4
1,1,4
1,2,2
1,3,2
1,4,2
1,5,3
1,6,3
1,7,3
1,8,3
1,9,3
1,10,3
1,11,3
1,12,3
1,13,3
1,14,2
1,15,2
1,16,2
1,17,3
1,18,3
1,19,3
1,20,3
1,21,2
1,22,2
1,23,2
1,24,2
1,25,2
1,26,4
1,27,4
1,28,2
1,29,2
1,30,2
2,0,4
2,1,4
2,2,2
2,3,2
2,4,2
2,5,2
2,6,3
2,7,3
2,8,3
2,9,3
2,10,3
2,11,3
2,12,3
2,13,2
2,14,2
2,15,2
2,16,2
2,17,3
2,18,3
2,19,3
2,20,3
2,21,3
2,22,2
2,23,2
2,24,2
2,25,4
2,26,4
2,27,4
2,28,4
2,29,2
2,30,2
3,0,4
3,1,4
3,2,4
3,3,2
3,4,2
3,5,2
3,6,2
3,7,2
3,8,2
3,9,2
3,10,2
3,11,2
3,12,2
3,13,2
3,14,2
3,15,2
3,16,4
3,17,4
3,18,3
3,19,3
3,20,3
3,21,3
3,22,3
3,23,3
3,24,3
3,25,4
3,26,4
3,27,4
3,28,4
3,29,4
3,30,4
4,0,4
4,1,4
4,2,4
4,3,4
4,4,2
4,5,2
4,6,2
4,7,2
4,8,2
4,9,2
4,10,2
4,11,2
4,12,2
4,13,2
4,14,2
4,15,4
4,16,4
4,17,4
4,18,4
4,19,3
4,20,3
4,21,3
4,22,3
4,23,3
4,24,3
4,25,3
4,26,4
4,27,4
4,28,4
4,29,4
4,30,4
5,0,4
5,1,4
5,2,4
5,3,4
5,4,4
5,5,4
5,6,4
5,7,4
5,8,2
5,9,2
5,10,3
5,11,3
5,12,3
5,13,3
5,14,3
5,15,4
5,16,4
5,17,4
5,18,4
5,19,3
5,20,3
5,21,3
5,22,3
5,23,3
5,24,3
5,25,3
5,26,1
5,27,1
5,28,4
5,29,4
5,30,4
6,0,4
6,1,4
6,2,4
6,3,4
6,4,4
6,5,4
6,6,4
6,7,4
6,8,4
6,9,3
6,10,3
6,11,3
6,12,3
6,13,3
6,14,3
6,15,3
6,16,4
6,17,4
6,18,3
6,19,3
6,20,3
6,21,3
6,22,3
6,23,3
6,24,3
6,25,1
6,26,1
6,27,1
6,28,1
6,29,4
6,30,4
7,0,4
7,1,4
7,2,4
7,3,4
7,4,4
7,5,4
7,6,4
7,7,4
7,8,4
7,9,3
7,10,3
7,11,3
7,12,3
7,13,3
7,14,3
7,15,3
7,16,4
7,17,4
7,18,3
7,19,3
7,20,3
7,21,3
7,22,3
7,23,3
7,24,1
7,25,1
7,26,1
7,27,1
7,28,1
7,29,4
7,30,4
8,0,4
8,1,4
8,2,4
8,3,4
8,4,4
8,5,4
8,6,4
8,7,4
8,8,3
8,9,3
8,10,3
8,11,3
8,12,3
8,13,3
8,14,3
8,15,3
8,16,4
8,17,4
8,18,3
8,19,3
8,20,3
8,21,3
8,22,3
8,23,3
8,24,1
8,25,1
8,26,1
8,27,1
8,28,1
8,29,4
8,30,4
9,0,4
9,1,4
9,2,4
9,3,4
9,4,4
9,5,4
9,6,4
9,7,4
9,8,3
9,9,3
9,10,3
9,11,3
9,12,3
9,13,3
9,14,3
9,15,4
9,16,4
9,17,4
9,18,4
9,19,3
9,20,3
9,21,3
9,22,3
9,23,2
9,24,2
9,25,1
9,26,1
9,27,1
9,28,1
9,29,4
9,30,4
10,0,4
10,1,4
10,2,4
10,3,3
10,4,3
10,5,4
10,6,4
10,7,4
10,8,4
10,9,3
10,10,3
10,11,3
10,12,3
10,13,1
10,14,1
10,15,4
10,16,4
10,17,4
10,18,4
10,19,3
10,20,3
10,21,3
10,22,2
10,23,2
10,24,2
10,25,2
10,26,1
10,27,1
10,28,4
10,29,4
10,30,4
11,0,4
11,1,4
11,2,3
11,3,3
11,4,3
11,5,3
11,6,4
11,7,4
11,8,4
11,9,1
11,10,1
11,11,1
11,12,1
11,13,1
11,14,1
11,15,1
11,16,4
11,17,4
11,18,3
11,19,3
11,20,3
11,21,3
11,22,2
11,23,2
11,24,2
11,25,2
11,26,3
11,27,3
11,28,4
11,29,4
11,30,4
12,0,3
12,1,3
12,2,3
12,3,3
12,4,3
12,5,3
12,6,4
12,7,4
12,8,1
12,9,1
12,10,1
12,11,1
12,12,1
12,13,1
12,14,1
12,15,1
12,16,1
12,17,1
12,18,3
12,19,3
12,20,3
12,21,3
12,22,3
12,23,2
12,24,2
12,25,3
12,26,3
12,27,3
12,28,3
12,29,4
12,30,4
13,0,3
13,1,3
13,2,3
13,3,3
13,4,3
13,5,3
13,6,4
13,7,4
13,8,1
13,9,1
13,10,1
13,11,1
13,12,3
13,13,3
13,14,1
13,15,1
13,16,1
13,17,1
13,18,1
13,19,3
13,20,3
13,21,3
13,22,3
13,23,3
13,24,3
13,25,3
13,26,3
13,27,3
13,28,3
13,29,3
13,30,3
14,0,3
14,1,3
14,2,3
14,3,3
14,4,3
14,5,4
14,6,4
14,7,4
14,8,4
14,9,1
14,10,1
14,11,3
14,12,3
14,13,3
14,14,3
14,15,3
14,16,1
14,17,1
14,18,1
14,19,1
14,20,1
14,21,3
14,22,3
14,23,3
14,24,3
14,25,3
14,26,3
14,27,3
14,28,3
14,29,3
14,30,3
15,0,2
15,1,2
15,2,2
15,3,2
15,4,2
15,5,4
15,6,4
15,7,4
15,8,4
15,9,4
15,10,3
15,11,3
15,12,3
15,13,3
15,14,3
15,15,3
15,16,3
15,17,1
15,18,1
15,19,1
15,20,1
15,21,1
15,22,1
15,23,1
15,24,1
15,25,3
15,26,3
15,27,3
15,28,1
15,29,1
15,30,1
16,0,2
16,1,2
16,2,2
16,3,2
16,4,2
16,5,2
16,6,4
16,7,4
16,8,4
16,9,4
16,10,3
16,11,3
16,12,3
16,13,3
16,14,3
16,15,3
16,16,3
16,17,4
16,18,4
16,19,1
16,20,1
16,21,1
16,22,1
16,23,1
16,24,1
16,25,1
16,26,1
16,27,1
16,28,1
16,29,1
16,30,1
17,0,2
17,1,2
17,2,2
17,3,2
17,4,2
17,5,2
17,6,2
17,7,4
17,8,4
17,9,4
17,10,3
17,11,3
17,12,3
17,13,3
17,14,3
17,15,3
17,16,4
17,17,4
17,18,4
17,19,4
17,20,4
17,21,4
17,22,4
17,23,1
17,24,1
17,25,1
17,26,1
17,27,1
17,28,1
17,29,1
17,30,1
18,0,2
18,1,2
18,2,2
18,3,2
18,4,2
18,5,2
18,6,2
18,7,4
18,8,4
18,9,4
18,10,3
18,11,3
18,12,3
18,13,3
18,14,3
18,15,3
18,16,4
18,17,4
18,18,4
18,19,4
18,20,4
18,21,4
18,22,4
18,23,4
18,24,4
18,25,4
18,26,1
18,27,1
18,28,1
18,29,1
18,30,1
19,0,2
19,1,2
19,2,2
19,3,2
19,4,2
19,5,2
19,6,4
19,7,4
19,8,4
19,9,3
19,10,3
19,11,3
19,12,3
19,13,3
19,14,3
19,15,4
19,16,4
19,17,4
19,18,4
19,19,4
19,20,4
19,21,4
19,22,4
19,23,4
19,24,4
19,25,4
19,26,4
19,27,1
19,28,1
19,29,1
19,30,1
20,0,2
20,1,2
20,2,2
20,3,2
20,4,4
20,5,4
20,6,4
20,7,4
20,8,4
20,9,3
20,10,3
20,11,3
20,12,4
20,13,4
20,14,4
20,15,4
20,16,4
20,17,4
20,18,4
20,19,3
20,20,3
20,21,4
20,22,4
20,23,4
20,24,4
20,25,4
20,26,4
20,27,1
20,28,1
20,29,1
20,30,1
21,0,2
21,1,2
21,2,2
21,3,4
21,4,4
21,5,4
21,6,4
21,7,4
21,8,3
21,9,3
21,10,3
21,11,4
21,12,4
21,13,4
21,14,4
21,15,4
21,16,4
21,17,4
21,18,3
21,19,3
21,20,3
21,21,3
21,22,4
21,23,4
21,24,4
21,25,4
21,26,4
21,27,4
21,28,1
21,29,1
21,30,1
22,0,2
22,1,2
22,2,2
22,3,4
22,4,4
22,5,4
22,6,3
22,7,3
22,8,3
22,9,3
22,10,3
22,11,4
22,12,4
22,13,4
22,14,4
22,15,4
22,16,4
22,17,4
22,18,3
22,19,3
22,20,3
22,21,3
22,22,2
22,23,2
22,24,4
22,25,4
22,26,4
22,27,4
22,28,3
22,29,3
22,30,3
23,0,2
23,1,2
23,2,2
23,3,4
23,4,4
23,5,3
23,6,3
23,7,3
23,8,3
23,9,3
23,10,2
23,11,2
23,12,4
23,13,4
23,14,4
23,15,4
23,16,4
23,17,4
23,18,4
23,19,3
23,20,3
23,21,2
23,22,2
23,23,2
23,24,2
23,25,4
23,26,4
23,27,3
23,28,3
23,29,3
23,30,3
24,0,2
24,1,2
24,2,2
24,3,4
24,4,4
24,5,3
24,6,3
24,7,3
24,8,2
24,9,2
24,10,2
24,11,2
24,12,2
24,13,4
24,14,4
24,15,4
24,16,4
24,17,4
24,18,4
24,19,4
24,20,4
24,21,2
24,22,2
24,23,2
24,24,2
24,25,1
24,26,1
24,27,3
24,28,3
24,29,3
24,30,3
25,0,2
25,1,2
25,2,4
25,3,4
25,4,4
25,5,3
25,6,3
25,7,2
25,8,2
25,9,2
25,10,2
25,11,2
25,12,2
25,13,2
25,14,2
25,15,4
25,16,4
25,17,4
25,18,4
25,19,4
25,20,4
25,21,4
25,22,2
25,23,2
25,24,1
25,25,1
25,26,1
25,27,1
25,28,3
25,29,3
25,30,3
26,0,3
26,1,3
26,2,4
26,3,4
26,4,4
26,5,3
26,6,3
26,7,2
26,8,2
26,9,2
26,10,2
26,11,2
26,12,2
26,13,2
26,14,2
26,15,2
26,16,4
26,17,4
26,18,4
26,19,4
26,20,4
26,21,4
26,22,4
26,23,1
26,24,1
26,25,1
26,26,1
26,27,1
26,28,1
26,29,3
26,30,3
27,0,3
27,1,3
27,2,3
27,3,4
27,4,4
27,5,3
27,6,3
27,7,3
27,8,2
27,9,2
27,10,2
27,11,2
27,12,2
27,13,2
27,14,2
27,15,2
27,16,3
27,17,3
27,18,3
27,19,4
27,20,4
27,21,4
27,22,4
27,23,1
27,24,1
27,25,1
27,26,1
27,27,1
27,28,1
27,29,3
27,30,3
28,0,3
28,1,3
28,2,3
28,3,4
28,4,4
28,5,3
28,6,3
28,7,3
28,8,3
28,9,2
28,10,2
28,11,2
28,12,2
28,13,2
28,14,2
28,15,3
28,16,3
28,17,3
28,18,3
28,19,3
28,20,4
28,21,4
28,22,4
28,23,1
28,24,1
28,25,1
28,26,1
28,27,1
28,28,3
28,29,3
28,30,3
29,0,3
29,1,3
29,2,4
29,3,4
29,4,4
29,5,4
29,6,3
29,7,3
29,8,3
29,9,3
29,10,2
29,11,2
29,12,2
29,13,2
29,14,2
29,15,3
29,16,3
29,17,3
29,18,3
29,19,3
29,20,4
29,21,4
29,22,4
29,23,4
29,24,1
29,25,1
29,26,1
29,27,3
29,28,3
29,29,3
29,30,3
30,0,3
30,1,3
30,2,4
30,3,4
30,4,4
30,5,4
30,6,3
30,7,3
30,8,3
30,9,3
30,10,2
30,11,2
30,12,2
30,13,2
30,14,2
30,15,3
30,16,3
30,17,3
30,18,3
30,19,3
30,20,4
30,21,4
30,22,4
30,23,4
30,24,1
30,25,1
30,26,1
30,27,3
30,28,3
30,29,3
30,30,3