5
7
5
0
7,12
17,2
17,12
17,22
27,2
0,3,2
0,2,2
0,1,1
2,3,2
1,2,2
2,4,1
1,4,1
0,0,4
0,1,4
0,2,4
0,3,4
0,4,3
0,5,3
0,6,3
0,7,3
0,8,3
0,9,1
0,10,1
0,11,4
0,12,4
0,13,2
0,14,2
0,15,2
0,16,2
0,17,4
0,18,4
0,19,4
0,20,4
0,21,4
0,22,4
0,23,1
0,24,1
0,25,1
0,26,1
0,27,1
0,28,2
0,29,2
0,30,2
1,0,4
1,1,4
1,2,4
1,3,4
1,4,3
1,5,3
1,6,3
1,7,3
1,8,3
1,9,1
1,10,1
1,11,4
1,12,4
1,13,2
1,14,2
1,15,2
1,16,2
1,17,4
1,18,4
1,19,4
1,20,4
1,21,4
1,22,4
1,23,1
1,24,1
1,25,1
1,26,1
1,27,1
1,28,2
1,29,2
1,30,2
2,0,4
2,1,4
2,2,4
2,3,3
2,4,3
2,5,3
2,6,3
2,7,3
2,8,3
2,9,1
2,10,1
2,11,4
2,12,4
2,13,2
2,14,2
2,15,2
2,16,2
2,17,2
2,18,4
2,19,4
2,20,4
2,21,4
2,22,4
2,23,1
2,24,1
2,25,1
2,26,1
2,27,3
2,28,3
2,29,2
2,30,2
3,0,2
3,1,2
3,2,2
3,3,3
3,4,3
3,5,3
3,6,3
3,7,3
3,8,1
3,9,1
3,10,1
3,11,4
3,12,4
3,13,4
3,14,2
3,15,2
3,16,2
3,17,2
3,18,2
3,19,4
3,20,4
3,21,4
3,22,2
3,23,2
3,24,1
3,25,1
3,26,3
3,27,3
3,28,3
3,29,3
3,30,3
4,0,2
4,1,2
4,2,2
4,3,2
4,4,3
4,5,3
4,6,3
4,7,3
4,8,1
4,9,1
4,10,1
4,11,4
4,12,4
4,13,4
4,14,4
4,15,4
4,16,2
4,17,2
4,18,2
4,19,2
4,20,2
4,21,2
4,22,2
4,23,2
4,24,2
4,25,3
4,26,3
4,27,3
4,28,3
4,29,3
4,30,3
5,0,2
5,1,2
5,2,2
5,3,2
5,4,2
5,5,3
5,6,3
5,7,1
5,8,1
5,9,1
5,10,4
5,11,4
5,12,4
5,13,4
5,14,4
5,15,4
5,16,4
5,17,2
5,18,2
5,19,2
5,20,2
5,21,2
5,22,2
5,23,2
5,24,2
5,25,3
5,26,3
5,27,3
5,28,3
5,29,4
5,30,4
6,0,2
6,1,2
6,2,2
6,3,2
6,4,2
6,5,4
6,6,4
6,7,1
6,8,1
6,9,1
6,10,4
6,11,4
6,12,4
6,13,4
6,14,4
6,15,4
6,16,4
6,17,4
6,18,2
6,19,2
6,20,2
6,21,2
6,22,2
6,23,2
6,24,2
6,25,3
6,26,3
6,27,3
6,28,4
6,29,4
6,30,4
7,0,2
7,1,2
7,2,2
7,3,2
7,4,4
7,5,4
7,6,4
7,7,4
7,8,1
7,9,1
7,10,4
7,11,4
7,12,4
7,13,4
7,14,4
7,15,4
7,16,4
7,17,4
7,18,4
7,19,4
7,20,4
7,21,2
7,22,2
7,23,2
7,24,3
7,25,3
7,26,3
7,27,3
7,28,4
7,29,4
7,30,4
8,0,2
8,1,2
8,2,2
8,3,2
8,4,4
8,5,4
8,6,4
8,7,4
8,8,1
8,9,1
8,10,4
8,11,4
8,12,4
8,13,4
8,14,4
8,15,4
8,16,4
8,17,4
8,18,4
8,19,4
8,20,4
8,21,4
8,22,2
8,23,2
8,24,3
8,25,3
8,26,3
8,27,3
8,28,4
8,29,4
8,30,4
9,0,2
9,1,2
9,2,2
9,3,4
9,4,4
9,5,4
9,6,4
9,7,4
9,8,1
9,9,1
9,10,4
9,11,4
9,12,4
9,13,4
9,14,4
9,15,4
9,16,4
9,17,4
9,18,4
9,19,4
9,20,4
9,21,4
9,22,2
9,23,2
9,24,2
9,25,3
9,26,3
9,27,1
9,28,1
9,29,4
9,30,4
10,0,2
10,1,2
10,2,4
10,3,4
10,4,4
10,5,4
10,6,4
10,7,1
10,8,1
10,9,1
10,10,4
10,11,4
10,12,4
10,13,4
10,14,4
10,15,2
10,16,2
10,17,4
10,18,4
10,19,4
10,20,4
10,21,2
10,22,2
10,23,2
10,24,2
10,25,1
10,26,1
10,27,1
10,28,1
10,29,1
10,30,1
11,0,4
11,1,4
11,2,4
11,3,4
11,4,4
11,5,2
11,6,2
11,7,1
11,8,1
11,9,1
11,10,4
11,11,4
11,12,4
11,13,4
11,14,2
11,15,2
11,16,2
11,17,2
11,18,2
11,19,2
11,20,2
11,21,2
11,22,2
11,23,2
11,24,1
11,25,1
11,26,1
11,27,1
11,28,1
11,29,1
11,30,1
12,0,4
12,1,4
12,2,4
12,3,4
12,4,2
12,5,2
12,6,2
12,7,2
12,8,1
12,9,1
12,10,4
12,11,4
12,12,4
12,13,4
12,14,2
12,15,2
12,16,2
12,17,2
12,18,2
12,19,2
12,20,2
12,21,2
12,22,2
12,23,1
12,24,1
12,25,1
12,26,1
12,27,1
12,28,1
12,29,4
12,30,4
13,0,4
13,1,4
13,2,4
13,3,2
13,4,2
13,5,2
13,6,2
13,7,2
13,8,1
13,9,1
13,10,1
13,11,4
13,12,4
13,13,1
13,14,1
13,15,2
13,16,2
13,17,3
13,18,3
13,19,2
13,20,2
13,21,4
13,22,4
13,23,1
13,24,1
13,25,1
13,26,1
13,27,4
13,28,4
13,29,4
13,30,4
14,0,4
14,1,4
14,2,2
14,3,2
14,4,2
14,5,2
14,6,2
14,7,2
14,8,1
14,9,1
14,10,1
14,11,1
14,12,1
14,13,1
14,14,1
14,15,1
14,16,3
14,17,3
14,18,3
14,19,3
14,20,4
14,21,4
14,22,4
14,23,4
14,24,1
14,25,1
14,26,4
14,27,4
14,28,4
14,29,4
14,30,4
15,0,2
15,1,2
15,2,2
15,3,2
15,4,2
15,5,2
15,6,2
15,7,4
15,8,4
15,9,1
15,10,1
15,11,1
15,12,1
15,13,1
15,14,1
15,15,1
15,16,3
15,17,3
15,18,3
15,19,3
15,20,4
15,21,4
15,22,4
15,23,4
15,24,4
15,25,4
15,26,4
15,27,4
15,28,4
15,29,2
15,30,2
16,0,2
16,1,2
16,2,2
16,3,2
16,4,2
16,5,2
16,6,4
16,7,4
16,8,4
16,9,4
16,10,1
16,11,1
16,12,1
16,13,1
16,14,1
16,15,1
16,16,3
16,17,3
16,18,3
16,19,3
16,20,4
16,21,4
16,22,4
16,23,4
16,24,4
16,25,4
16,26,4
16,27,4
16,28,2
16,29,2
16,30,2
17,0,2
17,1,2
17,2,2
17,3,2
17,4,2
17,5,2
17,6,4
17,7,4
17,8,4
17,9,4
17,10,1
17,11,1
17,12,1
17,13,1
17,14,1
17,15,1
17,16,3
17,17,3
17,18,3
17,19,4
17,20,4
17,21,4
17,22,4
17,23,4
17,24,4
17,25,4
17,26,1
17,27,1
17,28,2
17,29,2
17,30,2
18,0,2
18,1,2
18,2,2
18,3,2
18,4,2
18,5,2
18,6,4
18,7,4
18,8,4
18,9,1
18,10,1
18,11,1
18,12,1
18,13,1
18,14,1
18,15,1
18,16,1
18,17,3
18,18,3
18,19,4
18,20,4
18,21,4
18,22,4
18,23,4
18,24,4
18,25,1
18,26,1
18,27,1
18,28,1
18,29,2
18,30,2
19,0,2
19,1,2
19,2,2
19,3,2
19,4,2
19,5,4
19,6,4
19,7,4
19,8,1
19,9,1
19,10,1
19,11,1
19,12,1
19,13,1
19,14,1
19,15,1
19,16,1
19,17,3
19,18,3
19,19,3
19,20,4
19,21,4
19,22,4
19,23,4
19,24,4
19,25,1
19,26,1
19,27,1
19,28,1
19,29,2
19,30,2
20,0,4
20,1,4
20,2,4
20,3,4
20,4,4
20,5,4
20,6,4
20,7,4
20,8,1
20,9,1
20,10,1
20,11,3
20,12,3
20,13,1
20,14,1
20,15,1
20,16,1
20,17,3
20,18,3
20,19,3
20,20,4
20,21,4
20,22,4
20,23,4
20,24,4
20,25,1
20,26,1
20,27,1
20,28,1
20,29,2
20,30,2
21,0,4
21,1,4
21,2,4
21,3,4
21,4,4
21,5,4
21,6,4
21,7,1
21,8,1
21,9,1
21,10,3
21,11,3
21,12,3
21,13,3
21,14,1
21,15,1
21,16,1
21,17,1
21,18,3
21,19,3
21,20,4
21,21,4
21,22,4
21,23,4
21,24,2
21,25,2
21,26,1
21,27,1
21,28,1
21,29,2
21,30,2
22,0,4
22,1,4
22,2,4
22,3,4
22,4,4
22,5,4
22,6,1
22,7,1
22,8,1
22,9,1
22,10,3
22,11,3
22,12,3
22,13,3
22,14,3
22,15,1
22,16,1
22,17,1
22,18,3
22,19,3
22,20,3
22,21,4
22,22,4
22,23,2
22,24,2
22,25,2
22,26,2
22,27,1
22,28,1
22,29,2
22,30,2
23,0,4
23,1,4
23,2,4
23,3,4
23,4,4
23,5,1
23,6,1
23,7,1
23,8,1
23,9,2
23,10,2
23,11,3
23,12,3
23,13,3
23,14,3
23,15,3
23,16,1
23,17,1
23,18,3
23,19,3
23,20,3
23,21,3
23,22,3
23,23,2
23,24,2
23,25,2
23,26,2
23,27,1
23,28,1
23,29,2
23,30,2
24,0,4
24,1,4
24,2,3
24,3,3
24,4,3
24,5,1
24,6,1
24,7,1
24,8,2
24,9,2
24,10,2
24,11,2
24,12,3
24,13,3
24,14,3
24,15,3
24,16,1
24,17,1
24,18,1
24,19,3
24,20,3
24,21,3
24,22,3
24,23,3
24,24,2
24,25,2
24,26,2
24,27,1
24,28,1
24,29,2
24,30,2
25,0,3
25,1,3
25,2,3
25,3,3
25,4,3
25,5,3
25,6,1
25,7,1
25,8,2
25,9,2
25,10,2
25,11,2
25,12,3
25,13,3
25,14,3
25,15,3
25,16,1
25,17,1
25,18,1
25,19,1
25,20,3
25,21,3
25,22,3
25,23,3
25,24,3
25,25,2
25,26,2
25,27,1
25,28,1
25,29,2
25,30,2
26,0,3
26,1,3
26,2,3
26,3,3
26,4,3
26,5,3
26,6,1
26,7,1
26,8,1
26,9,2
26,10,2
26,11,2
26,12,3
26,13,3
26,14,3
26,15,2
26,16,2
26,17,1
26,18,1
26,19,1
26,20,1
26,21,3
26,22,3
26,23,3
26,24,3
26,25,2
26,26,2
26,27,1
26,28,1
26,29,2
26,30,2
27,0,3
27,1,3
27,2,3
27,3,3
27,4,3
27,5,3
27,6,1
27,7,1
27,8,1
27,9,2
27,10,2
27,11,2
27,12,3
27,13,3
27,14,2
27,15,2
27,16,2
27,17,2
27,18,1
27,19,1
27,20,1
27,21,1
27,22,3
27,23,3
27,24,2
27,25,2
27,26,2
27,27,1
27,28,1
27,29,2
27,30,2
28,0,3
28,1,3
28,2,3
28,3,3
28,4,3
28,5,3
28,6,3
28,7,1
28,8,1
28,9,2
28,10,2
28,11,2
28,12,3
28,13,3
28,14,2
28,15,2
28,16,2
28,17,2
28,18,2
28,19,1
28,20,1
28,21,1
28,22,1
28,23,2
28,24,2
28,25,2
28,26,2
28,27,1
28,28,1
28,29,2
28,30,2
29,0,3
29,1,3
29,2,3
29,3,3
29,4,3
29,5,3
29,6,3
29,7,1
29,8,1
29,9,2
29,10,2
29,11,3
29,12,3
29,13,3
29,14,3
29,15,2
29,16,2
29,17,2
29,18,2
29,19,1
29,20,1
29,21,1
29,22,1
29,23,2
29,24,2
29,25,2
29,26,1
29,27,1
29,28,1
29,29,2
29,30,2
30,0,3
30,1,3
30,2,3
30,3,3
30,4,3
30,5,3
30,6,3
30,7,1
30,8,1
30,9,2
30,10,2
30,11,3
30,12,3
30,13,3
30,14,3
30,15,2
30,16,2
30,17,2
30,18,2
30,19,1
30,20,1
30,21,1
30,22,1
30,23,2
30,24,2
30,25,2
30,26,1
30,27,1
30,28,1
30,29,2
30,30,2