5
7
6
0
7,2
7,12
17,12
27,2
27,12
0,3,1
0,1,2
0,2,2
3,4,2
2,3,2
1,2,2
2,4,1
0,0,4
0,1,4
0,2,4
0,3,4
0,4,4
0,5,1
0,6,1
0,7,1
0,8,1
0,9,1
0,10,1
0,11,2
0,12,2
0,13,2
0,14,2
0,15,3
0,16,3
0,17,3
0,18,2
0,19,2
0,20,4
0,21,4
0,22,4
0,23,4
0,24,4
0,25,4
0,26,3
0,27,3
0,28,1
0,29,1
0,30,1
1,0,4
1,1,4
1,2,4
1,3,4
1,4,4
1,5,1
1,6,1
1,7,1
1,8,1
1,9,1
1,10,1
1,11,2
1,12,2
1,13,2
1,14,2
1,15,3
1,16,3
1,17,3
1,18,2
1,19,2
1,20,4
1,21,4
1,22,4
1,23,4
1,24,4
1,25,4
1,26,3
1,27,3
1,28,1
1,29,1
1,30,1
2,0,4
2,1,4
2,2,4
2,3,4
2,4,4
2,5,4
2,6,1
2,7,1
2,8,1
2,9,1
2,10,2
2,11,2
2,12,2
2,13,2
2,14,2
2,15,3
2,16,3
2,17,3
2,18,2
2,19,2
2,20,2
2,21,4
2,22,4
2,23,4
2,24,4
2,25,3
2,26,3
2,27,3
2,28,3
2,29,1
2,30,1
3,0,4
3,1,4
3,2,4
3,3,4
3,4,4
3,5,4
3,6,2
3,7,2
3,8,2
3,9,2
3,10,2
3,11,2
3,12,2
3,13,2
3,14,3
3,15,3
3,16,3
3,17,2
3,18,2
3,19,2
3,20,2
3,21,3
3,22,3
3,23,3
3,24,3
3,25,3
3,26,3
3,27,3
3,28,3
3,29,4
3,30,4
4,0,4
4,1,4
4,2,4
4,3,4
4,4,4
4,5,2
4,6,2
4,7,2
4,8,2
4,9,2
4,10,2
4,11,2
4,12,4
4,13,4
4,14,3
4,15,3
4,16,3
4,17,2
4,18,2
4,19,2
4,20,3
4,21,3
4,22,3
4,23,3
4,24,3
4,25,3
4,26,3
4,27,3
4,28,4
4,29,4
4,30,4
5,0,4
5,1,4
5,2,4
5,3,4
5,4,4
5,5,2
5,6,2
5,7,2
5,8,4
5,9,4
5,10,4
5,11,4
5,12,4
5,13,4
5,14,4
5,15,3
5,16,3
5,17,3
5,18,2
5,19,2
5,20,3
5,21,3
5,22,3
5,23,1
5,24,1
5,25,3
5,26,3
5,27,3
5,28,4
5,29,4
5,30,4
6,0,4
6,1,4
6,2,4
6,3,4
6,4,4
6,5,2
6,6,2
6,7,4
6,8,4
6,9,4
6,10,4
6,11,4
6,12,4
6,13,4
6,14,4
6,15,3
6,16,3
6,17,3
6,18,2
6,19,2
6,20,3
6,21,3
6,22,1
6,23,1
6,24,1
6,25,1
6,26,3
6,27,3
6,28,4
6,29,4
6,30,4
7,0,4
7,1,4
7,2,4
7,3,4
7,4,4
7,5,2
7,6,2
7,7,4
7,8,4
7,9,4
7,10,4
7,11,4
7,12,4
7,13,4
7,14,4
7,15,4
7,16,3
7,17,3
7,18,2
7,19,2
7,20,3
7,21,3
7,22,1
7,23,1
7,24,1
7,25,1
7,26,3
7,27,3
7,28,4
7,29,4
7,30,4
8,0,4
8,1,4
8,2,4
8,3,4
8,4,4
8,5,2
8,6,2
8,7,2
8,8,4
8,9,4
8,10,4
8,11,4
8,12,4
8,13,4
8,14,4
8,15,4
8,16,3
8,17,3
8,18,2
8,19,2
8,20,3
8,21,3
8,22,3
8,23,1
8,24,1
8,25,3
8,26,3
8,27,3
8,28,4
8,29,4
8,30,4
9,0,4
9,1,4
9,2,4
9,3,4
9,4,4
9,5,2
9,6,2
9,7,2
9,8,2
9,9,4
9,10,4
9,11,4
9,12,4
9,13,4
9,14,4
9,15,4
9,16,3
9,17,3
9,18,2
9,19,2
9,20,3
9,21,3
9,22,3
9,23,3
9,24,3
9,25,3
9,26,3
9,27,3
9,28,3
9,29,4
9,30,4
10,0,2
10,1,2
10,2,4
10,3,4
10,4,3
10,5,3
10,6,2
10,7,2
10,8,2
10,9,4
10,10,4
10,11,4
10,12,4
10,13,4
10,14,4
10,15,4
10,16,3
10,17,3
10,18,2
10,19,2
10,20,2
10,21,3
10,22,3
10,23,3
10,24,3
10,25,3
10,26,3
10,27,3
10,28,3
10,29,1
10,30,1
11,0,2
11,1,2
11,2,2
11,3,3
11,4,3
11,5,3
11,6,3
11,7,2
11,8,2
11,9,4
11,10,4
11,11,4
11,12,4
11,13,4
11,14,4
11,15,4
11,16,3
11,17,3
11,18,2
11,19,2
11,20,2
11,21,2
11,22,3
11,23,3
11,24,1
11,25,1
11,26,3
11,27,3
11,28,1
11,29,1
11,30,1
12,0,2
12,1,2
12,2,2
12,3,3
12,4,3
12,5,3
12,6,3
12,7,2
12,8,2
12,9,2
12,10,4
12,11,4
12,12,4
12,13,4
12,14,4
12,15,3
12,16,3
12,17,3
12,18,2
12,19,2
12,20,2
12,21,2
12,22,1
12,23,1
12,24,1
12,25,1
12,26,1
12,27,1
12,28,1
12,29,1
12,30,1
13,0,2
13,1,2
13,2,1
13,3,1
13,4,3
13,5,3
13,6,3
13,7,2
13,8,2
13,9,2
13,10,2
13,11,4
13,12,4
13,13,4
13,14,4
13,15,3
13,16,3
13,17,3
13,18,3
13,19,2
13,20,2
13,21,1
13,22,1
13,23,1
13,24,1
13,25,1
13,26,1
13,27,1
13,28,1
13,29,1
13,30,1
14,0,1
14,1,1
14,2,1
14,3,1
14,4,1
14,5,3
14,6,3
14,7,3
14,8,2
14,9,2
14,10,2
14,11,2
14,12,4
14,13,4
14,14,2
14,15,2
14,16,3
14,17,3
14,18,3
14,19,3
14,20,1
14,21,1
14,22,1
14,23,1
14,24,4
14,25,4
14,26,4
14,27,4
14,28,4
14,29,4
14,30,4
15,0,1
15,1,1
15,2,1
15,3,1
15,4,1
15,5,3
15,6,3
15,7,3
15,8,3
15,9,2
15,10,2
15,11,2
15,12,2
15,13,2
15,14,2
15,15,2
15,16,2
15,17,3
15,18,3
15,19,3
15,20,1
15,21,1
15,22,1
15,23,4
15,24,4
15,25,4
15,26,4
15,27,4
15,28,4
15,29,4
15,30,4
16,0,1
16,1,1
16,2,1
16,3,1
16,4,1
16,5,3
16,6,3
16,7,3
16,8,3
16,9,2
16,10,2
16,11,2
16,12,2
16,13,2
16,14,2
16,15,2
16,16,2
16,17,3
16,18,3
16,19,1
16,20,1
16,21,1
16,22,4
16,23,4
16,24,4
16,25,4
16,26,4
16,27,4
16,28,4
16,29,4
16,30,4
17,0,1
17,1,1
17,2,1
17,3,1
17,4,4
17,5,4
17,6,3
17,7,3
17,8,2
17,9,2
17,10,2
17,11,2
17,12,2
17,13,2
17,14,2
17,15,2
17,16,3
17,17,3
17,18,3
17,19,1
17,20,1
17,21,1
17,22,4
17,23,4
17,24,4
17,25,4
17,26,4
17,27,3
17,28,3
17,29,3
17,30,3
18,0,4
18,1,4
18,2,4
18,3,4
18,4,4
18,5,4
18,6,4
18,7,2
18,8,2
18,9,2
18,10,2
18,11,2
18,12,2
18,13,2
18,14,2
18,15,3
18,16,3
18,17,3
18,18,3
18,19,1
18,20,1
18,21,1
18,22,1
18,23,4
18,24,4
18,25,4
18,26,3
18,27,3
18,28,3
18,29,3
18,30,3
19,0,4
19,1,4
19,2,4
19,3,4
19,4,4
19,5,4
19,6,4
19,7,2
19,8,2
19,9,2
19,10,2
19,11,2
19,12,2
19,13,2
19,14,2
19,15,3
19,16,3
19,17,3
19,18,2
19,19,2
19,20,1
19,21,1
19,22,1
19,23,4
19,24,4
19,25,4
19,26,3
19,27,3
19,28,3
19,29,1
19,30,1
20,0,2
20,1,2
20,2,4
20,3,4
20,4,4
20,5,4
20,6,4
20,7,2
20,8,2
20,9,2
20,10,2
20,11,2
20,12,2
20,13,2
20,14,2
20,15,3
20,16,3
20,17,2
20,18,2
20,19,2
20,20,2
20,21,1
20,22,1
20,23,1
20,24,4
20,25,4
20,26,3
20,27,3
20,28,1
20,29,1
20,30,1
21,0,2
21,1,2
21,2,2
21,3,4
21,4,4
21,5,4
21,6,4
21,7,4
21,8,2
21,9,2
21,10,2
21,11,2
21,12,2
21,13,2
21,14,3
21,15,3
21,16,3
21,17,2
21,18,2
21,19,2
21,20,2
21,21,1
21,22,1
21,23,1
21,24,4
21,25,4
21,26,3
21,27,3
21,28,1
21,29,1
21,30,1
22,0,2
22,1,2
22,2,2
22,3,4
22,4,4
22,5,4
22,6,4
22,7,4
22,8,4
22,9,4
22,10,2
22,11,2
22,12,2
22,13,2
22,14,3
22,15,3
22,16,3
22,17,2
22,18,2
22,19,2
22,20,1
22,21,1
22,22,1
22,23,4
22,24,4
22,25,4
22,26,3
22,27,3
22,28,3
22,29,1
22,30,1
23,0,2
23,1,2
23,2,2
23,3,4
23,4,4
23,5,4
23,6,4
23,7,4
23,8,4
23,9,4
23,10,4
23,11,2
23,12,2
23,13,3
23,14,3
23,15,3
23,16,2
23,17,2
23,18,2
23,19,1
23,20,1
23,21,1
23,22,1
23,23,4
23,24,4
23,25,4
23,26,3
23,27,3
23,28,3
23,29,3
23,30,3
24,0,2
24,1,2
24,2,1
24,3,1
24,4,4
24,5,4
24,6,4
24,7,4
24,8,4
24,9,4
24,10,4
24,11,3
24,12,3
24,13,3
24,14,3
24,15,3
24,16,2
24,17,2
24,18,2
24,19,1
24,20,1
24,21,1
24,22,1
24,23,4
24,24,4
24,25,4
24,26,4
24,27,3
24,28,3
24,29,3
24,30,3
25,0,1
25,1,1
25,2,1
25,3,1
25,4,1
25,5,4
25,6,4
25,7,4
25,8,4
25,9,4
25,10,3
25,11,3
25,12,3
25,13,3
25,14,3
25,15,3
25,16,2
25,17,2
25,18,1
25,19,1
25,20,1
25,21,1
25,22,1
25,23,4
25,24,4
25,25,4
25,26,4
25,27,1
25,28,1
25,29,1
25,30,1
26,0,1
26,1,1
26,2,1
26,3,1
26,4,1
26,5,1
26,6,4
26,7,4
26,8,3
26,9,3
26,10,3
26,11,3
26,12,3
26,13,3
26,14,3
26,15,3
26,16,2
26,17,2
26,18,1
26,19,1
26,20,1
26,21,1
26,22,3
26,23,3
26,24,4
26,25,4
26,26,1
26,27,1
26,28,1
26,29,1
26,30,1
27,0,1
27,1,1
27,2,1
27,3,1
27,4,1
27,5,1
27,6,3
27,7,3
27,8,3
27,9,3
27,10,3
27,11,3
27,12,3
27,13,3
27,14,3
27,15,2
27,16,2
27,17,2
27,18,2
27,19,1
27,20,1
27,21,3
27,22,3
27,23,3
27,24,3
27,25,1
27,26,1
27,27,1
27,28,1
27,29,1
27,30,1
28,0,1
28,1,1
28,2,1
28,3,1
28,4,1
28,5,3
28,6,3
28,7,3
28,8,3
28,9,3
28,10,3
28,11,3
28,12,3
28,13,3
28,14,3
28,15,2
28,16,2
28,17,2
28,18,2
28,19,2
28,20,2
28,21,3
28,22,3
28,23,3
28,24,3
28,25,1
28,26,1
28,27,1
28,28,2
28,29,2
28,30,2
29,0,1
29,1,1
29,2,1
29,3,1
29,4,1
29,5,3
29,6,3
29,7,3
29,8,3
29,9,3
29,10,3
29,11,3
29,12,3
29,13,3
29,14,3
29,15,3
29,16,2
29,17,2
29,18,2
29,19,2
29,20,2
29,21,2
29,22,3
29,23,3
29,24,3
29,25,1
29,26,1
29,27,2
29,28,2
29,29,2
29,30,2
30,0,1
30,1,1
30,2,1
30,3,1
30,4,1
30,5,3
30,6,3
30,7,3
30,8,3
30,9,3
30,10,3
30,11,3
30,12,3
30,13,3
30,14,3
30,15,3
30,16,2
30,17,2
30,18,2
30,19,2
30,20,2
30,21,2
30,22,3
30,23,3
30,24,3
30,25,1
30,26,1
30,27,2
30,28,2
30,29,2
30,30,2