2
1
4
1
2,22
17,7
0,1,4
0,0,4
0,1,4
0,2,4
0,3,4
0,4,4
0,5,4
0,6,4
0,7,1
0,8,1
0,9,1
0,10,1
0,11,1
0,12,4
0,13,4
0,14,4
0,15,4
0,16,1
0,17,1
0,18,2
0,19,2
0,20,2
0,21,2
0,22,2
0,23,2
0,24,2
0,25,4
0,26,4
0,27,4
0,28,4
0,29,4
0,30,4
1,0,4
1,1,4
1,2,4
1,3,4
1,4,4
1,5,4
1,6,4
1,7,1
1,8,1
1,9,1
1,10,1
1,11,1
1,12,4
1,13,4
1,14,4
1,15,4
1,16,1
1,17,1
1,18,2
1,19,2
1,20,2
1,21,2
1,22,2
1,23,2
1,24,2
1,25,4
1,26,4
1,27,4
1,28,4
1,29,4
1,30,4
2,0,1
2,1,1
2,2,1
2,3,1
2,4,4
2,5,4
2,6,3
2,7,3
2,8,1
2,9,1
2,10,1
2,11,3
2,12,3
2,13,4
2,14,4
2,15,1
2,16,1
2,17,1
2,18,2
2,19,2
2,20,2
2,21,2
2,22,2
2,23,2
2,24,2
2,25,4
2,26,4
2,27,4
2,28,4
2,29,4
2,30,4
3,0,1
3,1,1
3,2,1
3,3,1
3,4,1
3,5,3
3,6,3
3,7,3
3,8,3
3,9,3
3,10,3
3,11,3
3,12,3
3,13,3
3,14,3
3,15,1
3,16,1
3,17,1
3,18,1
3,19,2
3,20,2
3,21,2
3,22,2
3,23,2
3,24,2
3,25,4
3,26,4
3,27,4
3,28,4
3,29,4
3,30,4
4,0,4
4,1,4
4,2,1
4,3,1
4,4,1
4,5,3
4,6,3
4,7,3
4,8,3
4,9,3
4,10,3
4,11,3
4,12,3
4,13,3
4,14,3
4,15,3
4,16,1
4,17,1
4,18,1
4,19,2
4,20,2
4,21,2
4,22,2
4,23,2
4,24,2
4,25,4
4,26,4
4,27,4
4,28,4
4,29,4
4,30,4
5,0,4
5,1,4
5,2,4
5,3,1
5,4,1
5,5,1
5,6,3
5,7,3
5,8,3
5,9,3
5,10,2
5,11,2
5,12,3
5,13,3
5,14,3
5,15,3
5,16,3
5,17,1
5,18,1
5,19,2
5,20,2
5,21,2
5,22,2
5,23,2
5,24,4
5,25,4
5,26,4
5,27,4
5,28,4
5,29,1
5,30,1
6,0,4
6,1,4
6,2,4
6,3,1
6,4,1
6,5,1
6,6,3
6,7,3
6,8,3
6,9,2
6,10,2
6,11,2
6,12,2
6,13,2
6,14,3
6,15,3
6,16,3
6,17,1
6,18,1
6,19,1
6,20,2
6,21,2
6,22,2
6,23,4
6,24,4
6,25,4
6,26,4
6,27,4
6,28,1
6,29,1
6,30,1
7,0,4
7,1,4
7,2,4
7,3,1
7,4,1
7,5,3
7,6,3
7,7,3
7,8,3
7,9,2
7,10,2
7,11,2
7,12,2
7,13,2
7,14,2
7,15,3
7,16,3
7,17,1
7,18,1
7,19,1
7,20,1
7,21,2
7,22,2
7,23,4
7,24,4
7,25,4
7,26,4
7,27,1
7,28,1
7,29,1
7,30,1
8,0,4
8,1,4
8,2,4
8,3,1
8,4,1
8,5,3
8,6,3
8,7,3
8,8,3
8,9,3
8,10,2
8,11,2
8,12,2
8,13,2
8,14,2
8,15,3
8,16,3
8,17,1
8,18,1
8,19,1
8,20,1
8,21,2
8,22,2
8,23,4
8,24,4
8,25,4
8,26,4
8,27,1
8,28,1
8,29,1
8,30,1
9,0,4
9,1,4
9,2,4
9,3,1
9,4,1
9,5,1
9,6,3
9,7,3
9,8,3
9,9,3
9,10,3
9,11,2
9,12,2
9,13,2
9,14,3
9,15,3
9,16,3
9,17,3
9,18,1
9,19,1
9,20,1
9,21,2
9,22,2
9,23,4
9,24,4
9,25,4
9,26,4
9,27,1
9,28,1
9,29,1
9,30,1
10,0,4
10,1,4
10,2,1
10,3,1
10,4,1
10,5,1
10,6,1
10,7,3
10,8,3
10,9,3
10,10,3
10,11,3
10,12,3
10,13,3
10,14,3
10,15,3
10,16,3
10,17,3
10,18,1
10,19,1
10,20,1
10,21,2
10,22,2
10,23,4
10,24,4
10,25,4
10,26,4
10,27,1
10,28,1
10,29,1
10,30,1
11,0,4
11,1,4
11,2,1
11,3,1
11,4,1
11,5,1
11,6,1
11,7,3
11,8,3
11,9,3
11,10,3
11,11,3
11,12,3
11,13,3
11,14,3
11,15,3
11,16,3
11,17,1
11,18,1
11,19,1
11,20,1
11,21,2
11,22,2
11,23,4
11,24,4
11,25,4
11,26,4
11,27,1
11,28,1
11,29,1
11,30,1
12,0,4
12,1,4
12,2,1
12,3,1
12,4,1
12,5,1
12,6,1
12,7,3
12,8,3
12,9,3
12,10,3
12,11,3
12,12,4
12,13,4
12,14,3
12,15,3
12,16,1
12,17,1
12,18,1
12,19,1
12,20,2
12,21,2
12,22,2
12,23,2
12,24,4
12,25,4
12,26,2
12,27,2
12,28,1
12,29,1
12,30,1
13,0,4
13,1,4
13,2,4
13,3,1
13,4,1
13,5,1
13,6,1
13,7,3
13,8,3
13,9,3
13,10,3
13,11,4
13,12,4
13,13,4
13,14,4
13,15,1
13,16,1
13,17,1
13,18,1
13,19,1
13,20,2
13,21,2
13,22,2
13,23,2
13,24,2
13,25,2
13,26,2
13,27,2
13,28,2
13,29,2
13,30,2
14,0,4
14,1,4
14,2,4
14,3,4
14,4,1
14,5,1
14,6,4
14,7,4
14,8,3
14,9,3
14,10,4
14,11,4
14,12,4
14,13,4
14,14,4
14,15,1
14,16,1
14,17,1
14,18,1
14,19,3
14,20,3
14,21,2
14,22,2
14,23,2
14,24,2
14,25,2
14,26,2
14,27,2
14,28,2
14,29,2
14,30,2
15,0,4
15,1,4
15,2,4
15,3,4
15,4,4
15,5,4
15,6,4
15,7,4
15,8,4
15,9,4
15,10,4
15,11,4
15,12,4
15,13,4
15,14,4
15,15,4
15,16,1
15,17,1
15,18,3
15,19,3
15,20,3
15,21,3
15,22,3
15,23,3
15,24,2
15,25,2
15,26,2
15,27,2
15,28,2
15,29,1
15,30,1
16,0,4
16,1,4
16,2,4
16,3,4
16,4,4
16,5,4
16,6,4
16,7,4
16,8,4
16,9,4
16,10,4
16,11,4
16,12,4
16,13,4
16,14,4
16,15,4
16,16,4
16,17,3
16,18,3
16,19,3
16,20,3
16,21,3
16,22,3
16,23,3
16,24,3
16,25,2
16,26,2
16,27,2
16,28,1
16,29,1
16,30,1
17,0,4
17,1,4
17,2,4
17,3,4
17,4,4
17,5,4
17,6,4
17,7,4
17,8,4
17,9,4
17,10,4
17,11,4
17,12,4
17,13,4
17,14,4
17,15,4
17,16,4
17,17,3
17,18,3
17,19,3
17,20,1
17,21,1
17,22,3
17,23,3
17,24,3
17,25,3
17,26,2
17,27,2
17,28,1
17,29,1
17,30,1
18,0,4
18,1,4
18,2,1
18,3,1
18,4,4
18,5,4
18,6,4
18,7,4
18,8,4
18,9,4
18,10,4
18,11,4
18,12,4
18,13,4
18,14,4
18,15,4
18,16,3
18,17,3
18,18,3
18,19,1
18,20,1
18,21,1
18,22,1
18,23,3
18,24,3
18,25,3
18,26,2
18,27,2
18,28,2
18,29,1
18,30,1
19,0,1
19,1,1
19,2,1
19,3,1
19,4,1
19,5,4
19,6,4
19,7,4
19,8,4
19,9,4
19,10,4
19,11,4
19,12,4
19,13,4
19,14,4
19,15,4
19,16,3
19,17,3
19,18,3
19,19,1
19,20,1
19,21,1
19,22,1
19,23,1
19,24,3
19,25,3
19,26,2
19,27,2
19,28,2
19,29,1
19,30,1
20,0,1
20,1,1
20,2,1
20,3,1
20,4,1
20,5,1
20,6,1
20,7,1
20,8,1
20,9,1
20,10,4
20,11,4
20,12,4
20,13,4
20,14,4
20,15,3
20,16,3
20,17,3
20,18,3
20,19,1
20,20,1
20,21,1
20,22,1
20,23,1
20,24,3
20,25,3
20,26,3
20,27,2
20,28,2
20,29,1
20,30,1
21,0,1
21,1,1
21,2,1
21,3,1
21,4,1
21,5,1
21,6,1
21,7,1
21,8,1
21,9,1
21,10,1
21,11,4
21,12,4
21,13,4
21,14,4
21,15,3
21,16,3
21,17,3
21,18,3
21,19,1
21,20,1
21,21,1
21,22,1
21,23,3
21,24,3
21,25,3
21,26,3
21,27,2
21,28,2
21,29,1
21,30,1
22,0,1
22,1,1
22,2,1
22,3,1
22,4,1
22,5,2
22,6,2
22,7,1
22,8,1
22,9,1
22,10,1
22,11,4
22,12,4
22,13,4
22,14,4
22,15,4
22,16,3
22,17,3
22,18,4
22,19,4
22,20,1
22,21,1
22,22,3
22,23,3
22,24,3
22,25,3
22,26,3
22,27,2
22,28,2
22,29,1
22,30,1
23,0,1
23,1,1
23,2,1
23,3,1
23,4,2
23,5,2
23,6,2
23,7,2
23,8,1
23,9,1
23,10,4
23,11,4
23,12,4
23,13,4
23,14,4
23,15,4
23,16,4
23,17,4
23,18,4
23,19,4
23,20,4
23,21,3
23,22,3
23,23,3
23,24,3
23,25,3
23,26,3
23,27,2
23,28,2
23,29,1
23,30,1
24,0,1
24,1,1
24,2,1
24,3,1
24,4,2
24,5,2
24,6,2
24,7,2
24,8,4
24,9,4
24,10,4
24,11,4
24,12,4
24,13,4
24,14,4
24,15,4
24,16,4
24,17,4
24,18,4
24,19,4
24,20,4
24,21,3
24,22,3
24,23,3
24,24,3
24,25,3
24,26,3
24,27,2
24,28,2
24,29,1
24,30,1
25,0,1
25,1,1
25,2,1
25,3,1
25,4,2
25,5,2
25,6,2
25,7,4
25,8,4
25,9,4
25,10,4
25,11,4
25,12,4
25,13,3
25,14,3
25,15,3
25,16,4
25,17,4
25,18,4
25,19,4
25,20,1
25,21,1
25,22,3
25,23,3
25,24,3
25,25,3
25,26,2
25,27,2
25,28,2
25,29,1
25,30,1
26,0,1
26,1,1
26,2,1
26,3,2
26,4,2
26,5,2
26,6,2
26,7,4
26,8,4
26,9,4
26,10,3
26,11,3
26,12,3
26,13,3
26,14,3
26,15,3
26,16,3
26,17,4
26,18,4
26,19,1
26,20,1
26,21,1
26,22,1
26,23,1
26,24,1
26,25,1
26,26,2
26,27,2
26,28,2
26,29,1
26,30,1
27,0,2
27,1,2
27,2,2
27,3,2
27,4,2
27,5,2
27,6,2
27,7,4
27,8,4
27,9,3
27,10,3
27,11,3
27,12,3
27,13,3
27,14,3
27,15,3
27,16,3
27,17,2
27,18,2
27,19,1
27,20,1
27,21,1
27,22,1
27,23,1
27,24,1
27,25,1
27,26,1
27,27,2
27,28,2
27,29,1
27,30,1
28,0,2
28,1,2
28,2,2
28,3,2
28,4,2
28,5,2
28,6,4
28,7,4
28,8,4
28,9,3
28,10,3
28,11,3
28,12,4
28,13,4
28,14,3
28,15,3
28,16,2
28,17,2
28,18,2
28,19,2
28,20,1
28,21,1
28,22,1
28,23,1
28,24,1
28,25,1
28,26,1
28,27,2
28,28,2
28,29,1
28,30,1
29,0,4
29,1,4
29,2,4
29,3,4
29,4,4
29,5,4
29,6,4
29,7,4
29,8,4
29,9,3
29,10,3
29,11,4
29,12,4
29,13,4
29,14,4
29,15,2
29,16,2
29,17,2
29,18,2
29,19,2
29,20,1
29,21,1
29,22,1
29,23,1
29,24,1
29,25,1
29,26,1
29,27,2
29,28,2
29,29,1
29,30,1
30,0,4
30,1,4
30,2,4
30,3,4
30,4,4
30,5,4
30,6,4
30,7,4
30,8,4
30,9,3
30,10,3
30,11,4
30,12,4
30,13,4
30,14,4
30,15,2
30,16,2
30,17,2
30,18,2
30,19,2
30,20,1
30,21,1
30,22,1
30,23,1
30,24,1
30,25,1
30,26,1
30,27,2
30,28,2
30,29,1
30,30,1