2
1
4
0
17,7
17,22
0,1,4
0,0,4
0,1,4
0,2,4
0,3,4
0,4,4
0,5,4
0,6,4
0,7,4
0,8,4
0,9,4
0,10,1
0,11,1
0,12,4
0,13,4
0,14,4
0,15,4
0,16,4
0,17,4
0,18,4
0,19,4
0,20,4
0,21,4
0,22,1
0,23,1
0,24,1
0,25,1
0,26,1
0,27,4
0,28,4
0,29,4
0,30,4
1,0,4
1,1,4
1,2,4
1,3,4
1,4,4
1,5,4
1,6,4
1,7,4
1,8,4
1,9,4
1,10,1
1,11,1
1,12,4
1,13,4
1,14,4
1,15,4
1,16,4
1,17,4
1,18,4
1,19,4
1,20,4
1,21,4
1,22,1
1,23,1
1,24,1
1,25,1
1,26,1
1,27,4
1,28,4
1,29,4
1,30,4
2,0,1
2,1,1
2,2,1
2,3,1
2,4,1
2,5,1
2,6,1
2,7,4
2,8,4
2,9,1
2,10,1
2,11,1
2,12,1
2,13,4
2,14,4
2,15,4
2,16,4
2,17,4
2,18,4
2,19,4
2,20,4
2,21,4
2,22,1
2,23,1
2,24,1
2,25,1
2,26,1
2,27,4
2,28,4
2,29,4
2,30,4
3,0,1
3,1,1
3,2,1
3,3,1
3,4,1
3,5,1
3,6,1
3,7,1
3,8,1
3,9,1
3,10,1
3,11,1
3,12,1
3,13,1
3,14,1
3,15,4
3,16,4
3,17,3
3,18,3
3,19,4
3,20,4
3,21,2
3,22,2
3,23,1
3,24,1
3,25,1
3,26,2
3,27,2
3,28,4
3,29,4
3,30,4
4,0,2
4,1,2
4,2,2
4,3,2
4,4,2
4,5,1
4,6,1
4,7,1
4,8,1
4,9,1
4,10,1
4,11,1
4,12,1
4,13,1
4,14,1
4,15,1
4,16,3
4,17,3
4,18,3
4,19,3
4,20,2
4,21,2
4,22,2
4,23,2
4,24,2
4,25,2
4,26,2
4,27,2
4,28,2
4,29,2
4,30,2
5,0,2
5,1,2
5,2,2
5,3,2
5,4,2
5,5,2
5,6,1
5,7,1
5,8,1
5,9,1
5,10,1
5,11,2
5,12,2
5,13,1
5,14,1
5,15,1
5,16,3
5,17,3
5,18,3
5,19,3
5,20,2
5,21,2
5,22,2
5,23,2
5,24,2
5,25,2
5,26,2
5,27,2
5,28,2
5,29,2
5,30,2
6,0,4
6,1,4
6,2,4
6,3,2
6,4,2
6,5,2
6,6,2
6,7,2
6,8,2
6,9,2
6,10,2
6,11,2
6,12,2
6,13,2
6,14,1
6,15,1
6,16,3
6,17,3
6,18,3
6,19,3
6,20,2
6,21,2
6,22,2
6,23,2
6,24,2
6,25,1
6,26,1
6,27,2
6,28,2
6,29,3
6,30,3
7,0,4
7,1,4
7,2,4
7,3,4
7,4,2
7,5,2
7,6,2
7,7,2
7,8,2
7,9,2
7,10,2
7,11,2
7,12,2
7,13,2
7,14,1
7,15,1
7,16,1
7,17,3
7,18,3
7,19,4
7,20,4
7,21,2
7,22,2
7,23,2
7,24,1
7,25,1
7,26,1
7,27,1
7,28,3
7,29,3
7,30,3
8,0,4
8,1,4
8,2,4
8,3,4
8,4,1
8,5,1
8,6,2
8,7,2
8,8,2
8,9,2
8,10,2
8,11,2
8,12,2
8,13,1
8,14,1
8,15,1
8,16,1
8,17,4
8,18,4
8,19,4
8,20,4
8,21,4
8,22,4
8,23,4
8,24,1
8,25,1
8,26,1
8,27,1
8,28,3
8,29,3
8,30,3
9,0,4
9,1,4
9,2,4
9,3,1
9,4,1
9,5,1
9,6,1
9,7,1
9,8,1
9,9,1
9,10,1
9,11,1
9,12,1
9,13,1
9,14,1
9,15,1
9,16,4
9,17,4
9,18,4
9,19,4
9,20,4
9,21,4
9,22,4
9,23,4
9,24,4
9,25,1
9,26,1
9,27,4
9,28,4
9,29,3
9,30,3
10,0,1
10,1,1
10,2,1
10,3,1
10,4,1
10,5,1
10,6,1
10,7,1
10,8,1
10,9,1
10,10,1
10,11,1
10,12,1
10,13,1
10,14,1
10,15,4
10,16,4
10,17,4
10,18,4
10,19,4
10,20,4
10,21,4
10,22,4
10,23,4
10,24,4
10,25,4
10,26,4
10,27,4
10,28,4
10,29,4
10,30,4
11,0,1
11,1,1
11,2,1
11,3,1
11,4,1
11,5,3
11,6,3
11,7,3
11,8,3
11,9,3
11,10,3
11,11,3
11,12,3
11,13,3
11,14,3
11,15,4
11,16,4
11,17,4
11,18,4
11,19,4
11,20,1
11,21,1
11,22,1
11,23,4
11,24,4
11,25,4
11,26,4
11,27,4
11,28,4
11,29,4
11,30,4
12,0,4
12,1,4
12,2,1
12,3,1
12,4,3
12,5,3
12,6,3
12,7,3
12,8,3
12,9,3
12,10,3
12,11,3
12,12,3
12,13,3
12,14,3
12,15,3
12,16,4
12,17,4
12,18,4
12,19,1
12,20,1
12,21,1
12,22,1
12,23,1
12,24,1
12,25,1
12,26,1
12,27,1
12,28,1
12,29,1
12,30,1
13,0,4
13,1,4
13,2,4
13,3,3
13,4,3
13,5,3
13,6,3
13,7,4
13,8,4
13,9,3
13,10,3
13,11,1
13,12,1
13,13,3
13,14,3
13,15,3
13,16,4
13,17,4
13,18,4
13,19,1
13,20,1
13,21,1
13,22,1
13,23,1
13,24,1
13,25,1
13,26,1
13,27,1
13,28,1
13,29,1
13,30,1
14,0,4
14,1,4
14,2,4
14,3,3
14,4,3
14,5,3
14,6,4
14,7,4
14,8,4
14,9,4
14,10,1
14,11,1
14,12,1
14,13,1
14,14,3
14,15,3
14,16,4
14,17,4
14,18,4
14,19,1
14,20,1
14,21,1
14,22,1
14,23,1
14,24,1
14,25,1
14,26,3
14,27,3
14,28,1
14,29,1
14,30,1
15,0,4
15,1,4
15,2,4
15,3,3
15,4,3
15,5,4
15,6,4
15,7,4
15,8,4
15,9,4
15,10,1
15,11,1
15,12,1
15,13,1
15,14,3
15,15,3
15,16,3
15,17,4
15,18,4
15,19,1
15,20,1
15,21,1
15,22,1
15,23,1
15,24,1
15,25,3
15,26,3
15,27,3
15,28,3
15,29,1
15,30,1
16,0,4
16,1,4
16,2,4
16,3,3
16,4,3
16,5,4
16,6,4
16,7,4
16,8,4
16,9,4
16,10,4
16,11,1
16,12,1
16,13,3
16,14,3
16,15,3
16,16,3
16,17,4
16,18,4
16,19,1
16,20,1
16,21,1
16,22,1
16,23,1
16,24,1
16,25,3
16,26,3
16,27,3
16,28,3
16,29,1
16,30,1
17,0,4
17,1,4
17,2,4
17,3,3
17,4,3
17,5,4
17,6,4
17,7,4
17,8,4
17,9,4
17,10,4
17,11,4
17,12,4
17,13,3
17,14,3
17,15,3
17,16,3
17,17,4
17,18,4
17,19,1
17,20,1
17,21,1
17,22,1
17,23,1
17,24,1
17,25,1
17,26,3
17,27,3
17,28,1
17,29,1
17,30,1
18,0,4
18,1,4
18,2,3
18,3,3
18,4,3
18,5,4
18,6,4
18,7,4
18,8,4
18,9,4
18,10,4
18,11,4
18,12,4
18,13,4
18,14,3
18,15,3
18,16,4
18,17,4
18,18,4
18,19,1
18,20,1
18,21,1
18,22,1
18,23,1
18,24,1
18,25,1
18,26,4
18,27,4
18,28,1
18,29,1
18,30,1
19,0,3
19,1,3
19,2,3
19,3,3
19,4,3
19,5,4
19,6,4
19,7,4
19,8,4
19,9,4
19,10,4
19,11,4
19,12,4
19,13,4
19,14,4
19,15,4
19,16,4
19,17,4
19,18,4
19,19,4
19,20,1
19,21,1
19,22,1
19,23,1
19,24,1
19,25,4
19,26,4
19,27,4
19,28,4
19,29,1
19,30,1
20,0,3
20,1,3
20,2,3
20,3,3
20,4,2
20,5,2
20,6,4
20,7,4
20,8,4
20,9,4
20,10,4
20,11,4
20,12,4
20,13,4
20,14,4
20,15,4
20,16,4
20,17,4
20,18,4
20,19,4
20,20,4
20,21,4
20,22,4
20,23,4
20,24,4
20,25,4
20,26,4
20,27,4
20,28,4
20,29,4
20,30,4
21,0,2
21,1,2
21,2,2
21,3,2
21,4,2
21,5,2
21,6,2
21,7,4
21,8,4
21,9,4
21,10,4
21,11,4
21,12,4
21,13,4
21,14,4
21,15,4
21,16,4
21,17,4
21,18,4
21,19,4
21,20,4
21,21,4
21,22,4
21,23,4
21,24,4
21,25,4
21,26,4
21,27,4
21,28,4
21,29,4
21,30,4
22,0,2
22,1,2
22,2,2
22,3,2
22,4,2
22,5,2
22,6,2
22,7,4
22,8,4
22,9,4
22,10,4
22,11,4
22,12,4
22,13,2
22,14,2
22,15,2
22,16,2
22,17,2
22,18,2
22,19,2
22,20,2
22,21,2
22,22,2
22,23,2
22,24,4
22,25,4
22,26,3
22,27,3
22,28,3
22,29,3
22,30,3
23,0,4
23,1,4
23,2,4
23,3,4
23,4,2
23,5,2
23,6,4
23,7,4
23,8,4
23,9,4
23,10,4
23,11,4
23,12,2
23,13,2
23,14,2
23,15,2
23,16,2
23,17,2
23,18,2
23,19,2
23,20,2
23,21,2
23,22,2
23,23,2
23,24,2
23,25,3
23,26,3
23,27,3
23,28,3
23,29,3
23,30,3
24,0,4
24,1,4
24,2,4
24,3,4
24,4,4
24,5,4
24,6,4
24,7,4
24,8,4
24,9,4
24,10,4
24,11,4
24,12,2
24,13,2
24,14,2
24,15,2
24,16,1
24,17,1
24,18,1
24,19,1
24,20,2
24,21,2
24,22,2
24,23,2
24,24,2
24,25,3
24,26,3
24,27,3
24,28,3
24,29,3
24,30,3
25,0,4
25,1,4
25,2,4
25,3,4
25,4,4
25,5,4
25,6,4
25,7,4
25,8,4
25,9,4
25,10,4
25,11,4
25,12,4
25,13,2
25,14,2
25,15,1
25,16,1
25,17,1
25,18,1
25,19,1
25,20,1
25,21,1
25,22,2
25,23,2
25,24,2
25,25,3
25,26,3
25,27,3
25,28,3
25,29,3
25,30,3
26,0,1
26,1,1
26,2,1
26,3,4
26,4,4
26,5,4
26,6,4
26,7,3
26,8,3
26,9,4
26,10,4
26,11,4
26,12,4
26,13,3
26,14,3
26,15,1
26,16,1
26,17,1
26,18,1
26,19,1
26,20,1
26,21,1
26,22,1
26,23,2
26,24,2
26,25,2
26,26,3
26,27,3
26,28,3
26,29,1
26,30,1
27,0,1
27,1,1
27,2,1
27,3,1
27,4,4
27,5,4
27,6,3
27,7,3
27,8,3
27,9,3
27,10,4
27,11,4
27,12,3
27,13,3
27,14,3
27,15,3
27,16,1
27,17,1
27,18,1
27,19,1
27,20,1
27,21,1
27,22,1
27,23,2
27,24,2
27,25,2
27,26,3
27,27,3
27,28,1
27,29,1
27,30,1
28,0,1
28,1,1
28,2,1
28,3,1
28,4,4
28,5,4
28,6,3
28,7,3
28,8,3
28,9,3
28,10,4
28,11,4
28,12,3
28,13,3
28,14,3
28,15,3
28,16,4
28,17,4
28,18,1
28,19,1
28,20,1
28,21,1
28,22,1
28,23,1
28,24,2
28,25,2
28,26,3
28,27,3
28,28,1
28,29,1
28,30,1
29,0,1
29,1,1
29,2,1
29,3,4
29,4,4
29,5,4
29,6,4
29,7,3
29,8,3
29,9,4
29,10,4
29,11,4
29,12,4
29,13,3
29,14,3
29,15,4
29,16,4
29,17,4
29,18,4
29,19,1
29,20,1
29,21,1
29,22,1
29,23,1
29,24,2
29,25,2
29,26,3
29,27,3
29,28,3
29,29,1
29,30,1
30,0,1
30,1,1
30,2,1
30,3,4
30,4,4
30,5,4
30,6,4
30,7,3
30,8,3
30,9,4
30,10,4
30,11,4
30,12,4
30,13,3
30,14,3
30,15,4
30,16,4
30,17,4
30,18,4
30,19,1
30,20,1
30,21,1
30,22,1
30,23,1
30,24,2
30,25,2
30,26,3
30,27,3
30,28,3
30,29,1
30,30,1