2
1
4
1
2,2
2,27
0,1,4
0,0,3
0,1,3
0,2,3
0,3,3
0,4,3
0,5,3
0,6,4
0,7,4
0,8,4
0,9,4
0,10,4
0,11,4
0,12,4
0,13,4
0,14,4
0,15,4
0,16,3
0,17,3
0,18,3
0,19,3
0,20,1
0,21,1
0,22,4
0,23,4
0,24,4
0,25,1
0,26,1
0,27,1
0,28,1
0,29,1
0,30,1
1,0,3
1,1,3
1,2,3
1,3,3
1,4,3
1,5,3
1,6,4
1,7,4
1,8,4
1,9,4
1,10,4
1,11,4
1,12,4
1,13,4
1,14,4
1,15,4
1,16,3
1,17,3
1,18,3
1,19,3
1,20,1
1,21,1
1,22,4
1,23,4
1,24,4
1,25,1
1,26,1
1,27,1
1,28,1
1,29,1
1,30,1
2,0,3
2,1,3
2,2,3
2,3,3
2,4,3
2,5,4
2,6,4
2,7,4
2,8,4
2,9,4
2,10,4
2,11,4
2,12,4
2,13,4
2,14,4
2,15,4
2,16,4
2,17,3
2,18,3
2,19,1
2,20,1
2,21,1
2,22,4
2,23,4
2,24,1
2,25,1
2,26,1
2,27,1
2,28,1
2,29,1
2,30,1
3,0,3
3,1,3
3,2,3
3,3,3
3,4,3
3,5,4
3,6,4
3,7,4
3,8,4
3,9,4
3,10,4
3,11,3
3,12,3
3,13,4
3,14,4
3,15,4
3,16,4
3,17,1
3,18,1
3,19,1
3,20,1
3,21,1
3,22,4
3,23,4
3,24,1
3,25,1
3,26,1
3,27,1
3,28,1
3,29,1
3,30,1
4,0,3
4,1,3
4,2,3
4,3,3
4,4,3
4,5,4
4,6,4
4,7,4
4,8,4
4,9,3
4,10,3
4,11,3
4,12,3
4,13,3
4,14,4
4,15,4
4,16,1
4,17,1
4,18,1
4,19,1
4,20,1
4,21,4
4,22,4
4,23,4
4,24,4
4,25,1
4,26,1
4,27,1
4,28,1
4,29,1
4,30,1
5,0,4
5,1,4
5,2,3
5,3,3
5,4,4
5,5,4
5,6,4
5,7,4
5,8,3
5,9,3
5,10,3
5,11,3
5,12,3
5,13,3
5,14,1
5,15,1
5,16,1
5,17,1
5,18,1
5,19,4
5,20,4
5,21,4
5,22,4
5,23,4
5,24,4
5,25,3
5,26,3
5,27,3
5,28,3
5,29,3
5,30,3
6,0,4
6,1,4
6,2,4
6,3,4
6,4,4
6,5,4
6,6,4
6,7,4
6,8,3
6,9,3
6,10,3
6,11,3
6,12,3
6,13,1
6,14,1
6,15,1
6,16,1
6,17,1
6,18,4
6,19,4
6,20,4
6,21,4
6,22,4
6,23,4
6,24,3
6,25,3
6,26,3
6,27,3
6,28,3
6,29,3
6,30,3
7,0,4
7,1,4
7,2,4
7,3,4
7,4,4
7,5,4
7,6,4
7,7,4
7,8,4
7,9,3
7,10,3
7,11,4
7,12,4
7,13,1
7,14,1
7,15,1
7,16,1
7,17,4
7,18,4
7,19,4
7,20,4
7,21,4
7,22,4
7,23,3
7,24,3
7,25,3
7,26,3
7,27,3
7,28,1
7,29,1
7,30,1
8,0,3
8,1,3
8,2,4
8,3,4
8,4,1
8,5,1
8,6,4
8,7,4
8,8,4
8,9,4
8,10,4
8,11,4
8,12,4
8,13,4
8,14,1
8,15,1
8,16,1
8,17,4
8,18,4
8,19,4
8,20,4
8,21,3
8,22,3
8,23,3
8,24,3
8,25,3
8,26,1
8,27,1
8,28,1
8,29,1
8,30,1
9,0,3
9,1,3
9,2,3
9,3,1
9,4,1
9,5,1
9,6,1
9,7,4
9,8,4
9,9,4
9,10,4
9,11,4
9,12,4
9,13,4
9,14,4
9,15,1
9,16,1
9,17,1
9,18,4
9,19,4
9,20,3
9,21,3
9,22,3
9,23,3
9,24,3
9,25,1
9,26,1
9,27,1
9,28,1
9,29,1
9,30,1
10,0,3
10,1,3
10,2,3
10,3,1
10,4,1
10,5,1
10,6,1
10,7,1
10,8,1
10,9,1
10,10,1
10,11,4
10,12,4
10,13,4
10,14,4
10,15,1
10,16,1
10,17,1
10,18,1
10,19,1
10,20,3
10,21,3
10,22,3
10,23,3
10,24,1
10,25,1
10,26,1
10,27,1
10,28,1
10,29,1
10,30,1
11,0,3
11,1,3
11,2,2
11,3,2
11,4,1
11,5,1
11,6,1
11,7,1
11,8,1
11,9,1
11,10,1
11,11,1
11,12,4
11,13,4
11,14,4
11,15,4
11,16,1
11,17,1
11,18,1
11,19,1
11,20,1
11,21,3
11,22,3
11,23,1
11,24,1
11,25,1
11,26,1
11,27,1
11,28,4
11,29,4
11,30,4
12,0,2
12,1,2
12,2,2
12,3,2
12,4,2
12,5,1
12,6,1
12,7,4
12,8,4
12,9,1
12,10,1
12,11,1
12,12,4
12,13,4
12,14,4
12,15,4
12,16,4
12,17,1
12,18,1
12,19,1
12,20,1
12,21,1
12,22,1
12,23,1
12,24,1
12,25,1
12,26,1
12,27,4
12,28,4
12,29,4
12,30,4
13,0,2
13,1,2
13,2,2
13,3,2
13,4,2
13,5,4
13,6,4
13,7,4
13,8,4
13,9,4
13,10,1
13,11,1
13,12,4
13,13,4
13,14,4
13,15,4
13,16,4
13,17,4
13,18,1
13,19,1
13,20,1
13,21,1
13,22,1
13,23,1
13,24,1
13,25,1
13,26,4
13,27,4
13,28,4
13,29,4
13,30,4
14,0,2
14,1,2
14,2,2
14,3,2
14,4,4
14,5,4
14,6,4
14,7,4
14,8,4
14,9,4
14,10,1
14,11,1
14,12,1
14,13,4
14,14,4
14,15,4
14,16,4
14,17,4
14,18,4
14,19,1
14,20,1
14,21,1
14,22,2
14,23,2
14,24,2
14,25,2
14,26,4
14,27,4
14,28,4
14,29,4
14,30,4
15,0,2
15,1,2
15,2,2
15,3,4
15,4,4
15,5,4
15,6,4
15,7,4
15,8,4
15,9,4
15,10,1
15,11,1
15,12,1
15,13,2
15,14,2
15,15,4
15,16,4
15,17,4
15,18,4
15,19,2
15,20,2
15,21,2
15,22,2
15,23,2
15,24,2
15,25,2
15,26,2
15,27,4
15,28,4
15,29,4
15,30,4
16,0,2
16,1,2
16,2,2
16,3,4
16,4,4
16,5,4
16,6,4
16,7,4
16,8,4
16,9,4
16,10,1
16,11,1
16,12,2
16,13,2
16,14,2
16,15,2
16,16,4
16,17,4
16,18,2
16,19,2
16,20,2
16,21,2
16,22,2
16,23,2
16,24,2
16,25,2
16,26,2
16,27,2
16,28,4
16,29,4
16,30,4
17,0,2
17,1,2
17,2,4
17,3,4
17,4,4
17,5,4
17,6,4
17,7,4
17,8,4
17,9,4
17,10,1
17,11,1
17,12,2
17,13,2
17,14,2
17,15,2
17,16,1
17,17,1
17,18,2
17,19,2
17,20,2
17,21,2
17,22,4
17,23,4
17,24,2
17,25,2
17,26,2
17,27,2
17,28,4
17,29,4
17,30,4
18,0,1
18,1,1
18,2,4
18,3,4
18,4,4
18,5,4
18,6,4
18,7,4
18,8,4
18,9,4
18,10,1
18,11,1
18,12,1
18,13,2
18,14,2
18,15,1
18,16,1
18,17,1
18,18,1
18,19,2
18,20,2
18,21,4
18,22,4
18,23,4
18,24,4
18,25,2
18,26,2
18,27,4
18,28,4
18,29,4
18,30,4
19,0,1
19,1,1
19,2,1
19,3,4
19,4,4
19,5,4
19,6,4
19,7,4
19,8,4
19,9,1
19,10,1
19,11,1
19,12,1
19,13,2
19,14,2
19,15,1
19,16,1
19,17,1
19,18,1
19,19,2
19,20,2
19,21,4
19,22,4
19,23,4
19,24,4
19,25,3
19,26,3
19,27,4
19,28,4
19,29,4
19,30,4
20,0,1
20,1,1
20,2,1
20,3,1
20,4,1
20,5,1
20,6,1
20,7,1
20,8,1
20,9,1
20,10,1
20,11,1
20,12,2
20,13,2
20,14,2
20,15,1
20,16,1
20,17,1
20,18,1
20,19,2
20,20,2
20,21,2
20,22,4
20,23,4
20,24,3
20,25,3
20,26,3
20,27,3
20,28,4
20,29,4
20,30,4
21,0,1
21,1,1
21,2,1
21,3,1
21,4,1
21,5,1
21,6,1
21,7,1
21,8,1
21,9,1
21,10,1
21,11,2
21,12,2
21,13,2
21,14,2
21,15,2
21,16,1
21,17,1
21,18,2
21,19,2
21,20,2
21,21,2
21,22,2
21,23,3
21,24,3
21,25,3
21,26,3
21,27,3
21,28,2
21,29,2
21,30,2
22,0,3
22,1,3
22,2,1
22,3,1
22,4,2
22,5,2
22,6,1
22,7,1
22,8,1
22,9,2
22,10,2
22,11,2
22,12,2
22,13,2
22,14,2
22,15,2
22,16,2
22,17,2
22,18,2
22,19,2
22,20,2
22,21,2
22,22,2
22,23,3
22,24,3
22,25,3
22,26,3
22,27,2
22,28,2
22,29,2
22,30,2
23,0,3
23,1,3
23,2,3
23,3,2
23,4,2
23,5,2
23,6,2
23,7,2
23,8,2
23,9,2
23,10,2
23,11,2
23,12,2
23,13,2
23,14,2
23,15,2
23,16,2
23,17,2
23,18,2
23,19,2
23,20,2
23,21,2
23,22,3
23,23,3
23,24,3
23,25,3
23,26,2
23,27,2
23,28,2
23,29,2
23,30,2
24,0,3
24,1,3
24,2,3
24,3,2
24,4,2
24,5,2
24,6,2
24,7,2
24,8,2
24,9,2
24,10,2
24,11,3
24,12,3
24,13,3
24,14,3
24,15,3
24,16,3
24,17,3
24,18,3
24,19,3
24,20,3
24,21,3
24,22,3
24,23,3
24,24,3
24,25,3
24,26,2
24,27,2
24,28,2
24,29,4
24,30,4
25,0,3
25,1,3
25,2,1
25,3,1
25,4,2
25,5,2
25,6,2
25,7,2
25,8,2
25,9,2
25,10,3
25,11,3
25,12,3
25,13,3
25,14,3
25,15,3
25,16,3
25,17,3
25,18,3
25,19,3
25,20,3
25,21,3
25,22,3
25,23,3
25,24,3
25,25,2
25,26,2
25,27,2
25,28,4
25,29,4
25,30,4
26,0,1
26,1,1
26,2,1
26,3,1
26,4,1
26,5,1
26,6,2
26,7,2
26,8,2
26,9,2
26,10,3
26,11,3
26,12,3
26,13,3
26,14,3
26,15,1
26,16,1
26,17,3
26,18,3
26,19,3
26,20,3
26,21,2
26,22,2
26,23,2
26,24,2
26,25,2
26,26,2
26,27,2
26,28,4
26,29,4
26,30,4
27,0,1
27,1,1
27,2,1
27,3,1
27,4,1
27,5,1
27,6,1
27,7,2
27,8,2
27,9,2
27,10,2
27,11,3
27,12,3
27,13,3
27,14,1
27,15,1
27,16,1
27,17,1
27,18,3
27,19,3
27,20,2
27,21,2
27,22,2
27,23,2
27,24,2
27,25,2
27,26,2
27,27,2
27,28,2
27,29,4
27,30,4
28,0,4
28,1,4
28,2,4
28,3,4
28,4,1
28,5,1
28,6,1
28,7,1
28,8,2
28,9,2
28,10,2
28,11,2
28,12,3
28,13,3
28,14,1
28,15,1
28,16,1
28,17,1
28,18,4
28,19,4
28,20,2
28,21,2
28,22,2
28,23,2
28,24,2
28,25,2
28,26,2
28,27,2
28,28,2
28,29,1
28,30,1
29,0,4
29,1,4
29,2,4
29,3,4
29,4,4
29,5,1
29,6,1
29,7,1
29,8,1
29,9,2
29,10,2
29,11,2
29,12,3
29,13,3
29,14,1
29,15,1
29,16,1
29,17,4
29,18,4
29,19,4
29,20,4
29,21,2
29,22,2
29,23,2
29,24,2
29,25,2
29,26,2
29,27,2
29,28,1
29,29,1
29,30,1
30,0,4
30,1,4
30,2,4
30,3,4
30,4,4
30,5,1
30,6,1
30,7,1
30,8,1
30,9,2
30,10,2
30,11,2
30,12,3
30,13,3
30,14,1
30,15,1
30,16,1
30,17,4
30,18,4
30,19,4
30,20,4
30,21,2
30,22,2
30,23,2
30,24,2
30,25,2
30,26,2
30,27,2
30,28,1
30,29,1
30,30,1