2
1
2
0
7,2
7,12
0,1,2
0,0,4
0,1,4
0,2,4
0,3,4
0,4,4
0,5,4
0,6,1
0,7,1
0,8,4
0,9,4
0,10,4
0,11,4
0,12,2
0,13,2
0,14,2
0,15,2
0,16,3
0,17,3
0,18,3
0,19,3
0,20,2
0,21,2
0,22,2
0,23,1
0,24,1
0,25,1
0,26,1
0,27,3
0,28,3
0,29,3
0,30,3
1,0,4
1,1,4
1,2,4
1,3,4
1,4,4
1,5,4
1,6,1
1,7,1
1,8,4
1,9,4
1,10,4
1,11,4
1,12,2
1,13,2
1,14,2
1,15,2
1,16,3
1,17,3
1,18,3
1,19,3
1,20,2
1,21,2
1,22,2
1,23,1
1,24,1
1,25,1
1,26,1
1,27,3
1,28,3
1,29,3
1,30,3
2,0,4
2,1,4
2,2,4
2,3,4
2,4,4
2,5,4
2,6,1
2,7,1
2,8,4
2,9,4
2,10,4
2,11,2
2,12,2
2,13,2
2,14,2
2,15,2
2,16,3
2,17,3
2,18,3
2,19,3
2,20,3
2,21,2
2,22,2
2,23,2
2,24,1
2,25,1
2,26,3
2,27,3
2,28,3
2,29,3
2,30,3
3,0,4
3,1,4
3,2,4
3,3,4
3,4,4
3,5,1
3,6,1
3,7,1
3,8,4
3,9,4
3,10,4
3,11,2
3,12,2
3,13,2
3,14,2
3,15,2
3,16,3
3,17,3
3,18,3
3,19,3
3,20,3
3,21,2
3,22,2
3,23,2
3,24,2
3,25,3
3,26,3
3,27,3
3,28,3
3,29,3
3,30,3
4,0,4
4,1,4
4,2,4
4,3,4
4,4,4
4,5,1
4,6,1
4,7,1
4,8,1
4,9,4
4,10,4
4,11,4
4,12,2
4,13,2
4,14,2
4,15,4
4,16,4
4,17,3
4,18,3
4,19,3
4,20,4
4,21,4
4,22,2
4,23,2
4,24,2
4,25,3
4,26,3
4,27,3
4,28,3
4,29,3
4,30,3
5,0,4
5,1,4
5,2,4
5,3,4
5,4,4
5,5,1
5,6,1
5,7,1
5,8,1
5,9,4
5,10,4
5,11,4
5,12,4
5,13,4
5,14,4
5,15,4
5,16,4
5,17,4
5,18,4
5,19,4
5,20,4
5,21,4
5,22,4
5,23,2
5,24,2
5,25,3
5,26,3
5,27,3
5,28,3
5,29,3
5,30,3
6,0,4
6,1,4
6,2,4
6,3,4
6,4,4
6,5,4
6,6,1
6,7,1
6,8,4
6,9,4
6,10,4
6,11,4
6,12,4
6,13,4
6,14,4
6,15,4
6,16,4
6,17,4
6,18,4
6,19,4
6,20,4
6,21,4
6,22,4
6,23,2
6,24,2
6,25,2
6,26,3
6,27,3
6,28,3
6,29,3
6,30,3
7,0,4
7,1,4
7,2,4
7,3,4
7,4,4
7,5,4
7,6,4
7,7,4
7,8,4
7,9,4
7,10,4
7,11,4
7,12,4
7,13,4
7,14,4
7,15,4
7,16,4
7,17,4
7,18,4
7,19,4
7,20,4
7,21,4
7,22,4
7,23,2
7,24,2
7,25,2
7,26,2
7,27,2
7,28,2
7,29,2
7,30,2
8,0,4
8,1,4
8,2,4
8,3,4
8,4,4
8,5,4
8,6,4
8,7,4
8,8,4
8,9,4
8,10,4
8,11,4
8,12,4
8,13,4
8,14,4
8,15,4
8,16,4
8,17,4
8,18,4
8,19,4
8,20,4
8,21,4
8,22,3
8,23,3
8,24,2
8,25,2
8,26,2
8,27,2
8,28,2
8,29,2
8,30,2
9,0,4
9,1,4
9,2,4
9,3,4
9,4,4
9,5,4
9,6,4
9,7,4
9,8,4
9,9,4
9,10,4
9,11,4
9,12,4
9,13,4
9,14,4
9,15,4
9,16,4
9,17,4
9,18,4
9,19,4
9,20,4
9,21,3
9,22,3
9,23,3
9,24,3
9,25,2
9,26,2
9,27,4
9,28,4
9,29,4
9,30,4
10,0,4
10,1,4
10,2,4
10,3,4
10,4,3
10,5,3
10,6,4
10,7,4
10,8,3
10,9,3
10,10,3
10,11,3
10,12,3
10,13,3
10,14,3
10,15,3
10,16,4
10,17,4
10,18,4
10,19,4
10,20,3
10,21,3
10,22,3
10,23,3
10,24,3
10,25,4
10,26,4
10,27,4
10,28,4
10,29,4
10,30,4
11,0,4
11,1,4
11,2,4
11,3,3
11,4,3
11,5,3
11,6,3
11,7,3
11,8,3
11,9,3
11,10,3
11,11,3
11,12,3
11,13,3
11,14,3
11,15,3
11,16,3
11,17,4
11,18,4
11,19,4
11,20,3
11,21,3
11,22,3
11,23,3
11,24,4
11,25,4
11,26,4
11,27,4
11,28,4
11,29,4
11,30,4
12,0,4
12,1,4
12,2,4
12,3,3
12,4,3
12,5,3
12,6,3
12,7,3
12,8,3
12,9,3
12,10,3
12,11,2
12,12,2
12,13,3
12,14,3
12,15,3
12,16,3
12,17,4
12,18,4
12,19,4
12,20,4
12,21,3
12,22,3
12,23,4
12,24,4
12,25,4
12,26,4
12,27,3
12,28,3
12,29,3
12,30,3
13,0,4
13,1,4
13,2,4
13,3,4
13,4,3
13,5,3
13,6,3
13,7,3
13,8,3
13,9,3
13,10,2
13,11,2
13,12,2
13,13,2
13,14,3
13,15,3
13,16,1
13,17,1
13,18,4
13,19,4
13,20,4
13,21,4
13,22,4
13,23,4
13,24,4
13,25,4
13,26,3
13,27,3
13,28,3
13,29,3
13,30,3
14,0,4
14,1,4
14,2,4
14,3,4
14,4,1
14,5,1
14,6,3
14,7,3
14,8,3
14,9,3
14,10,2
14,11,2
14,12,2
14,13,2
14,14,1
14,15,1
14,16,1
14,17,1
14,18,1
14,19,4
14,20,4
14,21,4
14,22,4
14,23,4
14,24,4
14,25,3
14,26,3
14,27,3
14,28,3
14,29,1
14,30,1
15,0,4
15,1,4
15,2,4
15,3,1
15,4,1
15,5,1
15,6,1
15,7,3
15,8,3
15,9,4
15,10,4
15,11,2
15,12,2
15,13,1
15,14,1
15,15,1
15,16,1
15,17,1
15,18,1
15,19,1
15,20,4
15,21,4
15,22,4
15,23,2
15,24,2
15,25,3
15,26,3
15,27,3
15,28,1
15,29,1
15,30,1
16,0,1
16,1,1
16,2,1
16,3,1
16,4,1
16,5,1
16,6,1
16,7,1
16,8,4
16,9,4
16,10,4
16,11,4
16,12,1
16,13,1
16,14,1
16,15,1
16,16,1
16,17,1
16,18,1
16,19,1
16,20,2
16,21,2
16,22,2
16,23,2
16,24,2
16,25,2
16,26,3
16,27,3
16,28,1
16,29,1
16,30,1
17,0,1
17,1,1
17,2,1
17,3,1
17,4,1
17,5,1
17,6,1
17,7,1
17,8,4
17,9,4
17,10,4
17,11,4
17,12,1
17,13,1
17,14,1
17,15,1
17,16,1
17,17,1
17,18,1
17,19,2
17,20,2
17,21,2
17,22,2
17,23,2
17,24,2
17,25,2
17,26,3
17,27,3
17,28,1
17,29,1
17,30,1
18,0,2
18,1,2
18,2,2
18,3,2
18,4,1
18,5,1
18,6,1
18,7,2
18,8,2
18,9,4
18,10,4
18,11,2
18,12,2
18,13,1
18,14,1
18,15,2
18,16,2
18,17,2
18,18,2
18,19,2
18,20,2
18,21,2
18,22,2
18,23,2
18,24,2
18,25,3
18,26,3
18,27,3
18,28,3
18,29,1
18,30,1
19,0,2
19,1,2
19,2,2
19,3,2
19,4,2
19,5,2
19,6,2
19,7,2
19,8,2
19,9,2
19,10,2
19,11,2
19,12,2
19,13,2
19,14,2
19,15,2
19,16,2
19,17,2
19,18,2
19,19,2
19,20,2
19,21,1
19,22,1
19,23,1
19,24,1
19,25,3
19,26,3
19,27,3
19,28,3
19,29,3
19,30,3
20,0,4
20,1,4
20,2,2
20,3,2
20,4,2
20,5,2
20,6,2
20,7,2
20,8,2
20,9,2
20,10,2
20,11,2
20,12,2
20,13,2
20,14,2
20,15,2
20,16,2
20,17,2
20,18,1
20,19,1
20,20,1
20,21,1
20,22,1
20,23,1
20,24,1
20,25,1
20,26,3
20,27,3
20,28,3
20,29,3
20,30,3
21,0,4
21,1,4
21,2,4
21,3,4
21,4,4
21,5,4
21,6,4
21,7,4
21,8,4
21,9,4
21,10,4
21,11,4
21,12,4
21,13,4
21,14,2
21,15,2
21,16,1
21,17,1
21,18,1
21,19,1
21,20,1
21,21,1
21,22,1
21,23,1
21,24,1
21,25,1
21,26,1
21,27,3
21,28,3
21,29,3
21,30,3
22,0,4
22,1,4
22,2,4
22,3,4
22,4,4
22,5,4
22,6,4
22,7,4
22,8,4
22,9,4
22,10,4
22,11,4
22,12,4
22,13,4
22,14,4
22,15,1
22,16,1
22,17,1
22,18,1
22,19,1
22,20,2
22,21,2
22,22,2
22,23,1
22,24,1
22,25,1
22,26,1
22,27,3
22,28,3
22,29,3
22,30,3
23,0,3
23,1,3
23,2,3
23,3,3
23,4,3
23,5,3
23,6,3
23,7,3
23,8,4
23,9,4
23,10,2
23,11,2
23,12,4
23,13,4
23,14,4
23,15,1
23,16,1
23,17,1
23,18,1
23,19,2
23,20,2
23,21,2
23,22,2
23,23,2
23,24,1
23,25,1
23,26,3
23,27,3
23,28,3
23,29,3
23,30,3
24,0,3
24,1,3
24,2,3
24,3,3
24,4,3
24,5,3
24,6,3
24,7,3
24,8,3
24,9,2
24,10,2
24,11,2
24,12,2
24,13,4
24,14,4
24,15,1
24,16,1
24,17,1
24,18,1
24,19,2
24,20,2
24,21,2
24,22,2
24,23,2
24,24,2
24,25,2
24,26,3
24,27,3
24,28,3
24,29,3
24,30,3
25,0,3
25,1,3
25,2,3
25,3,2
25,4,2
25,5,2
25,6,3
25,7,3
25,8,3
25,9,2
25,10,2
25,11,2
25,12,2
25,13,4
25,14,4
25,15,1
25,16,1
25,17,1
25,18,1
25,19,1
25,20,2
25,21,2
25,22,2
25,23,2
25,24,2
25,25,2
25,26,2
25,27,3
25,28,3
25,29,3
25,30,3
26,0,3
26,1,3
26,2,2
26,3,2
26,4,2
26,5,2
26,6,2
26,7,3
26,8,3
26,9,2
26,10,2
26,11,2
26,12,4
26,13,4
26,14,4
26,15,4
26,16,1
26,17,1
26,18,1
26,19,1
26,20,1
26,21,2
26,22,2
26,23,2
26,24,2
26,25,2
26,26,2
26,27,3
26,28,3
26,29,3
26,30,3
27,0,4
27,1,4
27,2,2
27,3,2
27,4,2
27,5,2
27,6,2
27,7,3
27,8,3
27,9,2
27,10,2
27,11,2
27,12,4
27,13,4
27,14,4
27,15,4
27,16,4
27,17,1
27,18,1
27,19,1
27,20,1
27,21,4
27,22,4
27,23,4
27,24,2
27,25,2
27,26,1
27,27,1
27,28,3
27,29,3
27,30,3
28,0,4
28,1,4
28,2,4
28,3,2
28,4,2
28,5,2
28,6,2
28,7,3
28,8,3
28,9,3
28,10,2
28,11,2
28,12,4
28,13,4
28,14,4
28,15,4
28,16,4
28,17,4
28,18,1
28,19,1
28,20,4
28,21,4
28,22,4
28,23,4
28,24,4
28,25,1
28,26,1
28,27,1
28,28,1
28,29,3
28,30,3
29,0,4
29,1,4
29,2,4
29,3,2
29,4,2
29,5,2
29,6,3
29,7,3
29,8,3
29,9,3
29,10,2
29,11,2
29,12,4
29,13,4
29,14,4
29,15,4
29,16,4
29,17,4
29,18,4
29,19,4
29,20,4
29,21,4
29,22,4
29,23,4
29,24,4
29,25,1
29,26,1
29,27,1
29,28,1
29,29,3
29,30,3
30,0,4
30,1,4
30,2,4
30,3,2
30,4,2
30,5,2
30,6,3
30,7,3
30,8,3
30,9,3
30,10,2
30,11,2
30,12,4
30,13,4
30,14,4
30,15,4
30,16,4
30,17,4
30,18,4
30,19,4
30,20,4
30,21,4
30,22,4
30,23,4
30,24,4
30,25,1
30,26,1
30,27,1
30,28,1
30,29,3
30,30,3