2
1
3
0
12,22
27,7
0,1,3
0,0,4
0,1,4
0,2,4
0,3,4
0,4,4
0,5,4
0,6,4
0,7,4
0,8,4
0,9,4
0,10,4
0,11,4
0,12,1
0,13,1
0,14,4
0,15,4
0,16,4
0,17,4
0,18,2
0,19,2
0,20,2
0,21,4
0,22,4
0,23,4
0,24,1
0,25,1
0,26,4
0,27,4
0,28,4
0,29,4
0,30,4
1,0,4
1,1,4
1,2,4
1,3,4
1,4,4
1,5,4
1,6,4
1,7,4
1,8,4
1,9,4
1,10,4
1,11,4
1,12,1
1,13,1
1,14,4
1,15,4
1,16,4
1,17,4
1,18,2
1,19,2
1,20,2
1,21,4
1,22,4
1,23,4
1,24,1
1,25,1
1,26,4
1,27,4
1,28,4
1,29,4
1,30,4
2,0,1
2,1,1
2,2,1
2,3,1
2,4,1
2,5,4
2,6,4
2,7,4
2,8,4
2,9,4
2,10,4
2,11,4
2,12,1
2,13,1
2,14,1
2,15,4
2,16,4
2,17,4
2,18,2
2,19,2
2,20,4
2,21,4
2,22,4
2,23,4
2,24,1
2,25,1
2,26,4
2,27,4
2,28,4
2,29,4
2,30,4
3,0,1
3,1,1
3,2,1
3,3,1
3,4,1
3,5,1
3,6,1
3,7,1
3,8,1
3,9,4
3,10,4
3,11,1
3,12,1
3,13,1
3,14,1
3,15,4
3,16,4
3,17,4
3,18,2
3,19,2
3,20,4
3,21,4
3,22,4
3,23,4
3,24,1
3,25,1
3,26,1
3,27,4
3,28,4
3,29,4
3,30,4
4,0,4
4,1,4
4,2,4
4,3,1
4,4,1
4,5,1
4,6,1
4,7,1
4,8,1
4,9,1
4,10,1
4,11,1
4,12,1
4,13,1
4,14,4
4,15,4
4,16,4
4,17,4
4,18,2
4,19,2
4,20,2
4,21,4
4,22,4
4,23,1
4,24,1
4,25,1
4,26,1
4,27,1
4,28,1
4,29,1
4,30,1
5,0,4
5,1,4
5,2,4
5,3,4
5,4,4
5,5,4
5,6,4
5,7,1
5,8,1
5,9,1
5,10,1
5,11,1
5,12,1
5,13,4
5,14,4
5,15,4
5,16,4
5,17,4
5,18,2
5,19,2
5,20,2
5,21,2
5,22,1
5,23,1
5,24,1
5,25,1
5,26,1
5,27,1
5,28,1
5,29,1
5,30,1
6,0,4
6,1,4
6,2,4
6,3,4
6,4,4
6,5,4
6,6,4
6,7,4
6,8,4
6,9,1
6,10,1
6,11,3
6,12,3
6,13,4
6,14,4
6,15,4
6,16,4
6,17,2
6,18,2
6,19,2
6,20,2
6,21,2
6,22,1
6,23,1
6,24,1
6,25,1
6,26,1
6,27,1
6,28,4
6,29,4
6,30,4
7,0,4
7,1,4
7,2,4
7,3,4
7,4,4
7,5,4
7,6,4
7,7,4
7,8,4
7,9,4
7,10,3
7,11,3
7,12,3
7,13,3
7,14,4
7,15,4
7,16,2
7,17,2
7,18,2
7,19,2
7,20,2
7,21,2
7,22,2
7,23,1
7,24,1
7,25,4
7,26,4
7,27,4
7,28,4
7,29,4
7,30,4
8,0,4
8,1,4
8,2,4
8,3,4
8,4,4
8,5,2
8,6,2
8,7,4
8,8,4
8,9,4
8,10,3
8,11,3
8,12,3
8,13,3
8,14,3
8,15,2
8,16,2
8,17,2
8,18,2
8,19,2
8,20,2
8,21,2
8,22,2
8,23,4
8,24,4
8,25,4
8,26,4
8,27,4
8,28,4
8,29,4
8,30,4
9,0,4
9,1,4
9,2,4
9,3,4
9,4,2
9,5,2
9,6,2
9,7,2
9,8,4
9,9,4
9,10,4
9,11,3
9,12,3
9,13,3
9,14,3
9,15,2
9,16,2
9,17,2
9,18,2
9,19,2
9,20,2
9,21,2
9,22,4
9,23,4
9,24,4
9,25,4
9,26,4
9,27,2
9,28,2
9,29,2
9,30,2
10,0,4
10,1,4
10,2,4
10,3,4
10,4,2
10,5,2
10,6,2
10,7,2
10,8,4
10,9,4
10,10,4
10,11,4
10,12,3
10,13,3
10,14,4
10,15,4
10,16,2
10,17,2
10,18,2
10,19,4
10,20,4
10,21,4
10,22,4
10,23,4
10,24,4
10,25,4
10,26,2
10,27,2
10,28,2
10,29,2
10,30,2
11,0,4
11,1,4
11,2,4
11,3,4
11,4,2
11,5,2
11,6,2
11,7,2
11,8,4
11,9,4
11,10,4
11,11,4
11,12,4
11,13,4
11,14,4
11,15,4
11,16,4
11,17,4
11,18,4
11,19,4
11,20,4
11,21,4
11,22,4
11,23,4
11,24,4
11,25,4
11,26,2
11,27,2
11,28,2
11,29,2
11,30,2
12,0,4
12,1,4
12,2,4
12,3,4
12,4,4
12,5,2
12,6,2
12,7,1
12,8,1
12,9,4
12,10,4
12,11,4
12,12,4
12,13,4
12,14,4
12,15,4
12,16,4
12,17,4
12,18,4
12,19,4
12,20,4
12,21,4
12,22,4
12,23,4
12,24,4
12,25,4
12,26,4
12,27,2
12,28,2
12,29,2
12,30,2
13,0,4
13,1,4
13,2,4
13,3,4
13,4,4
13,5,4
13,6,1
13,7,1
13,8,1
13,9,1
13,10,1
13,11,1
13,12,1
13,13,1
13,14,1
13,15,1
13,16,1
13,17,1
13,18,1
13,19,4
13,20,4
13,21,4
13,22,4
13,23,4
13,24,4
13,25,4
13,26,4
13,27,2
13,28,2
13,29,2
13,30,2
14,0,4
14,1,4
14,2,4
14,3,4
14,4,4
14,5,4
14,6,1
14,7,1
14,8,1
14,9,1
14,10,1
14,11,1
14,12,1
14,13,1
14,14,1
14,15,1
14,16,1
14,17,1
14,18,1
14,19,1
14,20,4
14,21,4
14,22,4
14,23,4
14,24,4
14,25,4
14,26,2
14,27,2
14,28,2
14,29,2
14,30,2
15,0,4
15,1,4
15,2,4
15,3,4
15,4,4
15,5,4
15,6,1
15,7,1
15,8,1
15,9,1
15,10,1
15,11,2
15,12,2
15,13,1
15,14,1
15,15,4
15,16,4
15,17,1
15,18,1
15,19,1
15,20,1
15,21,1
15,22,1
15,23,1
15,24,1
15,25,1
15,26,2
15,27,2
15,28,2
15,29,2
15,30,2
16,0,4
16,1,4
16,2,4
16,3,4
16,4,4
16,5,4
16,6,1
16,7,1
16,8,1
16,9,1
16,10,2
16,11,2
16,12,2
16,13,2
16,14,4
16,15,4
16,16,4
16,17,4
16,18,1
16,19,1
16,20,1
16,21,1
16,22,1
16,23,1
16,24,1
16,25,1
16,26,1
16,27,2
16,28,2
16,29,1
16,30,1
17,0,1
17,1,1
17,2,1
17,3,4
17,4,4
17,5,4
17,6,4
17,7,1
17,8,1
17,9,1
17,10,2
17,11,2
17,12,2
17,13,2
17,14,4
17,15,4
17,16,4
17,17,4
17,18,1
17,19,1
17,20,1
17,21,4
17,22,4
17,23,4
17,24,1
17,25,1
17,26,1
17,27,1
17,28,1
17,29,1
17,30,1
18,0,1
18,1,1
18,2,1
18,3,1
18,4,4
18,5,4
18,6,4
18,7,1
18,8,1
18,9,2
18,10,2
18,11,2
18,12,2
18,13,2
18,14,4
18,15,4
18,16,4
18,17,4
18,18,1
18,19,1
18,20,4
18,21,4
18,22,4
18,23,4
18,24,4
18,25,1
18,26,1
18,27,1
18,28,1
18,29,1
18,30,1
19,0,1
19,1,1
19,2,1
19,3,1
19,4,4
19,5,4
19,6,4
19,7,1
19,8,1
19,9,2
19,10,2
19,11,2
19,12,2
19,13,2
19,14,4
19,15,4
19,16,4
19,17,4
19,18,1
19,19,1
19,20,4
19,21,4
19,22,4
19,23,4
19,24,4
19,25,4
19,26,4
19,27,4
19,28,4
19,29,4
19,30,4
20,0,1
20,1,1
20,2,1
20,3,4
20,4,4
20,5,4
20,6,4
20,7,1
20,8,1
20,9,1
20,10,2
20,11,2
20,12,2
20,13,4
20,14,4
20,15,4
20,16,4
20,17,4
20,18,1
20,19,1
20,20,1
20,21,4
20,22,4
20,23,4
20,24,4
20,25,4
20,26,4
20,27,4
20,28,4
20,29,4
20,30,4
21,0,4
21,1,4
21,2,4
21,3,4
21,4,4
21,5,4
21,6,4
21,7,1
21,8,1
21,9,1
21,10,4
21,11,4
21,12,4
21,13,4
21,14,4
21,15,4
21,16,4
21,17,4
21,18,1
21,19,1
21,20,1
21,21,2
21,22,2
21,23,2
21,24,4
21,25,4
21,26,2
21,27,2
21,28,4
21,29,4
21,30,4
22,0,4
22,1,4
22,2,4
22,3,4
22,4,4
22,5,4
22,6,1
22,7,1
22,8,1
22,9,4
22,10,4
22,11,4
22,12,4
22,13,4
22,14,4
22,15,4
22,16,4
22,17,1
22,18,1
22,19,1
22,20,2
22,21,2
22,22,2
22,23,2
22,24,2
22,25,2
22,26,2
22,27,2
22,28,2
22,29,4
22,30,4
23,0,1
23,1,1
23,2,1
23,3,1
23,4,1
23,5,1
23,6,1
23,7,1
23,8,1
23,9,4
23,10,4
23,11,4
23,12,4
23,13,1
23,14,1
23,15,1
23,16,1
23,17,1
23,18,1
23,19,1
23,20,2
23,21,2
23,22,2
23,23,2
23,24,2
23,25,2
23,26,2
23,27,2
23,28,2
23,29,1
23,30,1
24,0,1
24,1,1
24,2,1
24,3,1
24,4,1
24,5,1
24,6,1
24,7,1
24,8,2
24,9,2
24,10,4
24,11,4
24,12,1
24,13,1
24,14,1
24,15,1
24,16,1
24,17,1
24,18,1
24,19,2
24,20,2
24,21,2
24,22,2
24,23,2
24,24,2
24,25,2
24,26,2
24,27,2
24,28,1
24,29,1
24,30,1
25,0,2
25,1,2
25,2,2
25,3,1
25,4,1
25,5,2
25,6,2
25,7,2
25,8,2
25,9,2
25,10,2
25,11,2
25,12,1
25,13,1
25,14,1
25,15,1
25,16,1
25,17,1
25,18,2
25,19,2
25,20,2
25,21,2
25,22,3
25,23,3
25,24,2
25,25,2
25,26,4
25,27,4
25,28,1
25,29,1
25,30,1
26,0,2
26,1,2
26,2,2
26,3,2
26,4,2
26,5,2
26,6,2
26,7,2
26,8,2
26,9,2
26,10,2
26,11,2
26,12,2
26,13,1
26,14,1
26,15,1
26,16,1
26,17,2
26,18,2
26,19,2
26,20,2
26,21,3
26,22,3
26,23,3
26,24,3
26,25,4
26,26,4
26,27,4
26,28,4
26,29,1
26,30,1
27,0,2
27,1,2
27,2,2
27,3,2
27,4,2
27,5,2
27,6,2
27,7,2
27,8,2
27,9,2
27,10,2
27,11,2
27,12,2
27,13,2
27,14,1
27,15,1
27,16,2
27,17,2
27,18,2
27,19,2
27,20,2
27,21,3
27,22,3
27,23,3
27,24,3
27,25,4
27,26,4
27,27,4
27,28,4
27,29,2
27,30,2
28,0,4
28,1,4
28,2,2
28,3,2
28,4,2
28,5,2
28,6,2
28,7,2
28,8,2
28,9,2
28,10,2
28,11,2
28,12,2
28,13,2
28,14,2
28,15,2
28,16,2
28,17,2
28,18,2
28,19,2
28,20,4
28,21,4
28,22,3
28,23,3
28,24,1
28,25,1
28,26,4
28,27,4
28,28,2
28,29,2
28,30,2
29,0,4
29,1,4
29,2,4
29,3,2
29,4,2
29,5,2
29,6,2
29,7,2
29,8,2
29,9,2
29,10,2
29,11,2
29,12,2
29,13,2
29,14,2
29,15,2
29,16,2
29,17,2
29,18,2
29,19,4
29,20,4
29,21,4
29,22,4
29,23,1
29,24,1
29,25,1
29,26,1
29,27,2
29,28,2
29,29,2
29,30,2
30,0,4
30,1,4
30,2,4
30,3,2
30,4,2
30,5,2
30,6,2
30,7,2
30,8,2
30,9,2
30,10,2
30,11,2
30,12,2
30,13,2
30,14,2
30,15,2
30,16,2
30,17,2
30,18,2
30,19,4
30,20,4
30,21,4
30,22,4
30,23,1
30,24,1
30,25,1
30,26,1
30,27,2
30,28,2
30,29,2
30,30,2