2
1
3
0
2,7
27,7
0,1,3
0,0,1
0,1,1
0,2,1
0,3,4
0,4,4
0,5,4
0,6,4
0,7,4
0,8,4
0,9,4
0,10,4
0,11,4
0,12,4
0,13,4
0,14,4
0,15,2
0,16,2
0,17,3
0,18,3
0,19,3
0,20,3
0,21,4
0,22,4
0,23,4
0,24,4
0,25,2
0,26,2
0,27,2
0,28,1
0,29,1
0,30,1
1,0,1
1,1,1
1,2,1
1,3,4
1,4,4
1,5,4
1,6,4
1,7,4
1,8,4
1,9,4
1,10,4
1,11,4
1,12,4
1,13,4
1,14,4
1,15,2
1,16,2
1,17,3
1,18,3
1,19,3
1,20,3
1,21,4
1,22,4
1,23,4
1,24,4
1,25,2
1,26,2
1,27,2
1,28,1
1,29,1
1,30,1
2,0,1
2,1,1
2,2,1
2,3,4
2,4,4
2,5,4
2,6,4
2,7,4
2,8,4
2,9,4
2,10,4
2,11,4
2,12,4
2,13,4
2,14,4
2,15,2
2,16,2
2,17,2
2,18,3
2,19,3
2,20,4
2,21,4
2,22,4
2,23,4
2,24,4
2,25,4
2,26,2
2,27,2
2,28,2
2,29,1
2,30,1
3,0,1
3,1,1
3,2,1
3,3,1
3,4,4
3,5,4
3,6,4
3,7,4
3,8,4
3,9,4
3,10,4
3,11,4
3,12,4
3,13,4
3,14,2
3,15,2
3,16,2
3,17,2
3,18,2
3,19,4
3,20,4
3,21,4
3,22,4
3,23,4
3,24,4
3,25,4
3,26,2
3,27,2
3,28,2
3,29,2
3,30,2
4,0,1
4,1,1
4,2,1
4,3,1
4,4,4
4,5,4
4,6,4
4,7,4
4,8,4
4,9,4
4,10,4
4,11,4
4,12,1
4,13,1
4,14,2
4,15,2
4,16,2
4,17,2
4,18,2
4,19,4
4,20,4
4,21,4
4,22,4
4,23,4
4,24,4
4,25,3
4,26,3
4,27,2
4,28,2
4,29,2
4,30,2
5,0,1
5,1,1
5,2,1
5,3,3
5,4,3
5,5,4
5,6,4
5,7,2
5,8,2
5,9,4
5,10,4
5,11,1
5,12,1
5,13,1
5,14,1
5,15,2
5,16,2
5,17,2
5,18,2
5,19,2
5,20,4
5,21,4
5,22,3
5,23,3
5,24,3
5,25,3
5,26,3
5,27,3
5,28,3
5,29,3
5,30,3
6,0,1
6,1,1
6,2,3
6,3,3
6,4,3
6,5,3
6,6,2
6,7,2
6,8,2
6,9,2
6,10,2
6,11,1
6,12,1
6,13,1
6,14,1
6,15,2
6,16,2
6,17,2
6,18,2
6,19,2
6,20,2
6,21,3
6,22,3
6,23,3
6,24,3
6,25,3
6,26,3
6,27,3
6,28,3
6,29,3
6,30,3
7,0,4
7,1,4
7,2,3
7,3,3
7,4,3
7,5,3
7,6,2
7,7,2
7,8,2
7,9,2
7,10,2
7,11,2
7,12,1
7,13,1
7,14,1
7,15,1
7,16,2
7,17,2
7,18,2
7,19,2
7,20,2
7,21,3
7,22,3
7,23,3
7,24,4
7,25,4
7,26,4
7,27,4
7,28,4
7,29,4
7,30,4
8,0,4
8,1,4
8,2,4
8,3,3
8,4,3
8,5,3
8,6,3
8,7,2
8,8,2
8,9,2
8,10,2
8,11,2
8,12,1
8,13,1
8,14,1
8,15,1
8,16,1
8,17,1
8,18,2
8,19,2
8,20,3
8,21,3
8,22,3
8,23,4
8,24,4
8,25,4
8,26,4
8,27,4
8,28,4
8,29,4
8,30,4
9,0,4
9,1,4
9,2,4
9,3,3
9,4,3
9,5,3
9,6,3
9,7,4
9,8,4
9,9,2
9,10,2
9,11,3
9,12,3
9,13,1
9,14,1
9,15,1
9,16,1
9,17,1
9,18,1
9,19,1
9,20,3
9,21,3
9,22,3
9,23,4
9,24,4
9,25,4
9,26,3
9,27,3
9,28,4
9,29,4
9,30,4
10,0,4
10,1,4
10,2,4
10,3,4
10,4,3
10,5,3
10,6,4
10,7,4
10,8,4
10,9,4
10,10,3
10,11,3
10,12,3
10,13,3
10,14,3
10,15,1
10,16,1
10,17,1
10,18,1
10,19,1
10,20,1
10,21,3
10,22,3
10,23,4
10,24,4
10,25,3
10,26,3
10,27,3
10,28,3
10,29,3
10,30,3
11,0,4
11,1,4
11,2,4
11,3,4
11,4,1
11,5,1
11,6,4
11,7,4
11,8,4
11,9,4
11,10,3
11,11,3
11,12,3
11,13,3
11,14,3
11,15,3
11,16,1
11,17,1
11,18,1
11,19,1
11,20,1
11,21,3
11,22,3
11,23,4
11,24,4
11,25,3
11,26,3
11,27,3
11,28,3
11,29,3
11,30,3
12,0,4
12,1,4
12,2,4
12,3,1
12,4,1
12,5,1
12,6,1
12,7,4
12,8,4
12,9,4
12,10,3
12,11,3
12,12,3
12,13,3
12,14,3
12,15,3
12,16,4
12,17,4
12,18,1
12,19,1
12,20,3
12,21,3
12,22,3
12,23,4
12,24,4
12,25,4
12,26,3
12,27,3
12,28,2
12,29,2
12,30,2
13,0,4
13,1,4
13,2,4
13,3,1
13,4,1
13,5,1
13,6,1
13,7,4
13,8,4
13,9,4
13,10,4
13,11,3
13,12,3
13,13,3
13,14,3
13,15,4
13,16,4
13,17,4
13,18,4
13,19,3
13,20,3
13,21,3
13,22,3
13,23,4
13,24,4
13,25,4
13,26,4
13,27,2
13,28,2
13,29,2
13,30,2
14,0,4
14,1,4
14,2,1
14,3,1
14,4,1
14,5,1
14,6,4
14,7,4
14,8,4
14,9,4
14,10,4
14,11,4
14,12,3
14,13,3
14,14,3
14,15,4
14,16,4
14,17,4
14,18,4
14,19,3
14,20,3
14,21,3
14,22,3
14,23,3
14,24,4
14,25,4
14,26,4
14,27,2
14,28,2
14,29,2
14,30,2
15,0,4
15,1,4
15,2,1
15,3,1
15,4,1
15,5,4
15,6,4
15,7,4
15,8,4
15,9,4
15,10,4
15,11,4
15,12,3
15,13,3
15,14,3
15,15,3
15,16,4
15,17,4
15,18,4
15,19,4
15,20,3
15,21,3
15,22,3
15,23,3
15,24,3
15,25,4
15,26,4
15,27,4
15,28,2
15,29,2
15,30,2
16,0,4
16,1,4
16,2,1
16,3,1
16,4,4
16,5,4
16,6,4
16,7,4
16,8,4
16,9,4
16,10,4
16,11,2
16,12,2
16,13,3
16,14,3
16,15,3
16,16,4
16,17,4
16,18,4
16,19,4
16,20,4
16,21,3
16,22,3
16,23,3
16,24,3
16,25,4
16,26,4
16,27,4
16,28,2
16,29,2
16,30,2
17,0,4
17,1,4
17,2,1
17,3,1
17,4,4
17,5,4
17,6,4
17,7,4
17,8,4
17,9,4
17,10,2
17,11,2
17,12,2
17,13,2
17,14,3
17,15,3
17,16,4
17,17,4
17,18,4
17,19,4
17,20,4
17,21,3
17,22,3
17,23,3
17,24,3
17,25,3
17,26,4
17,27,4
17,28,4
17,29,2
17,30,2
18,0,4
18,1,4
18,2,1
18,3,1
18,4,1
18,5,4
18,6,4
18,7,2
18,8,2
18,9,2
18,10,2
18,11,2
18,12,2
18,13,2
18,14,3
18,15,3
18,16,3
18,17,4
18,18,4
18,19,4
18,20,4
18,21,3
18,22,3
18,23,3
18,24,3
18,25,3
18,26,4
18,27,4
18,28,4
18,29,4
18,30,4
19,0,4
19,1,4
19,2,1
19,3,1
19,4,1
19,5,2
19,6,2
19,7,2
19,8,2
19,9,2
19,10,2
19,11,2
19,12,2
19,13,2
19,14,3
19,15,3
19,16,3
19,17,3
19,18,4
19,19,4
19,20,4
19,21,3
19,22,3
19,23,3
19,24,3
19,25,2
19,26,2
19,27,4
19,28,4
19,29,4
19,30,4
20,0,4
20,1,4
20,2,1
20,3,1
20,4,2
20,5,2
20,6,2
20,7,2
20,8,2
20,9,1
20,10,1
20,11,2
20,12,2
20,13,3
20,14,3
20,15,3
20,16,3
20,17,3
20,18,3
20,19,4
20,20,4
20,21,4
20,22,3
20,23,3
20,24,2
20,25,2
20,26,2
20,27,2
20,28,4
20,29,4
20,30,4
21,0,4
21,1,4
21,2,1
21,3,1
21,4,2
21,5,2
21,6,2
21,7,1
21,8,1
21,9,1
21,10,1
21,11,1
21,12,3
21,13,3
21,14,3
21,15,3
21,16,3
21,17,3
21,18,3
21,19,4
21,20,4
21,21,4
21,22,4
21,23,2
21,24,2
21,25,2
21,26,2
21,27,2
21,28,4
21,29,4
21,30,4
22,0,4
22,1,4
22,2,1
22,3,1
22,4,2
22,5,2
22,6,1
22,7,1
22,8,1
22,9,1
22,10,1
22,11,1
22,12,3
22,13,3
22,14,3
22,15,3
22,16,3
22,17,3
22,18,2
22,19,2
22,20,4
22,21,4
22,22,4
22,23,2
22,24,2
22,25,2
22,26,2
22,27,1
22,28,1
22,29,4
22,30,4
23,0,4
23,1,4
23,2,1
23,3,1
23,4,2
23,5,2
23,6,1
23,7,1
23,8,1
23,9,1
23,10,1
23,11,4
23,12,4
23,13,3
23,14,3
23,15,3
23,16,3
23,17,2
23,18,2
23,19,2
23,20,2
23,21,4
23,22,4
23,23,4
23,24,2
23,25,2
23,26,1
23,27,1
23,28,1
23,29,1
23,30,1
24,0,4
24,1,4
24,2,1
24,3,1
24,4,2
24,5,2
24,6,2
24,7,1
24,8,1
24,9,1
24,10,4
24,11,4
24,12,4
24,13,4
24,14,3
24,15,3
24,16,3
24,17,2
24,18,2
24,19,2
24,20,2
24,21,4
24,22,4
24,23,4
24,24,4
24,25,4
24,26,1
24,27,1
24,28,1
24,29,1
24,30,1
25,0,4
25,1,4
25,2,1
25,3,1
25,4,2
25,5,2
25,6,2
25,7,2
25,8,2
25,9,2
25,10,4
25,11,4
25,12,4
25,13,4
25,14,4
25,15,3
25,16,3
25,17,3
25,18,2
25,19,2
25,20,1
25,21,1
25,22,4
25,23,4
25,24,4
25,25,4
25,26,4
25,27,1
25,28,1
25,29,4
25,30,4
26,0,4
26,1,4
26,2,1
26,3,1
26,4,2
26,5,2
26,6,2
26,7,2
26,8,2
26,9,2
26,10,2
26,11,4
26,12,4
26,13,4
26,14,4
26,15,3
26,16,3
26,17,3
26,18,3
26,19,1
26,20,1
26,21,1
26,22,1
26,23,4
26,24,4
26,25,4
26,26,4
26,27,4
26,28,4
26,29,4
26,30,4
27,0,4
27,1,4
27,2,1
27,3,1
27,4,2
27,5,2
27,6,2
27,7,2
27,8,2
27,9,2
27,10,2
27,11,2
27,12,4
27,13,4
27,14,3
27,15,3
27,16,3
27,17,3
27,18,3
27,19,1
27,20,1
27,21,1
27,22,1
27,23,4
27,24,4
27,25,4
27,26,4
27,27,4
27,28,4
27,29,4
27,30,4
28,0,4
28,1,4
28,2,1
28,3,1
28,4,2
28,5,2
28,6,2
28,7,2
28,8,2
28,9,2
28,10,2
28,11,2
28,12,2
28,13,2
28,14,3
28,15,3
28,16,3
28,17,3
28,18,4
28,19,4
28,20,1
28,21,1
28,22,4
28,23,4
28,24,4
28,25,4
28,26,3
28,27,3
28,28,3
28,29,3
28,30,3
29,0,4
29,1,4
29,2,1
29,3,1
29,4,2
29,5,2
29,6,2
29,7,2
29,8,2
29,9,2
29,10,2
29,11,2
29,12,2
29,13,2
29,14,2
29,15,3
29,16,3
29,17,4
29,18,4
29,19,4
29,20,4
29,21,4
29,22,4
29,23,4
29,24,4
29,25,3
29,26,3
29,27,3
29,28,3
29,29,3
29,30,3
30,0,4
30,1,4
30,2,1
30,3,1
30,4,2
30,5,2
30,6,2
30,7,2
30,8,2
30,9,2
30,10,2
30,11,2
30,12,2
30,13,2
30,14,2
30,15,3
30,16,3
30,17,4
30,18,4
30,19,4
30,20,4
30,21,4
30,22,4
30,23,4
30,24,4
30,25,3
30,26,3
30,27,3
30,28,3
30,29,3
30,30,3