2
1
2
1
2,22
22,2
0,1,2
0,0,1
0,1,1
0,2,1
0,3,1
0,4,1
0,5,2
0,6,2
0,7,2
0,8,4
0,9,4
0,10,4
0,11,4
0,12,1
0,13,1
0,14,1
0,15,1
0,16,1
0,17,1
0,18,4
0,19,4
0,20,4
0,21,4
0,22,4
0,23,4
0,24,4
0,25,4
0,26,4
0,27,4
0,28,4
0,29,4
0,30,4
1,0,1
1,1,1
1,2,1
1,3,1
1,4,1
1,5,2
1,6,2
1,7,2
1,8,4
1,9,4
1,10,4
1,11,4
1,12,1
1,13,1
1,14,1
1,15,1
1,16,1
1,17,1
1,18,4
1,19,4
1,20,4
1,21,4
1,22,4
1,23,4
1,24,4
1,25,4
1,26,4
1,27,4
1,28,4
1,29,4
1,30,4
2,0,1
2,1,1
2,2,1
2,3,1
2,4,1
2,5,2
2,6,2
2,7,2
2,8,2
2,9,4
2,10,4
2,11,3
2,12,3
2,13,1
2,14,1
2,15,1
2,16,1
2,17,3
2,18,3
2,19,4
2,20,4
2,21,4
2,22,4
2,23,4
2,24,4
2,25,4
2,26,4
2,27,4
2,28,4
2,29,4
2,30,4
3,0,1
3,1,1
3,2,1
3,3,1
3,4,3
3,5,3
3,6,2
3,7,2
3,8,2
3,9,2
3,10,3
3,11,3
3,12,3
3,13,3
3,14,1
3,15,1
3,16,3
3,17,3
3,18,3
3,19,3
3,20,4
3,21,4
3,22,4
3,23,4
3,24,4
3,25,4
3,26,4
3,27,4
3,28,4
3,29,4
3,30,4
4,0,3
4,1,3
4,2,3
4,3,3
4,4,3
4,5,3
4,6,3
4,7,2
4,8,2
4,9,2
4,10,3
4,11,3
4,12,3
4,13,3
4,14,4
4,15,4
4,16,3
4,17,3
4,18,3
4,19,3
4,20,4
4,21,4
4,22,4
4,23,4
4,24,4
4,25,4
4,26,4
4,27,4
4,28,4
4,29,1
4,30,1
5,0,3
5,1,3
5,2,3
5,3,3
5,4,3
5,5,3
5,6,3
5,7,2
5,8,2
5,9,2
5,10,2
5,11,3
5,12,3
5,13,4
5,14,4
5,15,4
5,16,4
5,17,3
5,18,3
5,19,1
5,20,1
5,21,4
5,22,4
5,23,4
5,24,4
5,25,4
5,26,4
5,27,1
5,28,1
5,29,1
5,30,1
6,0,4
6,1,4
6,2,3
6,3,3
6,4,3
6,5,3
6,6,2
6,7,2
6,8,2
6,9,2
6,10,2
6,11,2
6,12,4
6,13,4
6,14,4
6,15,4
6,16,4
6,17,1
6,18,1
6,19,1
6,20,1
6,21,1
6,22,1
6,23,4
6,24,4
6,25,4
6,26,1
6,27,1
6,28,1
6,29,1
6,30,1
7,0,4
7,1,4
7,2,4
7,3,3
7,4,3
7,5,2
7,6,2
7,7,2
7,8,2
7,9,2
7,10,2
7,11,2
7,12,4
7,13,4
7,14,4
7,15,4
7,16,1
7,17,1
7,18,1
7,19,1
7,20,1
7,21,1
7,22,1
7,23,1
7,24,1
7,25,1
7,26,1
7,27,1
7,28,1
7,29,1
7,30,1
8,0,4
8,1,4
8,2,4
8,3,1
8,4,1
8,5,2
8,6,2
8,7,2
8,8,2
8,9,2
8,10,2
8,11,2
8,12,4
8,13,4
8,14,4
8,15,4
8,16,1
8,17,1
8,18,1
8,19,3
8,20,3
8,21,1
8,22,1
8,23,1
8,24,1
8,25,1
8,26,1
8,27,1
8,28,1
8,29,1
8,30,1
9,0,4
9,1,4
9,2,1
9,3,1
9,4,1
9,5,1
9,6,2
9,7,2
9,8,2
9,9,2
9,10,2
9,11,4
9,12,4
9,13,4
9,14,4
9,15,4
9,16,1
9,17,1
9,18,3
9,19,3
9,20,3
9,21,3
9,22,3
9,23,3
9,24,3
9,25,3
9,26,3
9,27,3
9,28,3
9,29,3
9,30,3
10,0,4
10,1,4
10,2,1
10,3,1
10,4,1
10,5,1
10,6,4
10,7,4
10,8,4
10,9,4
10,10,4
10,11,4
10,12,4
10,13,4
10,14,4
10,15,4
10,16,1
10,17,1
10,18,3
10,19,3
10,20,3
10,21,3
10,22,3
10,23,3
10,24,3
10,25,3
10,26,3
10,27,3
10,28,3
10,29,3
10,30,3
11,0,4
11,1,4
11,2,4
11,3,1
11,4,1
11,5,4
11,6,4
11,7,4
11,8,4
11,9,4
11,10,4
11,11,4
11,12,4
11,13,4
11,14,4
11,15,4
11,16,1
11,17,1
11,18,1
11,19,3
11,20,3
11,21,3
11,22,3
11,23,3
11,24,1
11,25,1
11,26,1
11,27,1
11,28,1
11,29,1
11,30,1
12,0,4
12,1,4
12,2,4
12,3,3
12,4,3
12,5,4
12,6,4
12,7,4
12,8,4
12,9,4
12,10,1
12,11,1
12,12,4
12,13,4
12,14,4
12,15,4
12,16,1
12,17,1
12,18,1
12,19,1
12,20,1
12,21,1
12,22,1
12,23,1
12,24,1
12,25,1
12,26,1
12,27,1
12,28,1
12,29,1
12,30,1
13,0,4
13,1,4
13,2,3
13,3,3
13,4,3
13,5,3
13,6,4
13,7,4
13,8,4
13,9,1
13,10,1
13,11,1
13,12,1
13,13,4
13,14,4
13,15,2
13,16,2
13,17,1
13,18,1
13,19,1
13,20,1
13,21,1
13,22,1
13,23,1
13,24,1
13,25,1
13,26,1
13,27,2
13,28,2
13,29,2
13,30,2
14,0,2
14,1,2
14,2,3
14,3,3
14,4,3
14,5,3
14,6,3
14,7,3
14,8,3
14,9,1
14,10,1
14,11,1
14,12,1
14,13,1
14,14,2
14,15,2
14,16,2
14,17,2
14,18,2
14,19,2
14,20,1
14,21,1
14,22,2
14,23,2
14,24,2
14,25,2
14,26,2
14,27,2
14,28,2
14,29,2
14,30,2
15,0,2
15,1,2
15,2,2
15,3,3
15,4,3
15,5,3
15,6,3
15,7,3
15,8,3
15,9,3
15,10,1
15,11,1
15,12,1
15,13,1
15,14,2
15,15,2
15,16,2
15,17,2
15,18,2
15,19,2
15,20,2
15,21,2
15,22,2
15,23,2
15,24,2
15,25,2
15,26,2
15,27,2
15,28,2
15,29,2
15,30,2
16,0,2
16,1,2
16,2,2
16,3,4
16,4,4
16,5,4
16,6,3
16,7,3
16,8,3
16,9,3
16,10,3
16,11,1
16,12,1
16,13,2
16,14,2
16,15,2
16,16,2
16,17,2
16,18,2
16,19,2
16,20,2
16,21,2
16,22,2
16,23,2
16,24,2
16,25,2
16,26,2
16,27,2
16,28,2
16,29,2
16,30,2
17,0,2
17,1,2
17,2,4
17,3,4
17,4,4
17,5,4
17,6,4
17,7,3
17,8,3
17,9,3
17,10,3
17,11,4
17,12,4
17,13,2
17,14,2
17,15,2
17,16,2
17,17,2
17,18,2
17,19,2
17,20,2
17,21,2
17,22,2
17,23,2
17,24,2
17,25,1
17,26,1
17,27,2
17,28,2
17,29,2
17,30,2
18,0,4
18,1,4
18,2,4
18,3,4
18,4,4
18,5,4
18,6,4
18,7,4
18,8,3
18,9,3
18,10,4
18,11,4
18,12,4
18,13,4
18,14,2
18,15,2
18,16,1
18,17,1
18,18,2
18,19,2
18,20,1
18,21,1
18,22,1
18,23,1
18,24,1
18,25,1
18,26,1
18,27,1
18,28,2
18,29,2
18,30,2
19,0,4
19,1,4
19,2,4
19,3,4
19,4,4
19,5,4
19,6,4
19,7,4
19,8,1
19,9,1
19,10,4
19,11,4
19,12,4
19,13,4
19,14,1
19,15,1
19,16,1
19,17,1
19,18,1
19,19,1
19,20,1
19,21,1
19,22,1
19,23,1
19,24,1
19,25,1
19,26,1
19,27,1
19,28,4
19,29,4
19,30,4
20,0,3
20,1,3
20,2,3
20,3,3
20,4,3
20,5,4
20,6,4
20,7,1
20,8,1
20,9,1
20,10,1
20,11,4
20,12,4
20,13,1
20,14,1
20,15,1
20,16,1
20,17,1
20,18,1
20,19,1
20,20,1
20,21,1
20,22,4
20,23,4
20,24,4
20,25,1
20,26,1
20,27,4
20,28,4
20,29,4
20,30,4
21,0,3
21,1,3
21,2,3
21,3,3
21,4,3
21,5,3
21,6,1
21,7,1
21,8,1
21,9,1
21,10,1
21,11,2
21,12,2
21,13,1
21,14,1
21,15,1
21,16,1
21,17,1
21,18,1
21,19,1
21,20,1
21,21,4
21,22,4
21,23,4
21,24,4
21,25,4
21,26,4
21,27,4
21,28,4
21,29,4
21,30,4
22,0,3
22,1,3
22,2,3
22,3,3
22,4,3
22,5,3
22,6,1
22,7,1
22,8,1
22,9,1
22,10,2
22,11,2
22,12,2
22,13,2
22,14,1
22,15,1
22,16,1
22,17,1
22,18,1
22,19,3
22,20,3
22,21,4
22,22,4
22,23,4
22,24,4
22,25,4
22,26,4
22,27,4
22,28,4
22,29,4
22,30,4
23,0,3
23,1,3
23,2,3
23,3,3
23,4,3
23,5,3
23,6,1
23,7,1
23,8,1
23,9,1
23,10,2
23,11,2
23,12,2
23,13,2
23,14,1
23,15,1
23,16,1
23,17,1
23,18,3
23,19,3
23,20,3
23,21,3
23,22,4
23,23,4
23,24,1
23,25,1
23,26,4
23,27,4
23,28,4
23,29,4
23,30,4
24,0,3
24,1,3
24,2,3
24,3,3
24,4,3
24,5,3
24,6,3
24,7,1
24,8,1
24,9,4
24,10,4
24,11,2
24,12,2
24,13,1
24,14,1
24,15,1
24,16,1
24,17,1
24,18,3
24,19,3
24,20,3
24,21,3
24,22,1
24,23,1
24,24,1
24,25,1
24,26,1
24,27,4
24,28,4
24,29,2
24,30,2
25,0,3
25,1,3
25,2,4
25,3,4
25,4,3
25,5,3
25,6,3
25,7,3
25,8,4
25,9,4
25,10,4
25,11,4
25,12,1
25,13,1
25,14,1
25,15,1
25,16,1
25,17,1
25,18,1
25,19,3
25,20,3
25,21,1
25,22,1
25,23,1
25,24,1
25,25,1
25,26,1
25,27,2
25,28,2
25,29,2
25,30,2
26,0,4
26,1,4
26,2,4
26,3,4
26,4,4
26,5,3
26,6,3
26,7,3
26,8,4
26,9,4
26,10,4
26,11,4
26,12,1
26,13,1
26,14,1
26,15,1
26,16,1
26,17,1
26,18,1
26,19,1
26,20,1
26,21,1
26,22,1
26,23,1
26,24,1
26,25,1
26,26,2
26,27,2
26,28,2
26,29,2
26,30,2
27,0,4
27,1,4
27,2,4
27,3,4
27,4,4
27,5,3
27,6,3
27,7,3
27,8,4
27,9,4
27,10,4
27,11,4
27,12,1
27,13,1
27,14,1
27,15,1
27,16,1
27,17,1
27,18,1
27,19,1
27,20,1
27,21,1
27,22,1
27,23,1
27,24,1
27,25,2
27,26,2
27,27,2
27,28,2
27,29,3
27,30,3
28,0,4
28,1,4
28,2,4
28,3,4
28,4,4
28,5,3
28,6,3
28,7,3
28,8,3
28,9,4
28,10,4
28,11,2
28,12,2
28,13,1
28,14,1
28,15,1
28,16,1
28,17,1
28,18,4
28,19,4
28,20,4
28,21,4
28,22,4
28,23,4
28,24,4
28,25,2
28,26,2
28,27,2
28,28,3
28,29,3
28,30,3
29,0,4
29,1,4
29,2,4
29,3,4
29,4,4
29,5,4
29,6,3
29,7,3
29,8,3
29,9,3
29,10,2
29,11,2
29,12,2
29,13,2
29,14,1
29,15,1
29,16,1
29,17,4
29,18,4
29,19,4
29,20,4
29,21,4
29,22,4
29,23,4
29,24,4
29,25,4
29,26,2
29,27,2
29,28,3
29,29,3
29,30,3
30,0,4
30,1,4
30,2,4
30,3,4
30,4,4
30,5,4
30,6,3
30,7,3
30,8,3
30,9,3
30,10,2
30,11,2
30,12,2
30,13,2
30,14,1
30,15,1
30,16,1
30,17,4
30,18,4
30,19,4
30,20,4
30,21,4
30,22,4
30,23,4
30,24,4
30,25,4
30,26,2
30,27,2
30,28,3
30,29,3
30,30,3