2
1
4
0
2,22
17,7
0,1,4
0,0,4
0,1,4
0,2,4
0,3,2
0,4,2
0,5,1
0,6,1
0,7,1
0,8,1
0,9,1
0,10,1
0,11,2
0,12,2
0,13,2
0,14,4
0,15,4
0,16,4
0,17,4
0,18,4
0,19,4
0,20,4
0,21,4
0,22,4
0,23,4
0,24,4
0,25,4
0,26,4
0,27,4
0,28,4
0,29,3
0,30,3
1,0,4
1,1,4
1,2,4
1,3,2
1,4,2
1,5,1
1,6,1
1,7,1
1,8,1
1,9,1
1,10,1
1,11,2
1,12,2
1,13,2
1,14,4
1,15,4
1,16,4
1,17,4
1,18,4
1,19,4
1,20,4
1,21,4
1,22,4
1,23,4
1,24,4
1,25,4
1,26,4
1,27,4
1,28,4
1,29,3
1,30,3
2,0,4
2,1,4
2,2,2
2,3,2
2,4,2
2,5,2
2,6,1
2,7,1
2,8,1
2,9,1
2,10,2
2,11,2
2,12,2
2,13,2
2,14,2
2,15,4
2,16,4
2,17,4
2,18,4
2,19,4
2,20,4
2,21,4
2,22,4
2,23,4
2,24,4
2,25,4
2,26,4
2,27,4
2,28,3
2,29,3
2,30,3
3,0,2
3,1,2
3,2,2
3,3,2
3,4,2
3,5,2
3,6,1
3,7,1
3,8,1
3,9,1
3,10,2
3,11,2
3,12,2
3,13,2
3,14,2
3,15,2
3,16,4
3,17,4
3,18,4
3,19,4
3,20,4
3,21,4
3,22,4
3,23,4
3,24,4
3,25,4
3,26,4
3,27,4
3,28,3
3,29,3
3,30,3
4,0,2
4,1,2
4,2,2
4,3,2
4,4,2
4,5,2
4,6,1
4,7,1
4,8,1
4,9,4
4,10,4
4,11,2
4,12,2
4,13,2
4,14,2
4,15,2
4,16,2
4,17,4
4,18,4
4,19,4
4,20,4
4,21,4
4,22,4
4,23,4
4,24,4
4,25,4
4,26,4
4,27,4
4,28,3
4,29,3
4,30,3
5,0,4
5,1,4
5,2,4
5,3,2
5,4,2
5,5,1
5,6,1
5,7,1
5,8,4
5,9,4
5,10,4
5,11,4
5,12,2
5,13,2
5,14,2
5,15,2
5,16,2
5,17,2
5,18,2
5,19,4
5,20,4
5,21,4
5,22,4
5,23,2
5,24,2
5,25,4
5,26,4
5,27,2
5,28,2
5,29,3
5,30,3
6,0,4
6,1,4
6,2,4
6,3,4
6,4,1
6,5,1
6,6,1
6,7,1
6,8,4
6,9,4
6,10,4
6,11,4
6,12,3
6,13,3
6,14,3
6,15,2
6,16,2
6,17,2
6,18,2
6,19,2
6,20,2
6,21,2
6,22,2
6,23,2
6,24,2
6,25,2
6,26,2
6,27,2
6,28,2
6,29,2
6,30,2
7,0,4
7,1,4
7,2,4
7,3,4
7,4,1
7,5,1
7,6,1
7,7,4
7,8,4
7,9,4
7,10,4
7,11,3
7,12,3
7,13,3
7,14,3
7,15,3
7,16,2
7,17,2
7,18,2
7,19,2
7,20,2
7,21,2
7,22,2
7,23,2
7,24,2
7,25,2
7,26,2
7,27,2
7,28,2
7,29,2
7,30,2
8,0,4
8,1,4
8,2,4
8,3,4
8,4,1
8,5,1
8,6,1
8,7,4
8,8,4
8,9,4
8,10,4
8,11,3
8,12,3
8,13,3
8,14,3
8,15,3
8,16,4
8,17,4
8,18,2
8,19,2
8,20,2
8,21,2
8,22,2
8,23,1
8,24,1
8,25,2
8,26,2
8,27,3
8,28,3
8,29,3
8,30,3
9,0,4
9,1,4
9,2,4
9,3,4
9,4,1
9,5,1
9,6,1
9,7,1
9,8,4
9,9,4
9,10,4
9,11,4
9,12,3
9,13,3
9,14,3
9,15,4
9,16,4
9,17,4
9,18,4
9,19,2
9,20,2
9,21,2
9,22,1
9,23,1
9,24,1
9,25,1
9,26,3
9,27,3
9,28,3
9,29,3
9,30,3
10,0,4
10,1,4
10,2,4
10,3,1
10,4,1
10,5,1
10,6,1
10,7,1
10,8,4
10,9,4
10,10,4
10,11,4
10,12,4
10,13,4
10,14,4
10,15,4
10,16,4
10,17,4
10,18,4
10,19,2
10,20,2
10,21,1
10,22,1
10,23,1
10,24,1
10,25,1
10,26,3
10,27,3
10,28,3
10,29,1
10,30,1
11,0,3
11,1,3
11,2,3
11,3,1
11,4,1
11,5,1
11,6,1
11,7,4
11,8,4
11,9,4
11,10,4
11,11,4
11,12,4
11,13,4
11,14,4
11,15,4
11,16,4
11,17,4
11,18,4
11,19,2
11,20,2
11,21,1
11,22,1
11,23,1
11,24,1
11,25,1
11,26,3
11,27,3
11,28,1
11,29,1
11,30,1
12,0,3
12,1,3
12,2,3
12,3,3
12,4,1
12,5,1
12,6,4
12,7,4
12,8,4
12,9,4
12,10,4
12,11,4
12,12,4
12,13,4
12,14,2
12,15,2
12,16,4
12,17,4
12,18,4
12,19,2
12,20,2
12,21,2
12,22,1
12,23,1
12,24,1
12,25,3
12,26,3
12,27,3
12,28,1
12,29,1
12,30,1
13,0,3
13,1,3
13,2,3
13,3,3
13,4,4
13,5,4
13,6,4
13,7,4
13,8,4
13,9,4
13,10,4
13,11,4
13,12,4
13,13,2
13,14,2
13,15,2
13,16,2
13,17,4
13,18,4
13,19,2
13,20,2
13,21,2
13,22,2
13,23,2
13,24,2
13,25,3
13,26,3
13,27,3
13,28,3
13,29,1
13,30,1
14,0,3
14,1,3
14,2,3
14,3,4
14,4,4
14,5,4
14,6,4
14,7,4
14,8,4
14,9,4
14,10,4
14,11,4
14,12,4
14,13,2
14,14,2
14,15,2
14,16,2
14,17,4
14,18,4
14,19,4
14,20,2
14,21,2
14,22,2
14,23,2
14,24,2
14,25,2
14,26,3
14,27,3
14,28,3
14,29,2
14,30,2
15,0,3
15,1,3
15,2,3
15,3,4
15,4,4
15,5,4
15,6,4
15,7,4
15,8,4
15,9,4
15,10,4
15,11,4
15,12,1
15,13,1
15,14,2
15,15,2
15,16,4
15,17,4
15,18,4
15,19,4
15,20,1
15,21,1
15,22,1
15,23,2
15,24,2
15,25,2
15,26,3
15,27,3
15,28,2
15,29,2
15,30,2
16,0,3
16,1,3
16,2,3
16,3,3
16,4,4
16,5,4
16,6,4
16,7,4
16,8,4
16,9,4
16,10,4
16,11,1
16,12,1
16,13,1
16,14,1
16,15,4
16,16,4
16,17,4
16,18,4
16,19,1
16,20,1
16,21,1
16,22,1
16,23,1
16,24,2
16,25,2
16,26,3
16,27,3
16,28,2
16,29,2
16,30,2
17,0,3
17,1,3
17,2,3
17,3,3
17,4,4
17,5,4
17,6,4
17,7,4
17,8,4
17,9,4
17,10,4
17,11,1
17,12,1
17,13,1
17,14,1
17,15,4
17,16,4
17,17,4
17,18,4
17,19,1
17,20,1
17,21,1
17,22,1
17,23,1
17,24,2
17,25,2
17,26,3
17,27,3
17,28,3
17,29,2
17,30,2
18,0,3
18,1,3
18,2,3
18,3,4
18,4,4
18,5,4
18,6,4
18,7,4
18,8,4
18,9,4
18,10,1
18,11,1
18,12,1
18,13,1
18,14,1
18,15,1
18,16,4
18,17,4
18,18,1
18,19,1
18,20,1
18,21,1
18,22,1
18,23,2
18,24,2
18,25,2
18,26,3
18,27,3
18,28,3
18,29,3
18,30,3
19,0,4
19,1,4
19,2,4
19,3,4
19,4,4
19,5,4
19,6,4
19,7,4
19,8,4
19,9,4
19,10,1
19,11,1
19,12,1
19,13,1
19,14,1
19,15,1
19,16,1
19,17,1
19,18,1
19,19,1
19,20,1
19,21,2
19,22,2
19,23,2
19,24,2
19,25,2
19,26,2
19,27,3
19,28,3
19,29,3
19,30,3
20,0,4
20,1,4
20,2,4
20,3,4
20,4,4
20,5,4
20,6,4
20,7,4
20,8,4
20,9,3
20,10,3
20,11,1
20,12,1
20,13,1
20,14,1
20,15,1
20,16,1
20,17,1
20,18,1
20,19,1
20,20,2
20,21,2
20,22,2
20,23,2
20,24,2
20,25,2
20,26,2
20,27,3
20,28,3
20,29,3
20,30,3
21,0,1
21,1,1
21,2,4
21,3,4
21,4,4
21,5,4
21,6,4
21,7,4
21,8,3
21,9,3
21,10,3
21,11,3
21,12,1
21,13,1
21,14,1
21,15,1
21,16,1
21,17,3
21,18,3
21,19,3
21,20,2
21,21,2
21,22,2
21,23,2
21,24,2
21,25,2
21,26,3
21,27,3
21,28,3
21,29,3
21,30,3
22,0,1
22,1,1
22,2,1
22,3,4
22,4,4
22,5,4
22,6,4
22,7,4
22,8,3
22,9,3
22,10,3
22,11,3
22,12,3
22,13,1
22,14,1
22,15,1
22,16,3
22,17,3
22,18,3
22,19,3
22,20,3
22,21,2
22,22,2
22,23,2
22,24,2
22,25,3
22,26,3
22,27,3
22,28,3
22,29,3
22,30,3
23,0,1
23,1,1
23,2,1
23,3,2
23,4,2
23,5,4
23,6,4
23,7,3
23,8,3
23,9,3
23,10,3
23,11,3
23,12,3
23,13,3
23,14,3
23,15,3
23,16,3
23,17,3
23,18,3
23,19,3
23,20,3
23,21,2
23,22,2
23,23,2
23,24,2
23,25,3
23,26,3
23,27,3
23,28,3
23,29,3
23,30,3
24,0,1
24,1,1
24,2,2
24,3,2
24,4,2
24,5,2
24,6,3
24,7,3
24,8,3
24,9,3
24,10,3
24,11,3
24,12,3
24,13,3
24,14,3
24,15,3
24,16,3
24,17,3
24,18,3
24,19,3
24,20,3
24,21,2
24,22,2
24,23,2
24,24,2
24,25,3
24,26,3
24,27,3
24,28,3
24,29,4
24,30,4
25,0,2
25,1,2
25,2,2
25,3,2
25,4,2
25,5,2
25,6,3
25,7,3
25,8,3
25,9,3
25,10,3
25,11,1
25,12,1
25,13,3
25,14,3
25,15,3
25,16,3
25,17,3
25,18,3
25,19,3
25,20,3
25,21,3
25,22,2
25,23,2
25,24,3
25,25,3
25,26,3
25,27,3
25,28,4
25,29,4
25,30,4
26,0,2
26,1,2
26,2,2
26,3,2
26,4,2
26,5,3
26,6,3
26,7,3
26,8,3
26,9,3
26,10,1
26,11,1
26,12,1
26,13,1
26,14,1
26,15,1
26,16,1
26,17,1
26,18,3
26,19,3
26,20,3
26,21,3
26,22,1
26,23,1
26,24,3
26,25,3
26,26,3
26,27,3
26,28,4
26,29,4
26,30,4
27,0,2
27,1,2
27,2,2
27,3,1
27,4,1
27,5,3
27,6,3
27,7,3
27,8,3
27,9,3
27,10,1
27,11,1
27,12,1
27,13,1
27,14,1
27,15,1
27,16,1
27,17,1
27,18,1
27,19,3
27,20,3
27,21,1
27,22,1
27,23,1
27,24,1
27,25,3
27,26,3
27,27,3
27,28,3
27,29,4
27,30,4
28,0,1
28,1,1
28,2,1
28,3,1
28,4,1
28,5,1
28,6,3
28,7,3
28,8,3
28,9,1
28,10,1
28,11,1
28,12,1
28,13,4
28,14,4
28,15,1
28,16,1
28,17,1
28,18,1
28,19,4
28,20,4
28,21,1
28,22,1
28,23,1
28,24,1
28,25,3
28,26,3
28,27,3
28,28,3
28,29,4
28,30,4
29,0,1
29,1,1
29,2,1
29,3,1
29,4,1
29,5,1
29,6,3
29,7,3
29,8,3
29,9,1
29,10,1
29,11,1
29,12,4
29,13,4
29,14,4
29,15,4
29,16,1
29,17,1
29,18,4
29,19,4
29,20,4
29,21,4
29,22,1
29,23,1
29,24,3
29,25,3
29,26,3
29,27,3
29,28,4
29,29,4
29,30,4
30,0,1
30,1,1
30,2,1
30,3,1
30,4,1
30,5,1
30,6,3
30,7,3
30,8,3
30,9,1
30,10,1
30,11,1
30,12,4
30,13,4
30,14,4
30,15,4
30,16,1
30,17,1
30,18,4
30,19,4
30,20,4
30,21,4
30,22,1
30,23,1
30,24,3
30,25,3
30,26,3
30,27,3
30,28,4
30,29,4
30,30,4