2
1
2
0
2,2
27,2
0,1,2
0,0,4
0,1,4
0,2,4
0,3,4
0,4,4
0,5,4
0,6,4
0,7,4
0,8,4
0,9,2
0,10,2
0,11,2
0,12,2
0,13,2
0,14,1
0,15,1
0,16,1
0,17,1
0,18,1
0,19,4
0,20,4
0,21,4
0,22,4
0,23,4
0,24,4
0,25,4
0,26,4
0,27,3
0,28,3
0,29,2
0,30,2
1,0,4
1,1,4
1,2,4
1,3,4
1,4,4
1,5,4
1,6,4
1,7,4
1,8,4
1,9,2
1,10,2
1,11,2
1,12,2
1,13,2
1,14,1
1,15,1
1,16,1
1,17,1
1,18,1
1,19,4
1,20,4
1,21,4
1,22,4
1,23,4
1,24,4
1,25,4
1,26,4
1,27,3
1,28,3
1,29,2
1,30,2
2,0,4
2,1,4
2,2,4
2,3,4
2,4,4
2,5,4
2,6,4
2,7,4
2,8,4
2,9,2
2,10,2
2,11,2
2,12,2
2,13,2
2,14,2
2,15,1
2,16,1
2,17,1
2,18,1
2,19,4
2,20,4
2,21,4
2,22,3
2,23,3
2,24,4
2,25,4
2,26,3
2,27,3
2,28,3
2,29,2
2,30,2
3,0,4
3,1,4
3,2,4
3,3,4
3,4,4
3,5,4
3,6,4
3,7,4
3,8,4
3,9,4
3,10,2
3,11,2
3,12,2
3,13,2
3,14,2
3,15,1
3,16,1
3,17,1
3,18,1
3,19,4
3,20,4
3,21,3
3,22,3
3,23,3
3,24,3
3,25,3
3,26,3
3,27,3
3,28,3
3,29,2
3,30,2
4,0,4
4,1,4
4,2,4
4,3,4
4,4,4
4,5,4
4,6,4
4,7,4
4,8,4
4,9,4
4,10,1
4,11,1
4,12,2
4,13,2
4,14,1
4,15,1
4,16,1
4,17,1
4,18,1
4,19,4
4,20,4
4,21,3
4,22,3
4,23,3
4,24,3
4,25,3
4,26,3
4,27,3
4,28,3
4,29,2
4,30,2
5,0,4
5,1,4
5,2,4
5,3,4
5,4,3
5,5,3
5,6,4
5,7,4
5,8,4
5,9,1
5,10,1
5,11,1
5,12,1
5,13,1
5,14,1
5,15,1
5,16,1
5,17,1
5,18,1
5,19,4
5,20,4
5,21,4
5,22,3
5,23,3
5,24,3
5,25,3
5,26,3
5,27,3
5,28,2
5,29,2
5,30,2
6,0,4
6,1,4
6,2,4
6,3,3
6,4,3
6,5,3
6,6,3
6,7,4
6,8,4
6,9,1
6,10,1
6,11,1
6,12,1
6,13,1
6,14,1
6,15,1
6,16,1
6,17,1
6,18,4
6,19,4
6,20,4
6,21,4
6,22,2
6,23,2
6,24,3
6,25,3
6,26,1
6,27,1
6,28,2
6,29,2
6,30,2
7,0,4
7,1,4
7,2,4
7,3,3
7,4,3
7,5,3
7,6,3
7,7,4
7,8,4
7,9,4
7,10,1
7,11,1
7,12,1
7,13,1
7,14,1
7,15,1
7,16,2
7,17,2
7,18,4
7,19,4
7,20,4
7,21,2
7,22,2
7,23,2
7,24,2
7,25,1
7,26,1
7,27,1
7,28,1
7,29,2
7,30,2
8,0,4
8,1,4
8,2,4
8,3,4
8,4,3
8,5,3
8,6,4
8,7,4
8,8,4
8,9,4
8,10,1
8,11,1
8,12,1
8,13,1
8,14,1
8,15,2
8,16,2
8,17,2
8,18,2
8,19,4
8,20,4
8,21,2
8,22,2
8,23,2
8,24,2
8,25,1
8,26,1
8,27,1
8,28,1
8,29,2
8,30,2
9,0,4
9,1,4
9,2,4
9,3,4
9,4,4
9,5,4
9,6,4
9,7,4
9,8,4
9,9,4
9,10,4
9,11,1
9,12,1
9,13,1
9,14,1
9,15,2
9,16,2
9,17,2
9,18,2
9,19,4
9,20,4
9,21,4
9,22,2
9,23,2
9,24,3
9,25,3
9,26,1
9,27,1
9,28,2
9,29,2
9,30,2
10,0,3
10,1,3
10,2,4
10,3,4
10,4,4
10,5,4
10,6,4
10,7,4
10,8,4
10,9,4
10,10,4
10,11,4
10,12,1
10,13,1
10,14,1
10,15,1
10,16,2
10,17,2
10,18,4
10,19,4
10,20,4
10,21,4
10,22,4
10,23,3
10,24,3
10,25,3
10,26,3
10,27,2
10,28,2
10,29,2
10,30,2
11,0,3
11,1,3
11,2,3
11,3,4
11,4,4
11,5,1
11,6,1
11,7,4
11,8,4
11,9,4
11,10,4
11,11,4
11,12,4
11,13,1
11,14,1
11,15,1
11,16,1
11,17,1
11,18,4
11,19,4
11,20,4
11,21,4
11,22,4
11,23,3
11,24,3
11,25,3
11,26,3
11,27,2
11,28,2
11,29,2
11,30,2
12,0,3
12,1,3
12,2,3
12,3,3
12,4,1
12,5,1
12,6,1
12,7,1
12,8,4
12,9,4
12,10,4
12,11,4
12,12,4
12,13,4
12,14,1
12,15,1
12,16,1
12,17,1
12,18,1
12,19,4
12,20,4
12,21,4
12,22,4
12,23,4
12,24,3
12,25,3
12,26,4
12,27,4
12,28,2
12,29,2
12,30,2
13,0,3
13,1,3
13,2,3
13,3,3
13,4,1
13,5,1
13,6,1
13,7,1
13,8,2
13,9,2
13,10,4
13,11,4
13,12,4
13,13,4
13,14,4
13,15,4
13,16,1
13,17,1
13,18,1
13,19,1
13,20,1
13,21,4
13,22,4
13,23,4
13,24,4
13,25,4
13,26,4
13,27,4
13,28,4
13,29,4
13,30,4
14,0,3
14,1,3
14,2,3
14,3,4
14,4,4
14,5,1
14,6,1
14,7,2
14,8,2
14,9,2
14,10,2
14,11,4
14,12,4
14,13,4
14,14,4
14,15,4
14,16,4
14,17,1
14,18,1
14,19,1
14,20,1
14,21,1
14,22,4
14,23,4
14,24,4
14,25,4
14,26,4
14,27,4
14,28,4
14,29,4
14,30,4
15,0,4
15,1,4
15,2,4
15,3,4
15,4,4
15,5,4
15,6,2
15,7,2
15,8,2
15,9,2
15,10,2
15,11,4
15,12,4
15,13,4
15,14,4
15,15,4
15,16,4
15,17,1
15,18,1
15,19,1
15,20,1
15,21,1
15,22,1
15,23,1
15,24,1
15,25,4
15,26,4
15,27,4
15,28,4
15,29,3
15,30,3
16,0,4
16,1,4
16,2,4
16,3,4
16,4,4
16,5,4
16,6,2
16,7,2
16,8,2
16,9,2
16,10,4
16,11,4
16,12,4
16,13,4
16,14,4
16,15,4
16,16,4
16,17,4
16,18,1
16,19,1
16,20,1
16,21,1
16,22,1
16,23,1
16,24,1
16,25,1
16,26,4
16,27,4
16,28,3
16,29,3
16,30,3
17,0,4
17,1,4
17,2,4
17,3,4
17,4,4
17,5,4
17,6,2
17,7,2
17,8,2
17,9,2
17,10,4
17,11,4
17,12,4
17,13,4
17,14,4
17,15,4
17,16,4
17,17,4
17,18,4
17,19,1
17,20,1
17,21,1
17,22,1
17,23,1
17,24,1
17,25,1
17,26,4
17,27,4
17,28,3
17,29,3
17,30,3
18,0,4
18,1,4
18,2,4
18,3,4
18,4,4
18,5,4
18,6,2
18,7,2
18,8,2
18,9,2
18,10,4
18,11,4
18,12,4
18,13,4
18,14,4
18,15,4
18,16,4
18,17,4
18,18,4
18,19,1
18,20,1
18,21,1
18,22,1
18,23,1
18,24,1
18,25,4
18,26,4
18,27,4
18,28,4
18,29,3
18,30,3
19,0,1
19,1,1
19,2,1
19,3,4
19,4,4
19,5,4
19,6,4
19,7,2
19,8,2
19,9,2
19,10,2
19,11,4
19,12,4
19,13,4
19,14,4
19,15,4
19,16,4
19,17,4
19,18,1
19,19,1
19,20,1
19,21,1
19,22,1
19,23,1
19,24,1
19,25,4
19,26,4
19,27,4
19,28,4
19,29,4
19,30,4
20,0,1
20,1,1
20,2,1
20,3,1
20,4,4
20,5,4
20,6,4
20,7,2
20,8,2
20,9,2
20,10,2
20,11,2
20,12,4
20,13,4
20,14,4
20,15,4
20,16,4
20,17,4
20,18,1
20,19,1
20,20,1
20,21,1
20,22,1
20,23,1
20,24,1
20,25,1
20,26,4
20,27,4
20,28,4
20,29,4
20,30,4
21,0,1
21,1,1
21,2,1
21,3,1
21,4,4
21,5,4
21,6,4
21,7,2
21,8,2
21,9,2
21,10,2
21,11,2
21,12,4
21,13,4
21,14,4
21,15,4
21,16,4
21,17,4
21,18,4
21,19,1
21,20,1
21,21,1
21,22,1
21,23,1
21,24,1
21,25,1
21,26,1
21,27,1
21,28,1
21,29,1
21,30,1
22,0,1
22,1,1
22,2,1
22,3,4
22,4,4
22,5,4
22,6,4
22,7,4
22,8,2
22,9,2
22,10,2
22,11,4
22,12,4
22,13,4
22,14,4
22,15,4
22,16,4
22,17,4
22,18,4
22,19,4
22,20,4
22,21,1
22,22,1
22,23,1
22,24,1
22,25,1
22,26,1
22,27,1
22,28,1
22,29,1
22,30,1
23,0,1
23,1,1
23,2,1
23,3,4
23,4,4
23,5,4
23,6,4
23,7,4
23,8,4
23,9,4
23,10,4
23,11,4
23,12,4
23,13,4
23,14,4
23,15,4
23,16,4
23,17,4
23,18,4
23,19,4
23,20,4
23,21,4
23,22,1
23,23,1
23,24,3
23,25,3
23,26,3
23,27,3
23,28,3
23,29,1
23,30,1
24,0,1
24,1,1
24,2,3
24,3,3
24,4,4
24,5,4
24,6,4
24,7,4
24,8,4
24,9,4
24,10,4
24,11,4
24,12,4
24,13,4
24,14,4
24,15,4
24,16,4
24,17,4
24,18,4
24,19,4
24,20,4
24,21,4
24,22,3
24,23,3
24,24,3
24,25,3
24,26,3
24,27,3
24,28,3
24,29,3
24,30,3
25,0,3
25,1,3
25,2,3
25,3,3
25,4,3
25,5,4
25,6,4
25,7,3
25,8,3
25,9,4
25,10,4
25,11,1
25,12,1
25,13,4
25,14,4
25,15,4
25,16,1
25,17,1
25,18,4
25,19,4
25,20,4
25,21,3
25,22,3
25,23,3
25,24,3
25,25,3
25,26,3
25,27,3
25,28,3
25,29,3
25,30,3
26,0,3
26,1,3
26,2,3
26,3,3
26,4,3
26,5,3
26,6,3
26,7,3
26,8,3
26,9,3
26,10,1
26,11,1
26,12,1
26,13,1
26,14,1
26,15,1
26,16,1
26,17,1
26,18,1
26,19,1
26,20,1
26,21,3
26,22,3
26,23,3
26,24,3
26,25,3
26,26,2
26,27,2
26,28,2
26,29,2
26,30,2
27,0,3
27,1,3
27,2,3
27,3,3
27,4,3
27,5,3
27,6,3
27,7,3
27,8,3
27,9,3
27,10,1
27,11,1
27,12,1
27,13,1
27,14,1
27,15,1
27,16,1
27,17,1
27,18,1
27,19,1
27,20,1
27,21,1
27,22,3
27,23,3
27,24,3
27,25,2
27,26,2
27,27,2
27,28,2
27,29,2
27,30,2
28,0,3
28,1,3
28,2,3
28,3,3
28,4,3
28,5,3
28,6,3
28,7,3
28,8,3
28,9,1
28,10,1
28,11,1
28,12,1
28,13,1
28,14,2
28,15,2
28,16,2
28,17,2
28,18,1
28,19,1
28,20,1
28,21,1
28,22,3
28,23,3
28,24,3
28,25,2
28,26,2
28,27,2
28,28,3
28,29,3
28,30,3
29,0,3
29,1,3
29,2,3
29,3,3
29,4,3
29,5,3
29,6,3
29,7,3
29,8,1
29,9,1
29,10,1
29,11,1
29,12,1
29,13,2
29,14,2
29,15,2
29,16,2
29,17,2
29,18,2
29,19,1
29,20,1
29,21,1
29,22,3
29,23,3
29,24,2
29,25,2
29,26,2
29,27,3
29,28,3
29,29,3
29,30,3
30,0,3
30,1,3
30,2,3
30,3,3
30,4,3
30,5,3
30,6,3
30,7,3
30,8,1
30,9,1
30,10,1
30,11,1
30,12,1
30,13,2
30,14,2
30,15,2
30,16,2
30,17,2
30,18,2
30,19,1
30,20,1
30,21,1
30,22,3
30,23,3
30,24,2
30,25,2
30,26,2
30,27,3
30,28,3
30,29,3
30,30,3