2
1
2
0
12,7
12,27
0,1,2
0,0,4
0,1,4
0,2,4
0,3,4
0,4,4
0,5,3
0,6,3
0,7,1
0,8,1
0,9,4
0,10,4
0,11,4
0,12,2
0,13,2
0,14,2
0,15,2
0,16,4
0,17,4
0,18,1
0,19,1
0,20,4
0,21,4
0,22,4
0,23,4
0,24,2
0,25,2
0,26,4
0,27,4
0,28,4
0,29,4
0,30,4
1,0,4
1,1,4
1,2,4
1,3,4
1,4,4
1,5,3
1,6,3
1,7,1
1,8,1
1,9,4
1,10,4
1,11,4
1,12,2
1,13,2
1,14,2
1,15,2
1,16,4
1,17,4
1,18,1
1,19,1
1,20,4
1,21,4
1,22,4
1,23,4
1,24,2
1,25,2
1,26,4
1,27,4
1,28,4
1,29,4
1,30,4
2,0,4
2,1,4
2,2,4
2,3,4
2,4,3
2,5,3
2,6,3
2,7,1
2,8,1
2,9,1
2,10,4
2,11,4
2,12,2
2,13,2
2,14,2
2,15,2
2,16,4
2,17,4
2,18,1
2,19,1
2,20,4
2,21,4
2,22,4
2,23,4
2,24,2
2,25,2
2,26,2
2,27,4
2,28,4
2,29,1
2,30,1
3,0,4
3,1,4
3,2,4
3,3,3
3,4,3
3,5,3
3,6,3
3,7,1
3,8,1
3,9,1
3,10,4
3,11,4
3,12,4
3,13,2
3,14,2
3,15,4
3,16,4
3,17,4
3,18,1
3,19,1
3,20,4
3,21,4
3,22,4
3,23,4
3,24,2
3,25,2
3,26,2
3,27,1
3,28,1
3,29,1
3,30,1
4,0,4
4,1,4
4,2,4
4,3,3
4,4,3
4,5,3
4,6,3
4,7,1
4,8,1
4,9,1
4,10,4
4,11,4
4,12,4
4,13,4
4,14,4
4,15,4
4,16,4
4,17,4
4,18,1
4,19,1
4,20,1
4,21,4
4,22,4
4,23,2
4,24,2
4,25,2
4,26,1
4,27,1
4,28,1
4,29,1
4,30,1
5,0,4
5,1,4
5,2,4
5,3,3
5,4,3
5,5,3
5,6,3
5,7,1
5,8,1
5,9,1
5,10,1
5,11,4
5,12,4
5,13,4
5,14,4
5,15,4
5,16,4
5,17,1
5,18,1
5,19,1
5,20,1
5,21,1
5,22,2
5,23,2
5,24,2
5,25,2
5,26,1
5,27,1
5,28,1
5,29,1
5,30,1
6,0,4
6,1,4
6,2,1
6,3,1
6,4,3
6,5,3
6,6,1
6,7,1
6,8,1
6,9,1
6,10,1
6,11,1
6,12,1
6,13,1
6,14,1
6,15,1
6,16,1
6,17,1
6,18,1
6,19,1
6,20,1
6,21,1
6,22,2
6,23,2
6,24,2
6,25,2
6,26,2
6,27,1
6,28,1
6,29,4
6,30,4
7,0,1
7,1,1
7,2,1
7,3,1
7,4,1
7,5,1
7,6,1
7,7,1
7,8,1
7,9,1
7,10,1
7,11,1
7,12,1
7,13,1
7,14,1
7,15,1
7,16,1
7,17,1
7,18,1
7,19,1
7,20,1
7,21,1
7,22,2
7,23,2
7,24,2
7,25,2
7,26,2
7,27,2
7,28,4
7,29,4
7,30,4
8,0,1
8,1,1
8,2,1
8,3,1
8,4,1
8,5,1
8,6,1
8,7,1
8,8,3
8,9,3
8,10,1
8,11,1
8,12,4
8,13,4
8,14,4
8,15,1
8,16,1
8,17,2
8,18,2
8,19,1
8,20,1
8,21,4
8,22,4
8,23,2
8,24,2
8,25,2
8,26,2
8,27,2
8,28,4
8,29,4
8,30,4
9,0,4
9,1,4
9,2,1
9,3,1
9,4,1
9,5,1
9,6,1
9,7,3
9,8,3
9,9,3
9,10,3
9,11,4
9,12,4
9,13,4
9,14,4
9,15,4
9,16,2
9,17,2
9,18,2
9,19,2
9,20,4
9,21,4
9,22,4
9,23,4
9,24,4
9,25,2
9,26,2
9,27,4
9,28,4
9,29,4
9,30,4
10,0,4
10,1,4
10,2,4
10,3,1
10,4,1
10,5,3
10,6,3
10,7,3
10,8,3
10,9,3
10,10,3
10,11,4
10,12,4
10,13,4
10,14,4
10,15,4
10,16,2
10,17,2
10,18,2
10,19,2
10,20,4
10,21,4
10,22,4
10,23,4
10,24,4
10,25,4
10,26,4
10,27,4
10,28,4
10,29,4
10,30,4
11,0,4
11,1,4
11,2,4
11,3,3
11,4,3
11,5,3
11,6,3
11,7,3
11,8,3
11,9,3
11,10,4
11,11,4
11,12,4
11,13,4
11,14,4
11,15,3
11,16,3
11,17,2
11,18,2
11,19,2
11,20,2
11,21,4
11,22,4
11,23,4
11,24,4
11,25,4
11,26,4
11,27,4
11,28,4
11,29,4
11,30,4
12,0,4
12,1,4
12,2,3
12,3,3
12,4,3
12,5,3
12,6,3
12,7,3
12,8,3
12,9,3
12,10,4
12,11,4
12,12,4
12,13,3
12,14,3
12,15,3
12,16,3
12,17,3
12,18,2
12,19,2
12,20,2
12,21,4
12,22,4
12,23,4
12,24,4
12,25,4
12,26,4
12,27,4
12,28,4
12,29,4
12,30,4
13,0,4
13,1,4
13,2,3
13,3,3
13,4,3
13,5,3
13,6,3
13,7,3
13,8,3
13,9,3
13,10,4
13,11,4
13,12,3
13,13,3
13,14,3
13,15,3
13,16,3
13,17,3
13,18,2
13,19,2
13,20,4
13,21,4
13,22,4
13,23,4
13,24,4
13,25,4
13,26,4
13,27,4
13,28,4
13,29,4
13,30,4
14,0,4
14,1,4
14,2,4
14,3,3
14,4,3
14,5,3
14,6,3
14,7,3
14,8,3
14,9,3
14,10,4
14,11,4
14,12,3
14,13,3
14,14,3
14,15,3
14,16,3
14,17,3
14,18,2
14,19,2
14,20,4
14,21,4
14,22,4
14,23,4
14,24,4
14,25,4
14,26,4
14,27,4
14,28,4
14,29,4
14,30,4
15,0,4
15,1,4
15,2,4
15,3,1
15,4,1
15,5,1
15,6,1
15,7,3
15,8,3
15,9,4
15,10,4
15,11,4
15,12,3
15,13,3
15,14,3
15,15,3
15,16,3
15,17,3
15,18,2
15,19,2
15,20,2
15,21,4
15,22,4
15,23,4
15,24,4
15,25,4
15,26,4
15,27,4
15,28,4
15,29,4
15,30,4
16,0,4
16,1,4
16,2,1
16,3,1
16,4,1
16,5,1
16,6,1
16,7,1
16,8,1
16,9,4
16,10,4
16,11,4
16,12,3
16,13,3
16,14,3
16,15,3
16,16,3
16,17,3
16,18,2
16,19,2
16,20,2
16,21,2
16,22,2
16,23,2
16,24,4
16,25,4
16,26,1
16,27,1
16,28,4
16,29,4
16,30,4
17,0,3
17,1,3
17,2,1
17,3,1
17,4,1
17,5,1
17,6,1
17,7,1
17,8,1
17,9,1
17,10,4
17,11,4
17,12,4
17,13,3
17,14,3
17,15,3
17,16,3
17,17,4
17,18,4
17,19,2
17,20,2
17,21,2
17,22,2
17,23,2
17,24,2
17,25,1
17,26,1
17,27,1
17,28,1
17,29,4
17,30,4
18,0,3
18,1,3
18,2,3
18,3,1
18,4,1
18,5,1
18,6,1
18,7,1
18,8,1
18,9,1
18,10,4
18,11,4
18,12,4
18,13,4
18,14,4
18,15,4
18,16,4
18,17,4
18,18,4
18,19,4
18,20,4
18,21,4
18,22,2
18,23,2
18,24,2
18,25,1
18,26,1
18,27,1
18,28,1
18,29,4
18,30,4
19,0,3
19,1,3
19,2,3
19,3,3
19,4,1
19,5,1
19,6,1
19,7,1
19,8,1
19,9,3
19,10,3
19,11,4
19,12,4
19,13,4
19,14,4
19,15,4
19,16,4
19,17,4
19,18,4
19,19,4
19,20,4
19,21,4
19,22,4
19,23,2
19,24,2
19,25,1
19,26,1
19,27,1
19,28,1
19,29,4
19,30,4
20,0,3
20,1,3
20,2,3
20,3,3
20,4,3
20,5,3
20,6,3
20,7,3
20,8,3
20,9,3
20,10,3
20,11,3
20,12,3
20,13,3
20,14,4
20,15,4
20,16,4
20,17,4
20,18,1
20,19,1
20,20,4
20,21,4
20,22,4
20,23,2
20,24,2
20,25,2
20,26,1
20,27,1
20,28,4
20,29,4
20,30,4
21,0,4
21,1,4
21,2,3
21,3,3
21,4,3
21,5,3
21,6,3
21,7,3
21,8,3
21,9,3
21,10,3
21,11,3
21,12,3
21,13,3
21,14,3
21,15,4
21,16,4
21,17,1
21,18,1
21,19,1
21,20,1
21,21,4
21,22,4
21,23,2
21,24,2
21,25,2
21,26,2
21,27,4
21,28,4
21,29,4
21,30,4
22,0,4
22,1,4
22,2,4
22,3,3
22,4,3
22,5,3
22,6,3
22,7,3
22,8,3
22,9,2
22,10,2
22,11,3
22,12,3
22,13,3
22,14,3
22,15,3
22,16,1
22,17,1
22,18,1
22,19,1
22,20,1
22,21,4
22,22,4
22,23,2
22,24,2
22,25,2
22,26,2
22,27,4
22,28,4
22,29,4
22,30,4
23,0,4
23,1,4
23,2,4
23,3,3
23,4,3
23,5,3
23,6,3
23,7,3
23,8,2
23,9,2
23,10,2
23,11,2
23,12,3
23,13,3
23,14,3
23,15,3
23,16,1
23,17,1
23,18,1
23,19,1
23,20,4
23,21,4
23,22,4
23,23,4
23,24,2
23,25,2
23,26,1
23,27,1
23,28,4
23,29,4
23,30,4
24,0,4
24,1,4
24,2,2
24,3,2
24,4,3
24,5,3
24,6,3
24,7,2
24,8,2
24,9,2
24,10,2
24,11,2
24,12,3
24,13,3
24,14,3
24,15,3
24,16,1
24,17,1
24,18,1
24,19,4
24,20,4
24,21,4
24,22,4
24,23,4
24,24,1
24,25,1
24,26,1
24,27,1
24,28,1
24,29,1
24,30,1
25,0,2
25,1,2
25,2,2
25,3,2
25,4,2
25,5,2
25,6,2
25,7,2
25,8,2
25,9,2
25,10,2
25,11,1
25,12,1
25,13,3
25,14,3
25,15,1
25,16,1
25,17,1
25,18,1
25,19,4
25,20,4
25,21,4
25,22,4
25,23,1
25,24,1
25,25,1
25,26,1
25,27,1
25,28,1
25,29,1
25,30,1
26,0,2
26,1,2
26,2,2
26,3,2
26,4,2
26,5,2
26,6,2
26,7,2
26,8,2
26,9,1
26,10,1
26,11,1
26,12,1
26,13,1
26,14,1
26,15,1
26,16,1
26,17,1
26,18,1
26,19,4
26,20,4
26,21,4
26,22,4
26,23,1
26,24,1
26,25,1
26,26,4
26,27,4
26,28,1
26,29,1
26,30,1
27,0,1
27,1,1
27,2,1
27,3,1
27,4,1
27,5,1
27,6,1
27,7,1
27,8,1
27,9,1
27,10,1
27,11,1
27,12,1
27,13,1
27,14,1
27,15,1
27,16,1
27,17,1
27,18,4
27,19,4
27,20,4
27,21,4
27,22,4
27,23,1
27,24,1
27,25,4
27,26,4
27,27,4
27,28,4
27,29,1
27,30,1
28,0,1
28,1,1
28,2,1
28,3,1
28,4,1
28,5,1
28,6,1
28,7,1
28,8,1
28,9,1
28,10,1
28,11,4
28,12,4
28,13,4
28,14,1
28,15,1
28,16,2
28,17,2
28,18,4
28,19,4
28,20,4
28,21,4
28,22,4
28,23,1
28,24,1
28,25,4
28,26,4
28,27,4
28,28,4
28,29,1
28,30,1
29,0,4
29,1,4
29,2,4
29,3,4
29,4,4
29,5,4
29,6,4
29,7,4
29,8,4
29,9,4
29,10,4
29,11,4
29,12,4
29,13,4
29,14,4
29,15,2
29,16,2
29,17,2
29,18,2
29,19,4
29,20,4
29,21,4
29,22,4
29,23,1
29,24,1
29,25,4
29,26,4
29,27,4
29,28,4
29,29,1
29,30,1
30,0,4
30,1,4
30,2,4
30,3,4
30,4,4
30,5,4
30,6,4
30,7,4
30,8,4
30,9,4
30,10,4
30,11,4
30,12,4
30,13,4
30,14,4
30,15,2
30,16,2
30,17,2
30,18,2
30,19,4
30,20,4
30,21,4
30,22,4
30,23,1
30,24,1
30,25,4
30,26,4
30,27,4
30,28,4
30,29,1
30,30,1