2
1
4
1
2,27
17,12
0,1,4
0,0,4
0,1,4
0,2,4
0,3,4
0,4,1
0,5,1
0,6,3
0,7,3
0,8,3
0,9,3
0,10,3
0,11,3
0,12,3
0,13,3
0,14,1
0,15,1
0,16,1
0,17,1
0,18,2
0,19,2
0,20,3
0,21,3
0,22,3
0,23,1
0,24,1
0,25,3
0,26,3
0,27,3
0,28,3
0,29,3
0,30,3
1,0,4
1,1,4
1,2,4
1,3,4
1,4,1
1,5,1
1,6,3
1,7,3
1,8,3
1,9,3
1,10,3
1,11,3
1,12,3
1,13,3
1,14,1
1,15,1
1,16,1
1,17,1
1,18,2
1,19,2
1,20,3
1,21,3
1,22,3
1,23,1
1,24,1
1,25,3
1,26,3
1,27,3
1,28,3
1,29,3
1,30,3
2,0,4
2,1,4
2,2,4
2,3,4
2,4,1
2,5,1
2,6,3
2,7,3
2,8,3
2,9,3
2,10,3
2,11,3
2,12,3
2,13,1
2,14,1
2,15,1
2,16,1
2,17,1
2,18,2
2,19,2
2,20,3
2,21,3
2,22,3
2,23,1
2,24,1
2,25,3
2,26,3
2,27,3
2,28,3
2,29,3
2,30,3
3,0,4
3,1,4
3,2,4
3,3,4
3,4,1
3,5,1
3,6,1
3,7,3
3,8,3
3,9,3
3,10,3
3,11,2
3,12,2
3,13,1
3,14,1
3,15,1
3,16,1
3,17,1
3,18,2
3,19,2
3,20,3
3,21,3
3,22,3
3,23,1
3,24,1
3,25,3
3,26,3
3,27,3
3,28,3
3,29,3
3,30,3
4,0,4
4,1,4
4,2,4
4,3,4
4,4,1
4,5,1
4,6,1
4,7,1
4,8,3
4,9,3
4,10,2
4,11,2
4,12,2
4,13,2
4,14,1
4,15,1
4,16,1
4,17,1
4,18,2
4,19,2
4,20,3
4,21,3
4,22,1
4,23,1
4,24,1
4,25,3
4,26,3
4,27,3
4,28,3
4,29,3
4,30,3
5,0,4
5,1,4
5,2,4
5,3,4
5,4,4
5,5,1
5,6,1
5,7,1
5,8,2
5,9,2
5,10,2
5,11,2
5,12,2
5,13,2
5,14,1
5,15,1
5,16,1
5,17,1
5,18,2
5,19,2
5,20,3
5,21,3
5,22,1
5,23,1
5,24,1
5,25,3
5,26,3
5,27,3
5,28,3
5,29,3
5,30,3
6,0,4
6,1,4
6,2,4
6,3,4
6,4,4
6,5,1
6,6,1
6,7,2
6,8,2
6,9,2
6,10,2
6,11,2
6,12,2
6,13,3
6,14,3
6,15,1
6,16,1
6,17,2
6,18,2
6,19,2
6,20,3
6,21,3
6,22,3
6,23,1
6,24,1
6,25,1
6,26,3
6,27,3
6,28,3
6,29,3
6,30,3
7,0,4
7,1,4
7,2,4
7,3,4
7,4,1
7,5,1
7,6,1
7,7,2
7,8,2
7,9,2
7,10,2
7,11,2
7,12,3
7,13,3
7,14,3
7,15,3
7,16,2
7,17,2
7,18,2
7,19,2
7,20,3
7,21,3
7,22,3
7,23,1
7,24,1
7,25,1
7,26,1
7,27,3
7,28,3
7,29,2
7,30,2
8,0,4
8,1,4
8,2,4
8,3,4
8,4,1
8,5,1
8,6,1
8,7,1
8,8,2
8,9,2
8,10,2
8,11,2
8,12,3
8,13,3
8,14,3
8,15,3
8,16,2
8,17,2
8,18,2
8,19,2
8,20,2
8,21,3
8,22,3
8,23,1
8,24,1
8,25,1
8,26,1
8,27,2
8,28,2
8,29,2
8,30,2
9,0,4
9,1,4
9,2,4
9,3,4
9,4,1
9,5,1
9,6,1
9,7,1
9,8,2
9,9,2
9,10,2
9,11,2
9,12,2
9,13,3
9,14,3
9,15,4
9,16,4
9,17,2
9,18,2
9,19,2
9,20,2
9,21,3
9,22,3
9,23,3
9,24,1
9,25,1
9,26,2
9,27,2
9,28,2
9,29,2
9,30,2
10,0,4
10,1,4
10,2,4
10,3,2
10,4,2
10,5,1
10,6,1
10,7,4
10,8,4
10,9,2
10,10,2
10,11,2
10,12,2
10,13,4
10,14,4
10,15,4
10,16,4
10,17,4
10,18,2
10,19,2
10,20,3
10,21,3
10,22,3
10,23,3
10,24,2
10,25,2
10,26,2
10,27,2
10,28,2
10,29,2
10,30,2
11,0,4
11,1,4
11,2,2
11,3,2
11,4,2
11,5,2
11,6,4
11,7,4
11,8,4
11,9,4
11,10,2
11,11,2
11,12,4
11,13,4
11,14,4
11,15,4
11,16,4
11,17,4
11,18,4
11,19,3
11,20,3
11,21,3
11,22,3
11,23,2
11,24,2
11,25,2
11,26,2
11,27,2
11,28,2
11,29,2
11,30,2
12,0,4
12,1,4
12,2,2
12,3,2
12,4,2
12,5,2
12,6,4
12,7,4
12,8,4
12,9,4
12,10,4
12,11,4
12,12,4
12,13,4
12,14,4
12,15,4
12,16,4
12,17,4
12,18,4
12,19,3
12,20,3
12,21,3
12,22,2
12,23,2
12,24,2
12,25,2
12,26,2
12,27,3
12,28,3
12,29,3
12,30,3
13,0,4
13,1,4
13,2,4
13,3,2
13,4,2
13,5,1
13,6,1
13,7,4
13,8,4
13,9,4
13,10,4
13,11,4
13,12,4
13,13,4
13,14,4
13,15,4
13,16,4
13,17,4
13,18,3
13,19,3
13,20,3
13,21,2
13,22,2
13,23,2
13,24,2
13,25,2
13,26,3
13,27,3
13,28,3
13,29,3
13,30,3
14,0,4
14,1,4
14,2,4
14,3,4
14,4,1
14,5,1
14,6,1
14,7,1
14,8,4
14,9,4
14,10,4
14,11,4
14,12,4
14,13,4
14,14,4
14,15,4
14,16,2
14,17,2
14,18,3
14,19,3
14,20,3
14,21,2
14,22,2
14,23,2
14,24,1
14,25,1
14,26,3
14,27,3
14,28,3
14,29,3
14,30,3
15,0,4
15,1,4
15,2,4
15,3,4
15,4,1
15,5,1
15,6,1
15,7,1
15,8,4
15,9,4
15,10,4
15,11,4
15,12,4
15,13,4
15,14,4
15,15,2
15,16,2
15,17,2
15,18,2
15,19,3
15,20,3
15,21,2
15,22,2
15,23,1
15,24,1
15,25,1
15,26,1
15,27,3
15,28,3
15,29,4
15,30,4
16,0,4
16,1,4
16,2,4
16,3,4
16,4,1
16,5,1
16,6,1
16,7,1
16,8,1
16,9,4
16,10,4
16,11,4
16,12,4
16,13,4
16,14,4
16,15,2
16,16,2
16,17,2
16,18,2
16,19,3
16,20,3
16,21,2
16,22,2
16,23,1
16,24,1
16,25,1
16,26,1
16,27,1
16,28,4
16,29,4
16,30,4
17,0,4
17,1,4
17,2,4
17,3,4
17,4,1
17,5,1
17,6,1
17,7,1
17,8,1
17,9,4
17,10,4
17,11,4
17,12,4
17,13,4
17,14,4
17,15,4
17,16,2
17,17,2
17,18,3
17,19,3
17,20,3
17,21,2
17,22,2
17,23,1
17,24,1
17,25,1
17,26,1
17,27,1
17,28,4
17,29,4
17,30,4
18,0,4
18,1,4
18,2,4
18,3,4
18,4,4
18,5,1
18,6,1
18,7,1
18,8,1
18,9,4
18,10,4
18,11,4
18,12,4
18,13,4
18,14,4
18,15,4
18,16,4
18,17,3
18,18,3
18,19,3
18,20,3
18,21,2
18,22,2
18,23,2
18,24,1
18,25,1
18,26,1
18,27,1
18,28,4
18,29,4
18,30,4
19,0,4
19,1,4
19,2,4
19,3,4
19,4,4
19,5,4
19,6,1
19,7,1
19,8,1
19,9,4
19,10,4
19,11,4
19,12,4
19,13,4
19,14,4
19,15,4
19,16,4
19,17,3
19,18,3
19,19,3
19,20,3
19,21,2
19,22,2
19,23,2
19,24,1
19,25,1
19,26,1
19,27,1
19,28,4
19,29,4
19,30,4
20,0,2
20,1,2
20,2,4
20,3,4
20,4,4
20,5,4
20,6,1
20,7,1
20,8,1
20,9,1
20,10,4
20,11,4
20,12,3
20,13,3
20,14,4
20,15,4
20,16,4
20,17,4
20,18,3
20,19,3
20,20,2
20,21,2
20,22,2
20,23,2
20,24,1
20,25,1
20,26,1
20,27,1
20,28,4
20,29,4
20,30,4
21,0,2
21,1,2
21,2,2
21,3,4
21,4,4
21,5,4
21,6,4
21,7,1
21,8,1
21,9,1
21,10,1
21,11,3
21,12,3
21,13,3
21,14,3
21,15,4
21,16,4
21,17,4
21,18,4
21,19,2
21,20,2
21,21,2
21,22,2
21,23,4
21,24,4
21,25,1
21,26,1
21,27,1
21,28,1
21,29,4
21,30,4
22,0,2
22,1,2
22,2,2
22,3,4
22,4,4
22,5,4
22,6,4
22,7,1
22,8,1
22,9,1
22,10,1
22,11,3
22,12,3
22,13,3
22,14,3
22,15,4
22,16,4
22,17,4
22,18,4
22,19,2
22,20,2
22,21,2
22,22,4
22,23,4
22,24,4
22,25,4
22,26,1
22,27,1
22,28,1
22,29,1
22,30,1
23,0,2
23,1,2
23,2,2
23,3,2
23,4,4
23,5,4
23,6,4
23,7,1
23,8,1
23,9,1
23,10,3
23,11,3
23,12,3
23,13,3
23,14,4
23,15,4
23,16,4
23,17,4
23,18,4
23,19,2
23,20,2
23,21,4
23,22,4
23,23,4
23,24,4
23,25,4
23,26,4
23,27,1
23,28,1
23,29,1
23,30,1
24,0,2
24,1,2
24,2,2
24,3,2
24,4,4
24,5,4
24,6,4
24,7,1
24,8,1
24,9,3
24,10,3
24,11,3
24,12,3
24,13,4
24,14,4
24,15,4
24,16,4
24,17,4
24,18,4
24,19,2
24,20,2
24,21,4
24,22,4
24,23,4
24,24,4
24,25,4
24,26,4
24,27,2
24,28,2
24,29,1
24,30,1
25,0,2
25,1,2
25,2,2
25,3,4
25,4,4
25,5,4
25,6,4
25,7,1
25,8,1
25,9,3
25,10,3
25,11,3
25,12,3
25,13,4
25,14,4
25,15,4
25,16,4
25,17,4
25,18,4
25,19,2
25,20,2
25,21,4
25,22,4
25,23,4
25,24,4
25,25,4
25,26,2
25,27,2
25,28,2
25,29,2
25,30,2
26,0,4
26,1,4
26,2,4
26,3,4
26,4,4
26,5,4
26,6,4
26,7,1
26,8,1
26,9,1
26,10,3
26,11,3
26,12,3
26,13,3
26,14,4
26,15,4
26,16,4
26,17,4
26,18,4
26,19,2
26,20,2
26,21,4
26,22,4
26,23,4
26,24,4
26,25,4
26,26,2
26,27,2
26,28,2
26,29,2
26,30,2
27,0,4
27,1,4
27,2,4
27,3,4
27,4,4
27,5,4
27,6,1
27,7,1
27,8,1
27,9,1
27,10,1
27,11,3
27,12,3
27,13,3
27,14,1
27,15,1
27,16,4
27,17,4
27,18,4
27,19,2
27,20,2
27,21,2
27,22,4
27,23,4
27,24,4
27,25,4
27,26,4
27,27,2
27,28,2
27,29,3
27,30,3
28,0,4
28,1,4
28,2,2
28,3,2
28,4,2
28,5,2
28,6,1
28,7,1
28,8,1
28,9,1
28,10,1
28,11,3
28,12,3
28,13,1
28,14,1
28,15,1
28,16,1
28,17,4
28,18,4
28,19,2
28,20,2
28,21,2
28,22,2
28,23,2
28,24,4
28,25,4
28,26,4
28,27,4
28,28,3
28,29,3
28,30,3
29,0,2
29,1,2
29,2,2
29,3,2
29,4,2
29,5,2
29,6,2
29,7,1
29,8,1
29,9,1
29,10,3
29,11,3
29,12,3
29,13,1
29,14,1
29,15,1
29,16,1
29,17,4
29,18,4
29,19,4
29,20,2
29,21,2
29,22,2
29,23,2
29,24,2
29,25,4
29,26,4
29,27,4
29,28,3
29,29,3
29,30,3
30,0,2
30,1,2
30,2,2
30,3,2
30,4,2
30,5,2
30,6,2
30,7,1
30,8,1
30,9,1
30,10,3
30,11,3
30,12,3
30,13,1
30,14,1
30,15,1
30,16,1
30,17,4
30,18,4
30,19,4
30,20,2
30,21,2
30,22,2
30,23,2
30,24,2
30,25,4
30,26,4
30,27,4
30,28,3
30,29,3
30,30,3