2
1
1
0
7,27
17,27
0,1,1
0,0,3
0,1,3
0,2,3
0,3,3
0,4,3
0,5,2
0,6,2
0,7,2
0,8,1
0,9,1
0,10,1
0,11,1
0,12,1
0,13,4
0,14,4
0,15,4
0,16,4
0,17,4
0,18,4
0,19,4
0,20,4
0,21,4
0,22,4
0,23,4
0,24,4
0,25,3
0,26,3
0,27,3
0,28,1
0,29,1
0,30,1
1,0,3
1,1,3
1,2,3
1,3,3
1,4,3
1,5,2
1,6,2
1,7,2
1,8,1
1,9,1
1,10,1
1,11,1
1,12,1
1,13,4
1,14,4
1,15,4
1,16,4
1,17,4
1,18,4
1,19,4
1,20,4
1,21,4
1,22,4
1,23,4
1,24,4
1,25,3
1,26,3
1,27,3
1,28,1
1,29,1
1,30,1
2,0,3
2,1,3
2,2,3
2,3,3
2,4,3
2,5,2
2,6,2
2,7,2
2,8,2
2,9,1
2,10,1
2,11,1
2,12,1
2,13,1
2,14,4
2,15,4
2,16,2
2,17,2
2,18,2
2,19,2
2,20,2
2,21,4
2,22,4
2,23,4
2,24,3
2,25,3
2,26,3
2,27,3
2,28,1
2,29,1
2,30,1
3,0,4
3,1,4
3,2,3
3,3,3
3,4,1
3,5,1
3,6,2
3,7,2
3,8,2
3,9,2
3,10,1
3,11,1
3,12,1
3,13,1
3,14,1
3,15,2
3,16,2
3,17,2
3,18,2
3,19,2
3,20,2
3,21,2
3,22,2
3,23,2
3,24,3
3,25,3
3,26,3
3,27,3
3,28,1
3,29,1
3,30,1
4,0,4
4,1,4
4,2,4
4,3,1
4,4,1
4,5,1
4,6,1
4,7,2
4,8,2
4,9,2
4,10,1
4,11,1
4,12,1
4,13,1
4,14,1
4,15,2
4,16,2
4,17,2
4,18,2
4,19,2
4,20,2
4,21,2
4,22,2
4,23,2
4,24,2
4,25,3
4,26,3
4,27,4
4,28,4
4,29,1
4,30,1
5,0,4
5,1,4
5,2,4
5,3,1
5,4,1
5,5,1
5,6,1
5,7,2
5,8,2
5,9,2
5,10,1
5,11,1
5,12,1
5,13,1
5,14,3
5,15,3
5,16,2
5,17,2
5,18,1
5,19,1
5,20,2
5,21,2
5,22,2
5,23,2
5,24,2
5,25,4
5,26,4
5,27,4
5,28,4
5,29,4
5,30,4
6,0,4
6,1,4
6,2,4
6,3,1
6,4,1
6,5,1
6,6,1
6,7,1
6,8,2
6,9,2
6,10,2
6,11,1
6,12,1
6,13,3
6,14,3
6,15,3
6,16,3
6,17,1
6,18,1
6,19,1
6,20,1
6,21,1
6,22,2
6,23,2
6,24,4
6,25,4
6,26,4
6,27,4
6,28,4
6,29,4
6,30,4
7,0,4
7,1,4
7,2,4
7,3,1
7,4,1
7,5,1
7,6,1
7,7,1
7,8,2
7,9,2
7,10,2
7,11,2
7,12,2
7,13,3
7,14,3
7,15,3
7,16,3
7,17,1
7,18,1
7,19,1
7,20,1
7,21,1
7,22,1
7,23,4
7,24,4
7,25,4
7,26,4
7,27,4
7,28,4
7,29,4
7,30,4
8,0,4
8,1,4
8,2,1
8,3,1
8,4,1
8,5,1
8,6,1
8,7,3
8,8,3
8,9,2
8,10,2
8,11,2
8,12,2
8,13,2
8,14,3
8,15,3
8,16,1
8,17,1
8,18,1
8,19,1
8,20,1
8,21,1
8,22,1
8,23,4
8,24,4
8,25,4
8,26,4
8,27,4
8,28,4
8,29,4
8,30,4
9,0,1
9,1,1
9,2,1
9,3,1
9,4,1
9,5,1
9,6,3
9,7,3
9,8,3
9,9,3
9,10,3
9,11,2
9,12,2
9,13,2
9,14,3
9,15,3
9,16,1
9,17,1
9,18,1
9,19,1
9,20,1
9,21,1
9,22,4
9,23,4
9,24,4
9,25,4
9,26,4
9,27,4
9,28,4
9,29,4
9,30,4
10,0,1
10,1,1
10,2,1
10,3,1
10,4,4
10,5,4
10,6,3
10,7,3
10,8,3
10,9,3
10,10,3
10,11,3
10,12,2
10,13,2
10,14,3
10,15,3
10,16,1
10,17,1
10,18,1
10,19,1
10,20,4
10,21,4
10,22,4
10,23,4
10,24,4
10,25,1
10,26,1
10,27,4
10,28,4
10,29,4
10,30,4
11,0,1
11,1,1
11,2,1
11,3,4
11,4,4
11,5,4
11,6,4
11,7,3
11,8,3
11,9,3
11,10,3
11,11,3
11,12,2
11,13,2
11,14,3
11,15,3
11,16,3
11,17,1
11,18,1
11,19,4
11,20,4
11,21,4
11,22,4
11,23,4
11,24,1
11,25,1
11,26,1
11,27,1
11,28,4
11,29,4
11,30,4
12,0,4
12,1,4
12,2,4
12,3,4
12,4,4
12,5,4
12,6,4
12,7,3
12,8,3
12,9,3
12,10,3
12,11,2
12,12,2
12,13,2
12,14,3
12,15,3
12,16,3
12,17,4
12,18,4
12,19,4
12,20,4
12,21,4
12,22,4
12,23,1
12,24,1
12,25,1
12,26,1
12,27,1
12,28,4
12,29,4
12,30,4
13,0,4
13,1,4
13,2,4
13,3,4
13,4,4
13,5,4
13,6,4
13,7,3
13,8,3
13,9,3
13,10,2
13,11,2
13,12,2
13,13,2
13,14,3
13,15,3
13,16,4
13,17,4
13,18,4
13,19,4
13,20,4
13,21,4
13,22,4
13,23,1
13,24,1
13,25,1
13,26,1
13,27,1
13,28,1
13,29,4
13,30,4
14,0,4
14,1,4
14,2,4
14,3,4
14,4,4
14,5,4
14,6,3
14,7,3
14,8,3
14,9,3
14,10,2
14,11,2
14,12,2
14,13,3
14,14,3
14,15,3
14,16,4
14,17,4
14,18,4
14,19,4
14,20,4
14,21,4
14,22,4
14,23,1
14,24,1
14,25,1
14,26,1
14,27,1
14,28,1
14,29,1
14,30,1
15,0,4
15,1,4
15,2,4
15,3,4
15,4,1
15,5,1
15,6,3
15,7,3
15,8,3
15,9,3
15,10,2
15,11,2
15,12,3
15,13,3
15,14,3
15,15,3
15,16,4
15,17,4
15,18,4
15,19,4
15,20,4
15,21,4
15,22,1
15,23,1
15,24,1
15,25,1
15,26,1
15,27,1
15,28,1
15,29,1
15,30,1
16,0,4
16,1,4
16,2,4
16,3,1
16,4,1
16,5,1
16,6,1
16,7,3
16,8,3
16,9,2
16,10,2
16,11,2
16,12,3
16,13,3
16,14,3
16,15,3
16,16,4
16,17,4
16,18,4
16,19,4
16,20,4
16,21,1
16,22,1
16,23,1
16,24,1
16,25,1
16,26,1
16,27,1
16,28,1
16,29,1
16,30,1
17,0,4
17,1,4
17,2,4
17,3,1
17,4,1
17,5,1
17,6,1
17,7,1
17,8,2
17,9,2
17,10,2
17,11,2
17,12,2
17,13,3
17,14,3
17,15,1
17,16,1
17,17,4
17,18,4
17,19,3
17,20,3
17,21,1
17,22,1
17,23,1
17,24,1
17,25,1
17,26,1
17,27,1
17,28,1
17,29,1
17,30,1
18,0,4
18,1,4
18,2,1
18,3,1
18,4,1
18,5,1
18,6,1
18,7,1
18,8,2
18,9,2
18,10,2
18,11,2
18,12,2
18,13,2
18,14,1
18,15,1
18,16,1
18,17,1
18,18,3
18,19,3
18,20,3
18,21,3
18,22,1
18,23,1
18,24,1
18,25,1
18,26,1
18,27,1
18,28,1
18,29,1
18,30,1
19,0,1
19,1,1
19,2,1
19,3,1
19,4,1
19,5,1
19,6,1
19,7,1
19,8,1
19,9,2
19,10,2
19,11,2
19,12,2
19,13,2
19,14,1
19,15,1
19,16,1
19,17,1
19,18,3
19,19,3
19,20,3
19,21,3
19,22,4
19,23,4
19,24,1
19,25,1
19,26,1
19,27,1
19,28,1
19,29,1
19,30,1
20,0,1
20,1,1
20,2,1
20,3,1
20,4,2
20,5,2
20,6,1
20,7,1
20,8,1
20,9,1
20,10,2
20,11,2
20,12,2
20,13,4
20,14,4
20,15,1
20,16,1
20,17,2
20,18,2
20,19,3
20,20,3
20,21,4
20,22,4
20,23,4
20,24,4
20,25,4
20,26,4
20,27,1
20,28,1
20,29,3
20,30,3
21,0,1
21,1,1
21,2,1
21,3,2
21,4,2
21,5,2
21,6,2
21,7,1
21,8,1
21,9,1
21,10,2
21,11,2
21,12,4
21,13,4
21,14,4
21,15,4
21,16,2
21,17,2
21,18,2
21,19,2
21,20,2
21,21,4
21,22,4
21,23,4
21,24,4
21,25,4
21,26,4
21,27,4
21,28,3
21,29,3
21,30,3
22,0,1
22,1,1
22,2,1
22,3,2
22,4,2
22,5,2
22,6,2
22,7,1
22,8,1
22,9,1
22,10,2
22,11,2
22,12,4
22,13,4
22,14,4
22,15,4
22,16,2
22,17,2
22,18,2
22,19,2
22,20,2
22,21,2
22,22,4
22,23,4
22,24,4
22,25,4
22,26,4
22,27,4
22,28,3
22,29,3
22,30,3
23,0,1
23,1,1
23,2,1
23,3,1
23,4,2
23,5,2
23,6,1
23,7,1
23,8,1
23,9,1
23,10,2
23,11,2
23,12,4
23,13,4
23,14,4
23,15,2
23,16,2
23,17,2
23,18,2
23,19,2
23,20,2
23,21,2
23,22,2
23,23,2
23,24,2
23,25,4
23,26,4
23,27,1
23,28,1
23,29,3
23,30,3
24,0,1
24,1,1
24,2,1
24,3,1
24,4,1
24,5,1
24,6,1
24,7,1
24,8,1
24,9,2
24,10,2
24,11,2
24,12,4
24,13,4
24,14,4
24,15,2
24,16,2
24,17,2
24,18,1
24,19,1
24,20,2
24,21,2
24,22,2
24,23,2
24,24,2
24,25,2
24,26,1
24,27,1
24,28,1
24,29,1
24,30,1
25,0,1
25,1,1
25,2,1
25,3,1
25,4,1
25,5,1
25,6,1
25,7,1
25,8,1
25,9,2
25,10,2
25,11,2
25,12,2
25,13,4
25,14,4
25,15,2
25,16,2
25,17,1
25,18,1
25,19,1
25,20,1
25,21,1
25,22,2
25,23,2
25,24,2
25,25,2
25,26,1
25,27,1
25,28,1
25,29,1
25,30,1
26,0,1
26,1,1
26,2,1
26,3,1
26,4,2
26,5,2
26,6,1
26,7,1
26,8,3
26,9,3
26,10,2
26,11,2
26,12,2
26,13,4
26,14,4
26,15,2
26,16,2
26,17,1
26,18,1
26,19,1
26,20,1
26,21,1
26,22,1
26,23,2
26,24,2
26,25,1
26,26,1
26,27,1
26,28,1
26,29,3
26,30,3
27,0,1
27,1,1
27,2,1
27,3,2
27,4,2
27,5,2
27,6,2
27,7,3
27,8,3
27,9,3
27,10,3
27,11,2
27,12,2
27,13,4
27,14,4
27,15,2
27,16,2
27,17,1
27,18,1
27,19,1
27,20,1
27,21,1
27,22,1
27,23,1
27,24,1
27,25,1
27,26,1
27,27,1
27,28,3
27,29,3
27,30,3
28,0,1
28,1,1
28,2,1
28,3,2
28,4,2
28,5,2
28,6,2
28,7,3
28,8,3
28,9,3
28,10,3
28,11,2
28,12,2
28,13,4
28,14,4
28,15,2
28,16,2
28,17,1
28,18,1
28,19,1
28,20,1
28,21,1
28,22,1
28,23,1
28,24,1
28,25,1
28,26,1
28,27,1
28,28,3
28,29,3
28,30,3
29,0,1
29,1,1
29,2,1
29,3,1
29,4,2
29,5,2
29,6,2
29,7,3
29,8,3
29,9,3
29,10,3
29,11,2
29,12,2
29,13,4
29,14,4
29,15,2
29,16,2
29,17,1
29,18,1
29,19,1
29,20,1
29,21,1
29,22,1
29,23,1
29,24,1
29,25,1
29,26,1
29,27,1
29,28,3
29,29,3
29,30,3
30,0,1
30,1,1
30,2,1
30,3,1
30,4,2
30,5,2
30,6,2
30,7,3
30,8,3
30,9,3
30,10,3
30,11,2
30,12,2
30,13,4
30,14,4
30,15,2
30,16,2
30,17,1
30,18,1
30,19,1
30,20,1
30,21,1
30,22,1
30,23,1
30,24,1
30,25,1
30,26,1
30,27,1
30,28,3
30,29,3
30,30,3