2
1
1
0
27,7
27,17
0,1,1
0,0,4
0,1,4
0,2,4
0,3,4
0,4,4
0,5,4
0,6,4
0,7,4
0,8,4
0,9,4
0,10,4
0,11,4
0,12,4
0,13,4
0,14,4
0,15,2
0,16,2
0,17,4
0,18,4
0,19,4
0,20,2
0,21,2
0,22,4
0,23,4
0,24,4
0,25,4
0,26,4
0,27,2
0,28,2
0,29,2
0,30,2
1,0,4
1,1,4
1,2,4
1,3,4
1,4,4
1,5,4
1,6,4
1,7,4
1,8,4
1,9,4
1,10,4
1,11,4
1,12,4
1,13,4
1,14,4
1,15,2
1,16,2
1,17,4
1,18,4
1,19,4
1,20,2
1,21,2
1,22,4
1,23,4
1,24,4
1,25,4
1,26,4
1,27,2
1,28,2
1,29,2
1,30,2
2,0,4
2,1,4
2,2,4
2,3,4
2,4,4
2,5,4
2,6,4
2,7,4
2,8,4
2,9,4
2,10,4
2,11,4
2,12,4
2,13,4
2,14,2
2,15,2
2,16,2
2,17,4
2,18,4
2,19,2
2,20,2
2,21,2
2,22,2
2,23,4
2,24,4
2,25,4
2,26,2
2,27,2
2,28,2
2,29,2
2,30,2
3,0,4
3,1,4
3,2,4
3,3,4
3,4,4
3,5,4
3,6,4
3,7,2
3,8,2
3,9,4
3,10,4
3,11,4
3,12,2
3,13,2
3,14,2
3,15,2
3,16,2
3,17,4
3,18,4
3,19,2
3,20,2
3,21,2
3,22,2
3,23,4
3,24,4
3,25,4
3,26,2
3,27,2
3,28,2
3,29,2
3,30,2
4,0,4
4,1,4
4,2,4
4,3,4
4,4,4
4,5,4
4,6,2
4,7,2
4,8,2
4,9,2
4,10,2
4,11,2
4,12,2
4,13,2
4,14,2
4,15,2
4,16,4
4,17,4
4,18,4
4,19,4
4,20,2
4,21,2
4,22,4
4,23,4
4,24,4
4,25,4
4,26,4
4,27,2
4,28,2
4,29,2
4,30,2
5,0,1
5,1,1
5,2,4
5,3,4
5,4,2
5,5,2
5,6,2
5,7,2
5,8,2
5,9,2
5,10,2
5,11,2
5,12,2
5,13,2
5,14,4
5,15,4
5,16,4
5,17,4
5,18,4
5,19,4
5,20,4
5,21,4
5,22,4
5,23,4
5,24,4
5,25,4
5,26,4
5,27,1
5,28,1
5,29,2
5,30,2
6,0,1
6,1,1
6,2,1
6,3,2
6,4,2
6,5,2
6,6,2
6,7,2
6,8,4
6,9,4
6,10,2
6,11,2
6,12,4
6,13,4
6,14,4
6,15,4
6,16,4
6,17,4
6,18,4
6,19,4
6,20,4
6,21,4
6,22,4
6,23,4
6,24,4
6,25,4
6,26,1
6,27,1
6,28,1
6,29,1
6,30,1
7,0,1
7,1,1
7,2,1
7,3,2
7,4,2
7,5,2
7,6,4
7,7,4
7,8,4
7,9,4
7,10,4
7,11,4
7,12,4
7,13,4
7,14,4
7,15,4
7,16,1
7,17,1
7,18,1
7,19,4
7,20,4
7,21,2
7,22,2
7,23,4
7,24,4
7,25,1
7,26,1
7,27,1
7,28,1
7,29,1
7,30,1
8,0,1
8,1,1
8,2,2
8,3,2
8,4,2
8,5,4
8,6,4
8,7,4
8,8,4
8,9,4
8,10,4
8,11,4
8,12,4
8,13,4
8,14,4
8,15,1
8,16,1
8,17,1
8,18,1
8,19,1
8,20,2
8,21,2
8,22,2
8,23,2
8,24,2
8,25,1
8,26,1
8,27,1
8,28,1
8,29,1
8,30,1
9,0,4
9,1,4
9,2,2
9,3,2
9,4,2
9,5,4
9,6,4
9,7,4
9,8,2
9,9,2
9,10,4
9,11,4
9,12,3
9,13,3
9,14,3
9,15,1
9,16,1
9,17,1
9,18,1
9,19,1
9,20,2
9,21,2
9,22,2
9,23,2
9,24,2
9,25,2
9,26,1
9,27,1
9,28,1
9,29,1
9,30,1
10,0,4
10,1,4
10,2,4
10,3,2
10,4,2
10,5,4
10,6,4
10,7,2
10,8,2
10,9,2
10,10,2
10,11,3
10,12,3
10,13,3
10,14,3
10,15,3
10,16,1
10,17,1
10,18,1
10,19,4
10,20,4
10,21,2
10,22,2
10,23,2
10,24,2
10,25,2
10,26,2
10,27,2
10,28,1
10,29,1
10,30,1
11,0,4
11,1,4
11,2,4
11,3,2
11,4,2
11,5,4
11,6,4
11,7,2
11,8,2
11,9,2
11,10,2
11,11,3
11,12,3
11,13,3
11,14,3
11,15,3
11,16,1
11,17,1
11,18,4
11,19,4
11,20,4
11,21,4
11,22,2
11,23,2
11,24,2
11,25,2
11,26,2
11,27,2
11,28,2
11,29,1
11,30,1
12,0,4
12,1,4
12,2,4
12,3,2
12,4,2
12,5,4
12,6,4
12,7,2
12,8,2
12,9,2
12,10,2
12,11,3
12,12,3
12,13,3
12,14,3
12,15,1
12,16,1
12,17,1
12,18,4
12,19,4
12,20,4
12,21,4
12,22,1
12,23,1
12,24,2
12,25,2
12,26,2
12,27,2
12,28,2
12,29,2
12,30,2
13,0,4
13,1,4
13,2,2
13,3,2
13,4,2
13,5,4
13,6,4
13,7,4
13,8,2
13,9,2
13,10,3
13,11,3
13,12,3
13,13,3
13,14,1
13,15,1
13,16,1
13,17,1
13,18,4
13,19,4
13,20,4
13,21,1
13,22,1
13,23,1
13,24,1
13,25,2
13,26,2
13,27,2
13,28,2
13,29,2
13,30,2
14,0,2
14,1,2
14,2,2
14,3,2
14,4,2
14,5,4
14,6,4
14,7,4
14,8,4
14,9,3
14,10,3
14,11,3
14,12,3
14,13,3
14,14,1
14,15,1
14,16,1
14,17,4
14,18,4
14,19,4
14,20,1
14,21,1
14,22,1
14,23,1
14,24,1
14,25,2
14,26,2
14,27,2
14,28,2
14,29,2
14,30,2
15,0,2
15,1,2
15,2,2
15,3,2
15,4,4
15,5,4
15,6,4
15,7,4
15,8,4
15,9,3
15,10,3
15,11,3
15,12,3
15,13,3
15,14,1
15,15,1
15,16,4
15,17,4
15,18,4
15,19,4
15,20,1
15,21,1
15,22,1
15,23,1
15,24,4
15,25,4
15,26,2
15,27,2
15,28,2
15,29,2
15,30,2
16,0,4
16,1,4
16,2,4
16,3,4
16,4,4
16,5,4
16,6,4
16,7,4
16,8,2
16,9,2
16,10,3
16,11,3
16,12,3
16,13,3
16,14,1
16,15,1
16,16,4
16,17,4
16,18,4
16,19,4
16,20,4
16,21,1
16,22,1
16,23,4
16,24,4
16,25,4
16,26,4
16,27,2
16,28,2
16,29,1
16,30,1
17,0,4
17,1,4
17,2,4
17,3,4
17,4,4
17,5,4
17,6,2
17,7,2
17,8,2
17,9,2
17,10,2
17,11,3
17,12,3
17,13,1
17,14,1
17,15,1
17,16,4
17,17,4
17,18,4
17,19,4
17,20,4
17,21,2
17,22,2
17,23,4
17,24,4
17,25,4
17,26,4
17,27,4
17,28,1
17,29,1
17,30,1
18,0,4
18,1,4
18,2,4
18,3,4
18,4,2
18,5,2
18,6,2
18,7,2
18,8,2
18,9,2
18,10,2
18,11,4
18,12,4
18,13,1
18,14,1
18,15,1
18,16,4
18,17,4
18,18,4
18,19,4
18,20,2
18,21,2
18,22,2
18,23,2
18,24,4
18,25,4
18,26,4
18,27,4
18,28,1
18,29,1
18,30,1
19,0,4
19,1,4
19,2,4
19,3,2
19,4,2
19,5,2
19,6,2
19,7,2
19,8,2
19,9,2
19,10,4
19,11,4
19,12,4
19,13,4
19,14,1
19,15,1
19,16,1
19,17,4
19,18,4
19,19,2
19,20,2
19,21,2
19,22,2
19,23,2
19,24,4
19,25,4
19,26,4
19,27,2
19,28,2
19,29,1
19,30,1
20,0,4
20,1,4
20,2,4
20,3,2
20,4,2
20,5,2
20,6,3
20,7,3
20,8,3
20,9,3
20,10,4
20,11,4
20,12,4
20,13,4
20,14,1
20,15,1
20,16,1
20,17,1
20,18,1
20,19,2
20,20,2
20,21,2
20,22,2
20,23,4
20,24,4
20,25,4
20,26,2
20,27,2
20,28,2
20,29,2
20,30,2
21,0,4
21,1,4
21,2,4
21,3,2
21,4,2
21,5,3
21,6,3
21,7,3
21,8,3
21,9,3
21,10,3
21,11,4
21,12,4
21,13,3
21,14,3
21,15,1
21,16,1
21,17,1
21,18,1
21,19,1
21,20,2
21,21,2
21,22,4
21,23,4
21,24,4
21,25,4
21,26,2
21,27,2
21,28,2
21,29,2
21,30,2
22,0,4
22,1,4
22,2,4
22,3,2
22,4,2
22,5,3
22,6,3
22,7,3
22,8,3
22,9,3
22,10,3
22,11,3
22,12,3
22,13,3
22,14,3
22,15,3
22,16,1
22,17,1
22,18,1
22,19,1
22,20,2
22,21,2
22,22,4
22,23,4
22,24,4
22,25,1
22,26,1
22,27,2
22,28,2
22,29,4
22,30,4
23,0,4
23,1,4
23,2,4
23,3,2
23,4,2
23,5,2
23,6,3
23,7,3
23,8,3
23,9,3
23,10,3
23,11,3
23,12,3
23,13,3
23,14,3
23,15,3
23,16,1
23,17,1
23,18,1
23,19,2
23,20,2
23,21,2
23,22,4
23,23,4
23,24,1
23,25,1
23,26,1
23,27,1
23,28,4
23,29,4
23,30,4
24,0,4
24,1,4
24,2,4
24,3,2
24,4,2
24,5,2
24,6,4
24,7,4
24,8,4
24,9,4
24,10,3
24,11,3
24,12,3
24,13,3
24,14,3
24,15,3
24,16,1
24,17,1
24,18,1
24,19,2
24,20,2
24,21,2
24,22,4
24,23,4
24,24,1
24,25,1
24,26,1
24,27,1
24,28,4
24,29,4
24,30,4
25,0,4
25,1,4
25,2,4
25,3,2
25,4,2
25,5,4
25,6,4
25,7,4
25,8,4
25,9,4
25,10,4
25,11,3
25,12,3
25,13,3
25,14,3
25,15,1
25,16,1
25,17,1
25,18,1
25,19,1
25,20,2
25,21,2
25,22,4
25,23,4
25,24,4
25,25,1
25,26,1
25,27,1
25,28,4
25,29,4
25,30,4
26,0,4
26,1,4
26,2,4
26,3,2
26,4,2
26,5,4
26,6,4
26,7,4
26,8,4
26,9,4
26,10,4
26,11,4
26,12,3
26,13,3
26,14,1
26,15,1
26,16,1
26,17,1
26,18,1
26,19,1
26,20,2
26,21,2
26,22,4
26,23,4
26,24,4
26,25,1
26,26,1
26,27,4
26,28,4
26,29,4
26,30,4
27,0,4
27,1,4
27,2,4
27,3,2
27,4,2
27,5,4
27,6,4
27,7,4
27,8,4
27,9,4
27,10,4
27,11,4
27,12,4
27,13,4
27,14,1
27,15,1
27,16,1
27,17,1
27,18,1
27,19,1
27,20,2
27,21,2
27,22,4
27,23,4
27,24,4
27,25,1
27,26,1
27,27,4
27,28,4
27,29,4
27,30,4
28,0,4
28,1,4
28,2,4
28,3,2
28,4,2
28,5,4
28,6,4
28,7,4
28,8,4
28,9,4
28,10,4
28,11,4
28,12,4
28,13,4
28,14,4
28,15,1
28,16,1
28,17,1
28,18,1
28,19,1
28,20,2
28,21,2
28,22,4
28,23,4
28,24,4
28,25,1
28,26,1
28,27,1
28,28,4
28,29,4
28,30,4
29,0,4
29,1,4
29,2,4
29,3,2
29,4,2
29,5,4
29,6,4
29,7,4
29,8,4
29,9,4
29,10,4
29,11,4
29,12,4
29,13,4
29,14,4
29,15,1
29,16,1
29,17,1
29,18,1
29,19,1
29,20,2
29,21,2
29,22,2
29,23,4
29,24,4
29,25,1
29,26,1
29,27,1
29,28,4
29,29,4
29,30,4
30,0,4
30,1,4
30,2,4
30,3,2
30,4,2
30,5,4
30,6,4
30,7,4
30,8,4
30,9,4
30,10,4
30,11,4
30,12,4
30,13,4
30,14,4
30,15,1
30,16,1
30,17,1
30,18,1
30,19,1
30,20,2
30,21,2
30,22,2
30,23,4
30,24,4
30,25,1
30,26,1
30,27,1
30,28,4
30,29,4
30,30,4