2
1
1
0
12,2
12,17
0,1,1
0,0,1
0,1,1
0,2,1
0,3,3
0,4,3
0,5,2
0,6,2
0,7,2
0,8,4
0,9,4
0,10,3
0,11,3
0,12,3
0,13,3
0,14,4
0,15,4
0,16,2
0,17,2
0,18,2
0,19,2
0,20,2
0,21,4
0,22,4
0,23,4
0,24,4
0,25,4
0,26,4
0,27,1
0,28,1
0,29,1
0,30,1
1,0,1
1,1,1
1,2,1
1,3,3
1,4,3
1,5,2
1,6,2
1,7,2
1,8,4
1,9,4
1,10,3
1,11,3
1,12,3
1,13,3
1,14,4
1,15,4
1,16,2
1,17,2
1,18,2
1,19,2
1,20,2
1,21,4
1,22,4
1,23,4
1,24,4
1,25,4
1,26,4
1,27,1
1,28,1
1,29,1
1,30,1
2,0,1
2,1,1
2,2,3
2,3,3
2,4,3
2,5,3
2,6,2
2,7,2
2,8,4
2,9,4
2,10,3
2,11,3
2,12,3
2,13,3
2,14,4
2,15,4
2,16,2
2,17,2
2,18,2
2,19,2
2,20,3
2,21,3
2,22,4
2,23,4
2,24,4
2,25,4
2,26,4
2,27,1
2,28,1
2,29,1
2,30,1
3,0,2
3,1,2
3,2,3
3,3,3
3,4,3
3,5,3
3,6,2
3,7,2
3,8,4
3,9,4
3,10,4
3,11,3
3,12,3
3,13,4
3,14,4
3,15,4
3,16,4
3,17,2
3,18,2
3,19,3
3,20,3
3,21,3
3,22,3
3,23,4
3,24,4
3,25,4
3,26,3
3,27,3
3,28,1
3,29,1
3,30,1
4,0,2
4,1,2
4,2,2
4,3,3
4,4,3
4,5,2
4,6,2
4,7,2
4,8,4
4,9,4
4,10,4
4,11,4
4,12,4
4,13,4
4,14,4
4,15,4
4,16,4
4,17,2
4,18,2
4,19,3
4,20,3
4,21,3
4,22,3
4,23,3
4,24,3
4,25,3
4,26,3
4,27,3
4,28,3
4,29,3
4,30,3
5,0,2
5,1,2
5,2,2
5,3,2
5,4,2
5,5,2
5,6,2
5,7,2
5,8,2
5,9,4
5,10,4
5,11,4
5,12,4
5,13,4
5,14,4
5,15,4
5,16,4
5,17,2
5,18,2
5,19,2
5,20,3
5,21,3
5,22,3
5,23,3
5,24,3
5,25,3
5,26,3
5,27,3
5,28,3
5,29,3
5,30,3
6,0,2
6,1,2
6,2,2
6,3,2
6,4,2
6,5,2
6,6,2
6,7,2
6,8,2
6,9,2
6,10,2
6,11,2
6,12,2
6,13,2
6,14,4
6,15,4
6,16,2
6,17,2
6,18,2
6,19,2
6,20,1
6,21,1
6,22,1
6,23,1
6,24,1
6,25,1
6,26,1
6,27,1
6,28,1
6,29,1
6,30,1
7,0,1
7,1,1
7,2,1
7,3,2
7,4,2
7,5,1
7,6,1
7,7,2
7,8,2
7,9,2
7,10,2
7,11,2
7,12,2
7,13,2
7,14,2
7,15,2
7,16,2
7,17,2
7,18,2
7,19,1
7,20,1
7,21,1
7,22,1
7,23,1
7,24,1
7,25,1
7,26,1
7,27,1
7,28,1
7,29,1
7,30,1
8,0,1
8,1,1
8,2,1
8,3,1
8,4,1
8,5,1
8,6,1
8,7,1
8,8,2
8,9,2
8,10,4
8,11,4
8,12,2
8,13,2
8,14,2
8,15,2
8,16,2
8,17,2
8,18,1
8,19,1
8,20,1
8,21,1
8,22,2
8,23,2
8,24,2
8,25,2
8,26,2
8,27,2
8,28,2
8,29,1
8,30,1
9,0,1
9,1,1
9,2,1
9,3,1
9,4,1
9,5,1
9,6,1
9,7,1
9,8,4
9,9,4
9,10,4
9,11,4
9,12,4
9,13,2
9,14,2
9,15,2
9,16,1
9,17,1
9,18,1
9,19,1
9,20,1
9,21,2
9,22,2
9,23,2
9,24,2
9,25,2
9,26,2
9,27,2
9,28,2
9,29,2
9,30,2
10,0,4
10,1,4
10,2,4
10,3,4
10,4,4
10,5,1
10,6,1
10,7,4
10,8,4
10,9,4
10,10,4
10,11,4
10,12,4
10,13,1
10,14,1
10,15,1
10,16,1
10,17,1
10,18,1
10,19,1
10,20,1
10,21,2
10,22,2
10,23,2
10,24,4
10,25,4
10,26,4
10,27,2
10,28,2
10,29,2
10,30,2
11,0,4
11,1,4
11,2,4
11,3,4
11,4,4
11,5,4
11,6,4
11,7,4
11,8,4
11,9,4
11,10,4
11,11,4
11,12,1
11,13,1
11,14,1
11,15,1
11,16,1
11,17,1
11,18,1
11,19,1
11,20,2
11,21,2
11,22,2
11,23,4
11,24,4
11,25,4
11,26,4
11,27,4
11,28,4
11,29,4
11,30,4
12,0,4
12,1,4
12,2,4
12,3,4
12,4,4
12,5,4
12,6,4
12,7,4
12,8,4
12,9,3
12,10,3
12,11,3
12,12,1
12,13,1
12,14,1
12,15,1
12,16,1
12,17,1
12,18,1
12,19,1
12,20,2
12,21,2
12,22,2
12,23,4
12,24,4
12,25,4
12,26,4
12,27,4
12,28,4
12,29,4
12,30,4
13,0,4
13,1,4
13,2,4
13,3,4
13,4,4
13,5,4
13,6,4
13,7,4
13,8,3
13,9,3
13,10,3
13,11,3
13,12,3
13,13,1
13,14,1
13,15,1
13,16,1
13,17,1
13,18,1
13,19,1
13,20,2
13,21,2
13,22,4
13,23,4
13,24,4
13,25,4
13,26,4
13,27,4
13,28,4
13,29,4
13,30,4
14,0,4
14,1,4
14,2,4
14,3,4
14,4,4
14,5,4
14,6,4
14,7,3
14,8,3
14,9,3
14,10,3
14,11,3
14,12,3
14,13,3
14,14,1
14,15,1
14,16,1
14,17,1
14,18,1
14,19,1
14,20,2
14,21,2
14,22,4
14,23,4
14,24,4
14,25,4
14,26,4
14,27,4
14,28,4
14,29,3
14,30,3
15,0,4
15,1,4
15,2,4
15,3,4
15,4,4
15,5,4
15,6,4
15,7,3
15,8,3
15,9,3
15,10,3
15,11,3
15,12,3
15,13,3
15,14,1
15,15,1
15,16,1
15,17,1
15,18,1
15,19,1
15,20,2
15,21,2
15,22,2
15,23,4
15,24,4
15,25,4
15,26,4
15,27,4
15,28,3
15,29,3
15,30,3
16,0,4
16,1,4
16,2,4
16,3,4
16,4,4
16,5,4
16,6,2
16,7,2
16,8,3
16,9,3
16,10,3
16,11,3
16,12,3
16,13,1
16,14,1
16,15,1
16,16,1
16,17,1
16,18,1
16,19,1
16,20,2
16,21,2
16,22,2
16,23,4
16,24,4
16,25,4
16,26,4
16,27,4
16,28,3
16,29,3
16,30,3
17,0,2
17,1,2
17,2,2
17,3,2
17,4,2
17,5,2
17,6,2
17,7,2
17,8,2
17,9,3
17,10,3
17,11,3
17,12,1
17,13,1
17,14,1
17,15,1
17,16,1
17,17,1
17,18,1
17,19,1
17,20,2
17,21,2
17,22,2
17,23,2
17,24,4
17,25,4
17,26,4
17,27,4
17,28,3
17,29,3
17,30,3
18,0,2
18,1,2
18,2,2
18,3,2
18,4,2
18,5,2
18,6,2
18,7,2
18,8,2
18,9,1
18,10,1
18,11,1
18,12,1
18,13,1
18,14,1
18,15,1
18,16,1
18,17,1
18,18,1
18,19,1
18,20,2
18,21,2
18,22,2
18,23,2
18,24,2
18,25,4
18,26,4
18,27,4
18,28,3
18,29,3
18,30,3
19,0,1
19,1,1
19,2,2
19,3,2
19,4,4
19,5,4
19,6,2
19,7,2
19,8,1
19,9,1
19,10,1
19,11,1
19,12,1
19,13,1
19,14,4
19,15,4
19,16,4
19,17,1
19,18,1
19,19,3
19,20,3
19,21,2
19,22,2
19,23,2
19,24,2
19,25,2
19,26,4
19,27,4
19,28,4
19,29,3
19,30,3
20,0,1
20,1,1
20,2,1
20,3,4
20,4,4
20,5,4
20,6,4
20,7,1
20,8,1
20,9,1
20,10,1
20,11,1
20,12,1
20,13,4
20,14,4
20,15,4
20,16,4
20,17,4
20,18,3
20,19,3
20,20,3
20,21,3
20,22,2
20,23,2
20,24,2
20,25,2
20,26,4
20,27,4
20,28,4
20,29,4
20,30,4
21,0,1
21,1,1
21,2,1
21,3,4
21,4,4
21,5,4
21,6,4
21,7,1
21,8,1
21,9,1
21,10,1
21,11,1
21,12,4
21,13,4
21,14,4
21,15,4
21,16,4
21,17,4
21,18,3
21,19,3
21,20,3
21,21,3
21,22,3
21,23,2
21,24,2
21,25,4
21,26,4
21,27,4
21,28,4
21,29,4
21,30,4
22,0,1
22,1,1
22,2,4
22,3,4
22,4,4
22,5,4
22,6,4
22,7,1
22,8,1
22,9,1
22,10,1
22,11,1
22,12,4
22,13,4
22,14,4
22,15,4
22,16,4
22,17,4
22,18,4
22,19,3
22,20,3
22,21,3
22,22,3
22,23,3
22,24,3
22,25,4
22,26,4
22,27,4
22,28,4
22,29,4
22,30,4
23,0,4
23,1,4
23,2,4
23,3,4
23,4,4
23,5,4
23,6,2
23,7,2
23,8,1
23,9,1
23,10,1
23,11,2
23,12,2
23,13,4
23,14,4
23,15,4
23,16,4
23,17,4
23,18,4
23,19,3
23,20,3
23,21,3
23,22,3
23,23,3
23,24,3
23,25,3
23,26,4
23,27,4
23,28,4
23,29,2
23,30,2
24,0,4
24,1,4
24,2,4
24,3,4
24,4,2
24,5,2
24,6,2
24,7,2
24,8,2
24,9,2
24,10,2
24,11,2
24,12,2
24,13,2
24,14,4
24,15,4
24,16,4
24,17,4
24,18,4
24,19,4
24,20,3
24,21,3
24,22,3
24,23,3
24,24,3
24,25,3
24,26,2
24,27,2
24,28,2
24,29,2
24,30,2
25,0,4
25,1,4
25,2,2
25,3,2
25,4,2
25,5,2
25,6,2
25,7,2
25,8,2
25,9,2
25,10,2
25,11,2
25,12,2
25,13,2
25,14,4
25,15,4
25,16,4
25,17,4
25,18,4
25,19,4
25,20,4
25,21,3
25,22,3
25,23,3
25,24,3
25,25,2
25,26,2
25,27,2
25,28,2
25,29,2
25,30,2
26,0,2
26,1,2
26,2,2
26,3,2
26,4,2
26,5,2
26,6,4
26,7,4
26,8,4
26,9,2
26,10,2
26,11,2
26,12,2
26,13,2
26,14,4
26,15,4
26,16,4
26,17,4
26,18,4
26,19,4
26,20,4
26,21,4
26,22,3
26,23,3
26,24,3
26,25,2
26,26,2
26,27,2
26,28,2
26,29,3
26,30,3
27,0,2
27,1,2
27,2,2
27,3,2
27,4,2
27,5,4
27,6,4
27,7,4
27,8,4
27,9,4
27,10,2
27,11,2
27,12,2
27,13,2
27,14,4
27,15,4
27,16,4
27,17,4
27,18,4
27,19,4
27,20,4
27,21,4
27,22,4
27,23,3
27,24,3
27,25,3
27,26,2
27,27,2
27,28,3
27,29,3
27,30,3
28,0,2
28,1,2
28,2,2
28,3,2
28,4,4
28,5,4
28,6,4
28,7,4
28,8,4
28,9,4
28,10,2
28,11,2
28,12,2
28,13,4
28,14,4
28,15,4
28,16,4
28,17,3
28,18,3
28,19,4
28,20,4
28,21,4
28,22,4
28,23,3
28,24,3
28,25,3
28,26,2
28,27,2
28,28,3
28,29,3
28,30,3
29,0,4
29,1,4
29,2,4
29,3,4
29,4,4
29,5,4
29,6,4
29,7,4
29,8,4
29,9,4
29,10,4
29,11,2
29,12,2
29,13,4
29,14,4
29,15,4
29,16,3
29,17,3
29,18,3
29,19,3
29,20,4
29,21,4
29,22,4
29,23,4
29,24,3
29,25,3
29,26,2
29,27,2
29,28,3
29,29,3
29,30,3
30,0,4
30,1,4
30,2,4
30,3,4
30,4,4
30,5,4
30,6,4
30,7,4
30,8,4
30,9,4
30,10,4
30,11,2
30,12,2
30,13,4
30,14,4
30,15,4
30,16,3
30,17,3
30,18,3
30,19,3
30,20,4
30,21,4
30,22,4
30,23,4
30,24,3
30,25,3
30,26,2
30,27,2
30,28,3
30,29,3
30,30,3