2
1
2
0
12,2
12,22
0,1,2
0,0,1
0,1,1
0,2,1
0,3,1
0,4,4
0,5,4
0,6,4
0,7,3
0,8,3
0,9,3
0,10,3
0,11,3
0,12,2
0,13,2
0,14,2
0,15,2
0,16,4
0,17,4
0,18,4
0,19,4
0,20,1
0,21,1
0,22,1
0,23,1
0,24,1
0,25,1
0,26,4
0,27,4
0,28,1
0,29,1
0,30,1
1,0,1
1,1,1
1,2,1
1,3,1
1,4,4
1,5,4
1,6,4
1,7,3
1,8,3
1,9,3
1,10,3
1,11,3
1,12,2
1,13,2
1,14,2
1,15,2
1,16,4
1,17,4
1,18,4
1,19,4
1,20,1
1,21,1
1,22,1
1,23,1
1,24,1
1,25,1
1,26,4
1,27,4
1,28,1
1,29,1
1,30,1
2,0,1
2,1,1
2,2,1
2,3,4
2,4,4
2,5,4
2,6,4
2,7,4
2,8,3
2,9,3
2,10,3
2,11,3
2,12,3
2,13,2
2,14,2
2,15,4
2,16,4
2,17,4
2,18,4
2,19,1
2,20,1
2,21,1
2,22,1
2,23,1
2,24,1
2,25,4
2,26,4
2,27,4
2,28,1
2,29,1
2,30,1
3,0,1
3,1,1
3,2,1
3,3,4
3,4,4
3,5,4
3,6,4
3,7,4
3,8,4
3,9,3
3,10,3
3,11,3
3,12,3
3,13,3
3,14,3
3,15,4
3,16,4
3,17,4
3,18,4
3,19,1
3,20,1
3,21,1
3,22,1
3,23,1
3,24,4
3,25,4
3,26,4
3,27,4
3,28,4
3,29,1
3,30,1
4,0,1
4,1,1
4,2,4
4,3,4
4,4,4
4,5,4
4,6,4
4,7,4
4,8,4
4,9,2
4,10,2
4,11,3
4,12,3
4,13,3
4,14,3
4,15,3
4,16,4
4,17,4
4,18,2
4,19,2
4,20,1
4,21,1
4,22,2
4,23,2
4,24,4
4,25,4
4,26,4
4,27,4
4,28,4
4,29,4
4,30,4
5,0,4
5,1,4
5,2,4
5,3,4
5,4,4
5,5,4
5,6,4
5,7,4
5,8,2
5,9,2
5,10,2
5,11,2
5,12,3
5,13,3
5,14,3
5,15,3
5,16,2
5,17,2
5,18,2
5,19,2
5,20,2
5,21,2
5,22,2
5,23,2
5,24,2
5,25,4
5,26,4
5,27,4
5,28,4
5,29,4
5,30,4
6,0,4
6,1,4
6,2,4
6,3,4
6,4,4
6,5,4
6,6,4
6,7,4
6,8,2
6,9,2
6,10,2
6,11,2
6,12,3
6,13,3
6,14,3
6,15,2
6,16,2
6,17,2
6,18,2
6,19,2
6,20,2
6,21,2
6,22,2
6,23,2
6,24,2
6,25,4
6,26,4
6,27,4
6,28,4
6,29,2
6,30,2
7,0,4
7,1,4
7,2,4
7,3,4
7,4,4
7,5,4
7,6,4
7,7,1
7,8,1
7,9,2
7,10,2
7,11,3
7,12,3
7,13,3
7,14,3
7,15,2
7,16,2
7,17,2
7,18,2
7,19,2
7,20,2
7,21,2
7,22,2
7,23,2
7,24,4
7,25,4
7,26,4
7,27,4
7,28,2
7,29,2
7,30,2
8,0,4
8,1,4
8,2,4
8,3,4
8,4,4
8,5,4
8,6,1
8,7,1
8,8,1
8,9,1
8,10,3
8,11,3
8,12,3
8,13,3
8,14,1
8,15,1
8,16,2
8,17,2
8,18,4
8,19,4
8,20,4
8,21,4
8,22,4
8,23,4
8,24,4
8,25,4
8,26,4
8,27,4
8,28,2
8,29,2
8,30,2
9,0,4
9,1,4
9,2,4
9,3,4
9,4,4
9,5,4
9,6,1
9,7,1
9,8,1
9,9,1
9,10,3
9,11,3
9,12,3
9,13,1
9,14,1
9,15,1
9,16,1
9,17,4
9,18,4
9,19,4
9,20,4
9,21,4
9,22,4
9,23,4
9,24,4
9,25,4
9,26,4
9,27,4
9,28,2
9,29,2
9,30,2
10,0,4
10,1,4
10,2,4
10,3,4
10,4,4
10,5,4
10,6,1
10,7,1
10,8,1
10,9,1
10,10,3
10,11,3
10,12,3
10,13,1
10,14,1
10,15,1
10,16,1
10,17,4
10,18,4
10,19,4
10,20,3
10,21,3
10,22,3
10,23,3
10,24,3
10,25,4
10,26,4
10,27,4
10,28,2
10,29,2
10,30,2
11,0,4
11,1,4
11,2,4
11,3,4
11,4,4
11,5,4
11,6,4
11,7,1
11,8,1
11,9,3
11,10,3
11,11,3
11,12,3
11,13,3
11,14,1
11,15,1
11,16,4
11,17,4
11,18,4
11,19,3
11,20,3
11,21,3
11,22,3
11,23,3
11,24,3
11,25,3
11,26,4
11,27,4
11,28,2
11,29,2
11,30,2
12,0,4
12,1,4
12,2,4
12,3,4
12,4,4
12,5,4
12,6,4
12,7,4
12,8,4
12,9,3
12,10,3
12,11,3
12,12,3
12,13,3
12,14,4
12,15,4
12,16,4
12,17,4
12,18,4
12,19,3
12,20,3
12,21,3
12,22,3
12,23,3
12,24,3
12,25,3
12,26,4
12,27,4
12,28,2
12,29,2
12,30,2
13,0,4
13,1,4
13,2,4
13,3,4
13,4,4
13,5,4
13,6,4
13,7,4
13,8,4
13,9,4
13,10,3
13,11,3
13,12,3
13,13,4
13,14,4
13,15,4
13,16,4
13,17,4
13,18,4
13,19,4
13,20,3
13,21,3
13,22,3
13,23,3
13,24,3
13,25,4
13,26,4
13,27,4
13,28,2
13,29,2
13,30,2
14,0,4
14,1,4
14,2,4
14,3,4
14,4,4
14,5,4
14,6,4
14,7,4
14,8,4
14,9,4
14,10,2
14,11,2
14,12,2
14,13,4
14,14,4
14,15,4
14,16,4
14,17,4
14,18,4
14,19,4
14,20,3
14,21,3
14,22,3
14,23,3
14,24,3
14,25,4
14,26,4
14,27,4
14,28,2
14,29,2
14,30,2
15,0,4
15,1,4
15,2,4
15,3,4
15,4,4
15,5,3
15,6,3
15,7,4
15,8,4
15,9,2
15,10,2
15,11,2
15,12,2
15,13,2
15,14,4
15,15,4
15,16,4
15,17,4
15,18,4
15,19,3
15,20,3
15,21,3
15,22,3
15,23,3
15,24,3
15,25,3
15,26,4
15,27,4
15,28,4
15,29,2
15,30,2
16,0,4
16,1,4
16,2,4
16,3,4
16,4,3
16,5,3
16,6,3
16,7,3
16,8,2
16,9,2
16,10,2
16,11,2
16,12,2
16,13,2
16,14,4
16,15,4
16,16,4
16,17,1
16,18,1
16,19,3
16,20,3
16,21,3
16,22,3
16,23,3
16,24,3
16,25,3
16,26,4
16,27,4
16,28,4
16,29,4
16,30,4
17,0,4
17,1,4
17,2,4
17,3,3
17,4,3
17,5,3
17,6,3
17,7,3
17,8,2
17,9,2
17,10,2
17,11,2
17,12,2
17,13,4
17,14,4
17,15,4
17,16,1
17,17,1
17,18,1
17,19,1
17,20,3
17,21,3
17,22,3
17,23,3
17,24,3
17,25,1
17,26,1
17,27,4
17,28,4
17,29,4
17,30,4
18,0,4
18,1,4
18,2,4
18,3,3
18,4,3
18,5,3
18,6,3
18,7,4
18,8,4
18,9,2
18,10,2
18,11,1
18,12,1
18,13,4
18,14,4
18,15,4
18,16,1
18,17,1
18,18,1
18,19,1
18,20,1
18,21,1
18,22,1
18,23,1
18,24,1
18,25,1
18,26,1
18,27,1
18,28,4
18,29,4
18,30,4
19,0,4
19,1,4
19,2,4
19,3,4
19,4,3
19,5,3
19,6,4
19,7,4
19,8,4
19,9,4
19,10,1
19,11,1
19,12,1
19,13,1
19,14,4
19,15,4
19,16,1
19,17,1
19,18,1
19,19,1
19,20,1
19,21,1
19,22,1
19,23,1
19,24,1
19,25,1
19,26,1
19,27,1
19,28,1
19,29,1
19,30,1
20,0,4
20,1,4
20,2,4
20,3,4
20,4,2
20,5,2
20,6,4
20,7,4
20,8,4
20,9,4
20,10,1
20,11,1
20,12,1
20,13,1
20,14,4
20,15,4
20,16,4
20,17,1
20,18,1
20,19,3
20,20,3
20,21,1
20,22,1
20,23,2
20,24,2
20,25,1
20,26,1
20,27,1
20,28,1
20,29,1
20,30,1
21,0,4
21,1,4
21,2,4
21,3,2
21,4,2
21,5,2
21,6,2
21,7,4
21,8,4
21,9,1
21,10,1
21,11,1
21,12,1
21,13,1
21,14,4
21,15,4
21,16,4
21,17,4
21,18,3
21,19,3
21,20,3
21,21,3
21,22,2
21,23,2
21,24,2
21,25,2
21,26,2
21,27,2
21,28,2
21,29,2
21,30,2
22,0,4
22,1,4
22,2,4
22,3,2
22,4,2
22,5,2
22,6,2
22,7,4
22,8,4
22,9,1
22,10,1
22,11,1
22,12,1
22,13,3
22,14,3
22,15,4
22,16,4
22,17,4
22,18,3
22,19,3
22,20,3
22,21,3
22,22,2
22,23,2
22,24,2
22,25,2
22,26,2
22,27,2
22,28,2
22,29,2
22,30,2
23,0,4
23,1,4
23,2,4
23,3,2
23,4,2
23,5,2
23,6,2
23,7,4
23,8,4
23,9,4
23,10,1
23,11,1
23,12,3
23,13,3
23,14,3
23,15,3
23,16,4
23,17,4
23,18,4
23,19,3
23,20,3
23,21,4
23,22,4
23,23,2
23,24,2
23,25,2
23,26,2
23,27,2
23,28,2
23,29,1
23,30,1
24,0,4
24,1,4
24,2,4
24,3,2
24,4,2
24,5,2
24,6,2
24,7,4
24,8,4
24,9,4
24,10,4
24,11,4
24,12,3
24,13,3
24,14,3
24,15,3
24,16,4
24,17,4
24,18,4
24,19,4
24,20,4
24,21,4
24,22,4
24,23,4
24,24,2
24,25,2
24,26,2
24,27,1
24,28,1
24,29,1
24,30,1
25,0,4
25,1,4
25,2,2
25,3,2
25,4,2
25,5,2
25,6,1
25,7,1
25,8,4
25,9,4
25,10,4
25,11,4
25,12,4
25,13,3
25,14,3
25,15,2
25,16,2
25,17,4
25,18,4
25,19,4
25,20,4
25,21,4
25,22,4
25,23,4
25,24,2
25,25,2
25,26,1
25,27,1
25,28,1
25,29,1
25,30,1
26,0,2
26,1,2
26,2,2
26,3,2
26,4,2
26,5,1
26,6,1
26,7,1
26,8,1
26,9,4
26,10,4
26,11,4
26,12,4
26,13,2
26,14,2
26,15,2
26,16,2
26,17,2
26,18,2
26,19,2
26,20,2
26,21,4
26,22,4
26,23,2
26,24,2
26,25,2
26,26,1
26,27,1
26,28,1
26,29,1
26,30,1
27,0,2
27,1,2
27,2,2
27,3,2
27,4,2
27,5,1
27,6,1
27,7,1
27,8,1
27,9,4
27,10,4
27,11,4
27,12,2
27,13,2
27,14,2
27,15,2
27,16,2
27,17,2
27,18,2
27,19,2
27,20,2
27,21,2
27,22,2
27,23,2
27,24,2
27,25,2
27,26,1
27,27,1
27,28,1
27,29,1
27,30,1
28,0,4
28,1,4
28,2,2
28,3,2
28,4,1
28,5,1
28,6,1
28,7,1
28,8,4
28,9,4
28,10,4
28,11,4
28,12,2
28,13,2
28,14,2
28,15,4
28,16,4
28,17,2
28,18,2
28,19,2
28,20,2
28,21,2
28,22,2
28,23,2
28,24,2
28,25,4
28,26,4
28,27,1
28,28,1
28,29,4
28,30,4
29,0,4
29,1,4
29,2,4
29,3,1
29,4,1
29,5,1
29,6,1
29,7,4
29,8,4
29,9,4
29,10,4
29,11,4
29,12,2
29,13,2
29,14,4
29,15,4
29,16,4
29,17,4
29,18,4
29,19,4
29,20,4
29,21,4
29,22,4
29,23,4
29,24,4
29,25,4
29,26,4
29,27,4
29,28,4
29,29,4
29,30,4
30,0,4
30,1,4
30,2,4
30,3,1
30,4,1
30,5,1
30,6,1
30,7,4
30,8,4
30,9,4
30,10,4
30,11,4
30,12,2
30,13,2
30,14,4
30,15,4
30,16,4
30,17,4
30,18,4
30,19,4
30,20,4
30,21,4
30,22,4
30,23,4
30,24,4
30,25,4
30,26,4
30,27,4
30,28,4
30,29,4
30,30,4