2
1
2
1
12,12
22,22
0,1,2
0,0,4
0,1,4
0,2,4
0,3,4
0,4,4
0,5,4
0,6,1
0,7,1
0,8,4
0,9,4
0,10,4
0,11,4
0,12,4
0,13,4
0,14,4
0,15,4
0,16,4
0,17,4
0,18,4
0,19,4
0,20,4
0,21,4
0,22,4
0,23,3
0,24,3
0,25,3
0,26,3
0,27,3
0,28,3
0,29,3
0,30,3
1,0,4
1,1,4
1,2,4
1,3,4
1,4,4
1,5,4
1,6,1
1,7,1
1,8,4
1,9,4
1,10,4
1,11,4
1,12,4
1,13,4
1,14,4
1,15,4
1,16,4
1,17,4
1,18,4
1,19,4
1,20,4
1,21,4
1,22,4
1,23,3
1,24,3
1,25,3
1,26,3
1,27,3
1,28,3
1,29,3
1,30,3
2,0,4
2,1,4
2,2,4
2,3,4
2,4,4
2,5,4
2,6,1
2,7,1
2,8,1
2,9,4
2,10,4
2,11,3
2,12,3
2,13,3
2,14,4
2,15,4
2,16,1
2,17,1
2,18,4
2,19,4
2,20,4
2,21,4
2,22,2
2,23,2
2,24,3
2,25,3
2,26,4
2,27,4
2,28,4
2,29,4
2,30,4
3,0,4
3,1,4
3,2,4
3,3,4
3,4,4
3,5,1
3,6,1
3,7,1
3,8,1
3,9,3
3,10,3
3,11,3
3,12,3
3,13,3
3,14,3
3,15,1
3,16,1
3,17,1
3,18,1
3,19,4
3,20,4
3,21,2
3,22,2
3,23,2
3,24,2
3,25,4
3,26,4
3,27,4
3,28,4
3,29,4
3,30,4
4,0,4
4,1,4
4,2,4
4,3,2
4,4,2
4,5,1
4,6,1
4,7,1
4,8,3
4,9,3
4,10,3
4,11,3
4,12,3
4,13,3
4,14,3
4,15,1
4,16,1
4,17,1
4,18,1
4,19,4
4,20,4
4,21,2
4,22,2
4,23,2
4,24,2
4,25,4
4,26,4
4,27,4
4,28,4
4,29,4
4,30,4
5,0,4
5,1,4
5,2,2
5,3,2
5,4,2
5,5,2
5,6,1
5,7,1
5,8,3
5,9,3
5,10,3
5,11,3
5,12,3
5,13,3
5,14,1
5,15,1
5,16,1
5,17,1
5,18,4
5,19,4
5,20,4
5,21,2
5,22,2
5,23,2
5,24,3
5,25,3
5,26,4
5,27,4
5,28,4
5,29,4
5,30,4
6,0,1
6,1,1
6,2,2
6,3,2
6,4,2
6,5,2
6,6,1
6,7,1
6,8,1
6,9,3
6,10,3
6,11,2
6,12,2
6,13,2
6,14,1
6,15,1
6,16,1
6,17,1
6,18,4
6,19,4
6,20,4
6,21,2
6,22,2
6,23,3
6,24,3
6,25,3
6,26,3
6,27,3
6,28,3
6,29,4
6,30,4
7,0,1
7,1,1
7,2,1
7,3,2
7,4,2
7,5,1
7,6,1
7,7,1
7,8,1
7,9,2
7,10,2
7,11,2
7,12,2
7,13,2
7,14,2
7,15,1
7,16,1
7,17,4
7,18,4
7,19,4
7,20,4
7,21,2
7,22,2
7,23,3
7,24,3
7,25,3
7,26,3
7,27,3
7,28,3
7,29,3
7,30,3
8,0,1
8,1,1
8,2,1
8,3,1
8,4,1
8,5,1
8,6,1
8,7,1
8,8,2
8,9,2
8,10,2
8,11,2
8,12,2
8,13,2
8,14,2
8,15,2
8,16,2
8,17,4
8,18,4
8,19,4
8,20,2
8,21,2
8,22,2
8,23,3
8,24,3
8,25,3
8,26,3
8,27,3
8,28,3
8,29,3
8,30,3
9,0,1
9,1,1
9,2,1
9,3,1
9,4,1
9,5,1
9,6,1
9,7,2
9,8,2
9,9,2
9,10,2
9,11,4
9,12,4
9,13,2
9,14,2
9,15,2
9,16,2
9,17,2
9,18,4
9,19,4
9,20,2
9,21,2
9,22,2
9,23,2
9,24,3
9,25,3
9,26,2
9,27,2
9,28,2
9,29,3
9,30,3
10,0,2
10,1,2
10,2,2
10,3,1
10,4,1
10,5,3
10,6,3
10,7,2
10,8,2
10,9,2
10,10,4
10,11,4
10,12,4
10,13,4
10,14,4
10,15,2
10,16,2
10,17,2
10,18,4
10,19,4
10,20,4
10,21,2
10,22,2
10,23,2
10,24,2
10,25,2
10,26,2
10,27,2
10,28,2
10,29,2
10,30,2
11,0,2
11,1,2
11,2,2
11,3,2
11,4,3
11,5,3
11,6,3
11,7,3
11,8,2
11,9,2
11,10,4
11,11,4
11,12,4
11,13,4
11,14,4
11,15,4
11,16,2
11,17,2
11,18,4
11,19,4
11,20,4
11,21,2
11,22,2
11,23,2
11,24,2
11,25,2
11,26,2
11,27,2
11,28,2
11,29,2
11,30,2
12,0,2
12,1,2
12,2,2
12,3,2
12,4,3
12,5,3
12,6,3
12,7,3
12,8,2
12,9,2
12,10,4
12,11,4
12,12,4
12,13,4
12,14,4
12,15,4
12,16,2
12,17,2
12,18,2
12,19,4
12,20,4
12,21,4
12,22,2
12,23,2
12,24,2
12,25,2
12,26,4
12,27,4
12,28,4
12,29,4
12,30,4
13,0,2
13,1,2
13,2,2
13,3,2
13,4,2
13,5,3
13,6,3
13,7,2
13,8,2
13,9,2
13,10,4
13,11,4
13,12,4
13,13,4
13,14,4
13,15,4
13,16,2
13,17,2
13,18,2
13,19,4
13,20,4
13,21,4
13,22,4
13,23,2
13,24,2
13,25,4
13,26,4
13,27,4
13,28,4
13,29,4
13,30,4
14,0,2
14,1,2
14,2,2
14,3,2
14,4,2
14,5,4
14,6,4
14,7,2
14,8,2
14,9,2
14,10,4
14,11,4
14,12,4
14,13,4
14,14,4
14,15,4
14,16,2
14,17,2
14,18,2
14,19,2
14,20,4
14,21,4
14,22,4
14,23,2
14,24,2
14,25,4
14,26,4
14,27,4
14,28,1
14,29,1
14,30,1
15,0,2
15,1,2
15,2,2
15,3,2
15,4,4
15,5,4
15,6,4
15,7,4
15,8,2
15,9,2
15,10,2
15,11,4
15,12,4
15,13,4
15,14,4
15,15,4
15,16,2
15,17,2
15,18,2
15,19,2
15,20,4
15,21,4
15,22,4
15,23,2
15,24,2
15,25,4
15,26,4
15,27,1
15,28,1
15,29,1
15,30,1
16,0,2
16,1,2
16,2,2
16,3,2
16,4,4
16,5,4
16,6,4
16,7,4
16,8,2
16,9,2
16,10,2
16,11,1
16,12,1
16,13,4
16,14,4
16,15,3
16,16,3
16,17,2
16,18,2
16,19,4
16,20,4
16,21,4
16,22,2
16,23,2
16,24,2
16,25,4
16,26,4
16,27,1
16,28,1
16,29,1
16,30,1
17,0,2
17,1,2
17,2,2
17,3,4
17,4,4
17,5,4
17,6,4
17,7,2
17,8,2
17,9,2
17,10,1
17,11,1
17,12,1
17,13,1
17,14,3
17,15,3
17,16,3
17,17,3
17,18,4
17,19,4
17,20,4
17,21,4
17,22,2
17,23,2
17,24,2
17,25,4
17,26,4
17,27,1
17,28,1
17,29,1
17,30,1
18,0,4
18,1,4
18,2,4
18,3,4
18,4,4
18,5,4
18,6,2
18,7,2
18,8,2
18,9,2
18,10,1
18,11,1
18,12,1
18,13,1
18,14,3
18,15,3
18,16,3
18,17,3
18,18,4
18,19,4
18,20,4
18,21,4
18,22,2
18,23,2
18,24,2
18,25,4
18,26,4
18,27,4
18,28,1
18,29,1
18,30,1
19,0,4
19,1,4
19,2,4
19,3,4
19,4,4
19,5,2
19,6,2
19,7,2
19,8,2
19,9,1
19,10,1
19,11,1
19,12,1
19,13,3
19,14,3
19,15,3
19,16,3
19,17,2
19,18,2
19,19,4
19,20,4
19,21,2
19,22,2
19,23,2
19,24,2
19,25,4
19,26,4
19,27,4
19,28,4
19,29,4
19,30,4
20,0,4
20,1,4
20,2,3
20,3,3
20,4,3
20,5,2
20,6,2
20,7,2
20,8,1
20,9,1
20,10,1
20,11,1
20,12,3
20,13,3
20,14,3
20,15,3
20,16,2
20,17,2
20,18,2
20,19,2
20,20,2
20,21,2
20,22,2
20,23,2
20,24,2
20,25,2
20,26,4
20,27,4
20,28,4
20,29,4
20,30,4
21,0,3
21,1,3
21,2,3
21,3,3
21,4,3
21,5,3
21,6,2
21,7,2
21,8,1
21,9,1
21,10,1
21,11,1
21,12,3
21,13,3
21,14,3
21,15,3
21,16,2
21,17,2
21,18,2
21,19,2
21,20,2
21,21,2
21,22,2
21,23,2
21,24,2
21,25,2
21,26,1
21,27,1
21,28,1
21,29,1
21,30,1
22,0,3
22,1,3
22,2,3
22,3,3
22,4,3
22,5,3
22,6,2
22,7,2
22,8,1
22,9,1
22,10,1
22,11,1
22,12,3
22,13,3
22,14,3
22,15,3
22,16,2
22,17,2
22,18,2
22,19,2
22,20,2
22,21,2
22,22,2
22,23,2
22,24,2
22,25,1
22,26,1
22,27,1
22,28,1
22,29,1
22,30,1
23,0,1
23,1,1
23,2,3
23,3,3
23,4,3
23,5,2
23,6,2
23,7,2
23,8,2
23,9,1
23,10,1
23,11,3
23,12,3
23,13,3
23,14,3
23,15,2
23,16,2
23,17,2
23,18,2
23,19,2
23,20,2
23,21,2
23,22,2
23,23,2
23,24,2
23,25,1
23,26,1
23,27,1
23,28,1
23,29,4
23,30,4
24,0,1
24,1,1
24,2,1
24,3,1
24,4,1
24,5,2
24,6,2
24,7,2
24,8,2
24,9,3
24,10,3
24,11,3
24,12,3
24,13,3
24,14,2
24,15,2
24,16,2
24,17,2
24,18,2
24,19,2
24,20,2
24,21,2
24,22,2
24,23,2
24,24,2
24,25,2
24,26,1
24,27,1
24,28,4
24,29,4
24,30,4
25,0,1
25,1,1
25,2,1
25,3,1
25,4,1
25,5,1
25,6,2
25,7,2
25,8,3
25,9,3
25,10,3
25,11,3
25,12,3
25,13,2
25,14,2
25,15,2
25,16,2
25,17,3
25,18,3
25,19,2
25,20,2
25,21,2
25,22,2
25,23,2
25,24,2
25,25,2
25,26,3
25,27,3
25,28,4
25,29,4
25,30,4
26,0,4
26,1,4
26,2,1
26,3,1
26,4,1
26,5,1
26,6,3
26,7,3
26,8,3
26,9,3
26,10,3
26,11,3
26,12,3
26,13,2
26,14,2
26,15,2
26,16,3
26,17,3
26,18,3
26,19,3
26,20,2
26,21,2
26,22,2
26,23,2
26,24,2
26,25,3
26,26,3
26,27,3
26,28,3
26,29,4
26,30,4
27,0,4
27,1,4
27,2,4
27,3,1
27,4,1
27,5,3
27,6,3
27,7,3
27,8,3
27,9,3
27,10,3
27,11,3
27,12,2
27,13,2
27,14,2
27,15,2
27,16,3
27,17,3
27,18,3
27,19,3
27,20,2
27,21,2
27,22,2
27,23,2
27,24,3
27,25,3
27,26,3
27,27,3
27,28,3
27,29,1
27,30,1
28,0,4
28,1,4
28,2,4
28,3,4
28,4,3
28,5,3
28,6,3
28,7,3
28,8,4
28,9,4
28,10,4
28,11,4
28,12,2
28,13,2
28,14,2
28,15,3
28,16,3
28,17,3
28,18,3
28,19,2
28,20,2
28,21,2
28,22,2
28,23,2
28,24,3
28,25,3
28,26,3
28,27,3
28,28,1
28,29,1
28,30,1
29,0,4
29,1,4
29,2,4
29,3,4
29,4,3
29,5,3
29,6,3
29,7,4
29,8,4
29,9,4
29,10,4
29,11,4
29,12,4
29,13,2
29,14,2
29,15,3
29,16,3
29,17,3
29,18,3
29,19,2
29,20,2
29,21,2
29,22,2
29,23,3
29,24,3
29,25,3
29,26,3
29,27,3
29,28,1
29,29,1
29,30,1
30,0,4
30,1,4
30,2,4
30,3,4
30,4,3
30,5,3
30,6,3
30,7,4
30,8,4
30,9,4
30,10,4
30,11,4
30,12,4
30,13,2
30,14,2
30,15,3
30,16,3
30,17,3
30,18,3
30,19,2
30,20,2
30,21,2
30,22,2
30,23,3
30,24,3
30,25,3
30,26,3
30,27,3
30,28,1
30,29,1
30,30,1