2
1
3
0
7,2
22,2
0,1,3
0,0,3
0,1,3
0,2,3
0,3,3
0,4,3
0,5,3
0,6,4
0,7,4
0,8,4
0,9,4
0,10,4
0,11,4
0,12,3
0,13,3
0,14,4
0,15,4
0,16,3
0,17,3
0,18,3
0,19,3
0,20,3
0,21,3
0,22,3
0,23,3
0,24,4
0,25,4
0,26,4
0,27,4
0,28,2
0,29,2
0,30,2
1,0,3
1,1,3
1,2,3
1,3,3
1,4,3
1,5,3
1,6,4
1,7,4
1,8,4
1,9,4
1,10,4
1,11,4
1,12,3
1,13,3
1,14,4
1,15,4
1,16,3
1,17,3
1,18,3
1,19,3
1,20,3
1,21,3
1,22,3
1,23,3
1,24,4
1,25,4
1,26,4
1,27,4
1,28,2
1,29,2
1,30,2
2,0,4
2,1,4
2,2,3
2,3,3
2,4,3
2,5,3
2,6,3
2,7,4
2,8,4
2,9,4
2,10,4
2,11,4
2,12,3
2,13,3
2,14,4
2,15,4
2,16,4
2,17,3
2,18,3
2,19,1
2,20,1
2,21,3
2,22,3
2,23,4
2,24,4
2,25,4
2,26,4
2,27,2
2,28,2
2,29,2
2,30,2
3,0,4
3,1,4
3,2,4
3,3,3
3,4,3
3,5,3
3,6,3
3,7,4
3,8,4
3,9,4
3,10,4
3,11,3
3,12,3
3,13,3
3,14,4
3,15,4
3,16,4
3,17,4
3,18,1
3,19,1
3,20,1
3,21,1
3,22,4
3,23,4
3,24,4
3,25,4
3,26,2
3,27,2
3,28,2
3,29,2
3,30,2
4,0,4
4,1,4
4,2,4
4,3,4
4,4,3
4,5,3
4,6,1
4,7,1
4,8,4
4,9,4
4,10,4
4,11,3
4,12,3
4,13,3
4,14,4
4,15,4
4,16,4
4,17,4
4,18,1
4,19,1
4,20,1
4,21,1
4,22,4
4,23,4
4,24,4
4,25,4
4,26,2
4,27,2
4,28,2
4,29,4
4,30,4
5,0,4
5,1,4
5,2,4
5,3,4
5,4,4
5,5,1
5,6,1
5,7,1
5,8,1
5,9,4
5,10,4
5,11,3
5,12,3
5,13,3
5,14,3
5,15,4
5,16,4
5,17,4
5,18,1
5,19,1
5,20,1
5,21,1
5,22,4
5,23,4
5,24,4
5,25,2
5,26,2
5,27,2
5,28,4
5,29,4
5,30,4
6,0,4
6,1,4
6,2,4
6,3,4
6,4,4
6,5,1
6,6,1
6,7,1
6,8,1
6,9,4
6,10,4
6,11,3
6,12,3
6,13,3
6,14,3
6,15,4
6,16,4
6,17,4
6,18,4
6,19,1
6,20,1
6,21,4
6,22,4
6,23,4
6,24,4
6,25,2
6,26,2
6,27,2
6,28,4
6,29,4
6,30,4
7,0,4
7,1,4
7,2,4
7,3,4
7,4,4
7,5,1
7,6,1
7,7,1
7,8,1
7,9,4
7,10,4
7,11,4
7,12,3
7,13,3
7,14,2
7,15,2
7,16,4
7,17,4
7,18,4
7,19,4
7,20,4
7,21,4
7,22,4
7,23,4
7,24,4
7,25,2
7,26,2
7,27,4
7,28,4
7,29,4
7,30,4
8,0,4
8,1,4
8,2,4
8,3,4
8,4,4
8,5,4
8,6,1
8,7,1
8,8,4
8,9,4
8,10,4
8,11,4
8,12,4
8,13,2
8,14,2
8,15,2
8,16,2
8,17,4
8,18,4
8,19,4
8,20,4
8,21,4
8,22,4
8,23,4
8,24,2
8,25,2
8,26,2
8,27,4
8,28,4
8,29,4
8,30,4
9,0,4
9,1,4
9,2,4
9,3,4
9,4,4
9,5,4
9,6,4
9,7,4
9,8,4
9,9,4
9,10,4
9,11,4
9,12,4
9,13,2
9,14,2
9,15,2
9,16,2
9,17,3
9,18,3
9,19,3
9,20,4
9,21,4
9,22,4
9,23,4
9,24,2
9,25,2
9,26,2
9,27,2
9,28,4
9,29,4
9,30,4
10,0,4
10,1,4
10,2,4
10,3,4
10,4,4
10,5,4
10,6,4
10,7,4
10,8,4
10,9,4
10,10,4
10,11,4
10,12,4
10,13,4
10,14,2
10,15,2
10,16,3
10,17,3
10,18,3
10,19,3
10,20,3
10,21,4
10,22,4
10,23,1
10,24,1
10,25,2
10,26,2
10,27,2
10,28,2
10,29,4
10,30,4
11,0,4
11,1,4
11,2,4
11,3,4
11,4,4
11,5,4
11,6,4
11,7,4
11,8,1
11,9,1
11,10,4
11,11,4
11,12,4
11,13,4
11,14,4
11,15,3
11,16,3
11,17,3
11,18,3
11,19,3
11,20,3
11,21,1
11,22,1
11,23,1
11,24,1
11,25,1
11,26,2
11,27,2
11,28,2
11,29,1
11,30,1
12,0,4
12,1,4
12,2,4
12,3,4
12,4,4
12,5,4
12,6,4
12,7,1
12,8,1
12,9,1
12,10,1
12,11,4
12,12,4
12,13,4
12,14,4
12,15,3
12,16,3
12,17,3
12,18,3
12,19,3
12,20,1
12,21,1
12,22,1
12,23,1
12,24,1
12,25,1
12,26,2
12,27,2
12,28,1
12,29,1
12,30,1
13,0,4
13,1,4
13,2,4
13,3,4
13,4,4
13,5,4
13,6,4
13,7,1
13,8,1
13,9,1
13,10,1
13,11,1
13,12,4
13,13,4
13,14,1
13,15,1
13,16,3
13,17,3
13,18,3
13,19,3
13,20,1
13,21,1
13,22,1
13,23,1
13,24,1
13,25,2
13,26,2
13,27,2
13,28,1
13,29,1
13,30,1
14,0,4
14,1,4
14,2,4
14,3,4
14,4,4
14,5,4
14,6,4
14,7,1
14,8,1
14,9,1
14,10,1
14,11,1
14,12,1
14,13,1
14,14,1
14,15,1
14,16,1
14,17,3
14,18,3
14,19,1
14,20,1
14,21,1
14,22,1
14,23,4
14,24,4
14,25,2
14,26,2
14,27,2
14,28,2
14,29,1
14,30,1
15,0,4
15,1,4
15,2,4
15,3,4
15,4,4
15,5,4
15,6,4
15,7,1
15,8,1
15,9,1
15,10,1
15,11,1
15,12,1
15,13,1
15,14,1
15,15,1
15,16,1
15,17,1
15,18,1
15,19,1
15,20,1
15,21,1
15,22,4
15,23,4
15,24,4
15,25,4
15,26,2
15,27,2
15,28,2
15,29,2
15,30,2
16,0,4
16,1,4
16,2,3
16,3,3
16,4,4
16,5,4
16,6,1
16,7,1
16,8,1
16,9,1
16,10,1
16,11,1
16,12,2
16,13,2
16,14,1
16,15,1
16,16,1
16,17,1
16,18,1
16,19,1
16,20,1
16,21,1
16,22,4
16,23,4
16,24,4
16,25,4
16,26,4
16,27,2
16,28,2
16,29,2
16,30,2
17,0,3
17,1,3
17,2,3
17,3,3
17,4,3
17,5,1
17,6,1
17,7,1
17,8,1
17,9,1
17,10,1
17,11,2
17,12,2
17,13,2
17,14,2
17,15,2
17,16,2
17,17,2
17,18,2
17,19,1
17,20,1
17,21,3
17,22,3
17,23,4
17,24,4
17,25,4
17,26,4
17,27,4
17,28,4
17,29,4
17,30,4
18,0,3
18,1,3
18,2,3
18,3,3
18,4,3
18,5,1
18,6,1
18,7,1
18,8,1
18,9,1
18,10,1
18,11,2
18,12,2
18,13,2
18,14,2
18,15,2
18,16,2
18,17,2
18,18,2
18,19,2
18,20,3
18,21,3
18,22,3
18,23,3
18,24,4
18,25,4
18,26,4
18,27,4
18,28,4
18,29,4
18,30,4
19,0,2
19,1,2
19,2,3
19,3,3
19,4,2
19,5,2
19,6,1
19,7,1
19,8,1
19,9,1
19,10,1
19,11,1
19,12,2
19,13,2
19,14,2
19,15,2
19,16,2
19,17,2
19,18,2
19,19,2
19,20,3
19,21,3
19,22,3
19,23,3
19,24,2
19,25,2
19,26,4
19,27,4
19,28,4
19,29,4
19,30,4
20,0,2
20,1,2
20,2,2
20,3,2
20,4,2
20,5,2
20,6,2
20,7,1
20,8,1
20,9,1
20,10,1
20,11,1
20,12,1
20,13,1
20,14,1
20,15,1
20,16,1
20,17,2
20,18,2
20,19,1
20,20,1
20,21,3
20,22,3
20,23,2
20,24,2
20,25,2
20,26,2
20,27,2
20,28,2
20,29,2
20,30,2
21,0,2
21,1,2
21,2,2
21,3,2
21,4,2
21,5,2
21,6,2
21,7,1
21,8,1
21,9,1
21,10,1
21,11,1
21,12,1
21,13,1
21,14,1
21,15,1
21,16,1
21,17,1
21,18,1
21,19,1
21,20,1
21,21,1
21,22,2
21,23,2
21,24,2
21,25,2
21,26,2
21,27,2
21,28,2
21,29,2
21,30,2
22,0,2
22,1,2
22,2,2
22,3,2
22,4,2
22,5,2
22,6,1
22,7,1
22,8,1
22,9,1
22,10,3
22,11,3
22,12,3
22,13,3
22,14,3
22,15,1
22,16,1
22,17,1
22,18,1
22,19,1
22,20,1
22,21,1
22,22,2
22,23,2
22,24,2
22,25,1
22,26,1
22,27,1
22,28,1
22,29,1
22,30,1
23,0,2
23,1,2
23,2,2
23,3,2
23,4,2
23,5,2
23,6,1
23,7,1
23,8,1
23,9,3
23,10,3
23,11,3
23,12,3
23,13,3
23,14,3
23,15,3
23,16,1
23,17,1
23,18,1
23,19,1
23,20,1
23,21,2
23,22,2
23,23,2
23,24,1
23,25,1
23,26,1
23,27,1
23,28,1
23,29,1
23,30,1
24,0,2
24,1,2
24,2,2
24,3,2
24,4,2
24,5,1
24,6,1
24,7,1
24,8,1
24,9,3
24,10,3
24,11,3
24,12,3
24,13,3
24,14,3
24,15,3
24,16,3
24,17,1
24,18,1
24,19,4
24,20,4
24,21,2
24,22,2
24,23,2
24,24,1
24,25,1
24,26,1
24,27,1
24,28,1
24,29,1
24,30,1
25,0,3
25,1,3
25,2,3
25,3,3
25,4,3
25,5,1
25,6,1
25,7,1
25,8,1
25,9,3
25,10,3
25,11,3
25,12,3
25,13,3
25,14,3
25,15,3
25,16,3
25,17,3
25,18,4
25,19,4
25,20,4
25,21,4
25,22,2
25,23,2
25,24,1
25,25,1
25,26,1
25,27,1
25,28,1
25,29,2
25,30,2
26,0,3
26,1,3
26,2,3
26,3,3
26,4,3
26,5,3
26,6,1
26,7,1
26,8,3
26,9,3
26,10,3
26,11,3
26,12,3
26,13,3
26,14,3
26,15,3
26,16,3
26,17,3
26,18,4
26,19,4
26,20,4
26,21,4
26,22,2
26,23,2
26,24,2
26,25,1
26,26,1
26,27,1
26,28,2
26,29,2
26,30,2
27,0,3
27,1,3
27,2,3
27,3,3
27,4,3
27,5,3
27,6,3
27,7,3
27,8,3
27,9,3
27,10,3
27,11,3
27,12,3
27,13,3
27,14,3
27,15,3
27,16,3
27,17,1
27,18,1
27,19,4
27,20,4
27,21,2
27,22,2
27,23,2
27,24,2
27,25,3
27,26,3
27,27,3
27,28,2
27,29,2
27,30,2
28,0,3
28,1,3
28,2,2
28,3,2
28,4,3
28,5,3
28,6,3
28,7,3
28,8,3
28,9,3
28,10,3
28,11,3
28,12,2
28,13,2
28,14,3
28,15,3
28,16,1
28,17,1
28,18,1
28,19,1
28,20,2
28,21,2
28,22,2
28,23,2
28,24,3
28,25,3
28,26,3
28,27,3
28,28,3
28,29,2
28,30,2
29,0,2
29,1,2
29,2,2
29,3,2
29,4,2
29,5,2
29,6,2
29,7,2
29,8,2
29,9,2
29,10,2
29,11,2
29,12,2
29,13,2
29,14,2
29,15,1
29,16,1
29,17,1
29,18,1
29,19,1
29,20,2
29,21,2
29,22,2
29,23,3
29,24,3
29,25,3
29,26,3
29,27,3
29,28,3
29,29,2
29,30,2
30,0,2
30,1,2
30,2,2
30,3,2
30,4,2
30,5,2
30,6,2
30,7,2
30,8,2
30,9,2
30,10,2
30,11,2
30,12,2
30,13,2
30,14,2
30,15,1
30,16,1
30,17,1
30,18,1
30,19,1
30,20,2
30,21,2
30,22,2
30,23,3
30,24,3
30,25,3
30,26,3
30,27,3
30,28,3
30,29,2
30,30,2