2
1
2
1
7,17
7,27
0,1,2
0,0,4
0,1,4
0,2,4
0,3,4
0,4,4
0,5,1
0,6,1
0,7,3
0,8,3
0,9,3
0,10,3
0,11,1
0,12,1
0,13,1
0,14,1
0,15,2
0,16,2
0,17,4
0,18,4
0,19,4
0,20,2
0,21,2
0,22,2
0,23,2
0,24,2
0,25,4
0,26,4
0,27,4
0,28,4
0,29,4
0,30,4
1,0,4
1,1,4
1,2,4
1,3,4
1,4,4
1,5,1
1,6,1
1,7,3
1,8,3
1,9,3
1,10,3
1,11,1
1,12,1
1,13,1
1,14,1
1,15,2
1,16,2
1,17,4
1,18,4
1,19,4
1,20,2
1,21,2
1,22,2
1,23,2
1,24,2
1,25,4
1,26,4
1,27,4
1,28,4
1,29,4
1,30,4
2,0,4
2,1,4
2,2,4
2,3,4
2,4,4
2,5,1
2,6,1
2,7,3
2,8,3
2,9,3
2,10,1
2,11,1
2,12,1
2,13,1
2,14,2
2,15,2
2,16,2
2,17,4
2,18,4
2,19,2
2,20,2
2,21,2
2,22,2
2,23,2
2,24,2
2,25,4
2,26,4
2,27,4
2,28,4
2,29,4
2,30,4
3,0,4
3,1,4
3,2,4
3,3,4
3,4,1
3,5,1
3,6,1
3,7,1
3,8,3
3,9,3
3,10,1
3,11,1
3,12,1
3,13,2
3,14,2
3,15,2
3,16,2
3,17,4
3,18,4
3,19,2
3,20,2
3,21,2
3,22,2
3,23,2
3,24,2
3,25,4
3,26,4
3,27,4
3,28,4
3,29,2
3,30,2
4,0,4
4,1,4
4,2,4
4,3,4
4,4,1
4,5,1
4,6,1
4,7,1
4,8,3
4,9,3
4,10,3
4,11,1
4,12,1
4,13,2
4,14,2
4,15,2
4,16,4
4,17,4
4,18,4
4,19,4
4,20,2
4,21,2
4,22,2
4,23,2
4,24,2
4,25,2
4,26,4
4,27,4
4,28,2
4,29,2
4,30,2
5,0,4
5,1,4
5,2,4
5,3,4
5,4,1
5,5,1
5,6,1
5,7,1
5,8,3
5,9,3
5,10,3
5,11,1
5,12,1
5,13,2
5,14,2
5,15,4
5,16,4
5,17,4
5,18,4
5,19,4
5,20,4
5,21,4
5,22,4
5,23,2
5,24,2
5,25,2
5,26,2
5,27,2
5,28,2
5,29,2
5,30,2
6,0,4
6,1,4
6,2,4
6,3,1
6,4,1
6,5,1
6,6,1
6,7,1
6,8,1
6,9,3
6,10,3
6,11,1
6,12,1
6,13,2
6,14,2
6,15,4
6,16,4
6,17,4
6,18,4
6,19,4
6,20,4
6,21,4
6,22,4
6,23,4
6,24,2
6,25,2
6,26,2
6,27,2
6,28,2
6,29,2
6,30,2
7,0,1
7,1,1
7,2,1
7,3,1
7,4,1
7,5,1
7,6,1
7,7,1
7,8,1
7,9,3
7,10,3
7,11,1
7,12,1
7,13,2
7,14,2
7,15,4
7,16,4
7,17,4
7,18,4
7,19,4
7,20,4
7,21,4
7,22,4
7,23,4
7,24,4
7,25,2
7,26,2
7,27,2
7,28,2
7,29,2
7,30,2
8,0,1
8,1,1
8,2,1
8,3,1
8,4,1
8,5,1
8,6,1
8,7,1
8,8,1
8,9,3
8,10,3
8,11,1
8,12,1
8,13,2
8,14,2
8,15,4
8,16,4
8,17,4
8,18,4
8,19,4
8,20,4
8,21,4
8,22,4
8,23,4
8,24,4
8,25,2
8,26,2
8,27,2
8,28,2
8,29,2
8,30,2
9,0,3
9,1,3
9,2,3
9,3,3
9,4,3
9,5,3
9,6,1
9,7,1
9,8,3
9,9,3
9,10,3
9,11,1
9,12,1
9,13,2
9,14,2
9,15,4
9,16,4
9,17,4
9,18,4
9,19,4
9,20,2
9,21,2
9,22,4
9,23,4
9,24,4
9,25,2
9,26,2
9,27,2
9,28,2
9,29,2
9,30,2
10,0,3
10,1,3
10,2,3
10,3,3
10,4,3
10,5,3
10,6,3
10,7,3
10,8,3
10,9,3
10,10,3
10,11,1
10,12,1
10,13,2
10,14,2
10,15,2
10,16,4
10,17,4
10,18,2
10,19,2
10,20,2
10,21,2
10,22,2
10,23,4
10,24,4
10,25,2
10,26,2
10,27,2
10,28,2
10,29,2
10,30,2
11,0,4
11,1,4
11,2,4
11,3,4
11,4,3
11,5,3
11,6,3
11,7,3
11,8,3
11,9,3
11,10,3
11,11,1
11,12,1
11,13,2
11,14,2
11,15,2
11,16,2
11,17,2
11,18,2
11,19,2
11,20,2
11,21,2
11,22,2
11,23,4
11,24,4
11,25,2
11,26,2
11,27,2
11,28,2
11,29,2
11,30,2
12,0,4
12,1,4
12,2,4
12,3,4
12,4,4
12,5,3
12,6,3
12,7,3
12,8,3
12,9,3
12,10,1
12,11,1
12,12,1
12,13,1
12,14,2
12,15,2
12,16,2
12,17,2
12,18,2
12,19,2
12,20,2
12,21,2
12,22,4
12,23,4
12,24,4
12,25,2
12,26,2
12,27,2
12,28,2
12,29,1
12,30,1
13,0,4
13,1,4
13,2,4
13,3,4
13,4,4
13,5,4
13,6,4
13,7,4
13,8,4
13,9,4
13,10,1
13,11,1
13,12,1
13,13,1
13,14,2
13,15,2
13,16,2
13,17,2
13,18,2
13,19,4
13,20,4
13,21,4
13,22,4
13,23,4
13,24,4
13,25,4
13,26,2
13,27,2
13,28,1
13,29,1
13,30,1
14,0,4
14,1,4
14,2,4
14,3,4
14,4,4
14,5,4
14,6,4
14,7,4
14,8,4
14,9,4
14,10,4
14,11,1
14,12,1
14,13,4
14,14,4
14,15,2
14,16,2
14,17,4
14,18,4
14,19,4
14,20,4
14,21,4
14,22,4
14,23,4
14,24,4
14,25,4
14,26,4
14,27,4
14,28,1
14,29,1
14,30,1
15,0,4
15,1,4
15,2,1
15,3,1
15,4,4
15,5,4
15,6,2
15,7,2
15,8,4
15,9,4
15,10,4
15,11,4
15,12,4
15,13,4
15,14,4
15,15,4
15,16,4
15,17,4
15,18,4
15,19,4
15,20,4
15,21,4
15,22,4
15,23,4
15,24,4
15,25,4
15,26,4
15,27,4
15,28,4
15,29,1
15,30,1
16,0,1
16,1,1
16,2,1
16,3,1
16,4,1
16,5,2
16,6,2
16,7,2
16,8,2
16,9,4
16,10,4
16,11,4
16,12,4
16,13,4
16,14,4
16,15,4
16,16,4
16,17,4
16,18,4
16,19,4
16,20,4
16,21,4
16,22,4
16,23,4
16,24,4
16,25,4
16,26,4
16,27,4
16,28,4
16,29,4
16,30,4
17,0,1
17,1,1
17,2,1
17,3,1
17,4,1
17,5,2
17,6,2
17,7,2
17,8,2
17,9,2
17,10,2
17,11,2
17,12,2
17,13,2
17,14,2
17,15,4
17,16,4
17,17,4
17,18,2
17,19,2
17,20,4
17,21,4
17,22,4
17,23,4
17,24,4
17,25,4
17,26,4
17,27,4
17,28,4
17,29,4
17,30,4
18,0,1
18,1,1
18,2,1
18,3,1
18,4,3
18,5,3
18,6,2
18,7,2
18,8,2
18,9,2
18,10,2
18,11,2
18,12,2
18,13,2
18,14,2
18,15,2
18,16,2
18,17,2
18,18,2
18,19,2
18,20,2
18,21,2
18,22,2
18,23,2
18,24,4
18,25,4
18,26,1
18,27,1
18,28,4
18,29,4
18,30,4
19,0,1
19,1,1
19,2,1
19,3,3
19,4,3
19,5,3
19,6,3
19,7,3
19,8,3
19,9,2
19,10,2
19,11,4
19,12,4
19,13,2
19,14,2
19,15,2
19,16,2
19,17,2
19,18,2
19,19,2
19,20,2
19,21,2
19,22,2
19,23,2
19,24,2
19,25,1
19,26,1
19,27,1
19,28,1
19,29,1
19,30,1
20,0,2
20,1,2
20,2,2
20,3,3
20,4,3
20,5,3
20,6,3
20,7,3
20,8,3
20,9,3
20,10,4
20,11,4
20,12,4
20,13,4
20,14,2
20,15,2
20,16,2
20,17,4
20,18,4
20,19,4
20,20,4
20,21,2
20,22,2
20,23,2
20,24,2
20,25,1
20,26,1
20,27,1
20,28,1
20,29,1
20,30,1
21,0,2
21,1,2
21,2,2
21,3,2
21,4,3
21,5,3
21,6,3
21,7,3
21,8,3
21,9,3
21,10,4
21,11,4
21,12,4
21,13,4
21,14,2
21,15,2
21,16,4
21,17,4
21,18,4
21,19,4
21,20,4
21,21,4
21,22,2
21,23,2
21,24,2
21,25,1
21,26,1
21,27,1
21,28,1
21,29,1
21,30,1
22,0,2
22,1,2
22,2,2
22,3,2
22,4,1
22,5,1
22,6,1
22,7,3
22,8,3
22,9,1
22,10,1
22,11,4
22,12,4
22,13,2
22,14,2
22,15,2
22,16,4
22,17,4
22,18,4
22,19,4
22,20,4
22,21,4
22,22,2
22,23,2
22,24,2
22,25,1
22,26,1
22,27,1
22,28,1
22,29,1
22,30,1
23,0,2
23,1,2
23,2,2
23,3,1
23,4,1
23,5,1
23,6,1
23,7,1
23,8,1
23,9,1
23,10,1
23,11,1
23,12,1
23,13,2
23,14,2
23,15,2
23,16,4
23,17,4
23,18,4
23,19,4
23,20,4
23,21,2
23,22,2
23,23,2
23,24,2
23,25,1
23,26,1
23,27,1
23,28,1
23,29,1
23,30,1
24,0,1
24,1,1
24,2,1
24,3,1
24,4,1
24,5,1
24,6,1
24,7,1
24,8,1
24,9,1
24,10,1
24,11,1
24,12,1
24,13,1
24,14,2
24,15,2
24,16,2
24,17,4
24,18,4
24,19,2
24,20,2
24,21,2
24,22,2
24,23,2
24,24,1
24,25,1
24,26,1
24,27,1
24,28,1
24,29,1
24,30,1
25,0,1
25,1,1
25,2,1
25,3,1
25,4,1
25,5,1
25,6,3
25,7,3
25,8,1
25,9,1
25,10,1
25,11,1
25,12,1
25,13,1
25,14,2
25,15,2
25,16,2
25,17,2
25,18,2
25,19,2
25,20,2
25,21,2
25,22,2
25,23,1
25,24,1
25,25,1
25,26,1
25,27,3
25,28,3
25,29,1
25,30,1
26,0,1
26,1,1
26,2,1
26,3,1
26,4,1
26,5,3
26,6,3
26,7,3
26,8,3
26,9,1
26,10,1
26,11,1
26,12,1
26,13,1
26,14,1
26,15,2
26,16,2
26,17,2
26,18,2
26,19,2
26,20,2
26,21,2
26,22,1
26,23,1
26,24,1
26,25,1
26,26,3
26,27,3
26,28,3
26,29,3
26,30,3
27,0,1
27,1,1
27,2,1
27,3,4
27,4,4
27,5,3
27,6,3
27,7,3
27,8,3
27,9,2
27,10,2
27,11,1
27,12,1
27,13,1
27,14,1
27,15,4
27,16,4
27,17,4
27,18,2
27,19,2
27,20,2
27,21,1
27,22,1
27,23,1
27,24,1
27,25,1
27,26,3
27,27,3
27,28,3
27,29,3
27,30,3
28,0,1
28,1,1
28,2,4
28,3,4
28,4,4
28,5,4
28,6,3
28,7,3
28,8,2
28,9,2
28,10,2
28,11,2
28,12,1
28,13,1
28,14,4
28,15,4
28,16,4
28,17,4
28,18,4
28,19,2
28,20,2
28,21,1
28,22,1
28,23,1
28,24,1
28,25,1
28,26,3
28,27,3
28,28,3
28,29,3
28,30,3
29,0,1
29,1,1
29,2,4
29,3,4
29,4,4
29,5,4
29,6,4
29,7,2
29,8,2
29,9,2
29,10,2
29,11,2
29,12,1
29,13,1
29,14,4
29,15,4
29,16,4
29,17,4
29,18,4
29,19,2
29,20,2
29,21,2
29,22,1
29,23,1
29,24,1
29,25,3
29,26,3
29,27,3
29,28,3
29,29,3
29,30,3
30,0,1
30,1,1
30,2,4
30,3,4
30,4,4
30,5,4
30,6,4
30,7,2
30,8,2
30,9,2
30,10,2
30,11,2
30,12,1
30,13,1
30,14,4
30,15,4
30,16,4
30,17,4
30,18,4
30,19,2
30,20,2
30,21,2
30,22,1
30,23,1
30,24,1
30,25,3
30,26,3
30,27,3
30,28,3
30,29,3
30,30,3