2
1
1
0
2,12
17,27
0,1,1
0,0,4
0,1,4
0,2,4
0,3,4
0,4,4
0,5,1
0,6,1
0,7,3
0,8,3
0,9,3
0,10,4
0,11,4
0,12,4
0,13,4
0,14,4
0,15,4
0,16,3
0,17,3
0,18,4
0,19,4
0,20,4
0,21,4
0,22,4
0,23,4
0,24,1
0,25,1
0,26,1
0,27,1
0,28,4
0,29,4
0,30,4
1,0,4
1,1,4
1,2,4
1,3,4
1,4,4
1,5,1
1,6,1
1,7,3
1,8,3
1,9,3
1,10,4
1,11,4
1,12,4
1,13,4
1,14,4
1,15,4
1,16,3
1,17,3
1,18,4
1,19,4
1,20,4
1,21,4
1,22,4
1,23,4
1,24,1
1,25,1
1,26,1
1,27,1
1,28,4
1,29,4
1,30,4
2,0,4
2,1,4
2,2,4
2,3,4
2,4,1
2,5,1
2,6,1
2,7,3
2,8,3
2,9,3
2,10,4
2,11,4
2,12,4
2,13,4
2,14,4
2,15,3
2,16,3
2,17,3
2,18,3
2,19,4
2,20,4
2,21,4
2,22,4
2,23,1
2,24,1
2,25,1
2,26,1
2,27,1
2,28,4
2,29,4
2,30,4
3,0,4
3,1,4
3,2,4
3,3,1
3,4,1
3,5,1
3,6,1
3,7,3
3,8,3
3,9,3
3,10,4
3,11,4
3,12,4
3,13,4
3,14,4
3,15,3
3,16,3
3,17,3
3,18,3
3,19,2
3,20,2
3,21,2
3,22,2
3,23,1
3,24,1
3,25,1
3,26,1
3,27,4
3,28,4
3,29,4
3,30,4
4,0,4
4,1,4
4,2,4
4,3,1
4,4,1
4,5,1
4,6,3
4,7,3
4,8,3
4,9,3
4,10,4
4,11,4
4,12,4
4,13,4
4,14,4
4,15,4
4,16,3
4,17,3
4,18,2
4,19,2
4,20,2
4,21,2
4,22,2
4,23,2
4,24,1
4,25,1
4,26,4
4,27,4
4,28,4
4,29,4
4,30,4
5,0,4
5,1,4
5,2,4
5,3,1
5,4,1
5,5,3
5,6,3
5,7,3
5,8,3
5,9,2
5,10,2
5,11,4
5,12,4
5,13,4
5,14,4
5,15,4
5,16,4
5,17,4
5,18,2
5,19,2
5,20,2
5,21,2
5,22,2
5,23,2
5,24,4
5,25,4
5,26,4
5,27,4
5,28,4
5,29,1
5,30,1
6,0,4
6,1,4
6,2,4
6,3,1
6,4,1
6,5,3
6,6,3
6,7,3
6,8,2
6,9,2
6,10,2
6,11,2
6,12,2
6,13,4
6,14,4
6,15,4
6,16,4
6,17,4
6,18,4
6,19,2
6,20,2
6,21,2
6,22,2
6,23,4
6,24,4
6,25,4
6,26,4
6,27,4
6,28,1
6,29,1
6,30,1
7,0,4
7,1,4
7,2,1
7,3,1
7,4,1
7,5,3
7,6,3
7,7,2
7,8,2
7,9,2
7,10,2
7,11,2
7,12,2
7,13,2
7,14,4
7,15,4
7,16,4
7,17,4
7,18,4
7,19,4
7,20,4
7,21,4
7,22,4
7,23,4
7,24,4
7,25,4
7,26,4
7,27,4
7,28,1
7,29,1
7,30,1
8,0,4
8,1,4
8,2,1
8,3,1
8,4,1
8,5,3
8,6,3
8,7,2
8,8,2
8,9,2
8,10,2
8,11,2
8,12,2
8,13,2
8,14,4
8,15,4
8,16,4
8,17,4
8,18,4
8,19,4
8,20,4
8,21,4
8,22,4
8,23,4
8,24,4
8,25,4
8,26,4
8,27,2
8,28,2
8,29,1
8,30,1
9,0,4
9,1,4
9,2,1
9,3,1
9,4,3
9,5,3
9,6,3
9,7,3
9,8,2
9,9,2
9,10,2
9,11,2
9,12,2
9,13,2
9,14,4
9,15,4
9,16,4
9,17,2
9,18,2
9,19,2
9,20,4
9,21,4
9,22,1
9,23,1
9,24,4
9,25,4
9,26,2
9,27,2
9,28,2
9,29,2
9,30,2
10,0,4
10,1,4
10,2,1
10,3,1
10,4,3
10,5,3
10,6,3
10,7,3
10,8,4
10,9,4
10,10,2
10,11,2
10,12,2
10,13,2
10,14,4
10,15,4
10,16,2
10,17,2
10,18,2
10,19,2
10,20,2
10,21,1
10,22,1
10,23,1
10,24,1
10,25,2
10,26,2
10,27,2
10,28,2
10,29,2
10,30,2
11,0,4
11,1,4
11,2,1
11,3,1
11,4,1
11,5,3
11,6,3
11,7,4
11,8,4
11,9,4
11,10,4
11,11,2
11,12,2
11,13,2
11,14,4
11,15,4
11,16,2
11,17,2
11,18,2
11,19,2
11,20,2
11,21,1
11,22,1
11,23,1
11,24,1
11,25,2
11,26,2
11,27,2
11,28,2
11,29,1
11,30,1
12,0,4
12,1,4
12,2,1
12,3,1
12,4,1
12,5,1
12,6,4
12,7,4
12,8,4
12,9,4
12,10,4
12,11,2
12,12,2
12,13,4
12,14,4
12,15,4
12,16,2
12,17,2
12,18,2
12,19,2
12,20,4
12,21,4
12,22,1
12,23,1
12,24,3
12,25,3
12,26,2
12,27,2
12,28,1
12,29,1
12,30,1
13,0,4
13,1,4
13,2,1
13,3,1
13,4,1
13,5,1
13,6,4
13,7,4
13,8,4
13,9,4
13,10,2
13,11,2
13,12,2
13,13,4
13,14,4
13,15,4
13,16,4
13,17,2
13,18,2
13,19,4
13,20,4
13,21,4
13,22,4
13,23,3
13,24,3
13,25,3
13,26,3
13,27,3
13,28,1
13,29,1
13,30,1
14,0,4
14,1,4
14,2,1
14,3,1
14,4,1
14,5,1
14,6,4
14,7,4
14,8,4
14,9,4
14,10,2
14,11,2
14,12,2
14,13,2
14,14,4
14,15,4
14,16,4
14,17,3
14,18,3
14,19,4
14,20,4
14,21,4
14,22,4
14,23,3
14,24,3
14,25,3
14,26,3
14,27,3
14,28,3
14,29,1
14,30,1
15,0,4
15,1,4
15,2,1
15,3,1
15,4,1
15,5,1
15,6,4
15,7,4
15,8,4
15,9,3
15,10,3
15,11,2
15,12,2
15,13,2
15,14,4
15,15,4
15,16,3
15,17,3
15,18,3
15,19,3
15,20,4
15,21,4
15,22,3
15,23,3
15,24,3
15,25,3
15,26,3
15,27,3
15,28,3
15,29,3
15,30,3
16,0,4
16,1,4
16,2,4
16,3,1
16,4,1
16,5,4
16,6,4
16,7,4
16,8,3
16,9,3
16,10,3
16,11,3
16,12,2
16,13,2
16,14,4
16,15,4
16,16,3
16,17,3
16,18,3
16,19,3
16,20,4
16,21,4
16,22,3
16,23,3
16,24,3
16,25,3
16,26,3
16,27,3
16,28,3
16,29,3
16,30,3
17,0,4
17,1,4
17,2,4
17,3,2
17,4,2
17,5,4
17,6,4
17,7,4
17,8,3
17,9,3
17,10,3
17,11,3
17,12,2
17,13,2
17,14,4
17,15,4
17,16,3
17,17,3
17,18,3
17,19,4
17,20,4
17,21,4
17,22,3
17,23,3
17,24,3
17,25,3
17,26,3
17,27,3
17,28,3
17,29,3
17,30,3
18,0,4
18,1,4
18,2,2
18,3,2
18,4,2
18,5,2
18,6,4
18,7,4
18,8,4
18,9,3
18,10,3
18,11,2
18,12,2
18,13,2
18,14,4
18,15,4
18,16,3
18,17,3
18,18,4
18,19,4
18,20,4
18,21,4
18,22,3
18,23,3
18,24,3
18,25,3
18,26,3
18,27,3
18,28,3
18,29,3
18,30,3
19,0,4
19,1,4
19,2,2
19,3,2
19,4,2
19,5,2
19,6,4
19,7,4
19,8,4
19,9,4
19,10,4
19,11,2
19,12,2
19,13,2
19,14,4
19,15,4
19,16,3
19,17,3
19,18,4
19,19,4
19,20,4
19,21,1
19,22,1
19,23,3
19,24,3
19,25,3
19,26,3
19,27,3
19,28,3
19,29,3
19,30,3
20,0,4
20,1,4
20,2,4
20,3,2
20,4,2
20,5,3
20,6,3
20,7,4
20,8,4
20,9,4
20,10,4
20,11,4
20,12,2
20,13,2
20,14,4
20,15,4
20,16,3
20,17,3
20,18,4
20,19,4
20,20,1
20,21,1
20,22,1
20,23,1
20,24,1
20,25,1
20,26,1
20,27,1
20,28,1
20,29,1
20,30,1
21,0,4
21,1,4
21,2,4
21,3,3
21,4,3
21,5,3
21,6,3
21,7,3
21,8,4
21,9,4
21,10,4
21,11,4
21,12,2
21,13,2
21,14,4
21,15,4
21,16,3
21,17,3
21,18,4
21,19,4
21,20,1
21,21,1
21,22,1
21,23,1
21,24,1
21,25,1
21,26,1
21,27,1
21,28,1
21,29,1
21,30,1
22,0,4
22,1,4
22,2,3
22,3,3
22,4,3
22,5,3
22,6,3
22,7,3
22,8,3
22,9,4
22,10,4
22,11,2
22,12,2
22,13,2
22,14,4
22,15,4
22,16,3
22,17,3
22,18,4
22,19,4
22,20,4
22,21,1
22,22,1
22,23,1
22,24,1
22,25,4
22,26,4
22,27,4
22,28,4
22,29,4
22,30,4
23,0,4
23,1,4
23,2,3
23,3,3
23,4,3
23,5,3
23,6,3
23,7,3
23,8,3
23,9,3
23,10,3
23,11,2
23,12,2
23,13,2
23,14,4
23,15,4
23,16,3
23,17,3
23,18,4
23,19,4
23,20,4
23,21,4
23,22,4
23,23,4
23,24,4
23,25,4
23,26,4
23,27,4
23,28,4
23,29,4
23,30,4
24,0,4
24,1,4
24,2,4
24,3,3
24,4,3
24,5,2
24,6,2
24,7,3
24,8,3
24,9,3
24,10,3
24,11,3
24,12,2
24,13,2
24,14,4
24,15,4
24,16,3
24,17,3
24,18,4
24,19,4
24,20,4
24,21,4
24,22,4
24,23,4
24,24,4
24,25,4
24,26,4
24,27,3
24,28,3
24,29,4
24,30,4
25,0,4
25,1,4
25,2,4
25,3,4
25,4,2
25,5,2
25,6,2
25,7,2
25,8,3
25,9,3
25,10,3
25,11,3
25,12,2
25,13,2
25,14,4
25,15,4
25,16,3
25,17,3
25,18,3
25,19,4
25,20,4
25,21,4
25,22,2
25,23,2
25,24,4
25,25,4
25,26,3
25,27,3
25,28,3
25,29,3
25,30,3
26,0,4
26,1,4
26,2,4
26,3,4
26,4,2
26,5,2
26,6,2
26,7,2
26,8,3
26,9,3
26,10,3
26,11,3
26,12,2
26,13,2
26,14,4
26,15,4
26,16,3
26,17,3
26,18,3
26,19,2
26,20,2
26,21,2
26,22,2
26,23,2
26,24,2
26,25,2
26,26,3
26,27,3
26,28,3
26,29,3
26,30,3
27,0,4
27,1,4
27,2,4
27,3,4
27,4,4
27,5,2
27,6,2
27,7,1
27,8,1
27,9,3
27,10,3
27,11,2
27,12,2
27,13,2
27,14,4
27,15,4
27,16,3
27,17,3
27,18,2
27,19,2
27,20,2
27,21,2
27,22,2
27,23,2
27,24,2
27,25,2
27,26,2
27,27,3
27,28,3
27,29,3
27,30,3
28,0,4
28,1,4
28,2,4
28,3,4
28,4,4
28,5,4
28,6,1
28,7,1
28,8,1
28,9,1
28,10,2
28,11,2
28,12,2
28,13,2
28,14,4
28,15,4
28,16,3
28,17,3
28,18,2
28,19,2
28,20,2
28,21,4
28,22,4
28,23,4
28,24,2
28,25,2
28,26,2
28,27,2
28,28,3
28,29,3
28,30,3
29,0,4
29,1,4
29,2,4
29,3,4
29,4,4
29,5,4
29,6,1
29,7,1
29,8,1
29,9,1
29,10,2
29,11,2
29,12,2
29,13,4
29,14,4
29,15,4
29,16,3
29,17,3
29,18,2
29,19,2
29,20,4
29,21,4
29,22,4
29,23,4
29,24,4
29,25,2
29,26,2
29,27,2
29,28,2
29,29,2
29,30,2
30,0,4
30,1,4
30,2,4
30,3,4
30,4,4
30,5,4
30,6,1
30,7,1
30,8,1
30,9,1
30,10,2
30,11,2
30,12,2
30,13,4
30,14,4
30,15,4
30,16,3
30,17,3
30,18,2
30,19,2
30,20,4
30,21,4
30,22,4
30,23,4
30,24,4
30,25,2
30,26,2
30,27,2
30,28,2
30,29,2
30,30,2