2
1
1
1
2,17
12,27
0,1,1
0,0,4
0,1,4
0,2,1
0,3,1
0,4,1
0,5,1
0,6,4
0,7,4
0,8,2
0,9,2
0,10,4
0,11,4
0,12,4
0,13,3
0,14,3
0,15,3
0,16,3
0,17,3
0,18,3
0,19,3
0,20,3
0,21,3
0,22,1
0,23,1
0,24,4
0,25,4
0,26,4
0,27,4
0,28,4
0,29,4
0,30,4
1,0,4
1,1,4
1,2,1
1,3,1
1,4,1
1,5,1
1,6,4
1,7,4
1,8,2
1,9,2
1,10,4
1,11,4
1,12,4
1,13,3
1,14,3
1,15,3
1,16,3
1,17,3
1,18,3
1,19,3
1,20,3
1,21,3
1,22,1
1,23,1
1,24,4
1,25,4
1,26,4
1,27,4
1,28,4
1,29,4
1,30,4
2,0,4
2,1,4
2,2,1
2,3,1
2,4,1
2,5,1
2,6,4
2,7,4
2,8,2
2,9,2
2,10,4
2,11,4
2,12,4
2,13,4
2,14,3
2,15,3
2,16,3
2,17,3
2,18,3
2,19,3
2,20,3
2,21,3
2,22,1
2,23,1
2,24,1
2,25,4
2,26,4
2,27,4
2,28,4
2,29,4
2,30,4
3,0,4
3,1,4
3,2,4
3,3,1
3,4,1
3,5,4
3,6,4
3,7,4
3,8,2
3,9,2
3,10,4
3,11,4
3,12,4
3,13,4
3,14,3
3,15,3
3,16,3
3,17,3
3,18,3
3,19,3
3,20,3
3,21,3
3,22,1
3,23,1
3,24,1
3,25,1
3,26,1
3,27,1
3,28,1
3,29,1
3,30,1
4,0,4
4,1,4
4,2,4
4,3,4
4,4,4
4,5,4
4,6,4
4,7,4
4,8,2
4,9,2
4,10,4
4,11,4
4,12,4
4,13,4
4,14,4
4,15,3
4,16,3
4,17,3
4,18,3
4,19,3
4,20,3
4,21,4
4,22,4
4,23,1
4,24,1
4,25,1
4,26,1
4,27,1
4,28,1
4,29,1
4,30,1
5,0,4
5,1,4
5,2,4
5,3,4
5,4,4
5,5,4
5,6,4
5,7,2
5,8,2
5,9,2
5,10,2
5,11,4
5,12,4
5,13,4
5,14,4
5,15,4
5,16,3
5,17,3
5,18,4
5,19,4
5,20,4
5,21,4
5,22,4
5,23,4
5,24,4
5,25,1
5,26,1
5,27,3
5,28,3
5,29,1
5,30,1
6,0,4
6,1,4
6,2,4
6,3,4
6,4,4
6,5,1
6,6,1
6,7,2
6,8,2
6,9,2
6,10,2
6,11,2
6,12,4
6,13,4
6,14,4
6,15,4
6,16,4
6,17,4
6,18,4
6,19,4
6,20,4
6,21,4
6,22,4
6,23,4
6,24,4
6,25,4
6,26,3
6,27,3
6,28,3
6,29,3
6,30,3
7,0,1
7,1,1
7,2,1
7,3,1
7,4,1
7,5,1
7,6,1
7,7,1
7,8,2
7,9,2
7,10,2
7,11,2
7,12,1
7,13,1
7,14,4
7,15,4
7,16,4
7,17,4
7,18,4
7,19,4
7,20,4
7,21,4
7,22,4
7,23,4
7,24,4
7,25,4
7,26,3
7,27,3
7,28,3
7,29,3
7,30,3
8,0,1
8,1,1
8,2,1
8,3,1
8,4,1
8,5,1
8,6,1
8,7,1
8,8,1
8,9,2
8,10,2
8,11,1
8,12,1
8,13,1
8,14,1
8,15,4
8,16,4
8,17,4
8,18,4
8,19,2
8,20,2
8,21,4
8,22,4
8,23,4
8,24,4
8,25,2
8,26,2
8,27,3
8,28,3
8,29,3
8,30,3
9,0,4
9,1,4
9,2,1
9,3,1
9,4,2
9,5,2
9,6,1
9,7,1
9,8,1
9,9,1
9,10,1
9,11,1
9,12,1
9,13,1
9,14,1
9,15,1
9,16,4
9,17,4
9,18,2
9,19,2
9,20,2
9,21,2
9,22,4
9,23,4
9,24,2
9,25,2
9,26,2
9,27,2
9,28,3
9,29,3
9,30,3
10,0,4
10,1,4
10,2,4
10,3,2
10,4,2
10,5,2
10,6,2
10,7,1
10,8,1
10,9,1
10,10,1
10,11,1
10,12,1
10,13,1
10,14,1
10,15,1
10,16,3
10,17,3
10,18,2
10,19,2
10,20,2
10,21,2
10,22,3
10,23,3
10,24,2
10,25,2
10,26,2
10,27,2
10,28,2
10,29,2
10,30,2
11,0,4
11,1,4
11,2,4
11,3,2
11,4,2
11,5,2
11,6,2
11,7,2
11,8,1
11,9,1
11,10,2
11,11,2
11,12,1
11,13,1
11,14,1
11,15,3
11,16,3
11,17,3
11,18,3
11,19,2
11,20,2
11,21,3
11,22,3
11,23,3
11,24,3
11,25,2
11,26,2
11,27,2
11,28,2
11,29,2
11,30,2
12,0,4
12,1,4
12,2,4
12,3,2
12,4,2
12,5,2
12,6,2
12,7,2
12,8,2
12,9,2
12,10,2
12,11,2
12,12,2
12,13,1
12,14,1
12,15,3
12,16,3
12,17,3
12,18,3
12,19,1
12,20,1
12,21,3
12,22,3
12,23,3
12,24,3
12,25,2
12,26,2
12,27,2
12,28,2
12,29,2
12,30,2
13,0,4
13,1,4
13,2,4
13,3,4
13,4,2
13,5,2
13,6,2
13,7,2
13,8,2
13,9,2
13,10,2
13,11,2
13,12,2
13,13,1
13,14,1
13,15,3
13,16,3
13,17,3
13,18,1
13,19,1
13,20,1
13,21,1
13,22,3
13,23,3
13,24,2
13,25,2
13,26,2
13,27,2
13,28,2
13,29,2
13,30,2
14,0,4
14,1,4
14,2,4
14,3,4
14,4,2
14,5,2
14,6,2
14,7,2
14,8,4
14,9,4
14,10,2
14,11,2
14,12,1
14,13,1
14,14,1
14,15,3
14,16,3
14,17,3
14,18,1
14,19,1
14,20,1
14,21,1
14,22,1
14,23,1
14,24,2
14,25,2
14,26,2
14,27,2
14,28,2
14,29,2
14,30,2
15,0,4
15,1,4
15,2,4
15,3,1
15,4,1
15,5,2
15,6,2
15,7,4
15,8,4
15,9,4
15,10,4
15,11,1
15,12,1
15,13,1
15,14,1
15,15,1
15,16,3
15,17,3
15,18,3
15,19,1
15,20,1
15,21,1
15,22,1
15,23,1
15,24,1
15,25,2
15,26,2
15,27,3
15,28,3
15,29,3
15,30,3
16,0,4
16,1,4
16,2,1
16,3,1
16,4,1
16,5,1
16,6,4
16,7,4
16,8,4
16,9,4
16,10,4
16,11,1
16,12,1
16,13,1
16,14,1
16,15,1
16,16,3
16,17,3
16,18,3
16,19,3
16,20,1
16,21,1
16,22,1
16,23,1
16,24,1
16,25,3
16,26,3
16,27,3
16,28,3
16,29,3
16,30,3
17,0,1
17,1,1
17,2,1
17,3,1
17,4,1
17,5,1
17,6,4
17,7,4
17,8,4
17,9,4
17,10,4
17,11,1
17,12,1
17,13,1
17,14,1
17,15,1
17,16,1
17,17,3
17,18,3
17,19,3
17,20,1
17,21,1
17,22,1
17,23,1
17,24,3
17,25,3
17,26,3
17,27,3
17,28,3
17,29,3
17,30,3
18,0,1
18,1,1
18,2,1
18,3,1
18,4,1
18,5,1
18,6,4
18,7,4
18,8,4
18,9,4
18,10,3
18,11,3
18,12,1
18,13,1
18,14,1
18,15,1
18,16,1
18,17,3
18,18,3
18,19,3
18,20,3
18,21,1
18,22,1
18,23,1
18,24,3
18,25,3
18,26,3
18,27,3
18,28,3
18,29,3
18,30,3
19,0,1
19,1,1
19,2,1
19,3,1
19,4,1
19,5,1
19,6,4
19,7,4
19,8,4
19,9,3
19,10,3
19,11,3
19,12,3
19,13,3
19,14,1
19,15,1
19,16,1
19,17,1
19,18,3
19,19,3
19,20,3
19,21,1
19,22,1
19,23,1
19,24,3
19,25,3
19,26,3
19,27,3
19,28,3
19,29,4
19,30,4
20,0,1
20,1,1
20,2,1
20,3,1
20,4,1
20,5,4
20,6,4
20,7,4
20,8,3
20,9,3
20,10,3
20,11,3
20,12,3
20,13,3
20,14,3
20,15,1
20,16,1
20,17,1
20,18,3
20,19,3
20,20,3
20,21,1
20,22,1
20,23,1
20,24,1
20,25,3
20,26,3
20,27,4
20,28,4
20,29,4
20,30,4
21,0,1
21,1,1
21,2,1
21,3,1
21,4,4
21,5,4
21,6,4
21,7,4
21,8,3
21,9,3
21,10,3
21,11,3
21,12,3
21,13,3
21,14,3
21,15,3
21,16,1
21,17,1
21,18,3
21,19,3
21,20,3
21,21,3
21,22,1
21,23,1
21,24,1
21,25,1
21,26,4
21,27,4
21,28,4
21,29,4
21,30,4
22,0,3
22,1,3
22,2,3
22,3,3
22,4,4
22,5,4
22,6,4
22,7,4
22,8,4
22,9,3
22,10,3
22,11,3
22,12,3
22,13,3
22,14,3
22,15,3
22,16,1
22,17,1
22,18,1
22,19,3
22,20,3
22,21,3
22,22,1
22,23,1
22,24,1
22,25,1
22,26,4
22,27,4
22,28,4
22,29,4
22,30,4
23,0,3
23,1,3
23,2,3
23,3,3
23,4,3
23,5,4
23,6,4
23,7,4
23,8,4
23,9,4
23,10,3
23,11,3
23,12,3
23,13,3
23,14,3
23,15,3
23,16,1
23,17,1
23,18,1
23,19,3
23,20,3
23,21,1
23,22,1
23,23,1
23,24,1
23,25,1
23,26,4
23,27,4
23,28,4
23,29,4
23,30,4
24,0,3
24,1,3
24,2,3
24,3,3
24,4,3
24,5,2
24,6,2
24,7,4
24,8,4
24,9,4
24,10,4
24,11,3
24,12,3
24,13,3
24,14,3
24,15,3
24,16,1
24,17,1
24,18,3
24,19,3
24,20,3
24,21,1
24,22,1
24,23,1
24,24,1
24,25,3
24,26,3
24,27,4
24,28,4
24,29,1
24,30,1
25,0,2
25,1,2
25,2,3
25,3,3
25,4,2
25,5,2
25,6,2
25,7,2
25,8,4
25,9,4
25,10,4
25,11,4
25,12,3
25,13,3
25,14,3
25,15,1
25,16,1
25,17,1
25,18,3
25,19,3
25,20,3
25,21,3
25,22,1
25,23,1
25,24,3
25,25,3
25,26,3
25,27,3
25,28,1
25,29,1
25,30,1
26,0,2
26,1,2
26,2,2
26,3,2
26,4,2
26,5,2
26,6,2
26,7,2
26,8,2
26,9,4
26,10,4
26,11,4
26,12,4
26,13,4
26,14,4
26,15,1
26,16,1
26,17,1
26,18,1
26,19,3
26,20,3
26,21,3
26,22,3
26,23,3
26,24,3
26,25,3
26,26,3
26,27,3
26,28,1
26,29,1
26,30,1
27,0,2
27,1,2
27,2,2
27,3,2
27,4,2
27,5,2
27,6,2
27,7,2
27,8,2
27,9,2
27,10,4
27,11,4
27,12,4
27,13,4
27,14,4
27,15,4
27,16,1
27,17,1
27,18,1
27,19,1
27,20,3
27,21,3
27,22,3
27,23,3
27,24,3
27,25,3
27,26,3
27,27,3
27,28,1
27,29,1
27,30,1
28,0,2
28,1,2
28,2,2
28,3,1
28,4,1
28,5,2
28,6,2
28,7,2
28,8,2
28,9,2
28,10,3
28,11,3
28,12,3
28,13,4
28,14,4
28,15,4
28,16,1
28,17,1
28,18,1
28,19,1
28,20,4
28,21,4
28,22,4
28,23,4
28,24,4
28,25,3
28,26,3
28,27,1
28,28,1
28,29,1
28,30,1
29,0,1
29,1,1
29,2,1
29,3,1
29,4,1
29,5,1
29,6,2
29,7,2
29,8,2
29,9,3
29,10,3
29,11,3
29,12,3
29,13,3
29,14,4
29,15,4
29,16,1
29,17,1
29,18,1
29,19,4
29,20,4
29,21,4
29,22,4
29,23,4
29,24,4
29,25,4
29,26,1
29,27,1
29,28,1
29,29,1
29,30,1
30,0,1
30,1,1
30,2,1
30,3,1
30,4,1
30,5,1
30,6,2
30,7,2
30,8,2
30,9,3
30,10,3
30,11,3
30,12,3
30,13,3
30,14,4
30,15,4
30,16,1
30,17,1
30,18,1
30,19,4
30,20,4
30,21,4
30,22,4
30,23,4
30,24,4
30,25,4
30,26,1
30,27,1
30,28,1
30,29,1
30,30,1