2
1
2
0
27,12
27,22
0,1,2
0,0,3
0,1,3
0,2,3
0,3,1
0,4,1
0,5,1
0,6,1
0,7,2
0,8,2
0,9,2
0,10,2
0,11,1
0,12,1
0,13,2
0,14,2
0,15,2
0,16,3
0,17,3
0,18,3
0,19,4
0,20,4
0,21,3
0,22,3
0,23,2
0,24,2
0,25,2
0,26,2
0,27,2
0,28,1
0,29,1
0,30,1
1,0,3
1,1,3
1,2,3
1,3,1
1,4,1
1,5,1
1,6,1
1,7,2
1,8,2
1,9,2
1,10,2
1,11,1
1,12,1
1,13,2
1,14,2
1,15,2
1,16,3
1,17,3
1,18,3
1,19,4
1,20,4
1,21,3
1,22,3
1,23,2
1,24,2
1,25,2
1,26,2
1,27,2
1,28,1
1,29,1
1,30,1
2,0,3
2,1,3
2,2,1
2,3,1
2,4,1
2,5,1
2,6,1
2,7,2
2,8,2
2,9,2
2,10,2
2,11,1
2,12,1
2,13,2
2,14,2
2,15,2
2,16,3
2,17,3
2,18,3
2,19,4
2,20,4
2,21,3
2,22,3
2,23,3
2,24,2
2,25,2
2,26,2
2,27,1
2,28,1
2,29,1
2,30,1
3,0,2
3,1,2
3,2,1
3,3,1
3,4,1
3,5,1
3,6,3
3,7,3
3,8,2
3,9,2
3,10,1
3,11,1
3,12,1
3,13,1
3,14,2
3,15,2
3,16,3
3,17,3
3,18,4
3,19,4
3,20,4
3,21,3
3,22,3
3,23,3
3,24,4
3,25,4
3,26,4
3,27,1
3,28,1
3,29,1
3,30,1
4,0,2
4,1,2
4,2,2
4,3,1
4,4,1
4,5,3
4,6,3
4,7,3
4,8,3
4,9,3
4,10,1
4,11,1
4,12,1
4,13,1
4,14,2
4,15,2
4,16,3
4,17,3
4,18,4
4,19,4
4,20,4
4,21,3
4,22,3
4,23,4
4,24,4
4,25,4
4,26,4
4,27,4
4,28,1
4,29,1
4,30,1
5,0,2
5,1,2
5,2,2
5,3,2
5,4,2
5,5,3
5,6,3
5,7,3
5,8,3
5,9,3
5,10,3
5,11,1
5,12,1
5,13,2
5,14,2
5,15,2
5,16,3
5,17,3
5,18,4
5,19,4
5,20,4
5,21,3
5,22,3
5,23,4
5,24,4
5,25,4
5,26,4
5,27,4
5,28,1
5,29,1
5,30,1
6,0,2
6,1,2
6,2,2
6,3,2
6,4,2
6,5,2
6,6,3
6,7,3
6,8,3
6,9,3
6,10,3
6,11,3
6,12,2
6,13,2
6,14,2
6,15,2
6,16,3
6,17,3
6,18,4
6,19,4
6,20,4
6,21,3
6,22,3
6,23,3
6,24,4
6,25,4
6,26,4
6,27,4
6,28,1
6,29,1
6,30,1
7,0,4
7,1,4
7,2,4
7,3,2
7,4,2
7,5,2
7,6,2
7,7,2
7,8,3
7,9,3
7,10,3
7,11,3
7,12,2
7,13,2
7,14,2
7,15,2
7,16,3
7,17,3
7,18,4
7,19,4
7,20,3
7,21,3
7,22,3
7,23,3
7,24,3
7,25,4
7,26,4
7,27,1
7,28,1
7,29,1
7,30,1
8,0,4
8,1,4
8,2,4
8,3,4
8,4,2
8,5,2
8,6,2
8,7,2
8,8,2
8,9,3
8,10,3
8,11,4
8,12,4
8,13,2
8,14,2
8,15,2
8,16,3
8,17,3
8,18,4
8,19,4
8,20,3
8,21,3
8,22,3
8,23,3
8,24,3
8,25,2
8,26,2
8,27,1
8,28,1
8,29,1
8,30,1
9,0,4
9,1,4
9,2,4
9,3,4
9,4,4
9,5,2
9,6,2
9,7,2
9,8,2
9,9,2
9,10,4
9,11,4
9,12,4
9,13,4
9,14,2
9,15,2
9,16,3
9,17,3
9,18,4
9,19,4
9,20,4
9,21,3
9,22,3
9,23,3
9,24,2
9,25,2
9,26,2
9,27,2
9,28,1
9,29,1
9,30,1
10,0,4
10,1,4
10,2,4
10,3,4
10,4,4
10,5,1
10,6,1
10,7,2
10,8,2
10,9,2
10,10,4
10,11,4
10,12,4
10,13,4
10,14,2
10,15,2
10,16,3
10,17,3
10,18,4
10,19,4
10,20,4
10,21,4
10,22,4
10,23,4
10,24,2
10,25,2
10,26,2
10,27,2
10,28,2
10,29,2
10,30,2
11,0,4
11,1,4
11,2,4
11,3,4
11,4,1
11,5,1
11,6,1
11,7,1
11,8,2
11,9,2
11,10,2
11,11,4
11,12,4
11,13,2
11,14,2
11,15,2
11,16,3
11,17,3
11,18,4
11,19,4
11,20,4
11,21,4
11,22,4
11,23,4
11,24,4
11,25,2
11,26,2
11,27,2
11,28,2
11,29,2
11,30,2
12,0,4
12,1,4
12,2,4
12,3,4
12,4,1
12,5,1
12,6,1
12,7,1
12,8,2
12,9,2
12,10,2
12,11,2
12,12,2
12,13,2
12,14,2
12,15,2
12,16,3
12,17,3
12,18,3
12,19,4
12,20,4
12,21,4
12,22,4
12,23,4
12,24,4
12,25,3
12,26,3
12,27,2
12,28,2
12,29,4
12,30,4
13,0,4
13,1,4
13,2,4
13,3,4
13,4,4
13,5,1
13,6,1
13,7,2
13,8,2
13,9,2
13,10,2
13,11,2
13,12,2
13,13,2
13,14,2
13,15,3
13,16,3
13,17,3
13,18,3
13,19,3
13,20,3
13,21,4
13,22,4
13,23,4
13,24,3
13,25,3
13,26,3
13,27,3
13,28,4
13,29,4
13,30,4
14,0,2
14,1,2
14,2,4
14,3,4
14,4,4
14,5,4
14,6,2
14,7,2
14,8,2
14,9,2
14,10,2
14,11,2
14,12,2
14,13,2
14,14,3
14,15,3
14,16,3
14,17,3
14,18,3
14,19,3
14,20,3
14,21,3
14,22,3
14,23,3
14,24,3
14,25,3
14,26,3
14,27,3
14,28,4
14,29,4
14,30,4
15,0,2
15,1,2
15,2,2
15,3,4
15,4,4
15,5,4
15,6,2
15,7,2
15,8,2
15,9,2
15,10,2
15,11,2
15,12,2
15,13,2
15,14,3
15,15,3
15,16,3
15,17,3
15,18,3
15,19,3
15,20,3
15,21,3
15,22,3
15,23,3
15,24,3
15,25,3
15,26,3
15,27,4
15,28,4
15,29,4
15,30,4
16,0,2
16,1,2
16,2,2
16,3,4
16,4,4
16,5,4
16,6,4
16,7,2
16,8,2
16,9,3
16,10,3
16,11,2
16,12,2
16,13,3
16,14,3
16,15,3
16,16,3
16,17,3
16,18,3
16,19,3
16,20,3
16,21,4
16,22,4
16,23,4
16,24,4
16,25,4
16,26,4
16,27,4
16,28,4
16,29,4
16,30,4
17,0,2
17,1,2
17,2,4
17,3,4
17,4,4
17,5,4
17,6,4
17,7,3
17,8,3
17,9,3
17,10,3
17,11,3
17,12,3
17,13,3
17,14,3
17,15,3
17,16,4
17,17,4
17,18,4
17,19,4
17,20,4
17,21,4
17,22,4
17,23,4
17,24,4
17,25,4
17,26,4
17,27,4
17,28,4
17,29,4
17,30,4
18,0,4
18,1,4
18,2,4
18,3,4
18,4,4
18,5,4
18,6,3
18,7,3
18,8,3
18,9,3
18,10,3
18,11,3
18,12,3
18,13,3
18,14,3
18,15,4
18,16,4
18,17,4
18,18,4
18,19,4
18,20,4
18,21,4
18,22,4
18,23,4
18,24,4
18,25,4
18,26,4
18,27,4
18,28,4
18,29,4
18,30,4
19,0,4
19,1,4
19,2,4
19,3,4
19,4,4
19,5,3
19,6,3
19,7,3
19,8,3
19,9,3
19,10,3
19,11,3
19,12,3
19,13,2
19,14,2
19,15,4
19,16,4
19,17,4
19,18,4
19,19,4
19,20,4
19,21,4
19,22,4
19,23,4
19,24,3
19,25,3
19,26,4
19,27,4
19,28,4
19,29,4
19,30,4
20,0,4
20,1,4
20,2,4
20,3,4
20,4,3
20,5,3
20,6,3
20,7,3
20,8,1
20,9,1
20,10,3
20,11,3
20,12,2
20,13,2
20,14,2
20,15,2
20,16,4
20,17,4
20,18,4
20,19,4
20,20,4
20,21,4
20,22,3
20,23,3
20,24,3
20,25,3
20,26,3
20,27,4
20,28,4
20,29,4
20,30,4
21,0,3
21,1,3
21,2,3
21,3,3
21,4,3
21,5,3
21,6,3
21,7,1
21,8,1
21,9,1
21,10,1
21,11,1
21,12,2
21,13,2
21,14,2
21,15,2
21,16,4
21,17,4
21,18,4
21,19,4
21,20,4
21,21,3
21,22,3
21,23,3
21,24,3
21,25,3
21,26,3
21,27,4
21,28,4
21,29,4
21,30,4
22,0,3
22,1,3
22,2,3
22,3,3
22,4,3
22,5,3
22,6,1
22,7,1
22,8,1
22,9,1
22,10,1
22,11,1
22,12,1
22,13,2
22,14,2
22,15,2
22,16,2
22,17,4
22,18,4
22,19,4
22,20,4
22,21,3
22,22,3
22,23,3
22,24,3
22,25,3
22,26,4
22,27,4
22,28,4
22,29,4
22,30,4
23,0,4
23,1,4
23,2,4
23,3,4
23,4,4
23,5,4
23,6,1
23,7,1
23,8,1
23,9,1
23,10,1
23,11,1
23,12,1
23,13,2
23,14,2
23,15,2
23,16,2
23,17,2
23,18,4
23,19,4
23,20,1
23,21,1
23,22,3
23,23,3
23,24,3
23,25,3
23,26,4
23,27,4
23,28,4
23,29,4
23,30,4
24,0,4
24,1,4
24,2,4
24,3,4
24,4,4
24,5,4
24,6,4
24,7,1
24,8,1
24,9,1
24,10,1
24,11,1
24,12,4
24,13,4
24,14,2
24,15,2
24,16,2
24,17,2
24,18,2
24,19,1
24,20,1
24,21,1
24,22,1
24,23,3
24,24,3
24,25,4
24,26,4
24,27,4
24,28,4
24,29,4
24,30,4
25,0,2
25,1,2
25,2,2
25,3,4
25,4,4
25,5,4
25,6,4
25,7,1
25,8,1
25,9,1
25,10,4
25,11,4
25,12,4
25,13,4
25,14,4
25,15,2
25,16,2
25,17,2
25,18,2
25,19,1
25,20,1
25,21,1
25,22,1
25,23,1
25,24,1
25,25,4
25,26,4
25,27,4
25,28,4
25,29,4
25,30,4
26,0,2
26,1,2
26,2,2
26,3,2
26,4,4
26,5,4
26,6,4
26,7,1
26,8,1
26,9,4
26,10,4
26,11,4
26,12,4
26,13,4
26,14,4
26,15,4
26,16,2
26,17,2
26,18,2
26,19,1
26,20,1
26,21,1
26,22,1
26,23,1
26,24,1
26,25,1
26,26,4
26,27,4
26,28,4
26,29,4
26,30,4
27,0,2
27,1,2
27,2,2
27,3,2
27,4,4
27,5,4
27,6,4
27,7,1
27,8,1
27,9,4
27,10,4
27,11,4
27,12,4
27,13,4
27,14,4
27,15,4
27,16,4
27,17,2
27,18,2
27,19,1
27,20,1
27,21,1
27,22,1
27,23,1
27,24,1
27,25,1
27,26,3
27,27,3
27,28,4
27,29,4
27,30,4
28,0,2
28,1,2
28,2,2
28,3,4
28,4,4
28,5,4
28,6,4
28,7,1
28,8,1
28,9,1
28,10,4
28,11,4
28,12,4
28,13,4
28,14,4
28,15,4
28,16,4
28,17,2
28,18,2
28,19,1
28,20,1
28,21,1
28,22,1
28,23,1
28,24,1
28,25,3
28,26,3
28,27,3
28,28,3
28,29,4
28,30,4
29,0,4
29,1,4
29,2,4
29,3,4
29,4,4
29,5,4
29,6,1
29,7,1
29,8,1
29,9,1
29,10,4
29,11,4
29,12,4
29,13,4
29,14,4
29,15,4
29,16,4
29,17,2
29,18,2
29,19,1
29,20,1
29,21,1
29,22,1
29,23,1
29,24,1
29,25,3
29,26,3
29,27,3
29,28,3
29,29,4
29,30,4
30,0,4
30,1,4
30,2,4
30,3,4
30,4,4
30,5,4
30,6,1
30,7,1
30,8,1
30,9,1
30,10,4
30,11,4
30,12,4
30,13,4
30,14,4
30,15,4
30,16,4
30,17,2
30,18,2
30,19,1
30,20,1
30,21,1
30,22,1
30,23,1
30,24,1
30,25,3
30,26,3
30,27,3
30,28,3
30,29,4
30,30,4