2
1
3
1
12,12
12,27
0,1,3
0,0,4
0,1,4
0,2,4
0,3,4
0,4,2
0,5,2
0,6,2
0,7,2
0,8,1
0,9,1
0,10,1
0,11,1
0,12,1
0,13,1
0,14,1
0,15,1
0,16,1
0,17,3
0,18,3
0,19,2
0,20,2
0,21,2
0,22,2
0,23,4
0,24,4
0,25,4
0,26,4
0,27,2
0,28,2
0,29,2
0,30,2
1,0,4
1,1,4
1,2,4
1,3,4
1,4,2
1,5,2
1,6,2
1,7,2
1,8,1
1,9,1
1,10,1
1,11,1
1,12,1
1,13,1
1,14,1
1,15,1
1,16,1
1,17,3
1,18,3
1,19,2
1,20,2
1,21,2
1,22,2
1,23,4
1,24,4
1,25,4
1,26,4
1,27,2
1,28,2
1,29,2
1,30,2
2,0,4
2,1,4
2,2,4
2,3,4
2,4,2
2,5,2
2,6,2
2,7,2
2,8,2
2,9,1
2,10,1
2,11,1
2,12,1
2,13,1
2,14,1
2,15,1
2,16,3
2,17,3
2,18,3
2,19,3
2,20,2
2,21,2
2,22,4
2,23,4
2,24,4
2,25,4
2,26,1
2,27,1
2,28,2
2,29,2
2,30,2
3,0,4
3,1,4
3,2,4
3,3,1
3,4,1
3,5,2
3,6,2
3,7,2
3,8,2
3,9,1
3,10,1
3,11,1
3,12,1
3,13,1
3,14,3
3,15,3
3,16,3
3,17,3
3,18,3
3,19,3
3,20,3
3,21,3
3,22,4
3,23,4
3,24,4
3,25,1
3,26,1
3,27,1
3,28,1
3,29,2
3,30,2
4,0,1
4,1,1
4,2,1
4,3,1
4,4,1
4,5,1
4,6,2
4,7,2
4,8,1
4,9,1
4,10,1
4,11,1
4,12,1
4,13,3
4,14,3
4,15,3
4,16,3
4,17,3
4,18,3
4,19,3
4,20,3
4,21,3
4,22,3
4,23,4
4,24,4
4,25,1
4,26,1
4,27,1
4,28,1
4,29,1
4,30,1
5,0,1
5,1,1
5,2,1
5,3,1
5,4,1
5,5,1
5,6,1
5,7,1
5,8,1
5,9,1
5,10,1
5,11,1
5,12,1
5,13,3
5,14,3
5,15,3
5,16,3
5,17,3
5,18,1
5,19,1
5,20,3
5,21,3
5,22,3
5,23,4
5,24,4
5,25,1
5,26,1
5,27,1
5,28,1
5,29,1
5,30,1
6,0,1
6,1,1
6,2,4
6,3,4
6,4,1
6,5,1
6,6,1
6,7,1
6,8,1
6,9,1
6,10,1
6,11,1
6,12,1
6,13,1
6,14,3
6,15,3
6,16,3
6,17,1
6,18,1
6,19,1
6,20,1
6,21,3
6,22,3
6,23,4
6,24,4
6,25,4
6,26,1
6,27,1
6,28,1
6,29,1
6,30,1
7,0,4
7,1,4
7,2,4
7,3,4
7,4,4
7,5,1
7,6,1
7,7,1
7,8,1
7,9,1
7,10,1
7,11,1
7,12,1
7,13,1
7,14,1
7,15,1
7,16,1
7,17,1
7,18,1
7,19,1
7,20,1
7,21,3
7,22,3
7,23,4
7,24,4
7,25,4
7,26,4
7,27,4
7,28,4
7,29,4
7,30,4
8,0,4
8,1,4
8,2,4
8,3,4
8,4,4
8,5,1
8,6,1
8,7,1
8,8,1
8,9,1
8,10,1
8,11,1
8,12,1
8,13,1
8,14,1
8,15,1
8,16,1
8,17,1
8,18,1
8,19,1
8,20,3
8,21,3
8,22,3
8,23,3
8,24,4
8,25,4
8,26,4
8,27,4
8,28,4
8,29,4
8,30,4
9,0,4
9,1,4
9,2,4
9,3,4
9,4,3
9,5,3
9,6,1
9,7,1
9,8,1
9,9,1
9,10,3
9,11,3
9,12,1
9,13,1
9,14,3
9,15,3
9,16,3
9,17,3
9,18,3
9,19,3
9,20,3
9,21,3
9,22,3
9,23,3
9,24,3
9,25,3
9,26,3
9,27,4
9,28,4
9,29,4
9,30,4
10,0,3
10,1,3
10,2,3
10,3,3
10,4,3
10,5,3
10,6,3
10,7,1
10,8,1
10,9,3
10,10,3
10,11,3
10,12,3
10,13,3
10,14,3
10,15,3
10,16,3
10,17,3
10,18,3
10,19,3
10,20,3
10,21,3
10,22,3
10,23,3
10,24,3
10,25,3
10,26,3
10,27,3
10,28,3
10,29,3
10,30,3
11,0,3
11,1,3
11,2,3
11,3,3
11,4,3
11,5,3
11,6,3
11,7,4
11,8,4
11,9,3
11,10,3
11,11,3
11,12,3
11,13,3
11,14,3
11,15,3
11,16,4
11,17,4
11,18,3
11,19,3
11,20,3
11,21,3
11,22,3
11,23,3
11,24,3
11,25,3
11,26,3
11,27,3
11,28,3
11,29,3
11,30,3
12,0,2
12,1,2
12,2,3
12,3,3
12,4,3
12,5,3
12,6,4
12,7,4
12,8,4
12,9,4
12,10,3
12,11,3
12,12,3
12,13,3
12,14,3
12,15,4
12,16,4
12,17,4
12,18,4
12,19,3
12,20,3
12,21,4
12,22,4
12,23,4
12,24,3
12,25,3
12,26,3
12,27,3
12,28,3
12,29,3
12,30,3
13,0,2
13,1,2
13,2,2
13,3,3
13,4,3
13,5,4
13,6,4
13,7,4
13,8,4
13,9,4
13,10,3
13,11,3
13,12,3
13,13,3
13,14,3
13,15,4
13,16,4
13,17,4
13,18,4
13,19,4
13,20,4
13,21,4
13,22,4
13,23,4
13,24,4
13,25,3
13,26,3
13,27,3
13,28,3
13,29,3
13,30,3
14,0,2
14,1,2
14,2,2
14,3,4
14,4,4
14,5,4
14,6,4
14,7,4
14,8,4
14,9,3
14,10,3
14,11,3
14,12,3
14,13,3
14,14,3
14,15,3
14,16,4
14,17,4
14,18,4
14,19,4
14,20,4
14,21,4
14,22,4
14,23,4
14,24,4
14,25,3
14,26,3
14,27,3
14,28,3
14,29,3
14,30,3
15,0,2
15,1,2
15,2,4
15,3,4
15,4,4
15,5,4
15,6,4
15,7,2
15,8,2
15,9,3
15,10,3
15,11,3
15,12,3
15,13,3
15,14,3
15,15,3
15,16,2
15,17,2
15,18,4
15,19,4
15,20,4
15,21,4
15,22,4
15,23,4
15,24,4
15,25,3
15,26,3
15,27,3
15,28,3
15,29,3
15,30,3
16,0,4
16,1,4
16,2,4
16,3,4
16,4,4
16,5,4
16,6,2
16,7,2
16,8,2
16,9,2
16,10,3
16,11,3
16,12,3
16,13,3
16,14,3
16,15,2
16,16,2
16,17,2
16,18,2
16,19,4
16,20,4
16,21,4
16,22,4
16,23,4
16,24,3
16,25,3
16,26,3
16,27,3
16,28,3
16,29,4
16,30,4
17,0,4
17,1,4
17,2,4
17,3,4
17,4,1
17,5,1
17,6,2
17,7,2
17,8,2
17,9,2
17,10,1
17,11,1
17,12,3
17,13,3
17,14,3
17,15,2
17,16,2
17,17,2
17,18,2
17,19,4
17,20,4
17,21,4
17,22,4
17,23,3
17,24,3
17,25,3
17,26,3
17,27,3
17,28,4
17,29,4
17,30,4
18,0,4
18,1,4
18,2,4
18,3,1
18,4,1
18,5,1
18,6,1
18,7,2
18,8,2
18,9,1
18,10,1
18,11,1
18,12,1
18,13,3
18,14,3
18,15,2
18,16,2
18,17,2
18,18,2
18,19,4
18,20,4
18,21,4
18,22,4
18,23,3
18,24,3
18,25,3
18,26,3
18,27,3
18,28,4
18,29,4
18,30,4
19,0,4
19,1,4
19,2,1
19,3,1
19,4,1
19,5,1
19,6,1
19,7,4
19,8,4
19,9,1
19,10,1
19,11,1
19,12,1
19,13,3
19,14,3
19,15,3
19,16,2
19,17,2
19,18,1
19,19,1
19,20,4
19,21,4
19,22,3
19,23,3
19,24,3
19,25,3
19,26,3
19,27,3
19,28,4
19,29,4
19,30,4
20,0,1
20,1,1
20,2,1
20,3,1
20,4,1
20,5,1
20,6,4
20,7,4
20,8,4
20,9,4
20,10,1
20,11,1
20,12,3
20,13,3
20,14,3
20,15,3
20,16,1
20,17,1
20,18,1
20,19,1
20,20,1
20,21,1
20,22,3
20,23,3
20,24,3
20,25,3
20,26,3
20,27,3
20,28,4
20,29,4
20,30,4
21,0,1
21,1,1
21,2,1
21,3,1
21,4,1
21,5,1
21,6,4
21,7,4
21,8,4
21,9,4
21,10,3
21,11,3
21,12,3
21,13,3
21,14,3
21,15,1
21,16,1
21,17,1
21,18,1
21,19,1
21,20,1
21,21,1
21,22,1
21,23,3
21,24,3
21,25,3
21,26,3
21,27,4
21,28,4
21,29,4
21,30,4
22,0,3
22,1,3
22,2,3
22,3,1
22,4,1
22,5,3
22,6,3
22,7,4
22,8,4
22,9,3
22,10,3
22,11,3
22,12,3
22,13,3
22,14,1
22,15,1
22,16,1
22,17,1
22,18,4
22,19,4
22,20,1
22,21,1
22,22,1
22,23,1
22,24,1
22,25,1
22,26,1
22,27,4
22,28,4
22,29,4
22,30,4
23,0,3
23,1,3
23,2,3
23,3,3
23,4,3
23,5,3
23,6,3
23,7,3
23,8,3
23,9,3
23,10,3
23,11,3
23,12,1
23,13,1
23,14,1
23,15,1
23,16,1
23,17,4
23,18,4
23,19,4
23,20,4
23,21,1
23,22,1
23,23,1
23,24,1
23,25,1
23,26,1
23,27,1
23,28,4
23,29,4
23,30,4
24,0,3
24,1,3
24,2,3
24,3,3
24,4,3
24,5,3
24,6,3
24,7,3
24,8,3
24,9,3
24,10,3
24,11,1
24,12,1
24,13,1
24,14,1
24,15,1
24,16,1
24,17,4
24,18,4
24,19,4
24,20,4
24,21,2
24,22,2
24,23,2
24,24,2
24,25,1
24,26,1
24,27,1
24,28,1
24,29,1
24,30,1
25,0,4
25,1,4
25,2,3
25,3,3
25,4,2
25,5,2
25,6,2
25,7,2
25,8,2
25,9,2
25,10,2
25,11,1
25,12,1
25,13,1
25,14,1
25,15,1
25,16,1
25,17,4
25,18,4
25,19,4
25,20,2
25,21,2
25,22,2
25,23,2
25,24,2
25,25,2
25,26,1
25,27,1
25,28,1
25,29,1
25,30,1
26,0,4
26,1,4
26,2,4
26,3,2
26,4,2
26,5,2
26,6,2
26,7,2
26,8,2
26,9,2
26,10,2
26,11,2
26,12,1
26,13,1
26,14,1
26,15,1
26,16,4
26,17,4
26,18,4
26,19,4
26,20,2
26,21,2
26,22,2
26,23,2
26,24,2
26,25,2
26,26,3
26,27,3
26,28,3
26,29,3
26,30,3
27,0,4
27,1,4
27,2,4
27,3,2
27,4,2
27,5,2
27,6,1
27,7,1
27,8,1
27,9,2
27,10,2
27,11,2
27,12,2
27,13,1
27,14,1
27,15,4
27,16,4
27,17,4
27,18,4
27,19,4
27,20,2
27,21,2
27,22,2
27,23,2
27,24,2
27,25,3
27,26,3
27,27,3
27,28,3
27,29,3
27,30,3
28,0,4
28,1,4
28,2,2
28,3,2
28,4,2
28,5,1
28,6,1
28,7,1
28,8,1
28,9,1
28,10,2
28,11,2
28,12,2
28,13,3
28,14,3
28,15,4
28,16,4
28,17,4
28,18,4
28,19,4
28,20,4
28,21,2
28,22,2
28,23,1
28,24,1
28,25,3
28,26,3
28,27,3
28,28,3
28,29,4
28,30,4
29,0,4
29,1,4
29,2,2
29,3,2
29,4,2
29,5,1
29,6,1
29,7,1
29,8,1
29,9,1
29,10,2
29,11,2
29,12,3
29,13,3
29,14,3
29,15,3
29,16,4
29,17,4
29,18,4
29,19,4
29,20,4
29,21,4
29,22,1
29,23,1
29,24,1
29,25,1
29,26,3
29,27,3
29,28,4
29,29,4
29,30,4
30,0,4
30,1,4
30,2,2
30,3,2
30,4,2
30,5,1
30,6,1
30,7,1
30,8,1
30,9,1
30,10,2
30,11,2
30,12,3
30,13,3
30,14,3
30,15,3
30,16,4
30,17,4
30,18,4
30,19,4
30,20,4
30,21,4
30,22,1
30,23,1
30,24,1
30,25,1
30,26,3
30,27,3
30,28,4
30,29,4
30,30,4