2
1
1
0
12,12
12,27
0,1,1
0,0,4
0,1,4
0,2,4
0,3,3
0,4,3
0,5,3
0,6,3
0,7,4
0,8,4
0,9,4
0,10,2
0,11,2
0,12,2
0,13,2
0,14,2
0,15,3
0,16,3
0,17,3
0,18,3
0,19,3
0,20,3
0,21,3
0,22,3
0,23,3
0,24,3
0,25,4
0,26,4
0,27,3
0,28,3
0,29,3
0,30,3
1,0,4
1,1,4
1,2,4
1,3,3
1,4,3
1,5,3
1,6,3
1,7,4
1,8,4
1,9,4
1,10,2
1,11,2
1,12,2
1,13,2
1,14,2
1,15,3
1,16,3
1,17,3
1,18,3
1,19,3
1,20,3
1,21,3
1,22,3
1,23,3
1,24,3
1,25,4
1,26,4
1,27,3
1,28,3
1,29,3
1,30,3
2,0,4
2,1,4
2,2,3
2,3,3
2,4,3
2,5,3
2,6,3
2,7,4
2,8,4
2,9,4
2,10,4
2,11,2
2,12,2
2,13,2
2,14,2
2,15,2
2,16,3
2,17,3
2,18,3
2,19,3
2,20,3
2,21,3
2,22,3
2,23,3
2,24,3
2,25,4
2,26,4
2,27,4
2,28,3
2,29,3
2,30,3
3,0,3
3,1,3
3,2,3
3,3,3
3,4,3
3,5,3
3,6,4
3,7,4
3,8,4
3,9,4
3,10,4
3,11,1
3,12,1
3,13,2
3,14,2
3,15,2
3,16,3
3,17,3
3,18,3
3,19,3
3,20,3
3,21,3
3,22,3
3,23,3
3,24,4
3,25,4
3,26,4
3,27,4
3,28,3
3,29,3
3,30,3
4,0,3
4,1,3
4,2,3
4,3,3
4,4,2
4,5,2
4,6,4
4,7,4
4,8,4
4,9,4
4,10,1
4,11,1
4,12,1
4,13,1
4,14,2
4,15,2
4,16,3
4,17,3
4,18,3
4,19,3
4,20,3
4,21,3
4,22,2
4,23,2
4,24,4
4,25,4
4,26,4
4,27,4
4,28,3
4,29,3
4,30,3
5,0,2
5,1,2
5,2,2
5,3,2
5,4,2
5,5,2
5,6,2
5,7,4
5,8,4
5,9,1
5,10,1
5,11,1
5,12,1
5,13,1
5,14,2
5,15,2
5,16,3
5,17,3
5,18,3
5,19,3
5,20,2
5,21,2
5,22,2
5,23,2
5,24,2
5,25,4
5,26,4
5,27,3
5,28,3
5,29,3
5,30,3
6,0,2
6,1,2
6,2,2
6,3,2
6,4,2
6,5,2
6,6,2
6,7,2
6,8,1
6,9,1
6,10,1
6,11,1
6,12,1
6,13,2
6,14,2
6,15,2
6,16,2
6,17,3
6,18,3
6,19,2
6,20,2
6,21,2
6,22,2
6,23,2
6,24,2
6,25,3
6,26,3
6,27,3
6,28,3
6,29,3
6,30,3
7,0,1
7,1,1
7,2,1
7,3,1
7,4,1
7,5,2
7,6,2
7,7,2
7,8,1
7,9,1
7,10,1
7,11,1
7,12,2
7,13,2
7,14,2
7,15,2
7,16,2
7,17,2
7,18,2
7,19,2
7,20,2
7,21,2
7,22,2
7,23,2
7,24,3
7,25,3
7,26,3
7,27,3
7,28,3
7,29,1
7,30,1
8,0,1
8,1,1
8,2,1
8,3,1
8,4,1
8,5,1
8,6,2
8,7,2
8,8,1
8,9,1
8,10,1
8,11,1
8,12,2
8,13,2
8,14,2
8,15,2
8,16,2
8,17,2
8,18,2
8,19,2
8,20,2
8,21,4
8,22,4
8,23,4
8,24,3
8,25,3
8,26,3
8,27,3
8,28,1
8,29,1
8,30,1
9,0,4
9,1,4
9,2,1
9,3,1
9,4,1
9,5,1
9,6,2
9,7,2
9,8,1
9,9,1
9,10,1
9,11,4
9,12,4
9,13,2
9,14,2
9,15,2
9,16,2
9,17,2
9,18,2
9,19,2
9,20,4
9,21,4
9,22,4
9,23,4
9,24,4
9,25,3
9,26,3
9,27,1
9,28,1
9,29,1
9,30,1
10,0,4
10,1,4
10,2,4
10,3,1
10,4,1
10,5,2
10,6,2
10,7,2
10,8,1
10,9,1
10,10,4
10,11,4
10,12,4
10,13,4
10,14,4
10,15,2
10,16,2
10,17,2
10,18,2
10,19,2
10,20,4
10,21,4
10,22,4
10,23,4
10,24,4
10,25,1
10,26,1
10,27,1
10,28,1
10,29,1
10,30,1
11,0,4
11,1,4
11,2,4
11,3,4
11,4,2
11,5,2
11,6,2
11,7,2
11,8,1
11,9,1
11,10,4
11,11,4
11,12,4
11,13,4
11,14,4
11,15,4
11,16,4
11,17,2
11,18,2
11,19,4
11,20,4
11,21,4
11,22,4
11,23,4
11,24,1
11,25,1
11,26,1
11,27,1
11,28,1
11,29,1
11,30,1
12,0,4
12,1,4
12,2,4
12,3,4
12,4,2
12,5,2
12,6,2
12,7,1
12,8,1
12,9,1
12,10,4
12,11,4
12,12,4
12,13,4
12,14,4
12,15,4
12,16,4
12,17,4
12,18,4
12,19,4
12,20,4
12,21,4
12,22,4
12,23,4
12,24,1
12,25,1
12,26,1
12,27,1
12,28,1
12,29,1
12,30,1
13,0,4
13,1,4
13,2,4
13,3,4
13,4,2
13,5,2
13,6,1
13,7,1
13,8,1
13,9,1
13,10,4
13,11,4
13,12,4
13,13,4
13,14,4
13,15,4
13,16,4
13,17,4
13,18,4
13,19,4
13,20,4
13,21,4
13,22,4
13,23,4
13,24,1
13,25,1
13,26,1
13,27,1
13,28,1
13,29,1
13,30,1
14,0,4
14,1,4
14,2,4
14,3,4
14,4,2
14,5,2
14,6,1
14,7,1
14,8,1
14,9,4
14,10,4
14,11,4
14,12,4
14,13,4
14,14,4
14,15,4
14,16,4
14,17,4
14,18,4
14,19,4
14,20,4
14,21,4
14,22,4
14,23,4
14,24,1
14,25,1
14,26,1
14,27,1
14,28,1
14,29,1
14,30,1
15,0,4
15,1,4
15,2,4
15,3,4
15,4,2
15,5,2
15,6,1
15,7,1
15,8,1
15,9,4
15,10,4
15,11,4
15,12,4
15,13,4
15,14,4
15,15,4
15,16,3
15,17,3
15,18,4
15,19,4
15,20,4
15,21,4
15,22,4
15,23,4
15,24,4
15,25,1
15,26,1
15,27,4
15,28,4
15,29,4
15,30,4
16,0,4
16,1,4
16,2,4
16,3,2
16,4,2
16,5,2
16,6,2
16,7,1
16,8,1
16,9,1
16,10,4
16,11,4
16,12,4
16,13,4
16,14,4
16,15,3
16,16,3
16,17,3
16,18,3
16,19,4
16,20,4
16,21,4
16,22,4
16,23,4
16,24,4
16,25,4
16,26,4
16,27,4
16,28,4
16,29,4
16,30,4
17,0,3
17,1,3
17,2,3
17,3,2
17,4,2
17,5,2
17,6,2
17,7,1
17,8,1
17,9,1
17,10,1
17,11,1
17,12,1
17,13,1
17,14,1
17,15,3
17,16,3
17,17,3
17,18,3
17,19,3
17,20,4
17,21,4
17,22,4
17,23,4
17,24,4
17,25,4
17,26,4
17,27,4
17,28,4
17,29,4
17,30,4
18,0,3
18,1,3
18,2,3
18,3,3
18,4,2
18,5,2
18,6,4
18,7,4
18,8,1
18,9,1
18,10,1
18,11,1
18,12,1
18,13,1
18,14,1
18,15,1
18,16,3
18,17,3
18,18,3
18,19,3
18,20,1
18,21,1
18,22,1
18,23,4
18,24,4
18,25,4
18,26,4
18,27,2
18,28,2
18,29,2
18,30,2
19,0,3
19,1,3
19,2,3
19,3,3
19,4,3
19,5,4
19,6,4
19,7,4
19,8,4
19,9,4
19,10,4
19,11,4
19,12,4
19,13,1
19,14,1
19,15,1
19,16,1
19,17,3
19,18,3
19,19,1
19,20,1
19,21,1
19,22,1
19,23,1
19,24,4
19,25,4
19,26,2
19,27,2
19,28,2
19,29,2
19,30,2
20,0,2
20,1,2
20,2,3
20,3,3
20,4,3
20,5,4
20,6,4
20,7,4
20,8,4
20,9,4
20,10,4
20,11,4
20,12,4
20,13,4
20,14,1
20,15,1
20,16,1
20,17,1
20,18,1
20,19,1
20,20,1
20,21,1
20,22,1
20,23,1
20,24,2
20,25,2
20,26,2
20,27,2
20,28,2
20,29,1
20,30,1
21,0,2
21,1,2
21,2,2
21,3,3
21,4,3
21,5,4
21,6,4
21,7,4
21,8,4
21,9,4
21,10,4
21,11,4
21,12,4
21,13,4
21,14,4
21,15,1
21,16,1
21,17,1
21,18,1
21,19,1
21,20,1
21,21,1
21,22,1
21,23,2
21,24,2
21,25,2
21,26,2
21,27,2
21,28,1
21,29,1
21,30,1
22,0,2
22,1,2
22,2,2
22,3,3
22,4,3
22,5,3
22,6,4
22,7,4
22,8,1
22,9,1
22,10,4
22,11,4
22,12,4
22,13,4
22,14,4
22,15,3
22,16,3
22,17,1
22,18,1
22,19,2
22,20,2
22,21,2
22,22,2
22,23,2
22,24,2
22,25,2
22,26,4
22,27,4
22,28,1
22,29,1
22,30,1
23,0,2
23,1,2
23,2,2
23,3,3
23,4,3
23,5,3
23,6,3
23,7,1
23,8,1
23,9,1
23,10,1
23,11,4
23,12,4
23,13,4
23,14,3
23,15,3
23,16,3
23,17,3
23,18,2
23,19,2
23,20,2
23,21,2
23,22,2
23,23,2
23,24,2
23,25,4
23,26,4
23,27,4
23,28,4
23,29,1
23,30,1
24,0,2
24,1,2
24,2,2
24,3,3
24,4,3
24,5,3
24,6,3
24,7,1
24,8,1
24,9,1
24,10,1
24,11,4
24,12,4
24,13,3
24,14,3
24,15,3
24,16,3
24,17,3
24,18,2
24,19,2
24,20,2
24,21,2
24,22,2
24,23,1
24,24,1
24,25,4
24,26,4
24,27,4
24,28,4
24,29,2
24,30,2
25,0,2
25,1,2
25,2,3
25,3,3
25,4,3
25,5,3
25,6,4
25,7,4
25,8,1
25,9,1
25,10,1
25,11,4
25,12,4
25,13,3
25,14,3
25,15,3
25,16,3
25,17,4
25,18,4
25,19,2
25,20,2
25,21,2
25,22,1
25,23,1
25,24,1
25,25,1
25,26,4
25,27,4
25,28,2
25,29,2
25,30,2
26,0,4
26,1,4
26,2,3
26,3,3
26,4,3
26,5,4
26,6,4
26,7,4
26,8,4
26,9,1
26,10,1
26,11,4
26,12,4
26,13,4
26,14,3
26,15,3
26,16,4
26,17,4
26,18,4
26,19,4
26,20,4
26,21,4
26,22,1
26,23,1
26,24,1
26,25,1
26,26,4
26,27,4
26,28,2
26,29,2
26,30,2
27,0,4
27,1,4
27,2,4
27,3,3
27,4,3
27,5,4
27,6,4
27,7,4
27,8,4
27,9,1
27,10,1
27,11,4
27,12,4
27,13,4
27,14,4
27,15,4
27,16,4
27,17,4
27,18,4
27,19,4
27,20,4
27,21,4
27,22,4
27,23,1
27,24,1
27,25,1
27,26,4
27,27,4
27,28,2
27,29,2
27,30,2
28,0,4
28,1,4
28,2,4
28,3,3
28,4,3
28,5,4
28,6,4
28,7,4
28,8,1
28,9,1
28,10,1
28,11,4
28,12,4
28,13,4
28,14,4
28,15,4
28,16,4
28,17,4
28,18,1
28,19,1
28,20,4
28,21,4
28,22,4
28,23,1
28,24,1
28,25,1
28,26,4
28,27,4
28,28,4
28,29,2
28,30,2
29,0,4
29,1,4
29,2,4
29,3,3
29,4,3
29,5,4
29,6,4
29,7,4
29,8,1
29,9,1
29,10,1
29,11,1
29,12,4
29,13,4
29,14,4
29,15,4
29,16,4
29,17,1
29,18,1
29,19,1
29,20,1
29,21,4
29,22,4
29,23,1
29,24,1
29,25,4
29,26,4
29,27,4
29,28,4
29,29,2
29,30,2
30,0,4
30,1,4
30,2,4
30,3,3
30,4,3
30,5,4
30,6,4
30,7,4
30,8,1
30,9,1
30,10,1
30,11,1
30,12,4
30,13,4
30,14,4
30,15,4
30,16,4
30,17,1
30,18,1
30,19,1
30,20,1
30,21,4
30,22,4
30,23,1
30,24,1
30,25,4
30,26,4
30,27,4
30,28,4
30,29,2
30,30,2