2
1
3
1
2,17
22,17
0,1,3
0,0,4
0,1,4
0,2,3
0,3,3
0,4,1
0,5,1
0,6,1
0,7,1
0,8,4
0,9,4
0,10,4
0,11,4
0,12,4
0,13,1
0,14,1
0,15,4
0,16,4
0,17,4
0,18,4
0,19,4
0,20,4
0,21,3
0,22,3
0,23,4
0,24,4
0,25,4
0,26,4
0,27,2
0,28,2
0,29,2
0,30,2
1,0,4
1,1,4
1,2,3
1,3,3
1,4,1
1,5,1
1,6,1
1,7,1
1,8,4
1,9,4
1,10,4
1,11,4
1,12,4
1,13,1
1,14,1
1,15,4
1,16,4
1,17,4
1,18,4
1,19,4
1,20,4
1,21,3
1,22,3
1,23,4
1,24,4
1,25,4
1,26,4
1,27,2
1,28,2
1,29,2
1,30,2
2,0,4
2,1,4
2,2,3
2,3,3
2,4,3
2,5,1
2,6,1
2,7,2
2,8,2
2,9,4
2,10,4
2,11,4
2,12,4
2,13,1
2,14,1
2,15,4
2,16,4
2,17,4
2,18,4
2,19,4
2,20,3
2,21,3
2,22,3
2,23,4
2,24,4
2,25,4
2,26,4
2,27,2
2,28,2
2,29,2
2,30,2
3,0,4
3,1,4
3,2,3
3,3,3
3,4,3
3,5,3
3,6,2
3,7,2
3,8,2
3,9,2
3,10,4
3,11,4
3,12,1
3,13,1
3,14,1
3,15,4
3,16,4
3,17,4
3,18,4
3,19,4
3,20,3
3,21,3
3,22,3
3,23,4
3,24,4
3,25,4
3,26,4
3,27,2
3,28,2
3,29,2
3,30,2
4,0,4
4,1,4
4,2,3
4,3,3
4,4,3
4,5,3
4,6,2
4,7,2
4,8,2
4,9,2
4,10,1
4,11,1
4,12,1
4,13,1
4,14,1
4,15,4
4,16,4
4,17,4
4,18,4
4,19,4
4,20,3
4,21,3
4,22,3
4,23,3
4,24,4
4,25,4
4,26,3
4,27,3
4,28,2
4,29,2
4,30,2
5,0,4
5,1,4
5,2,3
5,3,3
5,4,3
5,5,4
5,6,4
5,7,2
5,8,2
5,9,1
5,10,1
5,11,1
5,12,1
5,13,1
5,14,2
5,15,2
5,16,4
5,17,4
5,18,4
5,19,2
5,20,2
5,21,3
5,22,3
5,23,3
5,24,3
5,25,3
5,26,3
5,27,3
5,28,3
5,29,3
5,30,3
6,0,4
6,1,4
6,2,3
6,3,3
6,4,4
6,5,4
6,6,4
6,7,4
6,8,1
6,9,1
6,10,1
6,11,1
6,12,1
6,13,2
6,14,2
6,15,2
6,16,2
6,17,2
6,18,2
6,19,2
6,20,2
6,21,2
6,22,3
6,23,3
6,24,3
6,25,3
6,26,3
6,27,3
6,28,3
6,29,3
6,30,3
7,0,4
7,1,4
7,2,3
7,3,3
7,4,4
7,5,4
7,6,4
7,7,4
7,8,1
7,9,1
7,10,1
7,11,1
7,12,2
7,13,2
7,14,2
7,15,2
7,16,2
7,17,2
7,18,2
7,19,2
7,20,2
7,21,2
7,22,3
7,23,3
7,24,3
7,25,2
7,26,2
7,27,2
7,28,3
7,29,3
7,30,3
8,0,4
8,1,4
8,2,3
8,3,3
8,4,3
8,5,4
8,6,4
8,7,3
8,8,3
8,9,1
8,10,1
8,11,2
8,12,2
8,13,2
8,14,2
8,15,3
8,16,3
8,17,3
8,18,2
8,19,2
8,20,2
8,21,2
8,22,3
8,23,3
8,24,2
8,25,2
8,26,2
8,27,2
8,28,2
8,29,2
8,30,2
9,0,4
9,1,4
9,2,3
9,3,3
9,4,3
9,5,3
9,6,3
9,7,3
9,8,3
9,9,3
9,10,2
9,11,2
9,12,2
9,13,2
9,14,3
9,15,3
9,16,3
9,17,3
9,18,3
9,19,2
9,20,2
9,21,3
9,22,3
9,23,3
9,24,2
9,25,2
9,26,2
9,27,2
9,28,2
9,29,2
9,30,2
10,0,4
10,1,4
10,2,3
10,3,3
10,4,3
10,5,3
10,6,3
10,7,3
10,8,3
10,9,3
10,10,2
10,11,2
10,12,2
10,13,2
10,14,3
10,15,3
10,16,3
10,17,3
10,18,3
10,19,1
10,20,1
10,21,3
10,22,3
10,23,3
10,24,3
10,25,2
10,26,2
10,27,3
10,28,3
10,29,3
10,30,3
11,0,4
11,1,4
11,2,4
11,3,3
11,4,3
11,5,2
11,6,2
11,7,3
11,8,3
11,9,2
11,10,2
11,11,2
11,12,2
11,13,4
11,14,4
11,15,3
11,16,3
11,17,3
11,18,1
11,19,1
11,20,1
11,21,1
11,22,3
11,23,3
11,24,3
11,25,3
11,26,3
11,27,3
11,28,3
11,29,3
11,30,3
12,0,4
12,1,4
12,2,4
12,3,4
12,4,2
12,5,2
12,6,2
12,7,2
12,8,2
12,9,2
12,10,2
12,11,2
12,12,4
12,13,4
12,14,4
12,15,4
12,16,4
12,17,4
12,18,1
12,19,1
12,20,1
12,21,1
12,22,1
12,23,3
12,24,3
12,25,3
12,26,3
12,27,3
12,28,3
12,29,3
12,30,3
13,0,4
13,1,4
13,2,4
13,3,4
13,4,2
13,5,2
13,6,2
13,7,2
13,8,2
13,9,2
13,10,2
13,11,4
13,12,4
13,13,4
13,14,4
13,15,4
13,16,4
13,17,4
13,18,4
13,19,1
13,20,1
13,21,1
13,22,1
13,23,1
13,24,3
13,25,3
13,26,3
13,27,3
13,28,3
13,29,3
13,30,3
14,0,4
14,1,4
14,2,4
14,3,2
14,4,2
14,5,2
14,6,2
14,7,2
14,8,4
14,9,4
14,10,4
14,11,4
14,12,4
14,13,4
14,14,4
14,15,4
14,16,4
14,17,4
14,18,4
14,19,2
14,20,2
14,21,1
14,22,1
14,23,1
14,24,1
14,25,1
14,26,1
14,27,1
14,28,1
14,29,1
14,30,1
15,0,4
15,1,4
15,2,2
15,3,2
15,4,2
15,5,2
15,6,2
15,7,4
15,8,4
15,9,4
15,10,4
15,11,4
15,12,4
15,13,4
15,14,4
15,15,4
15,16,4
15,17,4
15,18,2
15,19,2
15,20,2
15,21,2
15,22,1
15,23,1
15,24,1
15,25,1
15,26,1
15,27,1
15,28,1
15,29,1
15,30,1
16,0,4
16,1,4
16,2,2
16,3,2
16,4,2
16,5,4
16,6,4
16,7,4
16,8,4
16,9,4
16,10,4
16,11,3
16,12,3
16,13,3
16,14,4
16,15,4
16,16,1
16,17,1
16,18,2
16,19,2
16,20,2
16,21,2
16,22,4
16,23,4
16,24,4
16,25,4
16,26,4
16,27,4
16,28,4
16,29,1
16,30,1
17,0,4
17,1,4
17,2,2
17,3,2
17,4,4
17,5,4
17,6,4
17,7,4
17,8,4
17,9,4
17,10,3
17,11,3
17,12,3
17,13,3
17,14,3
17,15,1
17,16,1
17,17,1
17,18,1
17,19,2
17,20,2
17,21,4
17,22,4
17,23,4
17,24,4
17,25,4
17,26,4
17,27,4
17,28,4
17,29,4
17,30,4
18,0,4
18,1,4
18,2,2
18,3,2
18,4,4
18,5,4
18,6,4
18,7,4
18,8,1
18,9,1
18,10,3
18,11,3
18,12,3
18,13,3
18,14,3
18,15,1
18,16,1
18,17,1
18,18,1
18,19,4
18,20,4
18,21,4
18,22,4
18,23,4
18,24,4
18,25,2
18,26,2
18,27,4
18,28,4
18,29,4
18,30,4
19,0,4
19,1,4
19,2,2
19,3,2
19,4,2
19,5,4
19,6,4
19,7,1
19,8,1
19,9,1
19,10,1
19,11,3
19,12,3
19,13,3
19,14,4
19,15,4
19,16,1
19,17,1
19,18,4
19,19,4
19,20,4
19,21,4
19,22,4
19,23,2
19,24,2
19,25,2
19,26,2
19,27,2
19,28,2
19,29,2
19,30,2
20,0,4
20,1,4
20,2,2
20,3,2
20,4,2
20,5,1
20,6,1
20,7,1
20,8,1
20,9,1
20,10,1
20,11,4
20,12,4
20,13,4
20,14,4
20,15,4
20,16,4
20,17,4
20,18,4
20,19,4
20,20,4
20,21,4
20,22,2
20,23,2
20,24,2
20,25,2
20,26,2
20,27,2
20,28,2
20,29,2
20,30,2
21,0,4
21,1,4
21,2,2
21,3,2
21,4,1
21,5,1
21,6,1
21,7,1
21,8,1
21,9,1
21,10,4
21,11,4
21,12,4
21,13,4
21,14,4
21,15,4
21,16,4
21,17,4
21,18,4
21,19,4
21,20,4
21,21,2
21,22,2
21,23,2
21,24,2
21,25,4
21,26,4
21,27,4
21,28,2
21,29,2
21,30,2
22,0,4
22,1,4
22,2,2
22,3,2
22,4,1
22,5,1
22,6,1
22,7,1
22,8,1
22,9,1
22,10,4
22,11,4
22,12,4
22,13,4
22,14,4
22,15,4
22,16,4
22,17,4
22,18,4
22,19,4
22,20,2
22,21,2
22,22,2
22,23,2
22,24,4
22,25,4
22,26,4
22,27,4
22,28,4
22,29,2
22,30,2
23,0,4
23,1,4
23,2,2
23,3,2
23,4,1
23,5,1
23,6,1
23,7,1
23,8,1
23,9,4
23,10,4
23,11,4
23,12,4
23,13,4
23,14,4
23,15,4
23,16,4
23,17,4
23,18,4
23,19,4
23,20,2
23,21,2
23,22,2
23,23,2
23,24,4
23,25,4
23,26,4
23,27,4
23,28,4
23,29,1
23,30,1
24,0,4
24,1,4
24,2,2
24,3,2
24,4,2
24,5,1
24,6,1
24,7,4
24,8,4
24,9,4
24,10,4
24,11,4
24,12,4
24,13,4
24,14,4
24,15,4
24,16,4
24,17,4
24,18,4
24,19,4
24,20,4
24,21,2
24,22,2
24,23,3
24,24,3
24,25,4
24,26,4
24,27,4
24,28,1
24,29,1
24,30,1
25,0,4
25,1,4
25,2,2
25,3,2
25,4,2
25,5,2
25,6,4
25,7,4
25,8,4
25,9,4
25,10,4
25,11,2
25,12,2
25,13,2
25,14,4
25,15,4
25,16,3
25,17,3
25,18,4
25,19,4
25,20,4
25,21,4
25,22,3
25,23,3
25,24,3
25,25,3
25,26,3
25,27,3
25,28,1
25,29,1
25,30,1
26,0,4
26,1,4
26,2,2
26,3,2
26,4,2
26,5,2
26,6,4
26,7,4
26,8,4
26,9,4
26,10,2
26,11,2
26,12,2
26,13,2
26,14,2
26,15,3
26,16,3
26,17,3
26,18,3
26,19,4
26,20,4
26,21,4
26,22,3
26,23,3
26,24,3
26,25,3
26,26,3
26,27,3
26,28,3
26,29,1
26,30,1
27,0,4
27,1,4
27,2,2
27,3,2
27,4,2
27,5,2
27,6,4
27,7,4
27,8,4
27,9,4
27,10,2
27,11,2
27,12,2
27,13,2
27,14,2
27,15,3
27,16,3
27,17,3
27,18,3
27,19,3
27,20,4
27,21,4
27,22,4
27,23,3
27,24,3
27,25,3
27,26,3
27,27,3
27,28,3
27,29,3
27,30,3
28,0,4
28,1,4
28,2,4
28,3,2
28,4,2
28,5,4
28,6,4
28,7,4
28,8,4
28,9,4
28,10,4
28,11,2
28,12,2
28,13,2
28,14,1
28,15,1
28,16,3
28,17,3
28,18,3
28,19,3
28,20,4
28,21,4
28,22,4
28,23,2
28,24,2
28,25,2
28,26,2
28,27,3
28,28,3
28,29,3
28,30,3
29,0,4
29,1,4
29,2,4
29,3,4
29,4,4
29,5,4
29,6,4
29,7,4
29,8,4
29,9,4
29,10,4
29,11,2
29,12,2
29,13,1
29,14,1
29,15,1
29,16,1
29,17,3
29,18,3
29,19,4
29,20,4
29,21,4
29,22,2
29,23,2
29,24,2
29,25,2
29,26,2
29,27,2
29,28,3
29,29,3
29,30,3
30,0,4
30,1,4
30,2,4
30,3,4
30,4,4
30,5,4
30,6,4
30,7,4
30,8,4
30,9,4
30,10,4
30,11,2
30,12,2
30,13,1
30,14,1
30,15,1
30,16,1
30,17,3
30,18,3
30,19,4
30,20,4
30,21,4
30,22,2
30,23,2
30,24,2
30,25,2
30,26,2
30,27,2
30,28,3
30,29,3
30,30,3