3
2
6
2
2,12
17,12
27,12
1,2,2
0,1,4
0,0,4
0,1,4
0,2,4
0,3,4
0,4,4
0,5,4
0,6,4
0,7,4
0,8,4
0,9,4
0,10,4
0,11,4
0,12,4
0,13,4
0,14,4
0,15,4
0,16,4
0,17,4
0,18,4
0,19,4
0,20,4
0,21,4
0,22,4
0,23,2
0,24,2
0,25,2
0,26,2
0,27,3
0,28,3
0,29,4
0,30,4
1,0,4
1,1,4
1,2,4
1,3,4
1,4,4
1,5,4
1,6,4
1,7,4
1,8,4
1,9,4
1,10,4
1,11,4
1,12,4
1,13,4
1,14,4
1,15,4
1,16,4
1,17,4
1,18,4
1,19,4
1,20,4
1,21,4
1,22,4
1,23,2
1,24,2
1,25,2
1,26,2
1,27,3
1,28,3
1,29,4
1,30,4
2,0,3
2,1,3
2,2,4
2,3,4
2,4,4
2,5,4
2,6,4
2,7,4
2,8,4
2,9,4
2,10,4
2,11,4
2,12,4
2,13,4
2,14,4
2,15,4
2,16,3
2,17,3
2,18,3
2,19,4
2,20,4
2,21,4
2,22,2
2,23,2
2,24,2
2,25,2
2,26,3
2,27,3
2,28,3
2,29,4
2,30,4
3,0,3
3,1,3
3,2,3
3,3,4
3,4,4
3,5,4
3,6,4
3,7,1
3,8,1
3,9,4
3,10,4
3,11,4
3,12,4
3,13,4
3,14,4
3,15,3
3,16,3
3,17,3
3,18,3
3,19,3
3,20,4
3,21,4
3,22,2
3,23,2
3,24,2
3,25,3
3,26,3
3,27,3
3,28,3
3,29,4
3,30,4
4,0,3
4,1,3
4,2,3
4,3,1
4,4,1
4,5,1
4,6,1
4,7,1
4,8,1
4,9,1
4,10,4
4,11,4
4,12,4
4,13,4
4,14,4
4,15,3
4,16,3
4,17,3
4,18,3
4,19,3
4,20,4
4,21,4
4,22,2
4,23,2
4,24,2
4,25,3
4,26,3
4,27,3
4,28,3
4,29,4
4,30,4
5,0,3
5,1,3
5,2,1
5,3,1
5,4,1
5,5,1
5,6,1
5,7,1
5,8,1
5,9,1
5,10,4
5,11,4
5,12,4
5,13,4
5,14,1
5,15,1
5,16,3
5,17,3
5,18,3
5,19,3
5,20,4
5,21,4
5,22,2
5,23,2
5,24,2
5,25,2
5,26,3
5,27,3
5,28,4
5,29,4
5,30,4
6,0,4
6,1,4
6,2,1
6,3,1
6,4,1
6,5,1
6,6,1
6,7,1
6,8,1
6,9,1
6,10,4
6,11,4
6,12,4
6,13,1
6,14,1
6,15,1
6,16,1
6,17,3
6,18,3
6,19,4
6,20,4
6,21,4
6,22,4
6,23,2
6,24,2
6,25,2
6,26,2
6,27,4
6,28,4
6,29,4
6,30,4
7,0,4
7,1,4
7,2,4
7,3,1
7,4,1
7,5,1
7,6,1
7,7,1
7,8,1
7,9,1
7,10,4
7,11,4
7,12,4
7,13,1
7,14,1
7,15,1
7,16,1
7,17,4
7,18,4
7,19,4
7,20,4
7,21,4
7,22,4
7,23,4
7,24,2
7,25,2
7,26,2
7,27,4
7,28,4
7,29,4
7,30,4
8,0,4
8,1,4
8,2,4
8,3,1
8,4,1
8,5,1
8,6,1
8,7,1
8,8,1
8,9,4
8,10,4
8,11,4
8,12,4
8,13,1
8,14,1
8,15,1
8,16,4
8,17,4
8,18,4
8,19,4
8,20,4
8,21,4
8,22,4
8,23,4
8,24,4
8,25,2
8,26,2
8,27,2
8,28,4
8,29,4
8,30,4
9,0,4
9,1,4
9,2,4
9,3,1
9,4,1
9,5,1
9,6,4
9,7,4
9,8,4
9,9,4
9,10,4
9,11,4
9,12,1
9,13,1
9,14,1
9,15,1
9,16,4
9,17,4
9,18,4
9,19,4
9,20,3
9,21,3
9,22,4
9,23,4
9,24,4
9,25,2
9,26,2
9,27,2
9,28,2
9,29,4
9,30,4
10,0,4
10,1,4
10,2,4
10,3,1
10,4,1
10,5,4
10,6,4
10,7,4
10,8,4
10,9,4
10,10,4
10,11,4
10,12,1
10,13,1
10,14,1
10,15,1
10,16,4
10,17,4
10,18,4
10,19,3
10,20,3
10,21,3
10,22,3
10,23,4
10,24,4
10,25,4
10,26,2
10,27,2
10,28,2
10,29,2
10,30,2
11,0,4
11,1,4
11,2,4
11,3,1
11,4,1
11,5,4
11,6,4
11,7,4
11,8,4
11,9,4
11,10,4
11,11,4
11,12,4
11,13,1
11,14,1
11,15,4
11,16,4
11,17,4
11,18,4
11,19,3
11,20,3
11,21,3
11,22,3
11,23,4
11,24,4
11,25,4
11,26,4
11,27,2
11,28,2
11,29,2
11,30,2
12,0,4
12,1,4
12,2,4
12,3,1
12,4,1
12,5,4
12,6,4
12,7,4
12,8,2
12,9,2
12,10,4
12,11,4
12,12,4
12,13,4
12,14,4
12,15,4
12,16,4
12,17,4
12,18,2
12,19,2
12,20,3
12,21,3
12,22,1
12,23,1
12,24,4
12,25,4
12,26,4
12,27,4
12,28,4
12,29,4
12,30,4
13,0,4
13,1,4
13,2,1
13,3,1
13,4,1
13,5,4
13,6,4
13,7,2
13,8,2
13,9,2
13,10,2
13,11,4
13,12,4
13,13,4
13,14,4
13,15,4
13,16,4
13,17,2
13,18,2
13,19,2
13,20,2
13,21,1
13,22,1
13,23,1
13,24,1
13,25,4
13,26,4
13,27,4
13,28,4
13,29,4
13,30,4
14,0,3
14,1,3
14,2,1
14,3,1
14,4,1
14,5,4
14,6,4
14,7,2
14,8,2
14,9,2
14,10,2
14,11,3
14,12,3
14,13,4
14,14,4
14,15,4
14,16,2
14,17,2
14,18,2
14,19,2
14,20,2
14,21,1
14,22,1
14,23,1
14,24,1
14,25,4
14,26,4
14,27,4
14,28,4
14,29,4
14,30,4
15,0,3
15,1,3
15,2,3
15,3,1
15,4,1
15,5,4
15,6,4
15,7,4
15,8,2
15,9,2
15,10,3
15,11,3
15,12,3
15,13,3
15,14,3
15,15,3
15,16,2
15,17,2
15,18,2
15,19,2
15,20,4
15,21,4
15,22,1
15,23,1
15,24,2
15,25,2
15,26,4
15,27,4
15,28,4
15,29,4
15,30,4
16,0,3
16,1,3
16,2,3
16,3,1
16,4,1
16,5,4
16,6,4
16,7,4
16,8,4
16,9,3
16,10,3
16,11,3
16,12,3
16,13,3
16,14,3
16,15,3
16,16,3
16,17,2
16,18,2
16,19,4
16,20,4
16,21,4
16,22,4
16,23,2
16,24,2
16,25,2
16,26,2
16,27,4
16,28,4
16,29,3
16,30,3
17,0,3
17,1,3
17,2,1
17,3,1
17,4,1
17,5,4
17,6,4
17,7,4
17,8,4
17,9,3
17,10,3
17,11,3
17,12,3
17,13,3
17,14,3
17,15,3
17,16,3
17,17,3
17,18,4
17,19,4
17,20,4
17,21,4
17,22,4
17,23,2
17,24,2
17,25,2
17,26,2
17,27,2
17,28,3
17,29,3
17,30,3
18,0,1
18,1,1
18,2,1
18,3,1
18,4,1
18,5,4
18,6,4
18,7,4
18,8,4
18,9,3
18,10,3
18,11,3
18,12,3
18,13,3
18,14,3
18,15,3
18,16,3
18,17,3
18,18,4
18,19,4
18,20,4
18,21,4
18,22,4
18,23,2
18,24,2
18,25,2
18,26,2
18,27,2
18,28,3
18,29,3
18,30,3
19,0,1
19,1,1
19,2,1
19,3,1
19,4,3
19,5,3
19,6,4
19,7,4
19,8,3
19,9,3
19,10,3
19,11,3
19,12,3
19,13,3
19,14,3
19,15,3
19,16,3
19,17,3
19,18,3
19,19,4
19,20,4
19,21,4
19,22,4
19,23,2
19,24,2
19,25,2
19,26,2
19,27,4
19,28,4
19,29,3
19,30,3
20,0,3
20,1,3
20,2,3
20,3,3
20,4,3
20,5,3
20,6,3
20,7,3
20,8,3
20,9,3
20,10,3
20,11,4
20,12,4
20,13,4
20,14,3
20,15,3
20,16,3
20,17,3
20,18,3
20,19,3
20,20,4
20,21,4
20,22,1
20,23,1
20,24,2
20,25,2
20,26,4
20,27,4
20,28,4
20,29,4
20,30,4
21,0,3
21,1,3
21,2,3
21,3,3
21,4,3
21,5,3
21,6,3
21,7,3
21,8,3
21,9,3
21,10,4
21,11,4
21,12,4
21,13,4
21,14,4
21,15,3
21,16,3
21,17,3
21,18,3
21,19,3
21,20,3
21,21,1
21,22,1
21,23,1
21,24,1
21,25,1
21,26,4
21,27,4
21,28,4
21,29,4
21,30,4
22,0,3
22,1,3
22,2,3
22,3,2
22,4,2
22,5,3
22,6,3
22,7,4
22,8,4
22,9,4
22,10,4
22,11,4
22,12,4
22,13,4
22,14,4
22,15,2
22,16,2
22,17,2
22,18,3
22,19,3
22,20,3
22,21,1
22,22,1
22,23,1
22,24,1
22,25,1
22,26,1
22,27,4
22,28,4
22,29,4
22,30,4
23,0,2
23,1,2
23,2,2
23,3,2
23,4,2
23,5,2
23,6,4
23,7,4
23,8,4
23,9,4
23,10,4
23,11,4
23,12,4
23,13,4
23,14,2
23,15,2
23,16,2
23,17,2
23,18,2
23,19,3
23,20,3
23,21,3
23,22,1
23,23,1
23,24,1
23,25,1
23,26,1
23,27,1
23,28,4
23,29,4
23,30,4
24,0,2
24,1,2
24,2,2
24,3,2
24,4,2
24,5,2
24,6,4
24,7,4
24,8,4
24,9,4
24,10,4
24,11,1
24,12,1
24,13,1
24,14,2
24,15,2
24,16,2
24,17,2
24,18,2
24,19,3
24,20,3
24,21,3
24,22,3
24,23,3
24,24,1
24,25,1
24,26,1
24,27,1
24,28,3
24,29,3
24,30,3
25,0,2
25,1,2
25,2,2
25,3,2
25,4,2
25,5,1
25,6,1
25,7,4
25,8,4
25,9,4
25,10,1
25,11,1
25,12,1
25,13,1
25,14,1
25,15,2
25,16,2
25,17,2
25,18,2
25,19,2
25,20,3
25,21,3
25,22,3
25,23,3
25,24,3
25,25,1
25,26,1
25,27,3
25,28,3
25,29,3
25,30,3
26,0,2
26,1,2
26,2,2
26,3,2
26,4,1
26,5,1
26,6,1
26,7,1
26,8,4
26,9,4
26,10,1
26,11,1
26,12,1
26,13,1
26,14,1
26,15,2
26,16,2
26,17,2
26,18,2
26,19,2
26,20,2
26,21,3
26,22,3
26,23,3
26,24,3
26,25,2
26,26,2
26,27,3
26,28,3
26,29,3
26,30,3
27,0,2
27,1,2
27,2,2
27,3,2
27,4,1
27,5,1
27,6,1
27,7,1
27,8,4
27,9,4
27,10,1
27,11,1
27,12,1
27,13,1
27,14,1
27,15,1
27,16,2
27,17,2
27,18,2
27,19,2
27,20,2
27,21,2
27,22,3
27,23,3
27,24,2
27,25,2
27,26,2
27,27,2
27,28,3
27,29,3
27,30,3
28,0,2
28,1,2
28,2,2
28,3,4
28,4,4
28,5,1
28,6,1
28,7,1
28,8,4
28,9,4
28,10,1
28,11,1
28,12,1
28,13,1
28,14,1
28,15,1
28,16,1
28,17,1
28,18,1
28,19,2
28,20,2
28,21,2
28,22,2
28,23,2
28,24,2
28,25,2
28,26,2
28,27,2
28,28,2
28,29,2
28,30,2
29,0,4
29,1,4
29,2,4
29,3,4
29,4,4
29,5,4
29,6,1
29,7,1
29,8,4
29,9,4
29,10,1
29,11,1
29,12,1
29,13,1
29,14,1
29,15,1
29,16,1
29,17,1
29,18,1
29,19,1
29,20,2
29,21,2
29,22,2
29,23,2
29,24,2
29,25,2
29,26,2
29,27,2
29,28,2
29,29,2
29,30,2
30,0,4
30,1,4
30,2,4
30,3,4
30,4,4
30,5,4
30,6,1
30,7,1
30,8,4
30,9,4
30,10,1
30,11,1
30,12,1
30,13,1
30,14,1
30,15,1
30,16,1
30,17,1
30,18,1
30,19,1
30,20,2
30,21,2
30,22,2
30,23,2
30,24,2
30,25,2
30,26,2
30,27,2
30,28,2
30,29,2
30,30,2