3
2
5
2
2,7
2,22
12,17
0,2,1
0,1,4
0,0,3
0,1,3
0,2,3
0,3,3
0,4,4
0,5,4
0,6,4
0,7,4
0,8,4
0,9,4
0,10,4
0,11,4
0,12,4
0,13,4
0,14,4
0,15,4
0,16,4
0,17,4
0,18,4
0,19,4
0,20,2
0,21,2
0,22,2
0,23,2
0,24,2
0,25,3
0,26,3
0,27,3
0,28,3
0,29,4
0,30,4
1,0,3
1,1,3
1,2,3
1,3,3
1,4,4
1,5,4
1,6,4
1,7,4
1,8,4
1,9,4
1,10,4
1,11,4
1,12,4
1,13,4
1,14,4
1,15,4
1,16,4
1,17,4
1,18,4
1,19,4
1,20,2
1,21,2
1,22,2
1,23,2
1,24,2
1,25,3
1,26,3
1,27,3
1,28,3
1,29,4
1,30,4
2,0,3
2,1,3
2,2,3
2,3,4
2,4,4
2,5,4
2,6,4
2,7,4
2,8,4
2,9,4
2,10,4
2,11,4
2,12,4
2,13,4
2,14,4
2,15,4
2,16,4
2,17,4
2,18,4
2,19,2
2,20,2
2,21,2
2,22,2
2,23,2
2,24,2
2,25,2
2,26,3
2,27,3
2,28,4
2,29,4
2,30,4
3,0,4
3,1,4
3,2,4
3,3,4
3,4,4
3,5,4
3,6,4
3,7,4
3,8,4
3,9,4
3,10,4
3,11,4
3,12,4
3,13,4
3,14,4
3,15,4
3,16,4
3,17,4
3,18,4
3,19,2
3,20,2
3,21,2
3,22,2
3,23,2
3,24,2
3,25,2
3,26,4
3,27,4
3,28,4
3,29,4
3,30,4
4,0,4
4,1,4
4,2,4
4,3,4
4,4,4
4,5,4
4,6,4
4,7,4
4,8,4
4,9,4
4,10,4
4,11,4
4,12,4
4,13,4
4,14,4
4,15,4
4,16,4
4,17,4
4,18,3
4,19,3
4,20,2
4,21,2
4,22,2
4,23,2
4,24,2
4,25,4
4,26,4
4,27,4
4,28,4
4,29,4
4,30,4
5,0,4
5,1,4
5,2,4
5,3,1
5,4,1
5,5,1
5,6,1
5,7,4
5,8,4
5,9,2
5,10,2
5,11,4
5,12,4
5,13,4
5,14,4
5,15,3
5,16,3
5,17,3
5,18,3
5,19,3
5,20,3
5,21,2
5,22,2
5,23,2
5,24,4
5,25,4
5,26,4
5,27,4
5,28,4
5,29,4
5,30,4
6,0,4
6,1,4
6,2,1
6,3,1
6,4,1
6,5,1
6,6,1
6,7,1
6,8,2
6,9,2
6,10,2
6,11,2
6,12,4
6,13,4
6,14,3
6,15,3
6,16,3
6,17,3
6,18,3
6,19,3
6,20,3
6,21,3
6,22,3
6,23,3
6,24,4
6,25,4
6,26,4
6,27,4
6,28,1
6,29,1
6,30,1
7,0,3
7,1,3
7,2,1
7,3,1
7,4,1
7,5,1
7,6,1
7,7,1
7,8,2
7,9,2
7,10,2
7,11,2
7,12,2
7,13,3
7,14,3
7,15,3
7,16,3
7,17,3
7,18,3
7,19,3
7,20,3
7,21,3
7,22,3
7,23,3
7,24,3
7,25,4
7,26,4
7,27,1
7,28,1
7,29,1
7,30,1
8,0,3
8,1,3
8,2,3
8,3,1
8,4,1
8,5,1
8,6,1
8,7,1
8,8,1
8,9,2
8,10,2
8,11,2
8,12,2
8,13,3
8,14,3
8,15,3
8,16,3
8,17,4
8,18,4
8,19,3
8,20,3
8,21,3
8,22,3
8,23,3
8,24,3
8,25,1
8,26,1
8,27,1
8,28,1
8,29,1
8,30,1
9,0,3
9,1,3
9,2,3
9,3,1
9,4,1
9,5,1
9,6,1
9,7,1
9,8,1
9,9,1
9,10,2
9,11,2
9,12,2
9,13,2
9,14,3
9,15,3
9,16,4
9,17,4
9,18,4
9,19,4
9,20,3
9,21,3
9,22,3
9,23,3
9,24,1
9,25,1
9,26,1
9,27,1
9,28,1
9,29,2
9,30,2
10,0,3
10,1,3
10,2,2
10,3,2
10,4,1
10,5,1
10,6,1
10,7,1
10,8,1
10,9,1
10,10,2
10,11,2
10,12,2
10,13,2
10,14,2
10,15,4
10,16,4
10,17,4
10,18,4
10,19,4
10,20,4
10,21,3
10,22,3
10,23,1
10,24,1
10,25,1
10,26,1
10,27,1
10,28,2
10,29,2
10,30,2
11,0,2
11,1,2
11,2,2
11,3,2
11,4,2
11,5,1
11,6,1
11,7,1
11,8,1
11,9,1
11,10,2
11,11,2
11,12,2
11,13,2
11,14,2
11,15,4
11,16,4
11,17,4
11,18,4
11,19,4
11,20,4
11,21,4
11,22,1
11,23,1
11,24,1
11,25,1
11,26,2
11,27,2
11,28,2
11,29,2
11,30,2
12,0,2
12,1,2
12,2,2
12,3,2
12,4,2
12,5,3
12,6,3
12,7,1
12,8,1
12,9,4
12,10,4
12,11,2
12,12,2
12,13,2
12,14,4
12,15,4
12,16,4
12,17,4
12,18,4
12,19,4
12,20,4
12,21,4
12,22,1
12,23,1
12,24,1
12,25,2
12,26,2
12,27,2
12,28,2
12,29,2
12,30,2
13,0,4
13,1,4
13,2,2
13,3,2
13,4,3
13,5,3
13,6,3
13,7,3
13,8,4
13,9,4
13,10,4
13,11,4
13,12,4
13,13,4
13,14,4
13,15,4
13,16,4
13,17,4
13,18,4
13,19,4
13,20,4
13,21,1
13,22,1
13,23,1
13,24,1
13,25,2
13,26,2
13,27,2
13,28,2
13,29,1
13,30,1
14,0,4
14,1,4
14,2,4
14,3,4
14,4,3
14,5,3
14,6,3
14,7,3
14,8,4
14,9,4
14,10,4
14,11,4
14,12,4
14,13,4
14,14,4
14,15,4
14,16,4
14,17,4
14,18,4
14,19,4
14,20,4
14,21,1
14,22,1
14,23,1
14,24,1
14,25,2
14,26,2
14,27,2
14,28,1
14,29,1
14,30,1
15,0,4
15,1,4
15,2,4
15,3,4
15,4,4
15,5,3
15,6,3
15,7,4
15,8,4
15,9,4
15,10,4
15,11,4
15,12,1
15,13,1
15,14,4
15,15,4
15,16,2
15,17,2
15,18,4
15,19,4
15,20,2
15,21,2
15,22,1
15,23,1
15,24,2
15,25,2
15,26,2
15,27,2
15,28,1
15,29,1
15,30,1
16,0,3
16,1,3
16,2,4
16,3,4
16,4,4
16,5,4
16,6,4
16,7,4
16,8,4
16,9,4
16,10,4
16,11,1
16,12,1
16,13,1
16,14,1
16,15,2
16,16,2
16,17,2
16,18,2
16,19,2
16,20,2
16,21,2
16,22,2
16,23,2
16,24,2
16,25,2
16,26,2
16,27,1
16,28,1
16,29,1
16,30,1
17,0,3
17,1,3
17,2,3
17,3,4
17,4,4
17,5,4
17,6,4
17,7,4
17,8,4
17,9,4
17,10,4
17,11,1
17,12,1
17,13,1
17,14,1
17,15,2
17,16,2
17,17,2
17,18,2
17,19,2
17,20,2
17,21,2
17,22,2
17,23,2
17,24,2
17,25,2
17,26,2
17,27,1
17,28,1
17,29,1
17,30,1
18,0,3
18,1,3
18,2,3
18,3,4
18,4,4
18,5,4
18,6,1
18,7,1
18,8,4
18,9,4
18,10,2
18,11,2
18,12,1
18,13,1
18,14,1
18,15,2
18,16,2
18,17,2
18,18,2
18,19,2
18,20,1
18,21,1
18,22,1
18,23,1
18,24,2
18,25,2
18,26,3
18,27,3
18,28,1
18,29,1
18,30,1
19,0,3
19,1,3
19,2,4
19,3,4
19,4,4
19,5,1
19,6,1
19,7,1
19,8,1
19,9,2
19,10,2
19,11,2
19,12,2
19,13,1
19,14,1
19,15,1
19,16,2
19,17,2
19,18,2
19,19,1
19,20,1
19,21,1
19,22,1
19,23,1
19,24,1
19,25,3
19,26,3
19,27,3
19,28,3
19,29,3
19,30,3
20,0,4
20,1,4
20,2,4
20,3,4
20,4,4
20,5,1
20,6,1
20,7,1
20,8,1
20,9,2
20,10,2
20,11,2
20,12,2
20,13,1
20,14,1
20,15,1
20,16,1
20,17,1
20,18,1
20,19,1
20,20,1
20,21,1
20,22,1
20,23,1
20,24,1
20,25,3
20,26,3
20,27,3
20,28,3
20,29,3
20,30,3
21,0,4
21,1,4
21,2,4
21,3,4
21,4,4
21,5,1
21,6,1
21,7,1
21,8,1
21,9,2
21,10,2
21,11,2
21,12,2
21,13,2
21,14,1
21,15,1
21,16,1
21,17,1
21,18,1
21,19,1
21,20,1
21,21,1
21,22,1
21,23,1
21,24,2
21,25,2
21,26,3
21,27,3
21,28,3
21,29,2
21,30,2
22,0,4
22,1,4
22,2,4
22,3,4
22,4,4
22,5,1
22,6,1
22,7,1
22,8,1
22,9,1
22,10,2
22,11,2
22,12,2
22,13,2
22,14,4
22,15,4
22,16,1
22,17,1
22,18,1
22,19,1
22,20,2
22,21,2
22,22,2
22,23,2
22,24,2
22,25,2
22,26,2
22,27,2
22,28,2
22,29,2
22,30,2
23,0,4
23,1,4
23,2,4
23,3,4
23,4,3
23,5,3
23,6,1
23,7,1
23,8,1
23,9,1
23,10,2
23,11,2
23,12,2
23,13,4
23,14,4
23,15,4
23,16,4
23,17,1
23,18,1
23,19,2
23,20,2
23,21,2
23,22,2
23,23,2
23,24,2
23,25,2
23,26,2
23,27,2
23,28,2
23,29,2
23,30,2
24,0,4
24,1,4
24,2,4
24,3,3
24,4,3
24,5,3
24,6,3
24,7,1
24,8,1
24,9,2
24,10,2
24,11,2
24,12,2
24,13,4
24,14,4
24,15,4
24,16,4
24,17,1
24,18,1
24,19,2
24,20,2
24,21,2
24,22,2
24,23,4
24,24,4
24,25,2
24,26,2
24,27,4
24,28,4
24,29,2
24,30,2
25,0,4
25,1,4
25,2,4
25,3,3
25,4,3
25,5,3
25,6,3
25,7,3
25,8,2
25,9,2
25,10,2
25,11,2
25,12,3
25,13,3
25,14,4
25,15,4
25,16,1
25,17,1
25,18,1
25,19,1
25,20,2
25,21,2
25,22,4
25,23,4
25,24,4
25,25,4
25,26,4
25,27,4
25,28,4
25,29,4
25,30,4
26,0,4
26,1,4
26,2,3
26,3,3
26,4,3
26,5,3
26,6,3
26,7,3
26,8,2
26,9,2
26,10,2
26,11,3
26,12,3
26,13,3
26,14,3
26,15,1
26,16,1
26,17,1
26,18,1
26,19,1
26,20,4
26,21,4
26,22,4
26,23,4
26,24,4
26,25,4
26,26,4
26,27,4
26,28,4
26,29,4
26,30,4
27,0,4
27,1,4
27,2,3
27,3,3
27,4,3
27,5,3
27,6,3
27,7,2
27,8,2
27,9,2
27,10,2
27,11,3
27,12,3
27,13,3
27,14,3
27,15,1
27,16,1
27,17,1
27,18,1
27,19,4
27,20,4
27,21,4
27,22,4
27,23,4
27,24,2
27,25,2
27,26,4
27,27,4
27,28,4
27,29,4
27,30,4
28,0,4
28,1,4
28,2,3
28,3,3
28,4,3
28,5,3
28,6,3
28,7,2
28,8,2
28,9,2
28,10,4
28,11,4
28,12,3
28,13,3
28,14,4
28,15,4
28,16,1
28,17,1
28,18,1
28,19,4
28,20,4
28,21,4
28,22,4
28,23,2
28,24,2
28,25,2
28,26,2
28,27,4
28,28,4
28,29,4
28,30,4
29,0,4
29,1,4
29,2,3
29,3,3
29,4,3
29,5,3
29,6,3
29,7,2
29,8,2
29,9,4
29,10,4
29,11,4
29,12,4
29,13,4
29,14,4
29,15,4
29,16,4
29,17,1
29,18,1
29,19,4
29,20,4
29,21,4
29,22,2
29,23,2
29,24,2
29,25,2
29,26,2
29,27,4
29,28,4
29,29,4
29,30,4
30,0,4
30,1,4
30,2,3
30,3,3
30,4,3
30,5,3
30,6,3
30,7,2
30,8,2
30,9,4
30,10,4
30,11,4
30,12,4
30,13,4
30,14,4
30,15,4
30,16,4
30,17,1
30,18,1
30,19,4
30,20,4
30,21,4
30,22,2
30,23,2
30,24,2
30,25,2
30,26,2
30,27,4
30,28,4
30,29,4
30,30,4