3
2
5
1
7,7
22,22
27,7
0,1,4
0,2,1
0,0,4
0,1,4
0,2,3
0,3,3
0,4,3
0,5,3
0,6,3
0,7,4
0,8,4
0,9,4
0,10,4
0,11,4
0,12,4
0,13,4
0,14,4
0,15,2
0,16,2
0,17,1
0,18,1
0,19,1
0,20,1
0,21,1
0,22,3
0,23,3
0,24,3
0,25,2
0,26,2
0,27,2
0,28,4
0,29,4
0,30,4
1,0,4
1,1,4
1,2,3
1,3,3
1,4,3
1,5,3
1,6,3
1,7,4
1,8,4
1,9,4
1,10,4
1,11,4
1,12,4
1,13,4
1,14,4
1,15,2
1,16,2
1,17,1
1,18,1
1,19,1
1,20,1
1,21,1
1,22,3
1,23,3
1,24,3
1,25,2
1,26,2
1,27,2
1,28,4
1,29,4
1,30,4
2,0,4
2,1,4
2,2,3
2,3,3
2,4,3
2,5,3
2,6,3
2,7,3
2,8,4
2,9,4
2,10,4
2,11,4
2,12,4
2,13,4
2,14,4
2,15,2
2,16,2
2,17,2
2,18,1
2,19,1
2,20,1
2,21,1
2,22,1
2,23,3
2,24,3
2,25,2
2,26,2
2,27,2
2,28,2
2,29,4
2,30,4
3,0,4
3,1,4
3,2,4
3,3,3
3,4,3
3,5,3
3,6,3
3,7,3
3,8,3
3,9,4
3,10,4
3,11,4
3,12,4
3,13,4
3,14,4
3,15,2
3,16,2
3,17,2
3,18,2
3,19,1
3,20,1
3,21,1
3,22,1
3,23,3
3,24,3
3,25,3
3,26,2
3,27,2
3,28,2
3,29,3
3,30,3
4,0,4
4,1,4
4,2,4
4,3,4
4,4,3
4,5,3
4,6,3
4,7,3
4,8,3
4,9,4
4,10,4
4,11,4
4,12,4
4,13,4
4,14,4
4,15,2
4,16,2
4,17,2
4,18,2
4,19,1
4,20,1
4,21,1
4,22,1
4,23,3
4,24,3
4,25,3
4,26,2
4,27,2
4,28,3
4,29,3
4,30,3
5,0,4
5,1,4
5,2,4
5,3,4
5,4,3
5,5,3
5,6,3
5,7,3
5,8,3
5,9,3
5,10,4
5,11,4
5,12,4
5,13,4
5,14,4
5,15,4
5,16,2
5,17,2
5,18,2
5,19,2
5,20,1
5,21,1
5,22,1
5,23,3
5,24,3
5,25,3
5,26,2
5,27,2
5,28,3
5,29,3
5,30,3
6,0,4
6,1,4
6,2,4
6,3,3
6,4,3
6,5,3
6,6,3
6,7,3
6,8,3
6,9,3
6,10,3
6,11,4
6,12,4
6,13,4
6,14,4
6,15,4
6,16,2
6,17,2
6,18,2
6,19,2
6,20,1
6,21,1
6,22,1
6,23,1
6,24,3
6,25,3
6,26,2
6,27,2
6,28,3
6,29,3
6,30,3
7,0,2
7,1,2
7,2,2
7,3,3
7,4,3
7,5,3
7,6,3
7,7,3
7,8,3
7,9,3
7,10,3
7,11,3
7,12,4
7,13,4
7,14,4
7,15,3
7,16,3
7,17,2
7,18,2
7,19,1
7,20,1
7,21,1
7,22,1
7,23,1
7,24,3
7,25,3
7,26,2
7,27,2
7,28,2
7,29,3
7,30,3
8,0,2
8,1,2
8,2,2
8,3,2
8,4,3
8,5,3
8,6,3
8,7,3
8,8,3
8,9,3
8,10,3
8,11,3
8,12,4
8,13,4
8,14,3
8,15,3
8,16,3
8,17,3
8,18,1
8,19,1
8,20,1
8,21,1
8,22,1
8,23,3
8,24,3
8,25,3
8,26,2
8,27,2
8,28,2
8,29,1
8,30,1
9,0,2
9,1,2
9,2,2
9,3,2
9,4,2
9,5,3
9,6,3
9,7,3
9,8,3
9,9,3
9,10,3
9,11,4
9,12,4
9,13,4
9,14,3
9,15,3
9,16,3
9,17,3
9,18,1
9,19,1
9,20,1
9,21,1
9,22,3
9,23,3
9,24,3
9,25,3
9,26,2
9,27,2
9,28,1
9,29,1
9,30,1
10,0,2
10,1,2
10,2,2
10,3,2
10,4,2
10,5,4
10,6,4
10,7,4
10,8,4
10,9,4
10,10,4
10,11,4
10,12,4
10,13,4
10,14,3
10,15,3
10,16,3
10,17,1
10,18,1
10,19,1
10,20,1
10,21,3
10,22,3
10,23,3
10,24,3
10,25,2
10,26,2
10,27,2
10,28,1
10,29,1
10,30,1
11,0,4
11,1,4
11,2,2
11,3,2
11,4,4
11,5,4
11,6,4
11,7,4
11,8,4
11,9,4
11,10,4
11,11,4
11,12,4
11,13,4
11,14,3
11,15,3
11,16,1
11,17,1
11,18,1
11,19,1
11,20,1
11,21,3
11,22,3
11,23,3
11,24,3
11,25,2
11,26,2
11,27,2
11,28,2
11,29,1
11,30,1
12,0,4
12,1,4
12,2,4
12,3,4
12,4,4
12,5,4
12,6,4
12,7,4
12,8,4
12,9,1
12,10,1
12,11,4
12,12,4
12,13,3
12,14,3
12,15,3
12,16,1
12,17,1
12,18,1
12,19,1
12,20,1
12,21,1
12,22,3
12,23,3
12,24,1
12,25,1
12,26,2
12,27,2
12,28,2
12,29,2
12,30,2
13,0,4
13,1,4
13,2,4
13,3,4
13,4,4
13,5,4
13,6,4
13,7,4
13,8,1
13,9,1
13,10,1
13,11,1
13,12,3
13,13,3
13,14,3
13,15,3
13,16,1
13,17,1
13,18,1
13,19,1
13,20,1
13,21,1
13,22,1
13,23,1
13,24,1
13,25,1
13,26,1
13,27,2
13,28,2
13,29,2
13,30,2
14,0,4
14,1,4
14,2,4
14,3,4
14,4,4
14,5,4
14,6,4
14,7,4
14,8,1
14,9,1
14,10,1
14,11,1
14,12,3
14,13,3
14,14,3
14,15,1
14,16,1
14,17,1
14,18,1
14,19,1
14,20,1
14,21,1
14,22,1
14,23,1
14,24,1
14,25,1
14,26,1
14,27,1
14,28,2
14,29,2
14,30,2
15,0,4
15,1,4
15,2,4
15,3,4
15,4,4
15,5,4
15,6,4
15,7,4
15,8,4
15,9,1
15,10,1
15,11,1
15,12,3
15,13,3
15,14,3
15,15,1
15,16,1
15,17,1
15,18,1
15,19,3
15,20,3
15,21,3
15,22,3
15,23,1
15,24,1
15,25,1
15,26,1
15,27,1
15,28,4
15,29,4
15,30,4
16,0,4
16,1,4
16,2,4
16,3,4
16,4,4
16,5,4
16,6,4
16,7,4
16,8,4
16,9,1
16,10,1
16,11,1
16,12,3
16,13,3
16,14,3
16,15,3
16,16,1
16,17,1
16,18,3
16,19,3
16,20,3
16,21,3
16,22,3
16,23,3
16,24,1
16,25,1
16,26,1
16,27,4
16,28,4
16,29,4
16,30,4
17,0,4
17,1,4
17,2,4
17,3,4
17,4,1
17,5,1
17,6,4
17,7,4
17,8,1
17,9,1
17,10,1
17,11,3
17,12,3
17,13,3
17,14,3
17,15,3
17,16,4
17,17,4
17,18,3
17,19,3
17,20,3
17,21,3
17,22,3
17,23,3
17,24,1
17,25,1
17,26,4
17,27,4
17,28,4
17,29,4
17,30,4
18,0,4
18,1,4
18,2,4
18,3,1
18,4,1
18,5,1
18,6,1
18,7,1
18,8,1
18,9,1
18,10,1
18,11,3
18,12,3
18,13,3
18,14,3
18,15,4
18,16,4
18,17,4
18,18,4
18,19,3
18,20,3
18,21,3
18,22,3
18,23,3
18,24,1
18,25,1
18,26,4
18,27,4
18,28,4
18,29,4
18,30,4
19,0,1
19,1,1
19,2,1
19,3,1
19,4,1
19,5,1
19,6,1
19,7,1
19,8,1
19,9,1
19,10,3
19,11,3
19,12,3
19,13,3
19,14,3
19,15,4
19,16,4
19,17,4
19,18,4
19,19,4
19,20,3
19,21,3
19,22,3
19,23,1
19,24,1
19,25,1
19,26,4
19,27,4
19,28,4
19,29,4
19,30,4
20,0,1
20,1,1
20,2,1
20,3,1
20,4,1
20,5,4
20,6,4
20,7,1
20,8,1
20,9,3
20,10,3
20,11,3
20,12,3
20,13,3
20,14,3
20,15,4
20,16,4
20,17,4
20,18,4
20,19,4
20,20,1
20,21,1
20,22,1
20,23,1
20,24,1
20,25,1
20,26,4
20,27,4
20,28,4
20,29,4
20,30,4
21,0,4
21,1,4
21,2,4
21,3,4
21,4,4
21,5,4
21,6,4
21,7,4
21,8,3
21,9,3
21,10,3
21,11,3
21,12,3
21,13,3
21,14,1
21,15,1
21,16,4
21,17,4
21,18,4
21,19,1
21,20,1
21,21,1
21,22,1
21,23,1
21,24,1
21,25,1
21,26,1
21,27,4
21,28,4
21,29,4
21,30,4
22,0,4
22,1,4
22,2,4
22,3,4
22,4,4
22,5,4
22,6,4
22,7,4
22,8,3
22,9,3
22,10,3
22,11,3
22,12,3
22,13,1
22,14,1
22,15,1
22,16,1
22,17,1
22,18,1
22,19,1
22,20,1
22,21,1
22,22,1
22,23,1
22,24,1
22,25,1
22,26,1
22,27,1
22,28,4
22,29,4
22,30,4
23,0,1
23,1,1
23,2,1
23,3,1
23,4,1
23,5,4
23,6,4
23,7,1
23,8,1
23,9,3
23,10,3
23,11,4
23,12,4
23,13,1
23,14,1
23,15,1
23,16,1
23,17,1
23,18,1
23,19,1
23,20,1
23,21,1
23,22,1
23,23,1
23,24,1
23,25,1
23,26,1
23,27,1
23,28,1
23,29,4
23,30,4
24,0,1
24,1,1
24,2,1
24,3,1
24,4,1
24,5,1
24,6,1
24,7,1
24,8,1
24,9,1
24,10,4
24,11,4
24,12,4
24,13,4
24,14,1
24,15,1
24,16,1
24,17,1
24,18,1
24,19,1
24,20,1
24,21,1
24,22,1
24,23,1
24,24,1
24,25,1
24,26,1
24,27,1
24,28,1
24,29,1
24,30,1
25,0,2
25,1,2
25,2,1
25,3,1
25,4,1
25,5,1
25,6,1
25,7,1
25,8,1
25,9,1
25,10,4
25,11,4
25,12,4
25,13,4
25,14,4
25,15,4
25,16,1
25,17,1
25,18,3
25,19,3
25,20,1
25,21,1
25,22,2
25,23,2
25,24,1
25,25,1
25,26,1
25,27,1
25,28,1
25,29,1
25,30,1
26,0,2
26,1,2
26,2,2
26,3,1
26,4,1
26,5,1
26,6,1
26,7,1
26,8,1
26,9,1
26,10,4
26,11,4
26,12,4
26,13,4
26,14,4
26,15,4
26,16,4
26,17,3
26,18,3
26,19,3
26,20,3
26,21,2
26,22,2
26,23,2
26,24,2
26,25,2
26,26,2
26,27,2
26,28,2
26,29,2
26,30,2
27,0,2
27,1,2
27,2,2
27,3,1
27,4,1
27,5,1
27,6,1
27,7,1
27,8,1
27,9,1
27,10,4
27,11,4
27,12,4
27,13,4
27,14,4
27,15,4
27,16,4
27,17,3
27,18,3
27,19,3
27,20,3
27,21,2
27,22,2
27,23,2
27,24,2
27,25,2
27,26,2
27,27,2
27,28,2
27,29,2
27,30,2
28,0,2
28,1,2
28,2,4
28,3,4
28,4,1
28,5,1
28,6,1
28,7,1
28,8,1
28,9,1
28,10,4
28,11,4
28,12,4
28,13,4
28,14,4
28,15,4
28,16,3
28,17,3
28,18,3
28,19,3
28,20,1
28,21,1
28,22,2
28,23,2
28,24,4
28,25,4
28,26,2
28,27,2
28,28,2
28,29,4
28,30,4
29,0,4
29,1,4
29,2,4
29,3,4
29,4,4
29,5,1
29,6,1
29,7,1
29,8,1
29,9,1
29,10,4
29,11,4
29,12,4
29,13,4
29,14,4
29,15,3
29,16,3
29,17,3
29,18,3
29,19,1
29,20,1
29,21,1
29,22,1
29,23,4
29,24,4
29,25,4
29,26,4
29,27,4
29,28,4
29,29,4
29,30,4
30,0,4
30,1,4
30,2,4
30,3,4
30,4,4
30,5,1
30,6,1
30,7,1
30,8,1
30,9,1
30,10,4
30,11,4
30,12,4
30,13,4
30,14,4
30,15,3
30,16,3
30,17,3
30,18,3
30,19,1
30,20,1
30,21,1
30,22,1
30,23,4
30,24,4
30,25,4
30,26,4
30,27,4
30,28,4
30,29,4
30,30,4