3
2
4
1
7,7
17,7
22,22
0,1,1
0,2,3
0,0,4
0,1,4
0,2,4
0,3,1
0,4,1
0,5,4
0,6,4
0,7,4
0,8,4
0,9,4
0,10,4
0,11,2
0,12,2
0,13,2
0,14,2
0,15,3
0,16,3
0,17,3
0,18,3
0,19,4
0,20,4
0,21,4
0,22,4
0,23,2
0,24,2
0,25,3
0,26,3
0,27,3
0,28,3
0,29,1
0,30,1
1,0,4
1,1,4
1,2,4
1,3,1
1,4,1
1,5,4
1,6,4
1,7,4
1,8,4
1,9,4
1,10,4
1,11,2
1,12,2
1,13,2
1,14,2
1,15,3
1,16,3
1,17,3
1,18,3
1,19,4
1,20,4
1,21,4
1,22,4
1,23,2
1,24,2
1,25,3
1,26,3
1,27,3
1,28,3
1,29,1
1,30,1
2,0,4
2,1,4
2,2,4
2,3,1
2,4,1
2,5,4
2,6,4
2,7,4
2,8,4
2,9,4
2,10,4
2,11,2
2,12,2
2,13,2
2,14,2
2,15,3
2,16,3
2,17,3
2,18,3
2,19,4
2,20,4
2,21,4
2,22,4
2,23,2
2,24,2
2,25,2
2,26,3
2,27,3
2,28,1
2,29,1
2,30,1
3,0,4
3,1,4
3,2,1
3,3,1
3,4,1
3,5,1
3,6,4
3,7,4
3,8,4
3,9,4
3,10,3
3,11,3
3,12,2
3,13,2
3,14,1
3,15,1
3,16,3
3,17,3
3,18,4
3,19,4
3,20,4
3,21,4
3,22,4
3,23,2
3,24,2
3,25,2
3,26,2
3,27,1
3,28,1
3,29,1
3,30,1
4,0,4
4,1,4
4,2,1
4,3,1
4,4,1
4,5,1
4,6,3
4,7,3
4,8,3
4,9,3
4,10,3
4,11,3
4,12,3
4,13,1
4,14,1
4,15,1
4,16,1
4,17,4
4,18,4
4,19,4
4,20,4
4,21,4
4,22,4
4,23,2
4,24,2
4,25,2
4,26,2
4,27,1
4,28,1
4,29,1
4,30,1
5,0,4
5,1,4
5,2,4
5,3,1
5,4,1
5,5,3
5,6,3
5,7,3
5,8,3
5,9,3
5,10,3
5,11,3
5,12,3
5,13,1
5,14,1
5,15,1
5,16,1
5,17,4
5,18,4
5,19,4
5,20,4
5,21,4
5,22,3
5,23,3
5,24,2
5,25,2
5,26,1
5,27,1
5,28,1
5,29,1
5,30,1
6,0,4
6,1,4
6,2,4
6,3,4
6,4,3
6,5,3
6,6,3
6,7,3
6,8,3
6,9,3
6,10,3
6,11,3
6,12,4
6,13,4
6,14,1
6,15,1
6,16,1
6,17,1
6,18,4
6,19,4
6,20,4
6,21,3
6,22,3
6,23,3
6,24,3
6,25,1
6,26,1
6,27,1
6,28,1
6,29,3
6,30,3
7,0,4
7,1,4
7,2,4
7,3,4
7,4,3
7,5,3
7,6,3
7,7,3
7,8,3
7,9,3
7,10,3
7,11,4
7,12,4
7,13,4
7,14,4
7,15,1
7,16,1
7,17,1
7,18,4
7,19,4
7,20,4
7,21,3
7,22,3
7,23,3
7,24,3
7,25,1
7,26,1
7,27,1
7,28,3
7,29,3
7,30,3
8,0,4
8,1,4
8,2,4
8,3,3
8,4,3
8,5,3
8,6,3
8,7,3
8,8,3
8,9,3
8,10,3
8,11,4
8,12,4
8,13,4
8,14,4
8,15,1
8,16,1
8,17,1
8,18,4
8,19,4
8,20,4
8,21,3
8,22,3
8,23,3
8,24,1
8,25,1
8,26,1
8,27,3
8,28,3
8,29,3
8,30,3
9,0,4
9,1,4
9,2,4
9,3,3
9,4,3
9,5,3
9,6,3
9,7,3
9,8,3
9,9,3
9,10,4
9,11,4
9,12,4
9,13,4
9,14,1
9,15,1
9,16,1
9,17,1
9,18,4
9,19,4
9,20,4
9,21,4
9,22,3
9,23,3
9,24,1
9,25,1
9,26,1
9,27,3
9,28,3
9,29,3
9,30,3
10,0,4
10,1,4
10,2,1
10,3,1
10,4,3
10,5,3
10,6,4
10,7,4
10,8,4
10,9,4
10,10,4
10,11,4
10,12,4
10,13,1
10,14,1
10,15,1
10,16,1
10,17,1
10,18,1
10,19,4
10,20,4
10,21,4
10,22,3
10,23,3
10,24,3
10,25,1
10,26,1
10,27,1
10,28,3
10,29,3
10,30,3
11,0,1
11,1,1
11,2,1
11,3,1
11,4,1
11,5,4
11,6,4
11,7,4
11,8,4
11,9,4
11,10,4
11,11,4
11,12,1
11,13,1
11,14,1
11,15,1
11,16,1
11,17,1
11,18,1
11,19,1
11,20,4
11,21,4
11,22,3
11,23,3
11,24,3
11,25,1
11,26,1
11,27,1
11,28,1
11,29,1
11,30,1
12,0,1
12,1,1
12,2,1
12,3,1
12,4,1
12,5,4
12,6,4
12,7,4
12,8,4
12,9,1
12,10,1
12,11,1
12,12,1
12,13,1
12,14,1
12,15,4
12,16,4
12,17,1
12,18,1
12,19,1
12,20,4
12,21,4
12,22,4
12,23,3
12,24,3
12,25,3
12,26,1
12,27,1
12,28,1
12,29,1
12,30,1
13,0,4
13,1,4
13,2,1
13,3,1
13,4,1
13,5,1
13,6,4
13,7,4
13,8,1
13,9,1
13,10,1
13,11,1
13,12,1
13,13,1
13,14,4
13,15,4
13,16,4
13,17,4
13,18,1
13,19,1
13,20,4
13,21,4
13,22,4
13,23,3
13,24,3
13,25,3
13,26,3
13,27,3
13,28,3
13,29,3
13,30,3
14,0,4
14,1,4
14,2,4
14,3,1
14,4,1
14,5,1
14,6,1
14,7,1
14,8,1
14,9,1
14,10,1
14,11,2
14,12,2
14,13,2
14,14,4
14,15,4
14,16,4
14,17,4
14,18,1
14,19,1
14,20,4
14,21,4
14,22,4
14,23,4
14,24,3
14,25,3
14,26,3
14,27,3
14,28,3
14,29,3
14,30,3
15,0,4
15,1,4
15,2,4
15,3,1
15,4,1
15,5,1
15,6,1
15,7,1
15,8,1
15,9,1
15,10,2
15,11,2
15,12,2
15,13,2
15,14,2
15,15,4
15,16,4
15,17,1
15,18,1
15,19,1
15,20,4
15,21,4
15,22,4
15,23,4
15,24,4
15,25,3
15,26,3
15,27,2
15,28,2
15,29,3
15,30,3
16,0,4
16,1,4
16,2,4
16,3,4
16,4,1
16,5,1
16,6,1
16,7,1
16,8,1
16,9,1
16,10,2
16,11,2
16,12,2
16,13,2
16,14,2
16,15,3
16,16,3
16,17,1
16,18,1
16,19,1
16,20,4
16,21,4
16,22,4
16,23,4
16,24,4
16,25,2
16,26,2
16,27,2
16,28,2
16,29,2
16,30,2
17,0,4
17,1,4
17,2,4
17,3,4
17,4,1
17,5,1
17,6,1
17,7,1
17,8,1
17,9,1
17,10,1
17,11,2
17,12,2
17,13,2
17,14,3
17,15,3
17,16,3
17,17,3
17,18,1
17,19,1
17,20,1
17,21,4
17,22,4
17,23,4
17,24,2
17,25,2
17,26,2
17,27,2
17,28,2
17,29,2
17,30,2
18,0,4
18,1,4
18,2,4
18,3,4
18,4,1
18,5,1
18,6,1
18,7,1
18,8,1
18,9,1
18,10,1
18,11,4
18,12,4
18,13,4
18,14,3
18,15,3
18,16,3
18,17,3
18,18,1
18,19,1
18,20,1
18,21,2
18,22,2
18,23,2
18,24,2
18,25,2
18,26,2
18,27,2
18,28,2
18,29,1
18,30,1
19,0,4
19,1,4
19,2,4
19,3,2
19,4,2
19,5,1
19,6,1
19,7,1
19,8,1
19,9,1
19,10,4
19,11,4
19,12,4
19,13,4
19,14,4
19,15,3
19,16,3
19,17,3
19,18,1
19,19,1
19,20,2
19,21,2
19,22,2
19,23,2
19,24,2
19,25,2
19,26,1
19,27,1
19,28,1
19,29,1
19,30,1
20,0,4
20,1,4
20,2,2
20,3,2
20,4,2
20,5,2
20,6,2
20,7,2
20,8,2
20,9,2
20,10,4
20,11,4
20,12,4
20,13,4
20,14,4
20,15,3
20,16,3
20,17,1
20,18,1
20,19,1
20,20,2
20,21,2
20,22,2
20,23,2
20,24,2
20,25,1
20,26,1
20,27,1
20,28,1
20,29,1
20,30,1
21,0,3
21,1,3
21,2,2
21,3,2
21,4,2
21,5,2
21,6,2
21,7,2
21,8,2
21,9,2
21,10,2
21,11,4
21,12,4
21,13,4
21,14,3
21,15,3
21,16,3
21,17,1
21,18,1
21,19,1
21,20,2
21,21,2
21,22,2
21,23,2
21,24,2
21,25,1
21,26,1
21,27,1
21,28,1
21,29,3
21,30,3
22,0,3
22,1,3
22,2,3
22,3,2
22,4,2
22,5,2
22,6,2
22,7,2
22,8,2
22,9,2
22,10,2
22,11,3
22,12,3
22,13,3
22,14,3
22,15,3
22,16,3
22,17,1
22,18,1
22,19,2
22,20,2
22,21,2
22,22,2
22,23,2
22,24,2
22,25,2
22,26,1
22,27,1
22,28,3
22,29,3
22,30,3
23,0,3
23,1,3
23,2,3
23,3,3
23,4,3
23,5,3
23,6,3
23,7,3
23,8,2
23,9,2
23,10,3
23,11,3
23,12,3
23,13,3
23,14,3
23,15,3
23,16,1
23,17,1
23,18,1
23,19,2
23,20,2
23,21,2
23,22,2
23,23,2
23,24,2
23,25,2
23,26,2
23,27,2
23,28,3
23,29,3
23,30,3
24,0,3
24,1,3
24,2,3
24,3,3
24,4,3
24,5,3
24,6,3
24,7,3
24,8,3
24,9,3
24,10,3
24,11,3
24,12,3
24,13,3
24,14,2
24,15,2
24,16,1
24,17,1
24,18,1
24,19,1
24,20,2
24,21,2
24,22,2
24,23,2
24,24,2
24,25,2
24,26,2
24,27,2
24,28,2
24,29,3
24,30,3
25,0,4
25,1,4
25,2,4
25,3,4
25,4,4
25,5,4
25,6,3
25,7,3
25,8,3
25,9,3
25,10,3
25,11,3
25,12,3
25,13,2
25,14,2
25,15,2
25,16,2
25,17,1
25,18,1
25,19,1
25,20,1
25,21,2
25,22,2
25,23,4
25,24,4
25,25,2
25,26,2
25,27,2
25,28,2
25,29,1
25,30,1
26,0,4
26,1,4
26,2,4
26,3,4
26,4,4
26,5,4
26,6,4
26,7,3
26,8,3
26,9,3
26,10,3
26,11,3
26,12,3
26,13,2
26,14,2
26,15,2
26,16,2
26,17,1
26,18,1
26,19,1
26,20,1
26,21,4
26,22,4
26,23,4
26,24,4
26,25,4
26,26,2
26,27,2
26,28,1
26,29,1
26,30,1
27,0,4
27,1,4
27,2,4
27,3,4
27,4,4
27,5,4
27,6,4
27,7,2
27,8,2
27,9,2
27,10,3
27,11,3
27,12,4
27,13,4
27,14,2
27,15,2
27,16,3
27,17,3
27,18,1
27,19,1
27,20,4
27,21,4
27,22,4
27,23,4
27,24,4
27,25,4
27,26,2
27,27,2
27,28,1
27,29,1
27,30,1
28,0,1
28,1,1
28,2,1
28,3,1
28,4,4
28,5,4
28,6,2
28,7,2
28,8,2
28,9,2
28,10,2
28,11,4
28,12,4
28,13,4
28,14,4
28,15,3
28,16,3
28,17,3
28,18,3
28,19,3
28,20,4
28,21,4
28,22,4
28,23,4
28,24,4
28,25,2
28,26,2
28,27,2
28,28,1
28,29,1
28,30,1
29,0,1
29,1,1
29,2,1
29,3,1
29,4,1
29,5,2
29,6,2
29,7,2
29,8,2
29,9,2
29,10,2
29,11,4
29,12,4
29,13,4
29,14,4
29,15,3
29,16,3
29,17,3
29,18,3
29,19,3
29,20,3
29,21,4
29,22,4
29,23,4
29,24,4
29,25,2
29,26,2
29,27,2
29,28,1
29,29,1
29,30,1
30,0,1
30,1,1
30,2,1
30,3,1
30,4,1
30,5,2
30,6,2
30,7,2
30,8,2
30,9,2
30,10,2
30,11,4
30,12,4
30,13,4
30,14,4
30,15,3
30,16,3
30,17,3
30,18,3
30,19,3
30,20,3
30,21,4
30,22,4
30,23,4
30,24,4
30,25,2
30,26,2
30,27,2
30,28,1
30,29,1
30,30,1