3
2
5
0
12,12
12,27
22,22
0,1,3
0,2,2
0,0,4
0,1,4
0,2,4
0,3,1
0,4,1
0,5,1
0,6,4
0,7,4
0,8,4
0,9,4
0,10,4
0,11,4
0,12,4
0,13,4
0,14,4
0,15,2
0,16,2
0,17,2
0,18,2
0,19,4
0,20,4
0,21,4
0,22,4
0,23,1
0,24,1
0,25,4
0,26,4
0,27,4
0,28,4
0,29,1
0,30,1
1,0,4
1,1,4
1,2,4
1,3,1
1,4,1
1,5,1
1,6,4
1,7,4
1,8,4
1,9,4
1,10,4
1,11,4
1,12,4
1,13,4
1,14,4
1,15,2
1,16,2
1,17,2
1,18,2
1,19,4
1,20,4
1,21,4
1,22,4
1,23,1
1,24,1
1,25,4
1,26,4
1,27,4
1,28,4
1,29,1
1,30,1
2,0,4
2,1,4
2,2,1
2,3,1
2,4,1
2,5,1
2,6,1
2,7,4
2,8,4
2,9,4
2,10,2
2,11,2
2,12,4
2,13,4
2,14,2
2,15,2
2,16,2
2,17,2
2,18,2
2,19,4
2,20,4
2,21,4
2,22,1
2,23,1
2,24,1
2,25,1
2,26,4
2,27,4
2,28,1
2,29,1
2,30,1
3,0,3
3,1,3
3,2,1
3,3,1
3,4,1
3,5,1
3,6,1
3,7,4
3,8,4
3,9,2
3,10,2
3,11,2
3,12,2
3,13,2
3,14,2
3,15,2
3,16,2
3,17,2
3,18,4
3,19,4
3,20,4
3,21,4
3,22,1
3,23,1
3,24,1
3,25,1
3,26,3
3,27,3
3,28,1
3,29,1
3,30,1
4,0,3
4,1,3
4,2,3
4,3,1
4,4,1
4,5,1
4,6,4
4,7,4
4,8,4
4,9,2
4,10,2
4,11,2
4,12,2
4,13,2
4,14,2
4,15,2
4,16,1
4,17,1
4,18,4
4,19,4
4,20,4
4,21,4
4,22,4
4,23,1
4,24,1
4,25,3
4,26,3
4,27,3
4,28,3
4,29,1
4,30,1
5,0,3
5,1,3
5,2,3
5,3,1
5,4,1
5,5,4
5,6,4
5,7,4
5,8,4
5,9,4
5,10,2
5,11,2
5,12,2
5,13,2
5,14,2
5,15,1
5,16,1
5,17,1
5,18,1
5,19,4
5,20,4
5,21,4
5,22,4
5,23,4
5,24,4
5,25,3
5,26,3
5,27,3
5,28,3
5,29,4
5,30,4
6,0,3
6,1,3
6,2,3
6,3,1
6,4,1
6,5,4
6,6,4
6,7,4
6,8,4
6,9,4
6,10,4
6,11,2
6,12,2
6,13,2
6,14,2
6,15,1
6,16,1
6,17,1
6,18,1
6,19,4
6,20,4
6,21,4
6,22,4
6,23,4
6,24,4
6,25,4
6,26,3
6,27,3
6,28,4
6,29,4
6,30,4
7,0,3
7,1,3
7,2,1
7,3,1
7,4,1
7,5,4
7,6,4
7,7,4
7,8,4
7,9,4
7,10,4
7,11,2
7,12,2
7,13,2
7,14,2
7,15,1
7,16,1
7,17,1
7,18,1
7,19,4
7,20,4
7,21,4
7,22,4
7,23,4
7,24,4
7,25,4
7,26,4
7,27,4
7,28,4
7,29,4
7,30,4
8,0,1
8,1,1
8,2,1
8,3,1
8,4,1
8,5,1
8,6,4
8,7,4
8,8,4
8,9,4
8,10,3
8,11,3
8,12,2
8,13,2
8,14,3
8,15,3
8,16,1
8,17,1
8,18,2
8,19,2
8,20,4
8,21,4
8,22,1
8,23,1
8,24,4
8,25,4
8,26,4
8,27,4
8,28,4
8,29,4
8,30,4
9,0,1
9,1,1
9,2,1
9,3,1
9,4,1
9,5,1
9,6,1
9,7,4
9,8,4
9,9,3
9,10,3
9,11,3
9,12,3
9,13,3
9,14,3
9,15,3
9,16,3
9,17,2
9,18,2
9,19,2
9,20,2
9,21,1
9,22,1
9,23,1
9,24,1
9,25,4
9,26,4
9,27,4
9,28,4
9,29,4
9,30,4
10,0,2
10,1,2
10,2,1
10,3,1
10,4,1
10,5,1
10,6,1
10,7,2
10,8,2
10,9,3
10,10,3
10,11,3
10,12,3
10,13,3
10,14,3
10,15,3
10,16,3
10,17,2
10,18,2
10,19,2
10,20,2
10,21,1
10,22,1
10,23,1
10,24,1
10,25,4
10,26,4
10,27,4
10,28,4
10,29,4
10,30,4
11,0,2
11,1,2
11,2,2
11,3,2
11,4,1
11,5,1
11,6,2
11,7,2
11,8,2
11,9,2
11,10,3
11,11,3
11,12,3
11,13,3
11,14,3
11,15,3
11,16,4
11,17,4
11,18,2
11,19,2
11,20,4
11,21,4
11,22,1
11,23,1
11,24,4
11,25,4
11,26,4
11,27,4
11,28,4
11,29,4
11,30,4
12,0,2
12,1,2
12,2,2
12,3,2
12,4,2
12,5,2
12,6,2
12,7,2
12,8,2
12,9,2
12,10,3
12,11,3
12,12,3
12,13,3
12,14,3
12,15,4
12,16,4
12,17,4
12,18,4
12,19,4
12,20,4
12,21,4
12,22,4
12,23,4
12,24,4
12,25,4
12,26,4
12,27,4
12,28,4
12,29,4
12,30,4
13,0,2
13,1,2
13,2,2
13,3,2
13,4,2
13,5,2
13,6,2
13,7,2
13,8,2
13,9,3
13,10,3
13,11,3
13,12,3
13,13,3
13,14,3
13,15,4
13,16,4
13,17,4
13,18,4
13,19,4
13,20,4
13,21,4
13,22,4
13,23,4
13,24,4
13,25,4
13,26,4
13,27,4
13,28,4
13,29,4
13,30,4
14,0,3
14,1,3
14,2,3
14,3,2
14,4,2
14,5,1
14,6,1
14,7,1
14,8,1
14,9,3
14,10,3
14,11,3
14,12,3
14,13,3
14,14,3
14,15,4
14,16,4
14,17,4
14,18,2
14,19,2
14,20,4
14,21,4
14,22,4
14,23,4
14,24,4
14,25,4
14,26,4
14,27,4
14,28,4
14,29,4
14,30,4
15,0,3
15,1,3
15,2,3
15,3,3
15,4,1
15,5,1
15,6,1
15,7,1
15,8,1
15,9,1
15,10,3
15,11,3
15,12,3
15,13,3
15,14,3
15,15,4
15,16,4
15,17,2
15,18,2
15,19,2
15,20,2
15,21,4
15,22,4
15,23,4
15,24,4
15,25,4
15,26,4
15,27,4
15,28,4
15,29,4
15,30,4
16,0,3
16,1,3
16,2,3
16,3,3
16,4,1
16,5,1
16,6,1
16,7,1
16,8,1
16,9,1
16,10,4
16,11,4
16,12,3
16,13,3
16,14,4
16,15,4
16,16,4
16,17,2
16,18,2
16,19,2
16,20,2
16,21,4
16,22,4
16,23,4
16,24,4
16,25,4
16,26,4
16,27,3
16,28,3
16,29,3
16,30,3
17,0,3
17,1,3
17,2,3
17,3,3
17,4,1
17,5,1
17,6,1
17,7,1
17,8,1
17,9,4
17,10,4
17,11,4
17,12,4
17,13,4
17,14,4
17,15,4
17,16,4
17,17,4
17,18,2
17,19,2
17,20,1
17,21,1
17,22,4
17,23,4
17,24,4
17,25,4
17,26,3
17,27,3
17,28,3
17,29,3
17,30,3
18,0,3
18,1,3
18,2,3
18,3,3
18,4,3
18,5,1
18,6,1
18,7,4
18,8,4
18,9,4
18,10,4
18,11,4
18,12,4
18,13,4
18,14,4
18,15,4
18,16,4
18,17,4
18,18,4
18,19,1
18,20,1
18,21,1
18,22,1
18,23,4
18,24,4
18,25,3
18,26,3
18,27,3
18,28,3
18,29,2
18,30,2
19,0,2
19,1,2
19,2,3
19,3,3
19,4,3
19,5,3
19,6,4
19,7,4
19,8,4
19,9,4
19,10,4
19,11,4
19,12,4
19,13,4
19,14,2
19,15,2
19,16,4
19,17,4
19,18,4
19,19,1
19,20,1
19,21,1
19,22,1
19,23,1
19,24,1
19,25,3
19,26,3
19,27,3
19,28,2
19,29,2
19,30,2
20,0,2
20,1,2
20,2,2
20,3,3
20,4,3
20,5,3
20,6,4
20,7,4
20,8,4
20,9,4
20,10,4
20,11,4
20,12,2
20,13,2
20,14,2
20,15,2
20,16,2
20,17,4
20,18,4
20,19,4
20,20,1
20,21,1
20,22,1
20,23,1
20,24,1
20,25,1
20,26,3
20,27,3
20,28,2
20,29,2
20,30,2
21,0,2
21,1,2
21,2,2
21,3,3
21,4,3
21,5,4
21,6,4
21,7,4
21,8,4
21,9,4
21,10,4
21,11,2
21,12,2
21,13,2
21,14,2
21,15,2
21,16,2
21,17,4
21,18,4
21,19,4
21,20,1
21,21,1
21,22,1
21,23,1
21,24,1
21,25,1
21,26,3
21,27,3
21,28,3
21,29,2
21,30,2
22,0,2
22,1,2
22,2,2
22,3,3
22,4,3
22,5,4
22,6,4
22,7,4
22,8,4
22,9,4
22,10,2
22,11,2
22,12,2
22,13,2
22,14,2
22,15,2
22,16,4
22,17,4
22,18,4
22,19,4
22,20,1
22,21,1
22,22,1
22,23,1
22,24,1
22,25,3
22,26,3
22,27,3
22,28,3
22,29,3
22,30,3
23,0,2
23,1,2
23,2,3
23,3,3
23,4,3
23,5,3
23,6,4
23,7,4
23,8,4
23,9,4
23,10,2
23,11,2
23,12,2
23,13,2
23,14,3
23,15,3
23,16,4
23,17,4
23,18,4
23,19,1
23,20,1
23,21,1
23,22,1
23,23,1
23,24,1
23,25,3
23,26,3
23,27,3
23,28,3
23,29,3
23,30,3
24,0,4
24,1,4
24,2,3
24,3,3
24,4,3
24,5,3
24,6,3
24,7,4
24,8,4
24,9,2
24,10,2
24,11,2
24,12,2
24,13,3
24,14,3
24,15,3
24,16,3
24,17,4
24,18,4
24,19,1
24,20,1
24,21,1
24,22,1
24,23,1
24,24,1
24,25,3
24,26,3
24,27,3
24,28,3
24,29,2
24,30,2
25,0,4
25,1,4
25,2,4
25,3,3
25,4,3
25,5,3
25,6,3
25,7,4
25,8,4
25,9,2
25,10,2
25,11,2
25,12,2
25,13,3
25,14,3
25,15,3
25,16,3
25,17,4
25,18,4
25,19,4
25,20,1
25,21,1
25,22,1
25,23,1
25,24,2
25,25,2
25,26,3
25,27,3
25,28,2
25,29,2
25,30,2
26,0,4
26,1,4
26,2,4
26,3,4
26,4,3
26,5,3
26,6,4
26,7,4
26,8,4
26,9,2
26,10,2
26,11,2
26,12,4
26,13,4
26,14,3
26,15,3
26,16,4
26,17,4
26,18,4
26,19,4
26,20,2
26,21,2
26,22,2
26,23,2
26,24,2
26,25,2
26,26,2
26,27,2
26,28,2
26,29,2
26,30,2
27,0,4
27,1,4
27,2,4
27,3,4
27,4,3
27,5,3
27,6,4
27,7,4
27,8,4
27,9,2
27,10,2
27,11,4
27,12,4
27,13,4
27,14,4
27,15,4
27,16,4
27,17,4
27,18,4
27,19,2
27,20,2
27,21,2
27,22,2
27,23,2
27,24,2
27,25,2
27,26,2
27,27,2
27,28,2
27,29,2
27,30,2
28,0,4
28,1,4
28,2,4
28,3,4
28,4,3
28,5,3
28,6,4
28,7,4
28,8,4
28,9,2
28,10,2
28,11,4
28,12,4
28,13,4
28,14,4
28,15,4
28,16,4
28,17,4
28,18,4
28,19,2
28,20,2
28,21,2
28,22,1
28,23,1
28,24,2
28,25,2
28,26,2
28,27,2
28,28,2
28,29,1
28,30,1
29,0,4
29,1,4
29,2,4
29,3,4
29,4,3
29,5,3
29,6,4
29,7,4
29,8,4
29,9,2
29,10,2
29,11,2
29,12,4
29,13,4
29,14,4
29,15,4
29,16,4
29,17,4
29,18,4
29,19,2
29,20,2
29,21,1
29,22,1
29,23,1
29,24,1
29,25,1
29,26,1
29,27,1
29,28,1
29,29,1
29,30,1
30,0,4
30,1,4
30,2,4
30,3,4
30,4,3
30,5,3
30,6,4
30,7,4
30,8,4
30,9,2
30,10,2
30,11,2
30,12,4
30,13,4
30,14,4
30,15,4
30,16,4
30,17,4
30,18,4
30,19,2
30,20,2
30,21,1
30,22,1
30,23,1
30,24,1
30,25,1
30,26,1
30,27,1
30,28,1
30,29,1
30,30,1