3
2
5
1
2,12
2,22
17,12
0,1,1
0,2,4
0,0,4
0,1,4
0,2,2
0,3,2
0,4,2
0,5,2
0,6,2
0,7,4
0,8,4
0,9,4
0,10,3
0,11,3
0,12,3
0,13,3
0,14,3
0,15,3
0,16,3
0,17,1
0,18,1
0,19,4
0,20,4
0,21,4
0,22,4
0,23,4
0,24,4
0,25,4
0,26,4
0,27,4
0,28,4
0,29,4
0,30,4
1,0,4
1,1,4
1,2,2
1,3,2
1,4,2
1,5,2
1,6,2
1,7,4
1,8,4
1,9,4
1,10,3
1,11,3
1,12,3
1,13,3
1,14,3
1,15,3
1,16,3
1,17,1
1,18,1
1,19,4
1,20,4
1,21,4
1,22,4
1,23,4
1,24,4
1,25,4
1,26,4
1,27,4
1,28,4
1,29,4
1,30,4
2,0,4
2,1,4
2,2,2
2,3,2
2,4,2
2,5,2
2,6,2
2,7,4
2,8,4
2,9,3
2,10,3
2,11,3
2,12,3
2,13,3
2,14,3
2,15,3
2,16,3
2,17,1
2,18,1
2,19,4
2,20,4
2,21,4
2,22,4
2,23,4
2,24,4
2,25,4
2,26,4
2,27,4
2,28,4
2,29,1
2,30,1
3,0,4
3,1,4
3,2,4
3,3,2
3,4,2
3,5,2
3,6,4
3,7,4
3,8,4
3,9,3
3,10,3
3,11,3
3,12,3
3,13,3
3,14,3
3,15,3
3,16,3
3,17,1
3,18,1
3,19,4
3,20,4
3,21,4
3,22,4
3,23,4
3,24,4
3,25,4
3,26,1
3,27,1
3,28,1
3,29,1
3,30,1
4,0,4
4,1,4
4,2,4
4,3,1
4,4,1
4,5,1
4,6,4
4,7,4
4,8,4
4,9,4
4,10,3
4,11,3
4,12,3
4,13,3
4,14,3
4,15,3
4,16,3
4,17,1
4,18,1
4,19,1
4,20,4
4,21,4
4,22,4
4,23,4
4,24,4
4,25,1
4,26,1
4,27,1
4,28,1
4,29,1
4,30,1
5,0,4
5,1,4
5,2,1
5,3,1
5,4,1
5,5,1
5,6,1
5,7,4
5,8,4
5,9,4
5,10,4
5,11,4
5,12,4
5,13,3
5,14,3
5,15,3
5,16,3
5,17,1
5,18,1
5,19,1
5,20,1
5,21,1
5,22,1
5,23,1
5,24,1
5,25,1
5,26,1
5,27,1
5,28,1
5,29,4
5,30,4
6,0,1
6,1,1
6,2,1
6,3,1
6,4,1
6,5,1
6,6,1
6,7,1
6,8,4
6,9,4
6,10,4
6,11,4
6,12,4
6,13,4
6,14,3
6,15,3
6,16,3
6,17,3
6,18,1
6,19,1
6,20,1
6,21,1
6,22,1
6,23,1
6,24,1
6,25,1
6,26,1
6,27,4
6,28,4
6,29,4
6,30,4
7,0,1
7,1,1
7,2,1
7,3,1
7,4,1
7,5,1
7,6,1
7,7,1
7,8,1
7,9,4
7,10,4
7,11,4
7,12,4
7,13,4
7,14,3
7,15,3
7,16,3
7,17,3
7,18,4
7,19,4
7,20,4
7,21,4
7,22,4
7,23,4
7,24,4
7,25,4
7,26,4
7,27,4
7,28,4
7,29,4
7,30,4
8,0,4
8,1,4
8,2,4
8,3,4
8,4,1
8,5,1
8,6,1
8,7,1
8,8,1
8,9,3
8,10,3
8,11,4
8,12,4
8,13,3
8,14,3
8,15,3
8,16,3
8,17,4
8,18,4
8,19,4
8,20,4
8,21,4
8,22,4
8,23,4
8,24,4
8,25,4
8,26,4
8,27,4
8,28,4
8,29,2
8,30,2
9,0,4
9,1,4
9,2,4
9,3,4
9,4,4
9,5,1
9,6,1
9,7,1
9,8,3
9,9,3
9,10,3
9,11,3
9,12,3
9,13,3
9,14,3
9,15,3
9,16,3
9,17,4
9,18,4
9,19,4
9,20,2
9,21,2
9,22,2
9,23,2
9,24,2
9,25,2
9,26,2
9,27,2
9,28,2
9,29,2
9,30,2
10,0,4
10,1,4
10,2,4
10,3,4
10,4,4
10,5,4
10,6,4
10,7,4
10,8,3
10,9,3
10,10,3
10,11,3
10,12,3
10,13,3
10,14,3
10,15,3
10,16,4
10,17,4
10,18,4
10,19,2
10,20,2
10,21,2
10,22,2
10,23,2
10,24,2
10,25,2
10,26,2
10,27,2
10,28,2
10,29,2
10,30,2
11,0,4
11,1,4
11,2,4
11,3,4
11,4,4
11,5,4
11,6,4
11,7,4
11,8,4
11,9,3
11,10,3
11,11,4
11,12,4
11,13,4
11,14,4
11,15,4
11,16,4
11,17,4
11,18,4
11,19,2
11,20,2
11,21,2
11,22,2
11,23,2
11,24,1
11,25,1
11,26,1
11,27,1
11,28,1
11,29,1
11,30,1
12,0,4
12,1,4
12,2,2
12,3,2
12,4,2
12,5,2
12,6,4
12,7,4
12,8,4
12,9,4
12,10,4
12,11,4
12,12,4
12,13,4
12,14,4
12,15,4
12,16,4
12,17,4
12,18,1
12,19,1
12,20,2
12,21,2
12,22,1
12,23,1
12,24,1
12,25,1
12,26,1
12,27,1
12,28,1
12,29,1
12,30,1
13,0,2
13,1,2
13,2,2
13,3,2
13,4,2
13,5,2
13,6,2
13,7,4
13,8,4
13,9,4
13,10,4
13,11,4
13,12,4
13,13,4
13,14,4
13,15,4
13,16,4
13,17,1
13,18,1
13,19,1
13,20,1
13,21,1
13,22,1
13,23,1
13,24,1
13,25,1
13,26,4
13,27,4
13,28,4
13,29,4
13,30,4
14,0,2
14,1,2
14,2,2
14,3,2
14,4,2
14,5,2
14,6,2
14,7,4
14,8,4
14,9,4
14,10,4
14,11,4
14,12,4
14,13,4
14,14,4
14,15,4
14,16,4
14,17,1
14,18,1
14,19,1
14,20,1
14,21,1
14,22,1
14,23,1
14,24,1
14,25,4
14,26,4
14,27,4
14,28,4
14,29,4
14,30,4
15,0,1
15,1,1
15,2,1
15,3,1
15,4,2
15,5,2
15,6,1
15,7,1
15,8,4
15,9,4
15,10,4
15,11,4
15,12,4
15,13,4
15,14,4
15,15,4
15,16,4
15,17,4
15,18,1
15,19,1
15,20,4
15,21,4
15,22,1
15,23,1
15,24,4
15,25,4
15,26,4
15,27,4
15,28,3
15,29,3
15,30,3
16,0,1
16,1,1
16,2,1
16,3,1
16,4,1
16,5,1
16,6,1
16,7,1
16,8,1
16,9,4
16,10,4
16,11,4
16,12,4
16,13,4
16,14,4
16,15,4
16,16,4
16,17,4
16,18,4
16,19,4
16,20,4
16,21,4
16,22,4
16,23,4
16,24,4
16,25,4
16,26,4
16,27,3
16,28,3
16,29,3
16,30,3
17,0,3
17,1,3
17,2,1
17,3,1
17,4,1
17,5,1
17,6,1
17,7,1
17,8,1
17,9,4
17,10,4
17,11,4
17,12,4
17,13,4
17,14,4
17,15,4
17,16,4
17,17,4
17,18,4
17,19,4
17,20,4
17,21,4
17,22,4
17,23,4
17,24,4
17,25,4
17,26,4
17,27,3
17,28,3
17,29,3
17,30,3
18,0,3
18,1,3
18,2,3
18,3,3
18,4,1
18,5,1
18,6,1
18,7,1
18,8,4
18,9,4
18,10,4
18,11,4
18,12,4
18,13,4
18,14,4
18,15,4
18,16,4
18,17,4
18,18,2
18,19,2
18,20,2
18,21,2
18,22,2
18,23,2
18,24,4
18,25,4
18,26,1
18,27,1
18,28,3
18,29,3
18,30,3
19,0,3
19,1,3
19,2,3
19,3,3
19,4,3
19,5,1
19,6,1
19,7,4
19,8,4
19,9,4
19,10,4
19,11,4
19,12,4
19,13,4
19,14,4
19,15,4
19,16,4
19,17,2
19,18,2
19,19,2
19,20,2
19,21,2
19,22,2
19,23,2
19,24,2
19,25,1
19,26,1
19,27,1
19,28,1
19,29,1
19,30,1
20,0,3
20,1,3
20,2,3
20,3,3
20,4,3
20,5,4
20,6,4
20,7,4
20,8,4
20,9,4
20,10,2
20,11,2
20,12,2
20,13,2
20,14,2
20,15,2
20,16,2
20,17,2
20,18,2
20,19,2
20,20,1
20,21,1
20,22,2
20,23,2
20,24,2
20,25,1
20,26,1
20,27,1
20,28,1
20,29,1
20,30,1
21,0,4
21,1,4
21,2,3
21,3,3
21,4,4
21,5,4
21,6,4
21,7,4
21,8,4
21,9,2
21,10,2
21,11,2
21,12,2
21,13,2
21,14,2
21,15,2
21,16,2
21,17,2
21,18,2
21,19,1
21,20,1
21,21,1
21,22,1
21,23,2
21,24,2
21,25,2
21,26,1
21,27,1
21,28,2
21,29,2
21,30,2
22,0,4
22,1,4
22,2,4
22,3,4
22,4,4
22,5,4
22,6,4
22,7,2
22,8,2
22,9,2
22,10,2
22,11,2
22,12,3
22,13,3
22,14,3
22,15,3
22,16,3
22,17,3
22,18,3
22,19,1
22,20,1
22,21,1
22,22,1
22,23,2
22,24,2
22,25,2
22,26,2
22,27,2
22,28,2
22,29,2
22,30,2
23,0,4
23,1,4
23,2,4
23,3,4
23,4,4
23,5,4
23,6,2
23,7,2
23,8,2
23,9,2
23,10,2
23,11,3
23,12,3
23,13,3
23,14,3
23,15,3
23,16,3
23,17,3
23,18,3
23,19,3
23,20,1
23,21,1
23,22,3
23,23,3
23,24,2
23,25,2
23,26,2
23,27,2
23,28,2
23,29,2
23,30,2
24,0,4
24,1,4
24,2,4
24,3,2
24,4,2
24,5,2
24,6,2
24,7,2
24,8,2
24,9,3
24,10,3
24,11,3
24,12,3
24,13,3
24,14,3
24,15,1
24,16,1
24,17,3
24,18,3
24,19,3
24,20,3
24,21,3
24,22,3
24,23,3
24,24,3
24,25,2
24,26,2
24,27,2
24,28,2
24,29,2
24,30,2
25,0,4
25,1,4
25,2,2
25,3,2
25,4,2
25,5,2
25,6,2
25,7,2
25,8,3
25,9,3
25,10,3
25,11,3
25,12,3
25,13,3
25,14,1
25,15,1
25,16,1
25,17,1
25,18,3
25,19,3
25,20,3
25,21,3
25,22,3
25,23,3
25,24,3
25,25,1
25,26,1
25,27,2
25,28,2
25,29,1
25,30,1
26,0,4
26,1,4
26,2,2
26,3,2
26,4,2
26,5,4
26,6,4
26,7,4
26,8,3
26,9,3
26,10,3
26,11,3
26,12,4
26,13,4
26,14,1
26,15,1
26,16,1
26,17,1
26,18,4
26,19,4
26,20,3
26,21,3
26,22,3
26,23,3
26,24,1
26,25,1
26,26,1
26,27,1
26,28,1
26,29,1
26,30,1
27,0,4
27,1,4
27,2,2
27,3,2
27,4,4
27,5,4
27,6,4
27,7,4
27,8,4
27,9,3
27,10,3
27,11,4
27,12,4
27,13,4
27,14,4
27,15,1
27,16,1
27,17,4
27,18,4
27,19,4
27,20,4
27,21,3
27,22,3
27,23,3
27,24,1
27,25,1
27,26,1
27,27,1
27,28,1
27,29,1
27,30,1
28,0,4
28,1,4
28,2,2
28,3,2
28,4,4
28,5,4
28,6,4
28,7,4
28,8,4
28,9,2
28,10,2
28,11,4
28,12,4
28,13,4
28,14,4
28,15,2
28,16,2
28,17,4
28,18,4
28,19,4
28,20,4
28,21,3
28,22,3
28,23,3
28,24,3
28,25,1
28,26,1
28,27,1
28,28,1
28,29,2
28,30,2
29,0,4
29,1,4
29,2,2
29,3,2
29,4,4
29,5,4
29,6,4
29,7,4
29,8,2
29,9,2
29,10,2
29,11,2
29,12,4
29,13,4
29,14,2
29,15,2
29,16,2
29,17,2
29,18,4
29,19,4
29,20,4
29,21,4
29,22,3
29,23,3
29,24,3
29,25,1
29,26,1
29,27,1
29,28,2
29,29,2
29,30,2
30,0,4
30,1,4
30,2,2
30,3,2
30,4,4
30,5,4
30,6,4
30,7,4
30,8,2
30,9,2
30,10,2
30,11,2
30,12,4
30,13,4
30,14,2
30,15,2
30,16,2
30,17,2
30,18,4
30,19,4
30,20,4
30,21,4
30,22,3
30,23,3
30,24,3
30,25,1
30,26,1
30,27,1
30,28,2
30,29,2
30,30,2