3
2
6
0
12,2
27,2
27,17
0,1,4
0,2,2
0,0,4
0,1,4
0,2,4
0,3,4
0,4,4
0,5,4
0,6,4
0,7,4
0,8,4
0,9,4
0,10,4
0,11,4
0,12,4
0,13,3
0,14,3
0,15,3
0,16,3
0,17,1
0,18,1
0,19,1
0,20,1
0,21,1
0,22,4
0,23,4
0,24,4
0,25,4
0,26,3
0,27,3
0,28,3
0,29,3
0,30,3
1,0,4
1,1,4
1,2,4
1,3,4
1,4,4
1,5,4
1,6,4
1,7,4
1,8,4
1,9,4
1,10,4
1,11,4
1,12,4
1,13,3
1,14,3
1,15,3
1,16,3
1,17,1
1,18,1
1,19,1
1,20,1
1,21,1
1,22,4
1,23,4
1,24,4
1,25,4
1,26,3
1,27,3
1,28,3
1,29,3
1,30,3
2,0,4
2,1,4
2,2,4
2,3,4
2,4,4
2,5,4
2,6,4
2,7,4
2,8,2
2,9,2
2,10,4
2,11,4
2,12,2
2,13,2
2,14,3
2,15,3
2,16,3
2,17,3
2,18,1
2,19,1
2,20,1
2,21,1
2,22,1
2,23,4
2,24,4
2,25,2
2,26,2
2,27,3
2,28,3
2,29,1
2,30,1
3,0,2
3,1,2
3,2,2
3,3,2
3,4,2
3,5,2
3,6,2
3,7,2
3,8,2
3,9,2
3,10,2
3,11,2
3,12,2
3,13,2
3,14,2
3,15,3
3,16,3
3,17,3
3,18,3
3,19,1
3,20,1
3,21,1
3,22,1
3,23,2
3,24,2
3,25,2
3,26,2
3,27,2
3,28,1
3,29,1
3,30,1
4,0,2
4,1,2
4,2,2
4,3,2
4,4,2
4,5,2
4,6,2
4,7,2
4,8,2
4,9,2
4,10,2
4,11,2
4,12,2
4,13,2
4,14,2
4,15,2
4,16,3
4,17,3
4,18,3
4,19,3
4,20,1
4,21,1
4,22,2
4,23,2
4,24,2
4,25,2
4,26,2
4,27,2
4,28,1
4,29,1
4,30,1
5,0,4
5,1,4
5,2,4
5,3,4
5,4,2
5,5,2
5,6,1
5,7,1
5,8,1
5,9,2
5,10,2
5,11,3
5,12,3
5,13,2
5,14,2
5,15,2
5,16,3
5,17,3
5,18,3
5,19,3
5,20,4
5,21,4
5,22,2
5,23,2
5,24,2
5,25,2
5,26,2
5,27,1
5,28,1
5,29,1
5,30,1
6,0,4
6,1,4
6,2,4
6,3,4
6,4,4
6,5,1
6,6,1
6,7,1
6,8,1
6,9,1
6,10,3
6,11,3
6,12,3
6,13,3
6,14,2
6,15,2
6,16,2
6,17,3
6,18,3
6,19,4
6,20,4
6,21,4
6,22,4
6,23,2
6,24,2
6,25,1
6,26,1
6,27,1
6,28,1
6,29,1
6,30,1
7,0,4
7,1,4
7,2,4
7,3,4
7,4,4
7,5,1
7,6,1
7,7,1
7,8,1
7,9,1
7,10,3
7,11,3
7,12,3
7,13,3
7,14,2
7,15,2
7,16,2
7,17,4
7,18,4
7,19,4
7,20,4
7,21,4
7,22,4
7,23,4
7,24,1
7,25,1
7,26,1
7,27,1
7,28,1
7,29,3
7,30,3
8,0,4
8,1,4
8,2,4
8,3,4
8,4,4
8,5,4
8,6,1
8,7,1
8,8,1
8,9,3
8,10,3
8,11,3
8,12,3
8,13,3
8,14,2
8,15,2
8,16,4
8,17,4
8,18,4
8,19,4
8,20,4
8,21,4
8,22,4
8,23,4
8,24,1
8,25,1
8,26,1
8,27,1
8,28,3
8,29,3
8,30,3
9,0,4
9,1,4
9,2,4
9,3,4
9,4,4
9,5,4
9,6,4
9,7,4
9,8,4
9,9,3
9,10,3
9,11,3
9,12,3
9,13,2
9,14,2
9,15,2
9,16,4
9,17,4
9,18,4
9,19,2
9,20,2
9,21,4
9,22,4
9,23,2
9,24,2
9,25,1
9,26,1
9,27,1
9,28,3
9,29,3
9,30,3
10,0,4
10,1,4
10,2,4
10,3,4
10,4,4
10,5,4
10,6,4
10,7,4
10,8,4
10,9,4
10,10,3
10,11,3
10,12,3
10,13,2
10,14,2
10,15,2
10,16,4
10,17,4
10,18,2
10,19,2
10,20,2
10,21,2
10,22,2
10,23,2
10,24,2
10,25,2
10,26,1
10,27,1
10,28,3
10,29,3
10,30,3
11,0,4
11,1,4
11,2,4
11,3,4
11,4,4
11,5,4
11,6,4
11,7,4
11,8,4
11,9,4
11,10,4
11,11,3
11,12,3
11,13,2
11,14,2
11,15,4
11,16,4
11,17,4
11,18,2
11,19,2
11,20,2
11,21,2
11,22,2
11,23,2
11,24,2
11,25,2
11,26,1
11,27,1
11,28,3
11,29,3
11,30,3
12,0,4
12,1,4
12,2,4
12,3,4
12,4,4
12,5,4
12,6,4
12,7,4
12,8,4
12,9,4
12,10,4
12,11,3
12,12,3
12,13,2
12,14,2
12,15,4
12,16,4
12,17,4
12,18,4
12,19,2
12,20,2
12,21,4
12,22,4
12,23,2
12,24,2
12,25,2
12,26,1
12,27,1
12,28,3
12,29,3
12,30,3
13,0,4
13,1,4
13,2,4
13,3,4
13,4,4
13,5,4
13,6,4
13,7,4
13,8,4
13,9,4
13,10,4
13,11,3
13,12,3
13,13,2
13,14,2
13,15,2
13,16,4
13,17,4
13,18,4
13,19,4
13,20,4
13,21,4
13,22,4
13,23,4
13,24,2
13,25,2
13,26,1
13,27,1
13,28,3
13,29,3
13,30,3
14,0,4
14,1,4
14,2,4
14,3,4
14,4,4
14,5,4
14,6,4
14,7,4
14,8,4
14,9,4
14,10,3
14,11,3
14,12,3
14,13,2
14,14,2
14,15,2
14,16,4
14,17,4
14,18,4
14,19,4
14,20,4
14,21,4
14,22,4
14,23,4
14,24,2
14,25,2
14,26,1
14,27,1
14,28,1
14,29,3
14,30,3
15,0,4
15,1,4
15,2,4
15,3,4
15,4,2
15,5,2
15,6,4
15,7,4
15,8,4
15,9,4
15,10,3
15,11,3
15,12,3
15,13,3
15,14,2
15,15,2
15,16,2
15,17,4
15,18,4
15,19,4
15,20,4
15,21,4
15,22,4
15,23,2
15,24,2
15,25,2
15,26,1
15,27,1
15,28,1
15,29,1
15,30,1
16,0,4
16,1,4
16,2,4
16,3,2
16,4,2
16,5,2
16,6,2
16,7,4
16,8,4
16,9,4
16,10,4
16,11,3
16,12,3
16,13,3
16,14,2
16,15,2
16,16,2
16,17,2
16,18,2
16,19,2
16,20,2
16,21,2
16,22,2
16,23,2
16,24,2
16,25,2
16,26,1
16,27,1
16,28,1
16,29,1
16,30,1
17,0,4
17,1,4
17,2,4
17,3,2
17,4,2
17,5,2
17,6,2
17,7,4
17,8,4
17,9,4
17,10,4
17,11,3
17,12,3
17,13,3
17,14,3
17,15,2
17,16,2
17,17,2
17,18,2
17,19,2
17,20,2
17,21,2
17,22,2
17,23,2
17,24,2
17,25,4
17,26,4
17,27,1
17,28,1
17,29,4
17,30,4
18,0,4
18,1,4
18,2,3
18,3,3
18,4,2
18,5,2
18,6,4
18,7,4
18,8,4
18,9,4
18,10,2
18,11,2
18,12,3
18,13,3
18,14,3
18,15,3
18,16,3
18,17,3
18,18,2
18,19,2
18,20,2
18,21,2
18,22,2
18,23,2
18,24,4
18,25,4
18,26,4
18,27,4
18,28,4
18,29,4
18,30,4
19,0,3
19,1,3
19,2,3
19,3,3
19,4,3
19,5,3
19,6,4
19,7,4
19,8,4
19,9,2
19,10,2
19,11,2
19,12,2
19,13,3
19,14,3
19,15,3
19,16,3
19,17,3
19,18,3
19,19,2
19,20,2
19,21,4
19,22,4
19,23,4
19,24,4
19,25,4
19,26,4
19,27,4
19,28,4
19,29,4
19,30,4
20,0,3
20,1,3
20,2,3
20,3,3
20,4,3
20,5,3
20,6,3
20,7,4
20,8,4
20,9,2
20,10,2
20,11,2
20,12,2
20,13,4
20,14,4
20,15,4
20,16,3
20,17,3
20,18,3
20,19,3
20,20,4
20,21,4
20,22,4
20,23,4
20,24,4
20,25,4
20,26,4
20,27,4
20,28,4
20,29,4
20,30,4
21,0,3
21,1,3
21,2,1
21,3,1
21,4,3
21,5,3
21,6,3
21,7,4
21,8,4
21,9,4
21,10,2
21,11,2
21,12,4
21,13,4
21,14,4
21,15,4
21,16,4
21,17,3
21,18,3
21,19,3
21,20,4
21,21,4
21,22,4
21,23,4
21,24,4
21,25,4
21,26,4
21,27,4
21,28,4
21,29,4
21,30,4
22,0,1
22,1,1
22,2,1
22,3,1
22,4,1
22,5,3
22,6,3
22,7,4
22,8,4
22,9,4
22,10,2
22,11,2
22,12,4
22,13,4
22,14,4
22,15,4
22,16,4
22,17,4
22,18,3
22,19,3
22,20,3
22,21,4
22,22,4
22,23,4
22,24,4
22,25,4
22,26,4
22,27,4
22,28,4
22,29,4
22,30,4
23,0,1
23,1,1
23,2,1
23,3,1
23,4,1
23,5,3
23,6,3
23,7,4
23,8,4
23,9,2
23,10,2
23,11,2
23,12,2
23,13,4
23,14,4
23,15,4
23,16,4
23,17,4
23,18,3
23,19,3
23,20,3
23,21,3
23,22,3
23,23,3
23,24,3
23,25,4
23,26,4
23,27,4
23,28,4
23,29,4
23,30,4
24,0,3
24,1,3
24,2,1
24,3,1
24,4,3
24,5,3
24,6,3
24,7,4
24,8,4
24,9,2
24,10,2
24,11,2
24,12,2
24,13,1
24,14,1
24,15,4
24,16,4
24,17,1
24,18,1
24,19,3
24,20,3
24,21,3
24,22,3
24,23,3
24,24,3
24,25,3
24,26,3
24,27,4
24,28,4
24,29,4
24,30,4
25,0,3
25,1,3
25,2,3
25,3,3
25,4,3
25,5,3
25,6,3
25,7,4
25,8,4
25,9,4
25,10,2
25,11,2
25,12,1
25,13,1
25,14,1
25,15,1
25,16,1
25,17,1
25,18,1
25,19,1
25,20,3
25,21,3
25,22,3
25,23,3
25,24,3
25,25,3
25,26,3
25,27,3
25,28,4
25,29,4
25,30,4
26,0,3
26,1,3
26,2,3
26,3,3
26,4,3
26,5,3
26,6,3
26,7,4
26,8,4
26,9,4
26,10,3
26,11,3
26,12,1
26,13,1
26,14,1
26,15,1
26,16,1
26,17,1
26,18,1
26,19,1
26,20,3
26,21,3
26,22,3
26,23,3
26,24,3
26,25,3
26,26,3
26,27,3
26,28,1
26,29,1
26,30,1
27,0,3
27,1,3
27,2,3
27,3,3
27,4,3
27,5,3
27,6,3
27,7,4
27,8,4
27,9,3
27,10,3
27,11,3
27,12,3
27,13,1
27,14,1
27,15,1
27,16,1
27,17,1
27,18,1
27,19,1
27,20,1
27,21,3
27,22,3
27,23,3
27,24,3
27,25,3
27,26,3
27,27,1
27,28,1
27,29,1
27,30,1
28,0,3
28,1,3
28,2,3
28,3,3
28,4,3
28,5,3
28,6,4
28,7,4
28,8,4
28,9,3
28,10,3
28,11,3
28,12,3
28,13,3
28,14,1
28,15,1
28,16,1
28,17,1
28,18,1
28,19,1
28,20,1
28,21,4
28,22,4
28,23,4
28,24,3
28,25,3
28,26,3
28,27,1
28,28,1
28,29,1
28,30,1
29,0,3
29,1,3
29,2,3
29,3,3
29,4,3
29,5,4
29,6,4
29,7,4
29,8,4
29,9,3
29,10,3
29,11,3
29,12,3
29,13,3
29,14,1
29,15,1
29,16,1
29,17,1
29,18,1
29,19,1
29,20,4
29,21,4
29,22,4
29,23,4
29,24,4
29,25,3
29,26,3
29,27,1
29,28,1
29,29,1
29,30,1
30,0,3
30,1,3
30,2,3
30,3,3
30,4,3
30,5,4
30,6,4
30,7,4
30,8,4
30,9,3
30,10,3
30,11,3
30,12,3
30,13,3
30,14,1
30,15,1
30,16,1
30,17,1
30,18,1
30,19,1
30,20,4
30,21,4
30,22,4
30,23,4
30,24,4
30,25,3
30,26,3
30,27,1
30,28,1
30,29,1
30,30,1