3
2
2
0
7,7
7,22
27,2
0,1,1
1,2,1
0,0,1
0,1,1
0,2,1
0,3,1
0,4,1
0,5,1
0,6,1
0,7,1
0,8,1
0,9,1
0,10,1
0,11,4
0,12,4
0,13,2
0,14,2
0,15,4
0,16,4
0,17,3
0,18,3
0,19,3
0,20,3
0,21,3
0,22,3
0,23,3
0,24,3
0,25,3
0,26,3
0,27,3
0,28,3
0,29,3
0,30,3
1,0,1
1,1,1
1,2,1
1,3,1
1,4,1
1,5,1
1,6,1
1,7,1
1,8,1
1,9,1
1,10,1
1,11,4
1,12,4
1,13,2
1,14,2
1,15,4
1,16,4
1,17,3
1,18,3
1,19,3
1,20,3
1,21,3
1,22,3
1,23,3
1,24,3
1,25,3
1,26,3
1,27,3
1,28,3
1,29,3
1,30,3
2,0,4
2,1,4
2,2,4
2,3,1
2,4,1
2,5,1
2,6,1
2,7,1
2,8,1
2,9,1
2,10,1
2,11,4
2,12,4
2,13,2
2,14,2
2,15,4
2,16,4
2,17,3
2,18,3
2,19,3
2,20,3
2,21,3
2,22,3
2,23,3
2,24,3
2,25,2
2,26,2
2,27,3
2,28,3
2,29,2
2,30,2
3,0,4
3,1,4
3,2,4
3,3,4
3,4,1
3,5,1
3,6,1
3,7,1
3,8,1
3,9,1
3,10,4
3,11,4
3,12,4
3,13,2
3,14,2
3,15,4
3,16,4
3,17,4
3,18,3
3,19,3
3,20,1
3,21,1
3,22,3
3,23,3
3,24,2
3,25,2
3,26,2
3,27,2
3,28,2
3,29,2
3,30,2
4,0,4
4,1,4
4,2,4
4,3,4
4,4,1
4,5,1
4,6,1
4,7,1
4,8,1
4,9,1
4,10,4
4,11,4
4,12,4
4,13,2
4,14,2
4,15,4
4,16,4
4,17,4
4,18,4
4,19,1
4,20,1
4,21,1
4,22,1
4,23,1
4,24,2
4,25,2
4,26,2
4,27,2
4,28,2
4,29,2
4,30,2
5,0,4
5,1,4
5,2,4
5,3,1
5,4,1
5,5,1
5,6,1
5,7,1
5,8,1
5,9,1
5,10,4
5,11,4
5,12,2
5,13,2
5,14,2
5,15,4
5,16,4
5,17,4
5,18,4
5,19,1
5,20,1
5,21,1
5,22,1
5,23,1
5,24,1
5,25,2
5,26,2
5,27,2
5,28,2
5,29,2
5,30,2
6,0,4
6,1,4
6,2,4
6,3,1
6,4,1
6,5,1
6,6,1
6,7,1
6,8,1
6,9,1
6,10,4
6,11,4
6,12,2
6,13,2
6,14,2
6,15,2
6,16,4
6,17,4
6,18,1
6,19,1
6,20,1
6,21,1
6,22,1
6,23,1
6,24,1
6,25,2
6,26,2
6,27,2
6,28,2
6,29,2
6,30,2
7,0,4
7,1,4
7,2,3
7,3,3
7,4,1
7,5,1
7,6,1
7,7,1
7,8,1
7,9,1
7,10,4
7,11,4
7,12,2
7,13,2
7,14,2
7,15,2
7,16,1
7,17,1
7,18,1
7,19,1
7,20,1
7,21,1
7,22,1
7,23,1
7,24,1
7,25,2
7,26,2
7,27,2
7,28,2
7,29,4
7,30,4
8,0,3
8,1,3
8,2,3
8,3,3
8,4,3
8,5,1
8,6,1
8,7,1
8,8,1
8,9,1
8,10,4
8,11,4
8,12,4
8,13,2
8,14,2
8,15,1
8,16,1
8,17,1
8,18,1
8,19,1
8,20,1
8,21,1
8,22,1
8,23,1
8,24,1
8,25,1
8,26,2
8,27,2
8,28,4
8,29,4
8,30,4
9,0,3
9,1,3
9,2,3
9,3,3
9,4,3
9,5,1
9,6,1
9,7,1
9,8,1
9,9,1
9,10,4
9,11,4
9,12,4
9,13,1
9,14,1
9,15,1
9,16,1
9,17,1
9,18,3
9,19,3
9,20,1
9,21,1
9,22,1
9,23,1
9,24,1
9,25,1
9,26,1
9,27,4
9,28,4
9,29,4
9,30,4
10,0,4
10,1,4
10,2,3
10,3,3
10,4,1
10,5,1
10,6,1
10,7,1
10,8,1
10,9,4
10,10,4
10,11,4
10,12,1
10,13,1
10,14,1
10,15,1
10,16,1
10,17,3
10,18,3
10,19,3
10,20,3
10,21,1
10,22,1
10,23,1
10,24,1
10,25,1
10,26,1
10,27,4
10,28,4
10,29,4
10,30,4
11,0,4
11,1,4
11,2,4
11,3,1
11,4,1
11,5,1
11,6,1
11,7,1
11,8,4
11,9,4
11,10,4
11,11,4
11,12,1
11,13,1
11,14,1
11,15,4
11,16,4
11,17,3
11,18,3
11,19,3
11,20,3
11,21,1
11,22,1
11,23,1
11,24,1
11,25,1
11,26,1
11,27,1
11,28,4
11,29,4
11,30,4
12,0,4
12,1,4
12,2,4
12,3,1
12,4,1
12,5,1
12,6,1
12,7,1
12,8,4
12,9,4
12,10,4
12,11,1
12,12,1
12,13,1
12,14,4
12,15,4
12,16,4
12,17,4
12,18,3
12,19,3
12,20,1
12,21,1
12,22,1
12,23,1
12,24,1
12,25,1
12,26,1
12,27,1
12,28,4
12,29,4
12,30,4
13,0,4
13,1,4
13,2,4
13,3,4
13,4,1
13,5,1
13,6,1
13,7,4
13,8,4
13,9,4
13,10,1
13,11,1
13,12,1
13,13,1
13,14,4
13,15,4
13,16,4
13,17,4
13,18,4
13,19,1
13,20,1
13,21,1
13,22,1
13,23,3
13,24,3
13,25,1
13,26,1
13,27,4
13,28,4
13,29,4
13,30,4
14,0,4
14,1,4
14,2,4
14,3,4
14,4,4
14,5,4
14,6,4
14,7,4
14,8,4
14,9,4
14,10,1
14,11,1
14,12,1
14,13,1
14,14,4
14,15,4
14,16,4
14,17,4
14,18,4
14,19,1
14,20,1
14,21,1
14,22,3
14,23,3
14,24,3
14,25,3
14,26,4
14,27,4
14,28,4
14,29,4
14,30,4
15,0,4
15,1,4
15,2,4
15,3,4
15,4,4
15,5,4
15,6,4
15,7,4
15,8,4
15,9,2
15,10,2
15,11,1
15,12,1
15,13,1
15,14,4
15,15,4
15,16,4
15,17,4
15,18,1
15,19,1
15,20,1
15,21,1
15,22,3
15,23,3
15,24,3
15,25,3
15,26,4
15,27,4
15,28,4
15,29,4
15,30,4
16,0,2
16,1,2
16,2,2
16,3,2
16,4,2
16,5,2
16,6,4
16,7,4
16,8,2
16,9,2
16,10,2
16,11,2
16,12,1
16,13,1
16,14,1
16,15,4
16,16,4
16,17,1
16,18,1
16,19,1
16,20,1
16,21,4
16,22,4
16,23,3
16,24,3
16,25,4
16,26,4
16,27,4
16,28,4
16,29,4
16,30,4
17,0,2
17,1,2
17,2,2
17,3,2
17,4,2
17,5,2
17,6,2
17,7,2
17,8,2
17,9,2
17,10,2
17,11,2
17,12,1
17,13,1
17,14,1
17,15,1
17,16,1
17,17,1
17,18,1
17,19,1
17,20,4
17,21,4
17,22,4
17,23,4
17,24,4
17,25,4
17,26,4
17,27,4
17,28,4
17,29,4
17,30,4
18,0,3
18,1,3
18,2,3
18,3,3
18,4,2
18,5,2
18,6,2
18,7,2
18,8,2
18,9,2
18,10,2
18,11,2
18,12,2
18,13,1
18,14,1
18,15,1
18,16,1
18,17,1
18,18,1
18,19,4
18,20,4
18,21,4
18,22,4
18,23,4
18,24,4
18,25,4
18,26,4
18,27,2
18,28,2
18,29,4
18,30,4
19,0,3
19,1,3
19,2,3
19,3,3
19,4,3
19,5,2
19,6,2
19,7,3
19,8,3
19,9,2
19,10,2
19,11,2
19,12,2
19,13,4
19,14,4
19,15,4
19,16,4
19,17,4
19,18,4
19,19,4
19,20,4
19,21,4
19,22,4
19,23,4
19,24,4
19,25,4
19,26,2
19,27,2
19,28,2
19,29,2
19,30,2
20,0,2
20,1,2
20,2,3
20,3,3
20,4,3
20,5,3
20,6,3
20,7,3
20,8,3
20,9,3
20,10,2
20,11,2
20,12,4
20,13,4
20,14,4
20,15,4
20,16,4
20,17,4
20,18,4
20,19,4
20,20,4
20,21,4
20,22,4
20,23,4
20,24,4
20,25,4
20,26,2
20,27,2
20,28,2
20,29,2
20,30,2
21,0,2
21,1,2
21,2,2
21,3,3
21,4,3
21,5,3
21,6,3
21,7,3
21,8,3
21,9,3
21,10,4
21,11,4
21,12,4
21,13,4
21,14,4
21,15,3
21,16,3
21,17,4
21,18,4
21,19,3
21,20,3
21,21,4
21,22,4
21,23,4
21,24,4
21,25,3
21,26,3
21,27,2
21,28,2
21,29,2
21,30,2
22,0,2
22,1,2
22,2,2
22,3,4
22,4,4
22,5,4
22,6,4
22,7,3
22,8,3
22,9,4
22,10,4
22,11,4
22,12,4
22,13,4
22,14,3
22,15,3
22,16,3
22,17,3
22,18,3
22,19,3
22,20,3
22,21,3
22,22,4
22,23,4
22,24,3
22,25,3
22,26,3
22,27,3
22,28,2
22,29,2
22,30,2
23,0,2
23,1,2
23,2,4
23,3,4
23,4,4
23,5,4
23,6,4
23,7,4
23,8,4
23,9,4
23,10,4
23,11,4
23,12,3
23,13,3
23,14,3
23,15,3
23,16,3
23,17,3
23,18,3
23,19,3
23,20,3
23,21,3
23,22,2
23,23,2
23,24,3
23,25,3
23,26,3
23,27,3
23,28,3
23,29,3
23,30,3
24,0,4
24,1,4
24,2,4
24,3,4
24,4,4
24,5,4
24,6,4
24,7,4
24,8,4
24,9,4
24,10,4
24,11,3
24,12,3
24,13,3
24,14,3
24,15,3
24,16,2
24,17,2
24,18,3
24,19,3
24,20,3
24,21,2
24,22,2
24,23,2
24,24,2
24,25,3
24,26,3
24,27,3
24,28,3
24,29,3
24,30,3
25,0,4
25,1,4
25,2,4
25,3,4
25,4,4
25,5,4
25,6,4
25,7,4
25,8,4
25,9,4
25,10,3
25,11,3
25,12,3
25,13,3
25,14,2
25,15,2
25,16,2
25,17,2
25,18,2
25,19,2
25,20,2
25,21,2
25,22,2
25,23,2
25,24,2
25,25,2
25,26,2
25,27,2
25,28,3
25,29,3
25,30,3
26,0,4
26,1,4
26,2,4
26,3,4
26,4,4
26,5,4
26,6,4
26,7,4
26,8,4
26,9,4
26,10,3
26,11,3
26,12,3
26,13,2
26,14,2
26,15,2
26,16,2
26,17,2
26,18,2
26,19,2
26,20,2
26,21,2
26,22,2
26,23,2
26,24,2
26,25,2
26,26,2
26,27,2
26,28,2
26,29,3
26,30,3
27,0,4
27,1,4
27,2,4
27,3,4
27,4,4
27,5,4
27,6,4
27,7,4
27,8,4
27,9,3
27,10,3
27,11,3
27,12,2
27,13,2
27,14,2
27,15,2
27,16,3
27,17,3
27,18,3
27,19,3
27,20,3
27,21,2
27,22,2
27,23,2
27,24,2
27,25,2
27,26,2
27,27,2
27,28,2
27,29,3
27,30,3
28,0,4
28,1,4
28,2,4
28,3,4
28,4,4
28,5,4
28,6,4
28,7,3
28,8,3
28,9,3
28,10,3
28,11,3
28,12,2
28,13,2
28,14,2
28,15,3
28,16,3
28,17,3
28,18,3
28,19,3
28,20,3
28,21,3
28,22,2
28,23,2
28,24,4
28,25,4
28,26,2
28,27,2
28,28,2
28,29,3
28,30,3
29,0,4
29,1,4
29,2,4
29,3,4
29,4,4
29,5,4
29,6,3
29,7,3
29,8,3
29,9,3
29,10,3
29,11,2
29,12,2
29,13,2
29,14,3
29,15,3
29,16,3
29,17,3
29,18,3
29,19,3
29,20,3
29,21,3
29,22,3
29,23,4
29,24,4
29,25,4
29,26,4
29,27,2
29,28,2
29,29,3
29,30,3
30,0,4
30,1,4
30,2,4
30,3,4
30,4,4
30,5,4
30,6,3
30,7,3
30,8,3
30,9,3
30,10,3
30,11,2
30,12,2
30,13,2
30,14,3
30,15,3
30,16,3
30,17,3
30,18,3
30,19,3
30,20,3
30,21,3
30,22,3
30,23,4
30,24,4
30,25,4
30,26,4
30,27,2
30,28,2
30,29,3
30,30,3