3
2
5
0
12,2
22,2
22,22
0,1,1
1,2,4
0,0,4
0,1,4
0,2,3
0,3,3
0,4,3
0,5,4
0,6,4
0,7,4
0,8,1
0,9,1
0,10,4
0,11,4
0,12,4
0,13,4
0,14,4
0,15,4
0,16,4
0,17,4
0,18,4
0,19,4
0,20,4
0,21,4
0,22,4
0,23,4
0,24,4
0,25,4
0,26,4
0,27,4
0,28,4
0,29,4
0,30,4
1,0,4
1,1,4
1,2,3
1,3,3
1,4,3
1,5,4
1,6,4
1,7,4
1,8,1
1,9,1
1,10,4
1,11,4
1,12,4
1,13,4
1,14,4
1,15,4
1,16,4
1,17,4
1,18,4
1,19,4
1,20,4
1,21,4
1,22,4
1,23,4
1,24,4
1,25,4
1,26,4
1,27,4
1,28,4
1,29,4
1,30,4
2,0,4
2,1,4
2,2,4
2,3,3
2,4,3
2,5,4
2,6,4
2,7,1
2,8,1
2,9,1
2,10,4
2,11,4
2,12,4
2,13,4
2,14,4
2,15,4
2,16,4
2,17,4
2,18,4
2,19,4
2,20,4
2,21,4
2,22,4
2,23,4
2,24,4
2,25,4
2,26,4
2,27,4
2,28,4
2,29,4
2,30,4
3,0,4
3,1,4
3,2,4
3,3,3
3,4,3
3,5,4
3,6,4
3,7,1
3,8,1
3,9,1
3,10,4
3,11,4
3,12,4
3,13,4
3,14,1
3,15,1
3,16,4
3,17,4
3,18,2
3,19,2
3,20,4
3,21,4
3,22,4
3,23,4
3,24,4
3,25,4
3,26,4
3,27,4
3,28,4
3,29,4
3,30,4
4,0,4
4,1,4
4,2,4
4,3,3
4,4,3
4,5,4
4,6,4
4,7,1
4,8,1
4,9,1
4,10,4
4,11,4
4,12,4
4,13,1
4,14,1
4,15,1
4,16,1
4,17,2
4,18,2
4,19,2
4,20,2
4,21,4
4,22,4
4,23,4
4,24,4
4,25,4
4,26,4
4,27,4
4,28,4
4,29,4
4,30,4
5,0,4
5,1,4
5,2,4
5,3,3
5,4,3
5,5,4
5,6,4
5,7,4
5,8,1
5,9,1
5,10,4
5,11,4
5,12,4
5,13,1
5,14,1
5,15,1
5,16,1
5,17,2
5,18,2
5,19,2
5,20,2
5,21,1
5,22,1
5,23,4
5,24,4
5,25,4
5,26,4
5,27,4
5,28,4
5,29,1
5,30,1
6,0,4
6,1,4
6,2,4
6,3,3
6,4,3
6,5,4
6,6,4
6,7,4
6,8,1
6,9,1
6,10,4
6,11,4
6,12,4
6,13,4
6,14,1
6,15,1
6,16,2
6,17,2
6,18,2
6,19,2
6,20,1
6,21,1
6,22,1
6,23,1
6,24,4
6,25,4
6,26,4
6,27,4
6,28,1
6,29,1
6,30,1
7,0,4
7,1,4
7,2,3
7,3,3
7,4,3
7,5,3
7,6,4
7,7,4
7,8,1
7,9,1
7,10,4
7,11,4
7,12,4
7,13,4
7,14,4
7,15,4
7,16,2
7,17,2
7,18,2
7,19,2
7,20,1
7,21,1
7,22,1
7,23,1
7,24,1
7,25,1
7,26,1
7,27,1
7,28,1
7,29,1
7,30,1
8,0,4
8,1,4
8,2,3
8,3,3
8,4,3
8,5,3
8,6,4
8,7,4
8,8,1
8,9,1
8,10,1
8,11,4
8,12,4
8,13,4
8,14,4
8,15,4
8,16,4
8,17,2
8,18,2
8,19,2
8,20,2
8,21,1
8,22,1
8,23,1
8,24,1
8,25,1
8,26,1
8,27,1
8,28,1
8,29,1
8,30,1
9,0,4
9,1,4
9,2,4
9,3,3
9,4,3
9,5,4
9,6,4
9,7,4
9,8,1
9,9,1
9,10,1
9,11,1
9,12,4
9,13,4
9,14,4
9,15,4
9,16,4
9,17,2
9,18,2
9,19,2
9,20,2
9,21,2
9,22,1
9,23,1
9,24,3
9,25,3
9,26,3
9,27,1
9,28,1
9,29,4
9,30,4
10,0,4
10,1,4
10,2,4
10,3,4
10,4,4
10,5,4
10,6,4
10,7,4
10,8,4
10,9,1
10,10,1
10,11,1
10,12,4
10,13,4
10,14,4
10,15,4
10,16,4
10,17,2
10,18,2
10,19,2
10,20,2
10,21,2
10,22,3
10,23,3
10,24,3
10,25,3
10,26,3
10,27,3
10,28,4
10,29,4
10,30,4
11,0,4
11,1,4
11,2,4
11,3,4
11,4,4
11,5,4
11,6,4
11,7,4
11,8,4
11,9,4
11,10,1
11,11,1
11,12,4
11,13,4
11,14,4
11,15,4
11,16,3
11,17,3
11,18,2
11,19,2
11,20,2
11,21,3
11,22,3
11,23,3
11,24,3
11,25,3
11,26,3
11,27,3
11,28,4
11,29,4
11,30,4
12,0,4
12,1,4
12,2,4
12,3,4
12,4,4
12,5,4
12,6,4
12,7,4
12,8,4
12,9,4
12,10,1
12,11,1
12,12,1
12,13,4
12,14,4
12,15,3
12,16,3
12,17,3
12,18,3
12,19,3
12,20,3
12,21,3
12,22,3
12,23,3
12,24,3
12,25,3
12,26,3
12,27,2
12,28,2
12,29,4
12,30,4
13,0,4
13,1,4
13,2,4
13,3,4
13,4,4
13,5,4
13,6,4
13,7,4
13,8,4
13,9,1
13,10,1
13,11,1
13,12,1
13,13,3
13,14,3
13,15,3
13,16,3
13,17,3
13,18,3
13,19,3
13,20,3
13,21,3
13,22,3
13,23,3
13,24,3
13,25,3
13,26,2
13,27,2
13,28,2
13,29,2
13,30,2
14,0,4
14,1,4
14,2,4
14,3,4
14,4,4
14,5,4
14,6,4
14,7,4
14,8,1
14,9,1
14,10,1
14,11,1
14,12,3
14,13,3
14,14,3
14,15,3
14,16,3
14,17,4
14,18,4
14,19,4
14,20,4
14,21,4
14,22,4
14,23,4
14,24,4
14,25,4
14,26,2
14,27,2
14,28,2
14,29,2
14,30,2
15,0,1
15,1,1
15,2,1
15,3,1
15,4,1
15,5,1
15,6,1
15,7,1
15,8,1
15,9,1
15,10,1
15,11,3
15,12,3
15,13,3
15,14,3
15,15,3
15,16,4
15,17,4
15,18,4
15,19,4
15,20,4
15,21,4
15,22,4
15,23,4
15,24,4
15,25,4
15,26,4
15,27,2
15,28,2
15,29,4
15,30,4
16,0,1
16,1,1
16,2,1
16,3,1
16,4,1
16,5,1
16,6,1
16,7,1
16,8,1
16,9,1
16,10,1
16,11,3
16,12,3
16,13,3
16,14,2
16,15,2
16,16,4
16,17,4
16,18,4
16,19,4
16,20,2
16,21,2
16,22,2
16,23,2
16,24,4
16,25,4
16,26,4
16,27,4
16,28,4
16,29,4
16,30,4
17,0,4
17,1,4
17,2,4
17,3,4
17,4,4
17,5,4
17,6,4
17,7,4
17,8,1
17,9,1
17,10,3
17,11,3
17,12,3
17,13,2
17,14,2
17,15,2
17,16,2
17,17,4
17,18,4
17,19,2
17,20,2
17,21,2
17,22,2
17,23,2
17,24,2
17,25,4
17,26,4
17,27,4
17,28,4
17,29,4
17,30,4
18,0,4
18,1,4
18,2,4
18,3,4
18,4,4
18,5,4
18,6,4
18,7,4
18,8,4
18,9,3
18,10,3
18,11,3
18,12,3
18,13,2
18,14,2
18,15,2
18,16,2
18,17,3
18,18,3
18,19,2
18,20,2
18,21,2
18,22,2
18,23,2
18,24,2
18,25,1
18,26,1
18,27,4
18,28,4
18,29,2
18,30,2
19,0,4
19,1,4
19,2,2
19,3,2
19,4,2
19,5,4
19,6,4
19,7,4
19,8,4
19,9,3
19,10,3
19,11,3
19,12,4
19,13,4
19,14,2
19,15,2
19,16,3
19,17,3
19,18,3
19,19,3
19,20,2
19,21,2
19,22,2
19,23,2
19,24,1
19,25,1
19,26,1
19,27,1
19,28,2
19,29,2
19,30,2
20,0,2
20,1,2
20,2,2
20,3,2
20,4,2
20,5,2
20,6,4
20,7,4
20,8,3
20,9,3
20,10,3
20,11,4
20,12,4
20,13,4
20,14,4
20,15,3
20,16,3
20,17,3
20,18,3
20,19,3
20,20,1
20,21,1
20,22,1
20,23,1
20,24,1
20,25,1
20,26,1
20,27,1
20,28,2
20,29,2
20,30,2
21,0,2
21,1,2
21,2,2
21,3,2
21,4,2
21,5,2
21,6,1
21,7,1
21,8,3
21,9,3
21,10,3
21,11,4
21,12,4
21,13,4
21,14,4
21,15,3
21,16,3
21,17,3
21,18,3
21,19,1
21,20,1
21,21,1
21,22,1
21,23,1
21,24,1
21,25,1
21,26,1
21,27,4
21,28,4
21,29,2
21,30,2
22,0,2
22,1,2
22,2,2
22,3,2
22,4,2
22,5,1
22,6,1
22,7,1
22,8,1
22,9,3
22,10,3
22,11,3
22,12,4
22,13,4
22,14,3
22,15,3
22,16,3
22,17,3
22,18,1
22,19,1
22,20,1
22,21,1
22,22,1
22,23,1
22,24,1
22,25,1
22,26,4
22,27,4
22,28,4
22,29,4
22,30,4
23,0,2
23,1,2
23,2,2
23,3,2
23,4,2
23,5,1
23,6,1
23,7,1
23,8,1
23,9,3
23,10,3
23,11,3
23,12,2
23,13,2
23,14,3
23,15,3
23,16,3
23,17,3
23,18,1
23,19,1
23,20,1
23,21,1
23,22,1
23,23,1
23,24,1
23,25,4
23,26,4
23,27,4
23,28,4
23,29,4
23,30,4
24,0,2
24,1,2
24,2,2
24,3,2
24,4,2
24,5,2
24,6,1
24,7,1
24,8,3
24,9,3
24,10,3
24,11,2
24,12,2
24,13,2
24,14,2
24,15,3
24,16,3
24,17,4
24,18,4
24,19,1
24,20,1
24,21,1
24,22,1
24,23,1
24,24,1
24,25,4
24,26,4
24,27,4
24,28,4
24,29,4
24,30,4
25,0,4
25,1,4
25,2,2
25,3,2
25,4,2
25,5,2
25,6,3
25,7,3
25,8,3
25,9,3
25,10,3
25,11,2
25,12,2
25,13,2
25,14,2
25,15,4
25,16,4
25,17,4
25,18,4
25,19,4
25,20,4
25,21,1
25,22,1
25,23,1
25,24,1
25,25,1
25,26,4
25,27,4
25,28,1
25,29,1
25,30,1
26,0,4
26,1,4
26,2,4
26,3,2
26,4,2
26,5,3
26,6,3
26,7,3
26,8,3
26,9,3
26,10,3
26,11,3
26,12,2
26,13,2
26,14,4
26,15,4
26,16,4
26,17,4
26,18,4
26,19,4
26,20,4
26,21,4
26,22,1
26,23,1
26,24,1
26,25,1
26,26,1
26,27,1
26,28,1
26,29,1
26,30,1
27,0,4
27,1,4
27,2,4
27,3,4
27,4,3
27,5,3
27,6,3
27,7,3
27,8,3
27,9,3
27,10,3
27,11,3
27,12,3
27,13,3
27,14,4
27,15,4
27,16,4
27,17,4
27,18,4
27,19,4
27,20,4
27,21,4
27,22,1
27,23,1
27,24,1
27,25,1
27,26,1
27,27,1
27,28,1
27,29,1
27,30,1
28,0,4
28,1,4
28,2,4
28,3,4
28,4,3
28,5,3
28,6,3
28,7,1
28,8,1
28,9,1
28,10,3
28,11,3
28,12,3
28,13,3
28,14,3
28,15,4
28,16,4
28,17,3
28,18,3
28,19,4
28,20,4
28,21,4
28,22,1
28,23,1
28,24,1
28,25,4
28,26,4
28,27,1
28,28,1
28,29,1
28,30,1
29,0,4
29,1,4
29,2,4
29,3,4
29,4,3
29,5,3
29,6,1
29,7,1
29,8,1
29,9,1
29,10,1
29,11,3
29,12,3
29,13,3
29,14,3
29,15,3
29,16,3
29,17,3
29,18,3
29,19,3
29,20,4
29,21,4
29,22,1
29,23,1
29,24,4
29,25,4
29,26,4
29,27,4
29,28,1
29,29,1
29,30,1
30,0,4
30,1,4
30,2,4
30,3,4
30,4,3
30,5,3
30,6,1
30,7,1
30,8,1
30,9,1
30,10,1
30,11,3
30,12,3
30,13,3
30,14,3
30,15,3
30,16,3
30,17,3
30,18,3
30,19,3
30,20,4
30,21,4
30,22,1
30,23,1
30,24,4
30,25,4
30,26,4
30,27,4
30,28,1
30,29,1
30,30,1