3
2
7
2
7,2
7,17
22,17
1,2,3
0,1,4
0,0,4
0,1,4
0,2,3
0,3,3
0,4,3
0,5,3
0,6,3
0,7,3
0,8,3
0,9,4
0,10,4
0,11,4
0,12,4
0,13,2
0,14,2
0,15,4
0,16,4
0,17,4
0,18,3
0,19,3
0,20,3
0,21,3
0,22,4
0,23,4
0,24,4
0,25,4
0,26,4
0,27,4
0,28,4
0,29,1
0,30,1
1,0,4
1,1,4
1,2,3
1,3,3
1,4,3
1,5,3
1,6,3
1,7,3
1,8,3
1,9,4
1,10,4
1,11,4
1,12,4
1,13,2
1,14,2
1,15,4
1,16,4
1,17,4
1,18,3
1,19,3
1,20,3
1,21,3
1,22,4
1,23,4
1,24,4
1,25,4
1,26,4
1,27,4
1,28,4
1,29,1
1,30,1
2,0,4
2,1,4
2,2,4
2,3,3
2,4,3
2,5,3
2,6,3
2,7,3
2,8,3
2,9,4
2,10,4
2,11,4
2,12,4
2,13,2
2,14,2
2,15,4
2,16,4
2,17,4
2,18,4
2,19,3
2,20,3
2,21,4
2,22,4
2,23,4
2,24,4
2,25,4
2,26,4
2,27,4
2,28,4
2,29,1
2,30,1
3,0,4
3,1,4
3,2,4
3,3,3
3,4,3
3,5,3
3,6,3
3,7,3
3,8,1
3,9,1
3,10,4
3,11,4
3,12,2
3,13,2
3,14,2
3,15,2
3,16,4
3,17,4
3,18,4
3,19,4
3,20,4
3,21,4
3,22,4
3,23,4
3,24,4
3,25,4
3,26,4
3,27,4
3,28,4
3,29,1
3,30,1
4,0,4
4,1,4
4,2,2
4,3,2
4,4,3
4,5,3
4,6,1
4,7,1
4,8,1
4,9,1
4,10,1
4,11,1
4,12,2
4,13,2
4,14,2
4,15,2
4,16,4
4,17,4
4,18,4
4,19,4
4,20,4
4,21,4
4,22,4
4,23,4
4,24,4
4,25,4
4,26,4
4,27,4
4,28,4
4,29,1
4,30,1
5,0,2
5,1,2
5,2,2
5,3,2
5,4,2
5,5,1
5,6,1
5,7,1
5,8,1
5,9,1
5,10,1
5,11,1
5,12,1
5,13,2
5,14,2
5,15,4
5,16,4
5,17,4
5,18,4
5,19,4
5,20,4
5,21,4
5,22,4
5,23,4
5,24,4
5,25,4
5,26,4
5,27,4
5,28,1
5,29,1
5,30,1
6,0,2
6,1,2
6,2,2
6,3,2
6,4,2
6,5,1
6,6,1
6,7,1
6,8,1
6,9,1
6,10,1
6,11,1
6,12,1
6,13,4
6,14,4
6,15,4
6,16,4
6,17,4
6,18,4
6,19,4
6,20,4
6,21,4
6,22,2
6,23,2
6,24,4
6,25,4
6,26,2
6,27,2
6,28,1
6,29,1
6,30,1
7,0,2
7,1,2
7,2,2
7,3,2
7,4,2
7,5,1
7,6,1
7,7,1
7,8,1
7,9,1
7,10,1
7,11,1
7,12,4
7,13,4
7,14,4
7,15,4
7,16,4
7,17,4
7,18,4
7,19,4
7,20,4
7,21,2
7,22,2
7,23,2
7,24,2
7,25,2
7,26,2
7,27,2
7,28,2
7,29,1
7,30,1
8,0,2
8,1,2
8,2,2
8,3,2
8,4,2
8,5,1
8,6,1
8,7,1
8,8,4
8,9,4
8,10,4
8,11,4
8,12,4
8,13,4
8,14,4
8,15,4
8,16,4
8,17,4
8,18,4
8,19,4
8,20,4
8,21,2
8,22,2
8,23,2
8,24,2
8,25,2
8,26,2
8,27,2
8,28,2
8,29,2
8,30,2
9,0,2
9,1,2
9,2,2
9,3,2
9,4,2
9,5,1
9,6,1
9,7,4
9,8,4
9,9,4
9,10,4
9,11,4
9,12,4
9,13,4
9,14,4
9,15,4
9,16,4
9,17,4
9,18,4
9,19,4
9,20,3
9,21,3
9,22,2
9,23,2
9,24,3
9,25,3
9,26,2
9,27,2
9,28,2
9,29,2
9,30,2
10,0,2
10,1,2
10,2,2
10,3,2
10,4,2
10,5,1
10,6,1
10,7,4
10,8,4
10,9,4
10,10,3
10,11,3
10,12,4
10,13,4
10,14,2
10,15,2
10,16,4
10,17,4
10,18,3
10,19,3
10,20,3
10,21,3
10,22,3
10,23,3
10,24,3
10,25,3
10,26,3
10,27,3
10,28,3
10,29,3
10,30,3
11,0,3
11,1,3
11,2,2
11,3,2
11,4,1
11,5,1
11,6,1
11,7,4
11,8,4
11,9,3
11,10,3
11,11,3
11,12,3
11,13,2
11,14,2
11,15,2
11,16,2
11,17,3
11,18,3
11,19,3
11,20,3
11,21,3
11,22,3
11,23,3
11,24,3
11,25,3
11,26,3
11,27,3
11,28,3
11,29,3
11,30,3
12,0,3
12,1,3
12,2,3
12,3,1
12,4,1
12,5,1
12,6,1
12,7,4
12,8,4
12,9,3
12,10,3
12,11,3
12,12,3
12,13,2
12,14,2
12,15,2
12,16,2
12,17,3
12,18,3
12,19,3
12,20,3
12,21,1
12,22,1
12,23,1
12,24,1
12,25,1
12,26,1
12,27,1
12,28,1
12,29,1
12,30,1
13,0,3
13,1,3
13,2,3
13,3,1
13,4,1
13,5,1
13,6,1
13,7,4
13,8,4
13,9,3
13,10,3
13,11,3
13,12,2
13,13,2
13,14,2
13,15,2
13,16,2
13,17,3
13,18,3
13,19,3
13,20,1
13,21,1
13,22,1
13,23,1
13,24,1
13,25,1
13,26,1
13,27,1
13,28,1
13,29,1
13,30,1
14,0,3
14,1,3
14,2,4
14,3,4
14,4,1
14,5,1
14,6,4
14,7,4
14,8,4
14,9,3
14,10,3
14,11,2
14,12,2
14,13,2
14,14,2
14,15,2
14,16,3
14,17,3
14,18,3
14,19,1
14,20,1
14,21,1
14,22,1
14,23,2
14,24,2
14,25,1
14,26,1
14,27,4
14,28,4
14,29,4
14,30,4
15,0,4
15,1,4
15,2,4
15,3,4
15,4,4
15,5,4
15,6,4
15,7,4
15,8,4
15,9,3
15,10,3
15,11,2
15,12,2
15,13,2
15,14,3
15,15,3
15,16,3
15,17,3
15,18,3
15,19,1
15,20,1
15,21,1
15,22,2
15,23,2
15,24,2
15,25,2
15,26,4
15,27,4
15,28,4
15,29,4
15,30,4
16,0,4
16,1,4
16,2,4
16,3,4
16,4,4
16,5,4
16,6,4
16,7,4
16,8,3
16,9,3
16,10,3
16,11,2
16,12,2
16,13,3
16,14,3
16,15,3
16,16,3
16,17,3
16,18,1
16,19,1
16,20,1
16,21,1
16,22,2
16,23,2
16,24,2
16,25,2
16,26,4
16,27,4
16,28,4
16,29,4
16,30,4
17,0,2
17,1,2
17,2,2
17,3,4
17,4,4
17,5,4
17,6,4
17,7,4
17,8,3
17,9,3
17,10,3
17,11,2
17,12,2
17,13,3
17,14,3
17,15,3
17,16,2
17,17,2
17,18,1
17,19,1
17,20,1
17,21,1
17,22,2
17,23,2
17,24,2
17,25,4
17,26,4
17,27,4
17,28,4
17,29,4
17,30,4
18,0,2
18,1,2
18,2,2
18,3,2
18,4,4
18,5,4
18,6,4
18,7,4
18,8,4
18,9,3
18,10,3
18,11,2
18,12,2
18,13,3
18,14,3
18,15,2
18,16,2
18,17,2
18,18,2
18,19,1
18,20,1
18,21,2
18,22,2
18,23,2
18,24,4
18,25,4
18,26,4
18,27,4
18,28,4
18,29,1
18,30,1
19,0,2
19,1,2
19,2,2
19,3,2
19,4,4
19,5,4
19,6,4
19,7,4
19,8,4
19,9,3
19,10,3
19,11,2
19,12,2
19,13,3
19,14,3
19,15,2
19,16,2
19,17,2
19,18,2
19,19,2
19,20,2
19,21,2
19,22,2
19,23,2
19,24,4
19,25,4
19,26,4
19,27,4
19,28,1
19,29,1
19,30,1
20,0,2
20,1,2
20,2,2
20,3,2
20,4,4
20,5,4
20,6,4
20,7,4
20,8,4
20,9,3
20,10,3
20,11,2
20,12,2
20,13,3
20,14,3
20,15,2
20,16,2
20,17,2
20,18,2
20,19,2
20,20,2
20,21,2
20,22,2
20,23,2
20,24,2
20,25,4
20,26,4
20,27,4
20,28,1
20,29,1
20,30,1
21,0,2
21,1,2
21,2,2
21,3,3
21,4,3
21,5,4
21,6,4
21,7,4
21,8,4
21,9,3
21,10,3
21,11,2
21,12,2
21,13,3
21,14,3
21,15,2
21,16,2
21,17,2
21,18,2
21,19,2
21,20,2
21,21,2
21,22,2
21,23,2
21,24,2
21,25,2
21,26,4
21,27,4
21,28,4
21,29,1
21,30,1
22,0,3
22,1,3
22,2,3
22,3,3
22,4,3
22,5,3
22,6,4
22,7,4
22,8,3
22,9,3
22,10,3
22,11,2
22,12,2
22,13,3
22,14,3
22,15,2
22,16,2
22,17,2
22,18,2
22,19,2
22,20,2
22,21,2
22,22,2
22,23,2
22,24,2
22,25,2
22,26,4
22,27,4
22,28,4
22,29,1
22,30,1
23,0,3
23,1,3
23,2,3
23,3,3
23,4,3
23,5,3
23,6,3
23,7,3
23,8,3
23,9,3
23,10,3
23,11,2
23,12,2
23,13,3
23,14,3
23,15,2
23,16,2
23,17,2
23,18,2
23,19,2
23,20,2
23,21,2
23,22,2
23,23,2
23,24,2
23,25,2
23,26,2
23,27,4
23,28,4
23,29,1
23,30,1
24,0,1
24,1,1
24,2,1
24,3,1
24,4,3
24,5,3
24,6,3
24,7,3
24,8,3
24,9,3
24,10,3
24,11,2
24,12,2
24,13,3
24,14,3
24,15,2
24,16,2
24,17,2
24,18,2
24,19,2
24,20,2
24,21,2
24,22,2
24,23,2
24,24,2
24,25,2
24,26,2
24,27,4
24,28,4
24,29,1
24,30,1
25,0,1
25,1,1
25,2,1
25,3,1
25,4,1
25,5,3
25,6,3
25,7,3
25,8,3
25,9,3
25,10,3
25,11,2
25,12,2
25,13,3
25,14,3
25,15,3
25,16,2
25,17,2
25,18,1
25,19,1
25,20,1
25,21,2
25,22,2
25,23,2
25,24,2
25,25,2
25,26,2
25,27,4
25,28,4
25,29,1
25,30,1
26,0,1
26,1,1
26,2,1
26,3,1
26,4,1
26,5,2
26,6,2
26,7,2
26,8,3
26,9,3
26,10,3
26,11,2
26,12,2
26,13,3
26,14,3
26,15,3
26,16,1
26,17,1
26,18,1
26,19,1
26,20,1
26,21,1
26,22,1
26,23,1
26,24,2
26,25,2
26,26,4
26,27,4
26,28,4
26,29,1
26,30,1
27,0,1
27,1,1
27,2,1
27,3,1
27,4,2
27,5,2
27,6,2
27,7,2
27,8,2
27,9,3
27,10,3
27,11,2
27,12,2
27,13,3
27,14,3
27,15,1
27,16,1
27,17,1
27,18,1
27,19,1
27,20,1
27,21,1
27,22,1
27,23,1
27,24,1
27,25,1
27,26,4
27,27,4
27,28,4
27,29,1
27,30,1
28,0,1
28,1,1
28,2,2
28,3,2
28,4,2
28,5,2
28,6,2
28,7,2
28,8,2
28,9,3
28,10,3
28,11,2
28,12,2
28,13,3
28,14,3
28,15,1
28,16,1
28,17,1
28,18,1
28,19,3
28,20,3
28,21,1
28,22,1
28,23,1
28,24,1
28,25,1
28,26,1
28,27,4
28,28,4
28,29,1
28,30,1
29,0,2
29,1,2
29,2,2
29,3,2
29,4,2
29,5,2
29,6,2
29,7,2
29,8,3
29,9,3
29,10,3
29,11,2
29,12,2
29,13,3
29,14,3
29,15,3
29,16,1
29,17,1
29,18,3
29,19,3
29,20,3
29,21,3
29,22,1
29,23,1
29,24,1
29,25,1
29,26,1
29,27,4
29,28,4
29,29,1
29,30,1
30,0,2
30,1,2
30,2,2
30,3,2
30,4,2
30,5,2
30,6,2
30,7,2
30,8,3
30,9,3
30,10,3
30,11,2
30,12,2
30,13,3
30,14,3
30,15,3
30,16,1
30,17,1
30,18,3
30,19,3
30,20,3
30,21,3
30,22,1
30,23,1
30,24,1
30,25,1
30,26,1
30,27,4
30,28,4
30,29,1
30,30,1