3
2
6
1
12,12
12,27
22,22
0,1,4
0,2,2
0,0,4
0,1,4
0,2,4
0,3,4
0,4,2
0,5,2
0,6,3
0,7,3
0,8,3
0,9,4
0,10,4
0,11,4
0,12,3
0,13,3
0,14,4
0,15,4
0,16,4
0,17,1
0,18,1
0,19,4
0,20,4
0,21,4
0,22,4
0,23,4
0,24,3
0,25,3
0,26,3
0,27,3
0,28,4
0,29,4
0,30,4
1,0,4
1,1,4
1,2,4
1,3,4
1,4,2
1,5,2
1,6,3
1,7,3
1,8,3
1,9,4
1,10,4
1,11,4
1,12,3
1,13,3
1,14,4
1,15,4
1,16,4
1,17,1
1,18,1
1,19,4
1,20,4
1,21,4
1,22,4
1,23,4
1,24,3
1,25,3
1,26,3
1,27,3
1,28,4
1,29,4
1,30,4
2,0,4
2,1,4
2,2,4
2,3,2
2,4,2
2,5,2
2,6,3
2,7,3
2,8,4
2,9,4
2,10,4
2,11,4
2,12,3
2,13,3
2,14,4
2,15,4
2,16,1
2,17,1
2,18,1
2,19,1
2,20,4
2,21,4
2,22,4
2,23,4
2,24,4
2,25,3
2,26,3
2,27,1
2,28,1
2,29,4
2,30,4
3,0,2
3,1,2
3,2,2
3,3,2
3,4,2
3,5,2
3,6,3
3,7,3
3,8,4
3,9,4
3,10,4
3,11,3
3,12,3
3,13,3
3,14,4
3,15,4
3,16,1
3,17,1
3,18,1
3,19,1
3,20,2
3,21,2
3,22,4
3,23,4
3,24,4
3,25,4
3,26,1
3,27,1
3,28,1
3,29,1
3,30,1
4,0,2
4,1,2
4,2,2
4,3,2
4,4,2
4,5,3
4,6,3
4,7,3
4,8,4
4,9,4
4,10,3
4,11,3
4,12,3
4,13,3
4,14,4
4,15,4
4,16,1
4,17,1
4,18,1
4,19,2
4,20,2
4,21,2
4,22,2
4,23,4
4,24,4
4,25,4
4,26,1
4,27,1
4,28,1
4,29,1
4,30,1
5,0,3
5,1,3
5,2,3
5,3,3
5,4,3
5,5,3
5,6,3
5,7,3
5,8,4
5,9,4
5,10,3
5,11,3
5,12,3
5,13,4
5,14,4
5,15,4
5,16,1
5,17,1
5,18,1
5,19,2
5,20,2
5,21,2
5,22,2
5,23,4
5,24,4
5,25,4
5,26,4
5,27,1
5,28,1
5,29,3
5,30,3
6,0,3
6,1,3
6,2,3
6,3,3
6,4,3
6,5,3
6,6,3
6,7,4
6,8,4
6,9,4
6,10,3
6,11,3
6,12,4
6,13,4
6,14,4
6,15,4
6,16,1
6,17,1
6,18,1
6,19,2
6,20,2
6,21,2
6,22,2
6,23,4
6,24,4
6,25,4
6,26,4
6,27,3
6,28,3
6,29,3
6,30,3
7,0,4
7,1,4
7,2,4
7,3,4
7,4,4
7,5,4
7,6,4
7,7,4
7,8,4
7,9,4
7,10,3
7,11,3
7,12,4
7,13,4
7,14,4
7,15,4
7,16,1
7,17,1
7,18,1
7,19,1
7,20,2
7,21,2
7,22,4
7,23,4
7,24,4
7,25,4
7,26,3
7,27,3
7,28,3
7,29,3
7,30,3
8,0,4
8,1,4
8,2,4
8,3,4
8,4,4
8,5,4
8,6,4
8,7,4
8,8,4
8,9,4
8,10,3
8,11,3
8,12,3
8,13,4
8,14,4
8,15,4
8,16,4
8,17,1
8,18,1
8,19,1
8,20,1
8,21,1
8,22,4
8,23,4
8,24,4
8,25,4
8,26,3
8,27,3
8,28,3
8,29,3
8,30,3
9,0,3
9,1,3
9,2,3
9,3,3
9,4,3
9,5,4
9,6,4
9,7,4
9,8,4
9,9,4
9,10,3
9,11,3
9,12,3
9,13,3
9,14,4
9,15,4
9,16,4
9,17,4
9,18,1
9,19,1
9,20,1
9,21,1
9,22,1
9,23,4
9,24,4
9,25,1
9,26,1
9,27,3
9,28,3
9,29,3
9,30,3
10,0,3
10,1,3
10,2,3
10,3,3
10,4,3
10,5,3
10,6,4
10,7,4
10,8,4
10,9,4
10,10,3
10,11,3
10,12,3
10,13,3
10,14,3
10,15,4
10,16,4
10,17,4
10,18,4
10,19,1
10,20,1
10,21,1
10,22,1
10,23,1
10,24,1
10,25,1
10,26,1
10,27,1
10,28,1
10,29,1
10,30,1
11,0,4
11,1,4
11,2,4
11,3,3
11,4,3
11,5,3
11,6,4
11,7,4
11,8,4
11,9,3
11,10,3
11,11,3
11,12,3
11,13,3
11,14,3
11,15,4
11,16,4
11,17,4
11,18,4
11,19,4
11,20,1
11,21,1
11,22,1
11,23,1
11,24,1
11,25,1
11,26,1
11,27,1
11,28,1
11,29,1
11,30,1
12,0,4
12,1,4
12,2,4
12,3,4
12,4,3
12,5,3
12,6,4
12,7,4
12,8,3
12,9,3
12,10,3
12,11,3
12,12,3
12,13,3
12,14,3
12,15,4
12,16,4
12,17,4
12,18,4
12,19,4
12,20,2
12,21,2
12,22,1
12,23,1
12,24,1
12,25,1
12,26,1
12,27,1
12,28,1
12,29,1
12,30,1
13,0,4
13,1,4
13,2,4
13,3,4
13,4,3
13,5,3
13,6,4
13,7,4
13,8,3
13,9,3
13,10,3
13,11,3
13,12,3
13,13,3
13,14,3
13,15,3
13,16,4
13,17,4
13,18,4
13,19,2
13,20,2
13,21,2
13,22,2
13,23,1
13,24,1
13,25,1
13,26,1
13,27,1
13,28,1
13,29,1
13,30,1
14,0,4
14,1,4
14,2,4
14,3,3
14,4,3
14,5,3
14,6,4
14,7,4
14,8,4
14,9,3
14,10,3
14,11,3
14,12,3
14,13,3
14,14,3
14,15,3
14,16,4
14,17,4
14,18,4
14,19,2
14,20,2
14,21,2
14,22,2
14,23,1
14,24,1
14,25,1
14,26,1
14,27,1
14,28,1
14,29,1
14,30,1
15,0,4
15,1,4
15,2,3
15,3,3
15,4,3
15,5,3
15,6,4
15,7,4
15,8,4
15,9,4
15,10,4
15,11,4
15,12,4
15,13,3
15,14,3
15,15,4
15,16,4
15,17,4
15,18,2
15,19,2
15,20,2
15,21,2
15,22,2
15,23,2
15,24,1
15,25,1
15,26,1
15,27,1
15,28,1
15,29,1
15,30,1
16,0,3
16,1,3
16,2,3
16,3,3
16,4,3
16,5,2
16,6,2
16,7,4
16,8,4
16,9,4
16,10,4
16,11,4
16,12,4
16,13,4
16,14,4
16,15,4
16,16,4
16,17,4
16,18,2
16,19,2
16,20,2
16,21,2
16,22,2
16,23,2
16,24,2
16,25,1
16,26,1
16,27,1
16,28,1
16,29,2
16,30,2
17,0,3
17,1,3
17,2,3
17,3,3
17,4,2
17,5,2
17,6,2
17,7,2
17,8,2
17,9,2
17,10,2
17,11,4
17,12,4
17,13,4
17,14,4
17,15,4
17,16,4
17,17,2
17,18,2
17,19,2
17,20,2
17,21,2
17,22,2
17,23,2
17,24,2
17,25,1
17,26,1
17,27,1
17,28,2
17,29,2
17,30,2
18,0,3
18,1,3
18,2,3
18,3,3
18,4,2
18,5,2
18,6,2
18,7,2
18,8,2
18,9,2
18,10,2
18,11,2
18,12,2
18,13,4
18,14,4
18,15,1
18,16,1
18,17,2
18,18,2
18,19,2
18,20,2
18,21,2
18,22,2
18,23,2
18,24,1
18,25,1
18,26,1
18,27,1
18,28,2
18,29,2
18,30,2
19,0,3
19,1,3
19,2,3
19,3,3
19,4,3
19,5,2
19,6,2
19,7,1
19,8,1
19,9,2
19,10,2
19,11,2
19,12,2
19,13,2
19,14,1
19,15,1
19,16,1
19,17,1
19,18,2
19,19,2
19,20,2
19,21,4
19,22,4
19,23,4
19,24,1
19,25,1
19,26,1
19,27,1
19,28,2
19,29,2
19,30,2
20,0,3
20,1,3
20,2,3
20,3,3
20,4,3
20,5,3
20,6,1
20,7,1
20,8,1
20,9,1
20,10,2
20,11,2
20,12,2
20,13,2
20,14,1
20,15,1
20,16,1
20,17,1
20,18,2
20,19,2
20,20,4
20,21,4
20,22,4
20,23,4
20,24,4
20,25,1
20,26,1
20,27,2
20,28,2
20,29,2
20,30,2
21,0,3
21,1,3
21,2,3
21,3,3
21,4,3
21,5,3
21,6,1
21,7,1
21,8,1
21,9,1
21,10,2
21,11,2
21,12,2
21,13,3
21,14,3
21,15,1
21,16,1
21,17,2
21,18,2
21,19,2
21,20,4
21,21,4
21,22,4
21,23,4
21,24,4
21,25,4
21,26,2
21,27,2
21,28,2
21,29,2
21,30,2
22,0,4
22,1,4
22,2,3
22,3,3
22,4,3
22,5,4
22,6,4
22,7,1
22,8,1
22,9,2
22,10,2
22,11,2
22,12,3
22,13,3
22,14,3
22,15,3
22,16,3
22,17,2
22,18,2
22,19,2
22,20,4
22,21,4
22,22,4
22,23,4
22,24,4
22,25,4
22,26,2
22,27,2
22,28,2
22,29,2
22,30,2
23,0,4
23,1,4
23,2,4
23,3,4
23,4,4
23,5,4
23,6,4
23,7,4
23,8,4
23,9,2
23,10,2
23,11,2
23,12,3
23,13,3
23,14,3
23,15,3
23,16,3
23,17,3
23,18,2
23,19,2
23,20,4
23,21,4
23,22,4
23,23,4
23,24,4
23,25,4
23,26,4
23,27,2
23,28,2
23,29,2
23,30,2
24,0,4
24,1,4
24,2,4
24,3,4
24,4,4
24,5,4
24,6,4
24,7,4
24,8,4
24,9,4
24,10,2
24,11,2
24,12,3
24,13,3
24,14,3
24,15,3
24,16,3
24,17,3
24,18,2
24,19,2
24,20,4
24,21,4
24,22,4
24,23,4
24,24,4
24,25,4
24,26,4
24,27,2
24,28,2
24,29,2
24,30,2
25,0,4
25,1,4
25,2,4
25,3,4
25,4,1
25,5,1
25,6,1
25,7,4
25,8,4
25,9,4
25,10,2
25,11,2
25,12,3
25,13,3
25,14,3
25,15,3
25,16,3
25,17,2
25,18,2
25,19,2
25,20,2
25,21,4
25,22,4
25,23,4
25,24,4
25,25,4
25,26,1
25,27,1
25,28,2
25,29,2
25,30,2
26,0,4
26,1,4
26,2,4
26,3,1
26,4,1
26,5,1
26,6,1
26,7,1
26,8,4
26,9,4
26,10,2
26,11,2
26,12,3
26,13,3
26,14,3
26,15,4
26,16,4
26,17,2
26,18,2
26,19,2
26,20,2
26,21,4
26,22,4
26,23,4
26,24,4
26,25,1
26,26,1
26,27,1
26,28,1
26,29,1
26,30,1
27,0,4
27,1,4
27,2,4
27,3,1
27,4,1
27,5,1
27,6,1
27,7,1
27,8,4
27,9,4
27,10,2
27,11,2
27,12,3
27,13,3
27,14,4
27,15,4
27,16,4
27,17,4
27,18,2
27,19,2
27,20,1
27,21,1
27,22,4
27,23,4
27,24,1
27,25,1
27,26,1
27,27,1
27,28,1
27,29,1
27,30,1
28,0,4
28,1,4
28,2,4
28,3,4
28,4,1
28,5,1
28,6,1
28,7,1
28,8,4
28,9,4
28,10,2
28,11,2
28,12,3
28,13,3
28,14,4
28,15,4
28,16,4
28,17,4
28,18,4
28,19,1
28,20,1
28,21,1
28,22,1
28,23,1
28,24,1
28,25,1
28,26,1
28,27,4
28,28,4
28,29,1
28,30,1
29,0,4
29,1,4
29,2,4
29,3,4
29,4,4
29,5,1
29,6,1
29,7,4
29,8,4
29,9,4
29,10,2
29,11,2
29,12,3
29,13,3
29,14,3
29,15,4
29,16,4
29,17,4
29,18,4
29,19,1
29,20,1
29,21,1
29,22,1
29,23,1
29,24,1
29,25,1
29,26,4
29,27,4
29,28,4
29,29,4
29,30,4
30,0,4
30,1,4
30,2,4
30,3,4
30,4,4
30,5,1
30,6,1
30,7,4
30,8,4
30,9,4
30,10,2
30,11,2
30,12,3
30,13,3
30,14,3
30,15,4
30,16,4
30,17,4
30,18,4
30,19,1
30,20,1
30,21,1
30,22,1
30,23,1
30,24,1
30,25,1
30,26,4
30,27,4
30,28,4
30,29,4
30,30,4