3
2
6
1
17,2
17,12
17,27
0,1,2
1,2,4
0,0,4
0,1,4
0,2,4
0,3,4
0,4,4
0,5,3
0,6,3
0,7,4
0,8,4
0,9,2
0,10,2
0,11,1
0,12,1
0,13,1
0,14,1
0,15,1
0,16,4
0,17,4
0,18,4
0,19,4
0,20,2
0,21,2
0,22,4
0,23,4
0,24,4
0,25,4
0,26,3
0,27,3
0,28,3
0,29,3
0,30,3
1,0,4
1,1,4
1,2,4
1,3,4
1,4,4
1,5,3
1,6,3
1,7,4
1,8,4
1,9,2
1,10,2
1,11,1
1,12,1
1,13,1
1,14,1
1,15,1
1,16,4
1,17,4
1,18,4
1,19,4
1,20,2
1,21,2
1,22,4
1,23,4
1,24,4
1,25,4
1,26,3
1,27,3
1,28,3
1,29,3
1,30,3
2,0,3
2,1,3
2,2,4
2,3,4
2,4,3
2,5,3
2,6,3
2,7,4
2,8,4
2,9,2
2,10,2
2,11,2
2,12,1
2,13,1
2,14,1
2,15,4
2,16,4
2,17,4
2,18,4
2,19,4
2,20,2
2,21,2
2,22,2
2,23,4
2,24,4
2,25,2
2,26,2
2,27,3
2,28,3
2,29,3
2,30,3
3,0,3
3,1,3
3,2,3
3,3,3
3,4,3
3,5,3
3,6,3
3,7,4
3,8,4
3,9,2
3,10,2
3,11,2
3,12,1
3,13,1
3,14,4
3,15,4
3,16,4
3,17,4
3,18,4
3,19,4
3,20,2
3,21,2
3,22,2
3,23,2
3,24,2
3,25,2
3,26,2
3,27,2
3,28,3
3,29,3
3,30,3
4,0,3
4,1,3
4,2,3
4,3,3
4,4,3
4,5,3
4,6,4
4,7,4
4,8,4
4,9,4
4,10,2
4,11,2
4,12,1
4,13,1
4,14,4
4,15,4
4,16,4
4,17,4
4,18,4
4,19,3
4,20,3
4,21,2
4,22,2
4,23,2
4,24,2
4,25,2
4,26,2
4,27,2
4,28,3
4,29,3
4,30,3
5,0,4
5,1,4
5,2,4
5,3,4
5,4,4
5,5,4
5,6,4
5,7,4
5,8,4
5,9,4
5,10,2
5,11,2
5,12,1
5,13,1
5,14,1
5,15,4
5,16,4
5,17,4
5,18,3
5,19,3
5,20,3
5,21,3
5,22,3
5,23,2
5,24,2
5,25,2
5,26,2
5,27,3
5,28,3
5,29,3
5,30,3
6,0,4
6,1,4
6,2,4
6,3,4
6,4,4
6,5,4
6,6,4
6,7,4
6,8,4
6,9,2
6,10,2
6,11,2
6,12,1
6,13,1
6,14,1
6,15,2
6,16,2
6,17,2
6,18,3
6,19,3
6,20,3
6,21,3
6,22,3
6,23,3
6,24,3
6,25,3
6,26,3
6,27,3
6,28,3
6,29,3
6,30,3
7,0,4
7,1,4
7,2,4
7,3,4
7,4,4
7,5,4
7,6,4
7,7,4
7,8,4
7,9,2
7,10,2
7,11,2
7,12,1
7,13,1
7,14,2
7,15,2
7,16,2
7,17,2
7,18,2
7,19,3
7,20,3
7,21,3
7,22,3
7,23,3
7,24,3
7,25,3
7,26,3
7,27,3
7,28,3
7,29,4
7,30,4
8,0,3
8,1,3
8,2,4
8,3,4
8,4,4
8,5,4
8,6,4
8,7,4
8,8,2
8,9,2
8,10,2
8,11,1
8,12,1
8,13,1
8,14,2
8,15,2
8,16,2
8,17,2
8,18,2
8,19,3
8,20,3
8,21,3
8,22,3
8,23,3
8,24,4
8,25,4
8,26,4
8,27,4
8,28,4
8,29,4
8,30,4
9,0,3
9,1,3
9,2,3
9,3,3
9,4,3
9,5,4
9,6,4
9,7,2
9,8,2
9,9,2
9,10,2
9,11,1
9,12,1
9,13,1
9,14,2
9,15,2
9,16,2
9,17,2
9,18,1
9,19,1
9,20,3
9,21,3
9,22,3
9,23,4
9,24,4
9,25,4
9,26,4
9,27,4
9,28,4
9,29,4
9,30,4
10,0,3
10,1,3
10,2,3
10,3,3
10,4,3
10,5,3
10,6,2
10,7,2
10,8,2
10,9,2
10,10,2
10,11,1
10,12,1
10,13,2
10,14,2
10,15,2
10,16,2
10,17,1
10,18,1
10,19,1
10,20,1
10,21,3
10,22,3
10,23,4
10,24,4
10,25,4
10,26,2
10,27,2
10,28,2
10,29,4
10,30,4
11,0,4
11,1,4
11,2,3
11,3,3
11,4,3
11,5,3
11,6,2
11,7,2
11,8,2
11,9,2
11,10,2
11,11,1
11,12,1
11,13,2
11,14,2
11,15,2
11,16,2
11,17,1
11,18,1
11,19,1
11,20,1
11,21,3
11,22,3
11,23,4
11,24,4
11,25,2
11,26,2
11,27,2
11,28,2
11,29,2
11,30,2
12,0,4
12,1,4
12,2,4
12,3,3
12,4,3
12,5,3
12,6,3
12,7,2
12,8,2
12,9,2
12,10,1
12,11,1
12,12,1
12,13,1
12,14,2
12,15,2
12,16,3
12,17,3
12,18,1
12,19,1
12,20,3
12,21,3
12,22,3
12,23,4
12,24,4
12,25,2
12,26,2
12,27,2
12,28,2
12,29,2
12,30,2
13,0,4
13,1,4
13,2,4
13,3,3
13,4,3
13,5,3
13,6,3
13,7,1
13,8,1
13,9,1
13,10,1
13,11,1
13,12,1
13,13,1
13,14,3
13,15,3
13,16,3
13,17,3
13,18,3
13,19,3
13,20,3
13,21,3
13,22,3
13,23,4
13,24,4
13,25,4
13,26,2
13,27,2
13,28,2
13,29,2
13,30,2
14,0,4
14,1,4
14,2,2
14,3,2
14,4,3
14,5,3
14,6,1
14,7,1
14,8,1
14,9,1
14,10,1
14,11,1
14,12,1
14,13,3
14,14,3
14,15,3
14,16,3
14,17,3
14,18,3
14,19,3
14,20,3
14,21,3
14,22,4
14,23,4
14,24,4
14,25,4
14,26,3
14,27,3
14,28,2
14,29,2
14,30,2
15,0,2
15,1,2
15,2,2
15,3,2
15,4,2
15,5,2
15,6,1
15,7,1
15,8,1
15,9,1
15,10,3
15,11,3
15,12,3
15,13,3
15,14,3
15,15,3
15,16,4
15,17,4
15,18,4
15,19,3
15,20,3
15,21,4
15,22,4
15,23,4
15,24,4
15,25,3
15,26,3
15,27,3
15,28,3
15,29,3
15,30,3
16,0,2
16,1,2
16,2,2
16,3,2
16,4,2
16,5,2
16,6,2
16,7,1
16,8,1
16,9,3
16,10,3
16,11,3
16,12,3
16,13,3
16,14,3
16,15,4
16,16,4
16,17,4
16,18,4
16,19,4
16,20,4
16,21,4
16,22,4
16,23,4
16,24,4
16,25,3
16,26,3
16,27,3
16,28,3
16,29,3
16,30,3
17,0,2
17,1,2
17,2,2
17,3,2
17,4,2
17,5,2
17,6,2
17,7,4
17,8,4
17,9,3
17,10,3
17,11,3
17,12,3
17,13,3
17,14,3
17,15,4
17,16,4
17,17,4
17,18,4
17,19,4
17,20,4
17,21,4
17,22,4
17,23,4
17,24,3
17,25,3
17,26,3
17,27,3
17,28,3
17,29,3
17,30,3
18,0,2
18,1,2
18,2,2
18,3,2
18,4,2
18,5,2
18,6,4
18,7,4
18,8,4
18,9,4
18,10,3
18,11,3
18,12,3
18,13,3
18,14,3
18,15,4
18,16,4
18,17,4
18,18,2
18,19,2
18,20,4
18,21,4
18,22,3
18,23,3
18,24,3
18,25,3
18,26,3
18,27,3
18,28,3
18,29,3
18,30,3
19,0,2
19,1,2
19,2,2
19,3,2
19,4,2
19,5,4
19,6,4
19,7,4
19,8,4
19,9,4
19,10,3
19,11,3
19,12,3
19,13,3
19,14,3
19,15,4
19,16,4
19,17,2
19,18,2
19,19,2
19,20,2
19,21,3
19,22,3
19,23,3
19,24,3
19,25,3
19,26,3
19,27,3
19,28,3
19,29,3
19,30,3
20,0,2
20,1,2
20,2,2
20,3,1
20,4,1
20,5,4
20,6,4
20,7,4
20,8,4
20,9,4
20,10,4
20,11,3
20,12,3
20,13,3
20,14,4
20,15,4
20,16,4
20,17,2
20,18,2
20,19,2
20,20,2
20,21,3
20,22,3
20,23,3
20,24,3
20,25,3
20,26,3
20,27,3
20,28,3
20,29,4
20,30,4
21,0,1
21,1,1
21,2,1
21,3,1
21,4,1
21,5,1
21,6,4
21,7,4
21,8,4
21,9,4
21,10,4
21,11,4
21,12,4
21,13,4
21,14,4
21,15,4
21,16,4
21,17,2
21,18,2
21,19,2
21,20,2
21,21,3
21,22,3
21,23,3
21,24,3
21,25,3
21,26,3
21,27,3
21,28,4
21,29,4
21,30,4
22,0,1
22,1,1
22,2,1
22,3,1
22,4,1
22,5,1
22,6,1
22,7,4
22,8,4
22,9,4
22,10,4
22,11,4
22,12,4
22,13,4
22,14,4
22,15,4
22,16,1
22,17,1
22,18,2
22,19,2
22,20,1
22,21,1
22,22,3
22,23,3
22,24,3
22,25,3
22,26,3
22,27,3
22,28,4
22,29,4
22,30,4
23,0,4
23,1,4
23,2,4
23,3,4
23,4,1
23,5,1
23,6,1
23,7,1
23,8,1
23,9,1
23,10,1
23,11,1
23,12,1
23,13,1
23,14,1
23,15,1
23,16,1
23,17,1
23,18,1
23,19,1
23,20,1
23,21,1
23,22,1
23,23,1
23,24,1
23,25,3
23,26,3
23,27,3
23,28,3
23,29,4
23,30,4
24,0,4
24,1,4
24,2,4
24,3,4
24,4,4
24,5,1
24,6,1
24,7,1
24,8,1
24,9,1
24,10,1
24,11,1
24,12,1
24,13,1
24,14,1
24,15,1
24,16,1
24,17,1
24,18,1
24,19,1
24,20,1
24,21,1
24,22,1
24,23,1
24,24,1
24,25,1
24,26,3
24,27,3
24,28,3
24,29,3
24,30,3
25,0,4
25,1,4
25,2,4
25,3,4
25,4,4
25,5,2
25,6,2
25,7,2
25,8,2
25,9,2
25,10,2
25,11,2
25,12,1
25,13,1
25,14,1
25,15,1
25,16,3
25,17,3
25,18,3
25,19,3
25,20,3
25,21,1
25,22,1
25,23,1
25,24,1
25,25,1
25,26,3
25,27,3
25,28,3
25,29,3
25,30,3
26,0,4
26,1,4
26,2,4
26,3,4
26,4,2
26,5,2
26,6,2
26,7,2
26,8,2
26,9,2
26,10,2
26,11,2
26,12,2
26,13,1
26,14,1
26,15,3
26,16,3
26,17,3
26,18,3
26,19,3
26,20,3
26,21,3
26,22,1
26,23,1
26,24,1
26,25,1
26,26,3
26,27,3
26,28,3
26,29,3
26,30,3
27,0,4
27,1,4
27,2,4
27,3,4
27,4,2
27,5,2
27,6,2
27,7,4
27,8,4
27,9,2
27,10,2
27,11,2
27,12,2
27,13,3
27,14,3
27,15,3
27,16,3
27,17,3
27,18,3
27,19,3
27,20,3
27,21,3
27,22,1
27,23,1
27,24,1
27,25,1
27,26,1
27,27,3
27,28,3
27,29,2
27,30,2
28,0,4
28,1,4
28,2,4
28,3,4
28,4,2
28,5,2
28,6,4
28,7,4
28,8,4
28,9,4
28,10,2
28,11,2
28,12,3
28,13,3
28,14,3
28,15,3
28,16,3
28,17,4
28,18,4
28,19,3
28,20,3
28,21,3
28,22,3
28,23,1
28,24,1
28,25,1
28,26,1
28,27,1
28,28,2
28,29,2
28,30,2
29,0,4
29,1,4
29,2,4
29,3,2
29,4,2
29,5,2
29,6,4
29,7,4
29,8,4
29,9,4
29,10,4
29,11,3
29,12,3
29,13,3
29,14,3
29,15,3
29,16,4
29,17,4
29,18,4
29,19,4
29,20,3
29,21,3
29,22,3
29,23,3
29,24,1
29,25,1
29,26,1
29,27,1
29,28,2
29,29,2
29,30,2
30,0,4
30,1,4
30,2,4
30,3,2
30,4,2
30,5,2
30,6,4
30,7,4
30,8,4
30,9,4
30,10,4
30,11,3
30,12,3
30,13,3
30,14,3
30,15,3
30,16,4
30,17,4
30,18,4
30,19,4
30,20,3
30,21,3
30,22,3
30,23,3
30,24,1
30,25,1
30,26,1
30,27,1
30,28,2
30,29,2
30,30,2