3
2
6
0
12,7
12,22
27,7
0,1,4
1,2,2
0,0,4
0,1,4
0,2,4
0,3,4
0,4,1
0,5,1
0,6,3
0,7,3
0,8,4
0,9,4
0,10,4
0,11,4
0,12,3
0,13,3
0,14,1
0,15,1
0,16,1
0,17,1
0,18,1
0,19,1
0,20,1
0,21,1
0,22,1
0,23,3
0,24,3
0,25,4
0,26,4
0,27,4
0,28,2
0,29,2
0,30,2
1,0,4
1,1,4
1,2,4
1,3,4
1,4,1
1,5,1
1,6,3
1,7,3
1,8,4
1,9,4
1,10,4
1,11,4
1,12,3
1,13,3
1,14,1
1,15,1
1,16,1
1,17,1
1,18,1
1,19,1
1,20,1
1,21,1
1,22,1
1,23,3
1,24,3
1,25,4
1,26,4
1,27,4
1,28,2
1,29,2
1,30,2
2,0,4
2,1,4
2,2,4
2,3,1
2,4,1
2,5,1
2,6,3
2,7,3
2,8,3
2,9,4
2,10,4
2,11,3
2,12,3
2,13,3
2,14,1
2,15,1
2,16,1
2,17,1
2,18,2
2,19,2
2,20,1
2,21,1
2,22,3
2,23,3
2,24,3
2,25,4
2,26,4
2,27,4
2,28,4
2,29,2
2,30,2
3,0,1
3,1,1
3,2,1
3,3,1
3,4,1
3,5,1
3,6,3
3,7,3
3,8,3
3,9,2
3,10,2
3,11,3
3,12,3
3,13,3
3,14,3
3,15,1
3,16,1
3,17,2
3,18,2
3,19,2
3,20,2
3,21,3
3,22,3
3,23,3
3,24,3
3,25,4
3,26,4
3,27,4
3,28,4
3,29,1
3,30,1
4,0,1
4,1,1
4,2,1
4,3,1
4,4,1
4,5,1
4,6,3
4,7,3
4,8,2
4,9,2
4,10,2
4,11,2
4,12,3
4,13,3
4,14,3
4,15,4
4,16,4
4,17,2
4,18,2
4,19,2
4,20,2
4,21,3
4,22,3
4,23,3
4,24,3
4,25,3
4,26,4
4,27,4
4,28,1
4,29,1
4,30,1
5,0,3
5,1,3
5,2,3
5,3,1
5,4,1
5,5,3
5,6,3
5,7,3
5,8,2
5,9,2
5,10,2
5,11,2
5,12,3
5,13,3
5,14,4
5,15,4
5,16,4
5,17,4
5,18,2
5,19,2
5,20,3
5,21,3
5,22,3
5,23,3
5,24,3
5,25,3
5,26,1
5,27,1
5,28,1
5,29,1
5,30,1
6,0,3
6,1,3
6,2,3
6,3,3
6,4,3
6,5,3
6,6,3
6,7,3
6,8,2
6,9,2
6,10,2
6,11,3
6,12,3
6,13,3
6,14,4
6,15,4
6,16,4
6,17,4
6,18,1
6,19,1
6,20,3
6,21,3
6,22,3
6,23,3
6,24,3
6,25,1
6,26,1
6,27,1
6,28,1
6,29,1
6,30,1
7,0,3
7,1,3
7,2,3
7,3,3
7,4,3
7,5,3
7,6,3
7,7,2
7,8,2
7,9,2
7,10,3
7,11,3
7,12,3
7,13,3
7,14,4
7,15,4
7,16,4
7,17,1
7,18,1
7,19,1
7,20,1
7,21,3
7,22,3
7,23,3
7,24,3
7,25,1
7,26,1
7,27,1
7,28,4
7,29,4
7,30,4
8,0,2
8,1,2
8,2,2
8,3,2
8,4,2
8,5,2
8,6,2
8,7,2
8,8,2
8,9,2
8,10,3
8,11,3
8,12,3
8,13,4
8,14,4
8,15,4
8,16,4
8,17,1
8,18,1
8,19,1
8,20,1
8,21,3
8,22,3
8,23,3
8,24,3
8,25,1
8,26,1
8,27,4
8,28,4
8,29,4
8,30,4
9,0,2
9,1,2
9,2,2
9,3,2
9,4,2
9,5,2
9,6,2
9,7,2
9,8,2
9,9,3
9,10,3
9,11,3
9,12,4
9,13,4
9,14,4
9,15,4
9,16,3
9,17,3
9,18,1
9,19,1
9,20,1
9,21,1
9,22,3
9,23,3
9,24,1
9,25,1
9,26,1
9,27,4
9,28,4
9,29,4
9,30,4
10,0,3
10,1,3
10,2,3
10,3,3
10,4,3
10,5,3
10,6,3
10,7,3
10,8,3
10,9,3
10,10,3
10,11,3
10,12,4
10,13,4
10,14,4
10,15,3
10,16,3
10,17,3
10,18,3
10,19,1
10,20,1
10,21,1
10,22,1
10,23,1
10,24,1
10,25,1
10,26,1
10,27,4
10,28,4
10,29,4
10,30,4
11,0,3
11,1,3
11,2,3
11,3,3
11,4,3
11,5,3
11,6,3
11,7,3
11,8,3
11,9,3
11,10,3
11,11,4
11,12,4
11,13,4
11,14,4
11,15,3
11,16,3
11,17,3
11,18,3
11,19,1
11,20,1
11,21,1
11,22,1
11,23,1
11,24,1
11,25,1
11,26,4
11,27,4
11,28,4
11,29,4
11,30,4
12,0,1
12,1,1
12,2,3
12,3,3
12,4,3
12,5,3
12,6,3
12,7,3
12,8,3
12,9,3
12,10,4
12,11,4
12,12,4
12,13,4
12,14,4
12,15,3
12,16,3
12,17,3
12,18,3
12,19,1
12,20,1
12,21,1
12,22,1
12,23,1
12,24,1
12,25,4
12,26,4
12,27,4
12,28,4
12,29,4
12,30,4
13,0,1
13,1,1
13,2,1
13,3,3
13,4,3
13,5,3
13,6,3
13,7,3
13,8,3
13,9,3
13,10,4
13,11,4
13,12,4
13,13,4
13,14,4
13,15,3
13,16,3
13,17,3
13,18,3
13,19,1
13,20,1
13,21,1
13,22,1
13,23,1
13,24,1
13,25,4
13,26,4
13,27,4
13,28,4
13,29,4
13,30,4
14,0,1
14,1,1
14,2,1
14,3,3
14,4,3
14,5,3
14,6,3
14,7,3
14,8,3
14,9,3
14,10,4
14,11,4
14,12,4
14,13,4
14,14,1
14,15,1
14,16,3
14,17,3
14,18,1
14,19,1
14,20,1
14,21,1
14,22,1
14,23,1
14,24,1
14,25,4
14,26,4
14,27,4
14,28,4
14,29,4
14,30,4
15,0,1
15,1,1
15,2,3
15,3,3
15,4,3
15,5,3
15,6,3
15,7,3
15,8,3
15,9,3
15,10,3
15,11,4
15,12,4
15,13,1
15,14,1
15,15,1
15,16,1
15,17,1
15,18,1
15,19,1
15,20,1
15,21,1
15,22,1
15,23,1
15,24,1
15,25,4
15,26,4
15,27,4
15,28,4
15,29,4
15,30,4
16,0,3
16,1,3
16,2,3
16,3,3
16,4,3
16,5,3
16,6,3
16,7,3
16,8,3
16,9,3
16,10,3
16,11,1
16,12,1
16,13,1
16,14,1
16,15,1
16,16,1
16,17,1
16,18,1
16,19,1
16,20,1
16,21,1
16,22,1
16,23,1
16,24,1
16,25,1
16,26,4
16,27,4
16,28,4
16,29,4
16,30,4
17,0,3
17,1,3
17,2,3
17,3,3
17,4,2
17,5,2
17,6,3
17,7,3
17,8,3
17,9,3
17,10,1
17,11,1
17,12,1
17,13,1
17,14,1
17,15,1
17,16,1
17,17,1
17,18,3
17,19,3
17,20,3
17,21,3
17,22,1
17,23,1
17,24,1
17,25,1
17,26,2
17,27,2
17,28,4
17,29,4
17,30,4
18,0,3
18,1,3
18,2,3
18,3,2
18,4,2
18,5,2
18,6,2
18,7,3
18,8,3
18,9,3
18,10,1
18,11,1
18,12,1
18,13,1
18,14,1
18,15,3
18,16,3
18,17,3
18,18,3
18,19,3
18,20,3
18,21,3
18,22,3
18,23,1
18,24,1
18,25,2
18,26,2
18,27,2
18,28,2
18,29,4
18,30,4
19,0,2
19,1,2
19,2,2
19,3,2
19,4,2
19,5,2
19,6,2
19,7,3
19,8,3
19,9,1
19,10,1
19,11,1
19,12,1
19,13,1
19,14,3
19,15,3
19,16,3
19,17,3
19,18,3
19,19,3
19,20,3
19,21,3
19,22,3
19,23,4
19,24,4
19,25,2
19,26,2
19,27,2
19,28,2
19,29,4
19,30,4
20,0,2
20,1,2
20,2,2
20,3,2
20,4,2
20,5,2
20,6,3
20,7,3
20,8,3
20,9,1
20,10,1
20,11,1
20,12,1
20,13,1
20,14,3
20,15,3
20,16,3
20,17,3
20,18,2
20,19,2
20,20,3
20,21,3
20,22,4
20,23,4
20,24,4
20,25,4
20,26,2
20,27,2
20,28,4
20,29,4
20,30,4
21,0,1
21,1,1
21,2,1
21,3,1
21,4,1
21,5,1
21,6,3
21,7,3
21,8,3
21,9,1
21,10,1
21,11,1
21,12,1
21,13,1
21,14,1
21,15,3
21,16,3
21,17,2
21,18,2
21,19,2
21,20,2
21,21,4
21,22,4
21,23,4
21,24,4
21,25,4
21,26,1
21,27,1
21,28,4
21,29,4
21,30,4
22,0,1
22,1,1
22,2,1
22,3,1
22,4,1
22,5,1
22,6,1
22,7,3
22,8,3
22,9,3
22,10,1
22,11,1
22,12,1
22,13,1
22,14,1
22,15,1
22,16,2
22,17,2
22,18,2
22,19,2
22,20,2
22,21,4
22,22,4
22,23,4
22,24,4
22,25,1
22,26,1
22,27,1
22,28,1
22,29,4
22,30,4
23,0,1
23,1,1
23,2,1
23,3,1
23,4,1
23,5,1
23,6,1
23,7,3
23,8,3
23,9,3
23,10,3
23,11,3
23,12,3
23,13,1
23,14,1
23,15,1
23,16,2
23,17,2
23,18,2
23,19,2
23,20,2
23,21,2
23,22,4
23,23,4
23,24,4
23,25,1
23,26,1
23,27,1
23,28,1
23,29,4
23,30,4
24,0,3
24,1,3
24,2,3
24,3,3
24,4,1
24,5,1
24,6,4
24,7,4
24,8,3
24,9,3
24,10,3
24,11,3
24,12,3
24,13,3
24,14,1
24,15,1
24,16,1
24,17,2
24,18,2
24,19,2
24,20,2
24,21,2
24,22,4
24,23,4
24,24,4
24,25,1
24,26,1
24,27,1
24,28,4
24,29,4
24,30,4
25,0,3
25,1,3
25,2,3
25,3,3
25,4,3
25,5,4
25,6,4
25,7,4
25,8,4
25,9,4
25,10,4
25,11,3
25,12,3
25,13,3
25,14,1
25,15,1
25,16,1
25,17,1
25,18,2
25,19,2
25,20,2
25,21,2
25,22,4
25,23,4
25,24,4
25,25,4
25,26,1
25,27,1
25,28,4
25,29,4
25,30,4
26,0,3
26,1,3
26,2,3
26,3,3
26,4,3
26,5,4
26,6,4
26,7,4
26,8,4
26,9,4
26,10,4
26,11,4
26,12,3
26,13,3
26,14,1
26,15,1
26,16,1
26,17,1
26,18,1
26,19,2
26,20,2
26,21,2
26,22,4
26,23,4
26,24,4
26,25,4
26,26,1
26,27,1
26,28,1
26,29,4
26,30,4
27,0,1
27,1,1
27,2,3
27,3,3
27,4,3
27,5,4
27,6,4
27,7,4
27,8,4
27,9,4
27,10,4
27,11,4
27,12,3
27,13,3
27,14,3
27,15,1
27,16,1
27,17,1
27,18,1
27,19,1
27,20,2
27,21,2
27,22,4
27,23,4
27,24,4
27,25,4
27,26,1
27,27,1
27,28,1
27,29,1
27,30,1
28,0,1
28,1,1
28,2,1
28,3,3
28,4,3
28,5,4
28,6,4
28,7,4
28,8,4
28,9,4
28,10,4
28,11,4
28,12,3
28,13,3
28,14,3
28,15,1
28,16,1
28,17,1
28,18,1
28,19,1
28,20,2
28,21,2
28,22,4
28,23,4
28,24,4
28,25,4
28,26,1
28,27,1
28,28,1
28,29,1
28,30,1
29,0,1
29,1,1
29,2,1
29,3,3
29,4,3
29,5,4
29,6,4
29,7,4
29,8,4
29,9,4
29,10,4
29,11,4
29,12,4
29,13,3
29,14,3
29,15,3
29,16,1
29,17,1
29,18,1
29,19,1
29,20,2
29,21,2
29,22,4
29,23,4
29,24,4
29,25,4
29,26,4
29,27,1
29,28,1
29,29,1
29,30,1
30,0,1
30,1,1
30,2,1
30,3,3
30,4,3
30,5,4
30,6,4
30,7,4
30,8,4
30,9,4
30,10,4
30,11,4
30,12,4
30,13,3
30,14,3
30,15,3
30,16,1
30,17,1
30,18,1
30,19,1
30,20,2
30,21,2
30,22,4
30,23,4
30,24,4
30,25,4
30,26,4
30,27,1
30,28,1
30,29,1
30,30,1