3
2
4
1
7,27
22,2
22,27
1,2,2
0,2,2
0,0,4
0,1,4
0,2,4
0,3,4
0,4,3
0,5,3
0,6,3
0,7,3
0,8,3
0,9,3
0,10,2
0,11,2
0,12,2
0,13,2
0,14,1
0,15,1
0,16,1
0,17,1
0,18,3
0,19,3
0,20,4
0,21,4
0,22,2
0,23,2
0,24,2
0,25,1
0,26,1
0,27,1
0,28,1
0,29,1
0,30,1
1,0,4
1,1,4
1,2,4
1,3,4
1,4,3
1,5,3
1,6,3
1,7,3
1,8,3
1,9,3
1,10,2
1,11,2
1,12,2
1,13,2
1,14,1
1,15,1
1,16,1
1,17,1
1,18,3
1,19,3
1,20,4
1,21,4
1,22,2
1,23,2
1,24,2
1,25,1
1,26,1
1,27,1
1,28,1
1,29,1
1,30,1
2,0,4
2,1,4
2,2,4
2,3,4
2,4,3
2,5,3
2,6,3
2,7,3
2,8,3
2,9,2
2,10,2
2,11,2
2,12,2
2,13,2
2,14,1
2,15,1
2,16,1
2,17,1
2,18,3
2,19,3
2,20,4
2,21,4
2,22,2
2,23,2
2,24,2
2,25,1
2,26,1
2,27,1
2,28,1
2,29,3
2,30,3
3,0,4
3,1,4
3,2,4
3,3,2
3,4,2
3,5,3
3,6,3
3,7,1
3,8,1
3,9,2
3,10,2
3,11,2
3,12,2
3,13,2
3,14,2
3,15,1
3,16,1
3,17,3
3,18,3
3,19,3
3,20,4
3,21,4
3,22,4
3,23,2
3,24,2
3,25,2
3,26,1
3,27,1
3,28,3
3,29,3
3,30,3
4,0,2
4,1,2
4,2,2
4,3,2
4,4,2
4,5,2
4,6,1
4,7,1
4,8,1
4,9,1
4,10,2
4,11,2
4,12,2
4,13,2
4,14,2
4,15,2
4,16,3
4,17,3
4,18,3
4,19,3
4,20,4
4,21,4
4,22,4
4,23,2
4,24,2
4,25,2
4,26,3
4,27,3
4,28,3
4,29,3
4,30,3
5,0,2
5,1,2
5,2,2
5,3,2
5,4,2
5,5,2
5,6,1
5,7,1
5,8,1
5,9,1
5,10,1
5,11,2
5,12,2
5,13,2
5,14,2
5,15,2
5,16,3
5,17,3
5,18,3
5,19,3
5,20,4
5,21,4
5,22,4
5,23,2
5,24,2
5,25,3
5,26,3
5,27,3
5,28,3
5,29,3
5,30,3
6,0,4
6,1,4
6,2,4
6,3,2
6,4,2
6,5,1
6,6,1
6,7,1
6,8,1
6,9,1
6,10,1
6,11,1
6,12,2
6,13,2
6,14,2
6,15,4
6,16,4
6,17,3
6,18,3
6,19,4
6,20,4
6,21,4
6,22,2
6,23,2
6,24,2
6,25,3
6,26,3
6,27,3
6,28,3
6,29,3
6,30,3
7,0,4
7,1,4
7,2,4
7,3,4
7,4,4
7,5,1
7,6,1
7,7,1
7,8,1
7,9,1
7,10,1
7,11,1
7,12,4
7,13,4
7,14,4
7,15,4
7,16,4
7,17,4
7,18,4
7,19,4
7,20,4
7,21,4
7,22,2
7,23,2
7,24,2
7,25,3
7,26,3
7,27,3
7,28,3
7,29,3
7,30,3
8,0,4
8,1,4
8,2,4
8,3,4
8,4,4
8,5,4
8,6,1
8,7,1
8,8,1
8,9,1
8,10,1
8,11,4
8,12,4
8,13,4
8,14,4
8,15,4
8,16,4
8,17,4
8,18,4
8,19,4
8,20,4
8,21,2
8,22,2
8,23,2
8,24,3
8,25,3
8,26,3
8,27,3
8,28,3
8,29,3
8,30,3
9,0,4
9,1,4
9,2,4
9,3,4
9,4,4
9,5,4
9,6,2
9,7,2
9,8,1
9,9,1
9,10,4
9,11,4
9,12,4
9,13,4
9,14,2
9,15,2
9,16,4
9,17,4
9,18,4
9,19,4
9,20,2
9,21,2
9,22,2
9,23,2
9,24,3
9,25,3
9,26,3
9,27,3
9,28,3
9,29,3
9,30,3
10,0,4
10,1,4
10,2,4
10,3,4
10,4,4
10,5,2
10,6,2
10,7,2
10,8,2
10,9,4
10,10,4
10,11,4
10,12,4
10,13,2
10,14,2
10,15,2
10,16,2
10,17,4
10,18,4
10,19,2
10,20,2
10,21,2
10,22,2
10,23,1
10,24,1
10,25,3
10,26,3
10,27,4
10,28,4
10,29,4
10,30,4
11,0,4
11,1,4
11,2,4
11,3,4
11,4,2
11,5,2
11,6,2
11,7,2
11,8,2
11,9,4
11,10,4
11,11,4
11,12,2
11,13,2
11,14,2
11,15,2
11,16,2
11,17,1
11,18,1
11,19,2
11,20,2
11,21,2
11,22,1
11,23,1
11,24,1
11,25,1
11,26,4
11,27,4
11,28,4
11,29,4
11,30,4
12,0,4
12,1,4
12,2,1
12,3,1
12,4,2
12,5,2
12,6,2
12,7,2
12,8,2
12,9,4
12,10,4
12,11,4
12,12,2
12,13,2
12,14,2
12,15,2
12,16,1
12,17,1
12,18,1
12,19,1
12,20,2
12,21,2
12,22,1
12,23,1
12,24,1
12,25,1
12,26,4
12,27,4
12,28,4
12,29,4
12,30,4
13,0,1
13,1,1
13,2,1
13,3,1
13,4,1
13,5,2
13,6,2
13,7,2
13,8,2
13,9,2
13,10,4
13,11,4
13,12,4
13,13,2
13,14,2
13,15,2
13,16,1
13,17,1
13,18,1
13,19,1
13,20,2
13,21,2
13,22,1
13,23,1
13,24,1
13,25,3
13,26,3
13,27,4
13,28,4
13,29,3
13,30,3
14,0,1
14,1,1
14,2,1
14,3,1
14,4,1
14,5,3
14,6,3
14,7,2
14,8,2
14,9,2
14,10,4
14,11,4
14,12,4
14,13,4
14,14,2
14,15,2
14,16,1
14,17,1
14,18,1
14,19,1
14,20,2
14,21,2
14,22,1
14,23,1
14,24,3
14,25,3
14,26,3
14,27,3
14,28,3
14,29,3
14,30,3
15,0,4
15,1,4
15,2,1
15,3,1
15,4,3
15,5,3
15,6,3
15,7,3
15,8,2
15,9,2
15,10,4
15,11,4
15,12,4
15,13,4
15,14,2
15,15,2
15,16,2
15,17,1
15,18,1
15,19,2
15,20,2
15,21,2
15,22,1
15,23,1
15,24,3
15,25,3
15,26,3
15,27,3
15,28,3
15,29,3
15,30,3
16,0,4
16,1,4
16,2,4
16,3,3
16,4,3
16,5,3
16,6,3
16,7,3
16,8,2
16,9,2
16,10,2
16,11,4
16,12,4
16,13,2
16,14,2
16,15,2
16,16,2
16,17,3
16,18,3
16,19,2
16,20,2
16,21,2
16,22,1
16,23,1
16,24,1
16,25,3
16,26,3
16,27,4
16,28,4
16,29,4
16,30,4
17,0,4
17,1,4
17,2,4
17,3,3
17,4,3
17,5,3
17,6,3
17,7,3
17,8,2
17,9,2
17,10,2
17,11,2
17,12,2
17,13,2
17,14,2
17,15,2
17,16,3
17,17,3
17,18,3
17,19,3
17,20,2
17,21,2
17,22,1
17,23,1
17,24,1
17,25,1
17,26,4
17,27,4
17,28,4
17,29,4
17,30,4
18,0,4
18,1,4
18,2,4
18,3,3
18,4,3
18,5,3
18,6,3
18,7,1
18,8,1
18,9,2
18,10,2
18,11,2
18,12,2
18,13,2
18,14,2
18,15,2
18,16,3
18,17,3
18,18,3
18,19,3
18,20,2
18,21,2
18,22,2
18,23,1
18,24,1
18,25,1
18,26,4
18,27,4
18,28,4
18,29,4
18,30,4
19,0,4
19,1,4
19,2,1
19,3,1
19,4,3
19,5,3
19,6,1
19,7,1
19,8,1
19,9,1
19,10,2
19,11,2
19,12,2
19,13,2
19,14,2
19,15,1
19,16,1
19,17,3
19,18,3
19,19,2
19,20,2
19,21,2
19,22,2
19,23,1
19,24,1
19,25,1
19,26,1
19,27,4
19,28,4
19,29,1
19,30,1
20,0,1
20,1,1
20,2,1
20,3,1
20,4,1
20,5,1
20,6,1
20,7,1
20,8,1
20,9,1
20,10,2
20,11,2
20,12,2
20,13,2
20,14,1
20,15,1
20,16,1
20,17,1
20,18,2
20,19,2
20,20,2
20,21,2
20,22,4
20,23,4
20,24,1
20,25,1
20,26,1
20,27,1
20,28,1
20,29,1
20,30,1
21,0,1
21,1,1
21,2,1
21,3,1
21,4,1
21,5,1
21,6,1
21,7,1
21,8,1
21,9,1
21,10,2
21,11,2
21,12,2
21,13,2
21,14,1
21,15,1
21,16,1
21,17,1
21,18,2
21,19,2
21,20,2
21,21,4
21,22,4
21,23,4
21,24,4
21,25,1
21,26,1
21,27,1
21,28,1
21,29,1
21,30,1
22,0,1
22,1,1
22,2,1
22,3,1
22,4,1
22,5,1
22,6,1
22,7,1
22,8,1
22,9,1
22,10,1
22,11,2
22,12,2
22,13,4
22,14,4
22,15,1
22,16,1
22,17,2
22,18,2
22,19,2
22,20,2
22,21,4
22,22,4
22,23,4
22,24,4
22,25,1
22,26,1
22,27,1
22,28,1
22,29,1
22,30,1
23,0,1
23,1,1
23,2,1
23,3,1
23,4,1
23,5,1
23,6,1
23,7,1
23,8,1
23,9,1
23,10,1
23,11,1
23,12,4
23,13,4
23,14,4
23,15,4
23,16,4
23,17,2
23,18,2
23,19,2
23,20,2
23,21,4
23,22,4
23,23,4
23,24,1
23,25,1
23,26,1
23,27,1
23,28,1
23,29,1
23,30,1
24,0,1
24,1,1
24,2,1
24,3,1
24,4,1
24,5,1
24,6,1
24,7,1
24,8,1
24,9,1
24,10,1
24,11,1
24,12,4
24,13,4
24,14,4
24,15,4
24,16,4
24,17,4
24,18,2
24,19,2
24,20,4
24,21,4
24,22,4
24,23,1
24,24,1
24,25,1
24,26,1
24,27,1
24,28,1
24,29,1
24,30,1
25,0,4
25,1,4
25,2,4
25,3,1
25,4,1
25,5,1
25,6,1
25,7,2
25,8,2
25,9,1
25,10,1
25,11,1
25,12,4
25,13,4
25,14,4
25,15,4
25,16,4
25,17,4
25,18,1
25,19,1
25,20,4
25,21,4
25,22,4
25,23,1
25,24,1
25,25,1
25,26,1
25,27,1
25,28,1
25,29,2
25,30,2
26,0,4
26,1,4
26,2,4
26,3,4
26,4,1
26,5,1
26,6,2
26,7,2
26,8,2
26,9,2
26,10,1
26,11,1
26,12,1
26,13,4
26,14,4
26,15,4
26,16,4
26,17,1
26,18,1
26,19,1
26,20,1
26,21,4
26,22,4
26,23,4
26,24,1
26,25,1
26,26,2
26,27,2
26,28,2
26,29,2
26,30,2
27,0,4
27,1,4
27,2,4
27,3,4
27,4,3
27,5,3
27,6,2
27,7,2
27,8,2
27,9,2
27,10,1
27,11,1
27,12,1
27,13,1
27,14,1
27,15,1
27,16,1
27,17,1
27,18,1
27,19,1
27,20,1
27,21,4
27,22,4
27,23,4
27,24,4
27,25,2
27,26,2
27,27,2
27,28,2
27,29,2
27,30,2
28,0,4
28,1,4
28,2,4
28,3,3
28,4,3
28,5,3
28,6,3
28,7,2
28,8,2
28,9,2
28,10,2
28,11,1
28,12,1
28,13,1
28,14,1
28,15,1
28,16,1
28,17,1
28,18,1
28,19,1
28,20,2
28,21,2
28,22,4
28,23,4
28,24,4
28,25,2
28,26,2
28,27,2
28,28,4
28,29,4
28,30,4
29,0,4
29,1,4
29,2,3
29,3,3
29,4,3
29,5,3
29,6,3
29,7,3
29,8,2
29,9,2
29,10,2
29,11,2
29,12,2
29,13,2
29,14,2
29,15,2
29,16,2
29,17,2
29,18,2
29,19,2
29,20,2
29,21,2
29,22,2
29,23,4
29,24,4
29,25,2
29,26,2
29,27,4
29,28,4
29,29,4
29,30,4
30,0,4
30,1,4
30,2,3
30,3,3
30,4,3
30,5,3
30,6,3
30,7,3
30,8,2
30,9,2
30,10,2
30,11,2
30,12,2
30,13,2
30,14,2
30,15,2
30,16,2
30,17,2
30,18,2
30,19,2
30,20,2
30,21,2
30,22,2
30,23,4
30,24,4
30,25,2
30,26,2
30,27,4
30,28,4
30,29,4
30,30,4