3
2
5
0
2,17
17,27
27,17
0,2,3
1,2,2
0,0,4
0,1,4
0,2,4
0,3,4
0,4,4
0,5,4
0,6,4
0,7,4
0,8,4
0,9,4
0,10,4
0,11,4
0,12,4
0,13,4
0,14,3
0,15,3
0,16,3
0,17,3
0,18,3
0,19,3
0,20,4
0,21,4
0,22,4
0,23,4
0,24,4
0,25,4
0,26,1
0,27,1
0,28,1
0,29,4
0,30,4
1,0,4
1,1,4
1,2,4
1,3,4
1,4,4
1,5,4
1,6,4
1,7,4
1,8,4
1,9,4
1,10,4
1,11,4
1,12,4
1,13,4
1,14,3
1,15,3
1,16,3
1,17,3
1,18,3
1,19,3
1,20,4
1,21,4
1,22,4
1,23,4
1,24,4
1,25,4
1,26,1
1,27,1
1,28,1
1,29,4
1,30,4
2,0,4
2,1,4
2,2,4
2,3,1
2,4,1
2,5,4
2,6,4
2,7,3
2,8,3
2,9,4
2,10,4
2,11,4
2,12,4
2,13,3
2,14,3
2,15,3
2,16,3
2,17,3
2,18,3
2,19,3
2,20,4
2,21,4
2,22,4
2,23,4
2,24,4
2,25,1
2,26,1
2,27,1
2,28,1
2,29,4
2,30,4
3,0,4
3,1,4
3,2,1
3,3,1
3,4,1
3,5,1
3,6,3
3,7,3
3,8,3
3,9,3
3,10,4
3,11,4
3,12,3
3,13,3
3,14,3
3,15,3
3,16,3
3,17,3
3,18,3
3,19,3
3,20,3
3,21,4
3,22,4
3,23,2
3,24,2
3,25,1
3,26,1
3,27,1
3,28,1
3,29,4
3,30,4
4,0,4
4,1,4
4,2,1
4,3,1
4,4,1
4,5,1
4,6,3
4,7,3
4,8,3
4,9,3
4,10,1
4,11,1
4,12,3
4,13,3
4,14,3
4,15,3
4,16,3
4,17,3
4,18,3
4,19,3
4,20,3
4,21,2
4,22,2
4,23,2
4,24,2
4,25,2
4,26,1
4,27,1
4,28,4
4,29,4
4,30,4
5,0,4
5,1,4
5,2,4
5,3,1
5,4,1
5,5,3
5,6,3
5,7,3
5,8,3
5,9,1
5,10,1
5,11,1
5,12,1
5,13,3
5,14,3
5,15,3
5,16,4
5,17,4
5,18,3
5,19,3
5,20,2
5,21,2
5,22,2
5,23,2
5,24,2
5,25,2
5,26,1
5,27,1
5,28,4
5,29,4
5,30,4
6,0,4
6,1,4
6,2,4
6,3,3
6,4,3
6,5,3
6,6,3
6,7,3
6,8,3
6,9,1
6,10,1
6,11,1
6,12,1
6,13,4
6,14,4
6,15,4
6,16,4
6,17,4
6,18,4
6,19,2
6,20,2
6,21,2
6,22,2
6,23,2
6,24,2
6,25,1
6,26,1
6,27,1
6,28,4
6,29,4
6,30,4
7,0,4
7,1,4
7,2,3
7,3,3
7,4,3
7,5,3
7,6,3
7,7,3
7,8,2
7,9,2
7,10,1
7,11,1
7,12,4
7,13,4
7,14,4
7,15,4
7,16,4
7,17,4
7,18,4
7,19,2
7,20,2
7,21,2
7,22,2
7,23,1
7,24,1
7,25,1
7,26,1
7,27,1
7,28,1
7,29,4
7,30,4
8,0,4
8,1,4
8,2,3
8,3,3
8,4,3
8,5,3
8,6,3
8,7,2
8,8,2
8,9,2
8,10,2
8,11,4
8,12,4
8,13,4
8,14,4
8,15,4
8,16,4
8,17,4
8,18,2
8,19,2
8,20,2
8,21,2
8,22,1
8,23,1
8,24,1
8,25,1
8,26,1
8,27,1
8,28,1
8,29,2
8,30,2
9,0,4
9,1,4
9,2,3
9,3,3
9,4,3
9,5,3
9,6,3
9,7,2
9,8,2
9,9,2
9,10,2
9,11,4
9,12,4
9,13,4
9,14,4
9,15,4
9,16,4
9,17,4
9,18,2
9,19,2
9,20,2
9,21,2
9,22,1
9,23,1
9,24,1
9,25,1
9,26,1
9,27,1
9,28,2
9,29,2
9,30,2
10,0,4
10,1,4
10,2,3
10,3,3
10,4,3
10,5,3
10,6,3
10,7,2
10,8,2
10,9,2
10,10,2
10,11,4
10,12,4
10,13,4
10,14,4
10,15,4
10,16,4
10,17,4
10,18,4
10,19,2
10,20,2
10,21,1
10,22,1
10,23,1
10,24,1
10,25,1
10,26,2
10,27,2
10,28,2
10,29,2
10,30,2
11,0,4
11,1,4
11,2,4
11,3,3
11,4,3
11,5,3
11,6,1
11,7,1
11,8,2
11,9,2
11,10,1
11,11,1
11,12,4
11,13,4
11,14,4
11,15,4
11,16,4
11,17,4
11,18,4
11,19,1
11,20,1
11,21,1
11,22,1
11,23,1
11,24,1
11,25,2
11,26,2
11,27,2
11,28,2
11,29,2
11,30,2
12,0,4
12,1,4
12,2,4
12,3,1
12,4,1
12,5,1
12,6,1
12,7,1
12,8,1
12,9,1
12,10,1
12,11,1
12,12,1
12,13,4
12,14,4
12,15,4
12,16,4
12,17,4
12,18,1
12,19,1
12,20,1
12,21,1
12,22,1
12,23,1
12,24,1
12,25,2
12,26,2
12,27,2
12,28,2
12,29,2
12,30,2
13,0,4
13,1,4
13,2,1
13,3,1
13,4,1
13,5,1
13,6,1
13,7,1
13,8,1
13,9,1
13,10,1
13,11,1
13,12,1
13,13,1
13,14,4
13,15,4
13,16,3
13,17,3
13,18,1
13,19,1
13,20,1
13,21,1
13,22,1
13,23,1
13,24,2
13,25,2
13,26,2
13,27,2
13,28,2
13,29,2
13,30,2
14,0,4
14,1,4
14,2,1
14,3,1
14,4,1
14,5,3
14,6,3
14,7,1
14,8,1
14,9,4
14,10,4
14,11,1
14,12,1
14,13,1
14,14,1
14,15,3
14,16,3
14,17,3
14,18,3
14,19,1
14,20,1
14,21,1
14,22,1
14,23,1
14,24,2
14,25,2
14,26,2
14,27,2
14,28,2
14,29,2
14,30,2
15,0,4
15,1,4
15,2,1
15,3,1
15,4,3
15,5,3
15,6,3
15,7,3
15,8,4
15,9,4
15,10,4
15,11,4
15,12,1
15,13,1
15,14,1
15,15,3
15,16,3
15,17,3
15,18,3
15,19,1
15,20,1
15,21,1
15,22,1
15,23,2
15,24,2
15,25,2
15,26,2
15,27,2
15,28,2
15,29,2
15,30,2
16,0,4
16,1,4
16,2,1
16,3,1
16,4,3
16,5,3
16,6,3
16,7,3
16,8,4
16,9,4
16,10,4
16,11,4
16,12,4
16,13,1
16,14,1
16,15,1
16,16,3
16,17,3
16,18,1
16,19,1
16,20,1
16,21,1
16,22,2
16,23,2
16,24,2
16,25,2
16,26,2
16,27,2
16,28,2
16,29,2
16,30,2
17,0,4
17,1,4
17,2,1
17,3,1
17,4,3
17,5,3
17,6,3
17,7,3
17,8,4
17,9,4
17,10,4
17,11,4
17,12,4
17,13,1
17,14,1
17,15,1
17,16,1
17,17,1
17,18,1
17,19,1
17,20,1
17,21,1
17,22,2
17,23,2
17,24,2
17,25,2
17,26,2
17,27,2
17,28,2
17,29,2
17,30,2
18,0,4
18,1,4
18,2,1
18,3,1
18,4,1
18,5,3
18,6,3
18,7,4
18,8,4
18,9,4
18,10,4
18,11,4
18,12,4
18,13,1
18,14,1
18,15,1
18,16,1
18,17,1
18,18,1
18,19,1
18,20,1
18,21,3
18,22,3
18,23,2
18,24,2
18,25,2
18,26,2
18,27,2
18,28,2
18,29,2
18,30,2
19,0,4
19,1,4
19,2,1
19,3,1
19,4,1
19,5,2
19,6,2
19,7,4
19,8,4
19,9,4
19,10,4
19,11,4
19,12,3
19,13,3
19,14,1
19,15,1
19,16,1
19,17,3
19,18,3
19,19,3
19,20,3
19,21,3
19,22,3
19,23,3
19,24,2
19,25,2
19,26,2
19,27,2
19,28,2
19,29,2
19,30,2
20,0,4
20,1,4
20,2,1
20,3,1
20,4,2
20,5,2
20,6,2
20,7,2
20,8,4
20,9,4
20,10,4
20,11,3
20,12,3
20,13,3
20,14,3
20,15,3
20,16,3
20,17,3
20,18,3
20,19,3
20,20,3
20,21,3
20,22,3
20,23,3
20,24,4
20,25,4
20,26,4
20,27,4
20,28,4
20,29,4
20,30,4
21,0,4
21,1,4
21,2,1
21,3,1
21,4,2
21,5,2
21,6,2
21,7,2
21,8,3
21,9,3
21,10,3
21,11,3
21,12,3
21,13,3
21,14,3
21,15,3
21,16,3
21,17,3
21,18,3
21,19,1
21,20,1
21,21,3
21,22,3
21,23,4
21,24,4
21,25,4
21,26,4
21,27,4
21,28,4
21,29,4
21,30,4
22,0,4
22,1,4
22,2,1
22,3,1
22,4,1
22,5,2
22,6,2
22,7,3
22,8,3
22,9,3
22,10,3
22,11,3
22,12,3
22,13,3
22,14,3
22,15,3
22,16,3
22,17,3
22,18,1
22,19,1
22,20,1
22,21,1
22,22,1
22,23,4
22,24,4
22,25,4
22,26,4
22,27,4
22,28,4
22,29,4
22,30,4
23,0,4
23,1,4
23,2,1
23,3,1
23,4,1
23,5,1
23,6,3
23,7,3
23,8,3
23,9,3
23,10,3
23,11,3
23,12,1
23,13,1
23,14,1
23,15,1
23,16,1
23,17,1
23,18,1
23,19,1
23,20,1
23,21,1
23,22,1
23,23,1
23,24,4
23,25,4
23,26,3
23,27,3
23,28,4
23,29,4
23,30,4
24,0,4
24,1,4
24,2,4
24,3,1
24,4,1
24,5,1
24,6,3
24,7,3
24,8,3
24,9,3
24,10,1
24,11,1
24,12,1
24,13,1
24,14,1
24,15,1
24,16,1
24,17,1
24,18,1
24,19,1
24,20,1
24,21,1
24,22,1
24,23,1
24,24,3
24,25,3
24,26,3
24,27,3
24,28,3
24,29,4
24,30,4
25,0,4
25,1,4
25,2,4
25,3,1
25,4,1
25,5,1
25,6,1
25,7,3
25,8,3
25,9,1
25,10,1
25,11,1
25,12,1
25,13,1
25,14,2
25,15,2
25,16,2
25,17,2
25,18,2
25,19,2
25,20,2
25,21,1
25,22,1
25,23,3
25,24,3
25,25,3
25,26,3
25,27,3
25,28,3
25,29,1
25,30,1
26,0,4
26,1,4
26,2,1
26,3,1
26,4,1
26,5,1
26,6,1
26,7,1
26,8,1
26,9,1
26,10,1
26,11,1
26,12,1
26,13,2
26,14,2
26,15,2
26,16,2
26,17,2
26,18,2
26,19,2
26,20,2
26,21,2
26,22,3
26,23,3
26,24,3
26,25,3
26,26,3
26,27,3
26,28,1
26,29,1
26,30,1
27,0,1
27,1,1
27,2,1
27,3,1
27,4,1
27,5,1
27,6,1
27,7,1
27,8,1
27,9,1
27,10,1
27,11,1
27,12,1
27,13,2
27,14,2
27,15,2
27,16,2
27,17,2
27,18,2
27,19,2
27,20,2
27,21,2
27,22,3
27,23,3
27,24,3
27,25,3
27,26,3
27,27,1
27,28,1
27,29,1
27,30,1
28,0,1
28,1,1
28,2,1
28,3,1
28,4,1
28,5,4
28,6,4
28,7,4
28,8,4
28,9,1
28,10,1
28,11,1
28,12,4
28,13,4
28,14,2
28,15,2
28,16,2
28,17,2
28,18,2
28,19,2
28,20,2
28,21,4
28,22,4
28,23,3
28,24,3
28,25,4
28,26,4
28,27,1
28,28,1
28,29,1
28,30,1
29,0,4
29,1,4
29,2,4
29,3,4
29,4,4
29,5,4
29,6,4
29,7,4
29,8,4
29,9,4
29,10,4
29,11,4
29,12,4
29,13,4
29,14,4
29,15,2
29,16,2
29,17,2
29,18,2
29,19,2
29,20,4
29,21,4
29,22,4
29,23,4
29,24,4
29,25,4
29,26,4
29,27,4
29,28,1
29,29,1
29,30,1
30,0,4
30,1,4
30,2,4
30,3,4
30,4,4
30,5,4
30,6,4
30,7,4
30,8,4
30,9,4
30,10,4
30,11,4
30,12,4
30,13,4
30,14,4
30,15,2
30,16,2
30,17,2
30,18,2
30,19,2
30,20,4
30,21,4
30,22,4
30,23,4
30,24,4
30,25,4
30,26,4
30,27,4
30,28,1
30,29,1
30,30,1