3
2
5
1
2,12
12,2
12,17
1,2,4
0,1,1
0,0,3
0,1,3
0,2,3
0,3,2
0,4,2
0,5,3
0,6,3
0,7,2
0,8,2
0,9,4
0,10,4
0,11,4
0,12,4
0,13,4
0,14,4
0,15,4
0,16,4
0,17,1
0,18,1
0,19,1
0,20,4
0,21,4
0,22,4
0,23,3
0,24,3
0,25,3
0,26,3
0,27,1
0,28,1
0,29,1
0,30,1
1,0,3
1,1,3
1,2,3
1,3,2
1,4,2
1,5,3
1,6,3
1,7,2
1,8,2
1,9,4
1,10,4
1,11,4
1,12,4
1,13,4
1,14,4
1,15,4
1,16,4
1,17,1
1,18,1
1,19,1
1,20,4
1,21,4
1,22,4
1,23,3
1,24,3
1,25,3
1,26,3
1,27,1
1,28,1
1,29,1
1,30,1
2,0,3
2,1,3
2,2,3
2,3,2
2,4,2
2,5,3
2,6,3
2,7,2
2,8,2
2,9,2
2,10,4
2,11,4
2,12,4
2,13,4
2,14,4
2,15,4
2,16,1
2,17,1
2,18,1
2,19,1
2,20,1
2,21,4
2,22,4
2,23,4
2,24,3
2,25,3
2,26,2
2,27,2
2,28,1
2,29,1
2,30,1
3,0,3
3,1,3
3,2,3
3,3,2
3,4,2
3,5,3
3,6,3
3,7,2
3,8,2
3,9,2
3,10,4
3,11,4
3,12,4
3,13,4
3,14,4
3,15,4
3,16,1
3,17,1
3,18,1
3,19,1
3,20,1
3,21,4
3,22,4
3,23,4
3,24,4
3,25,2
3,26,2
3,27,2
3,28,2
3,29,1
3,30,1
4,0,3
4,1,3
4,2,2
4,3,2
4,4,2
4,5,3
4,6,3
4,7,3
4,8,2
4,9,2
4,10,4
4,11,4
4,12,4
4,13,4
4,14,4
4,15,2
4,16,2
4,17,1
4,18,1
4,19,1
4,20,1
4,21,4
4,22,4
4,23,4
4,24,4
4,25,2
4,26,2
4,27,2
4,28,2
4,29,3
4,30,3
5,0,2
5,1,2
5,2,2
5,3,2
5,4,2
5,5,3
5,6,3
5,7,3
5,8,2
5,9,2
5,10,2
5,11,4
5,12,4
5,13,4
5,14,2
5,15,2
5,16,2
5,17,2
5,18,1
5,19,1
5,20,3
5,21,3
5,22,4
5,23,4
5,24,3
5,25,3
5,26,2
5,27,2
5,28,3
5,29,3
5,30,3
6,0,2
6,1,2
6,2,2
6,3,2
6,4,2
6,5,3
6,6,3
6,7,3
6,8,2
6,9,2
6,10,2
6,11,2
6,12,2
6,13,2
6,14,2
6,15,2
6,16,2
6,17,2
6,18,3
6,19,3
6,20,3
6,21,3
6,22,3
6,23,3
6,24,3
6,25,3
6,26,3
6,27,3
6,28,3
6,29,3
6,30,3
7,0,2
7,1,2
7,2,2
7,3,2
7,4,3
7,5,3
7,6,3
7,7,3
7,8,2
7,9,2
7,10,2
7,11,2
7,12,2
7,13,2
7,14,2
7,15,2
7,16,2
7,17,3
7,18,3
7,19,3
7,20,3
7,21,3
7,22,3
7,23,3
7,24,3
7,25,3
7,26,3
7,27,3
7,28,3
7,29,3
7,30,3
8,0,3
8,1,3
8,2,3
8,3,3
8,4,3
8,5,3
8,6,3
8,7,2
8,8,2
8,9,2
8,10,2
8,11,3
8,12,3
8,13,3
8,14,3
8,15,3
8,16,3
8,17,3
8,18,3
8,19,3
8,20,4
8,21,4
8,22,4
8,23,4
8,24,3
8,25,3
8,26,1
8,27,1
8,28,3
8,29,3
8,30,3
9,0,3
9,1,3
9,2,3
9,3,3
9,4,3
9,5,3
9,6,2
9,7,2
9,8,2
9,9,2
9,10,3
9,11,3
9,12,3
9,13,3
9,14,3
9,15,3
9,16,3
9,17,3
9,18,3
9,19,4
9,20,4
9,21,4
9,22,4
9,23,4
9,24,4
9,25,1
9,26,1
9,27,1
9,28,1
9,29,3
9,30,3
10,0,4
10,1,4
10,2,4
10,3,4
10,4,4
10,5,4
10,6,2
10,7,2
10,8,2
10,9,2
10,10,3
10,11,3
10,12,3
10,13,3
10,14,3
10,15,4
10,16,4
10,17,4
10,18,4
10,19,4
10,20,4
10,21,4
10,22,4
10,23,4
10,24,4
10,25,1
10,26,1
10,27,1
10,28,1
10,29,1
10,30,1
11,0,4
11,1,4
11,2,4
11,3,4
11,4,4
11,5,4
11,6,4
11,7,2
11,8,2
11,9,4
11,10,4
11,11,3
11,12,3
11,13,3
11,14,4
11,15,4
11,16,4
11,17,4
11,18,4
11,19,4
11,20,4
11,21,4
11,22,4
11,23,4
11,24,4
11,25,1
11,26,1
11,27,1
11,28,1
11,29,1
11,30,1
12,0,4
12,1,4
12,2,4
12,3,4
12,4,4
12,5,4
12,6,4
12,7,4
12,8,4
12,9,4
12,10,4
12,11,4
12,12,4
12,13,4
12,14,4
12,15,4
12,16,4
12,17,4
12,18,4
12,19,4
12,20,4
12,21,4
12,22,4
12,23,4
12,24,3
12,25,3
12,26,1
12,27,1
12,28,1
12,29,1
12,30,1
13,0,4
13,1,4
13,2,4
13,3,4
13,4,4
13,5,4
13,6,4
13,7,4
13,8,4
13,9,4
13,10,4
13,11,4
13,12,4
13,13,4
13,14,4
13,15,4
13,16,4
13,17,4
13,18,4
13,19,4
13,20,4
13,21,4
13,22,4
13,23,3
13,24,3
13,25,3
13,26,3
13,27,1
13,28,1
13,29,1
13,30,1
14,0,4
14,1,4
14,2,4
14,3,4
14,4,4
14,5,4
14,6,3
14,7,3
14,8,4
14,9,4
14,10,4
14,11,4
14,12,4
14,13,4
14,14,4
14,15,4
14,16,4
14,17,4
14,18,4
14,19,4
14,20,3
14,21,3
14,22,3
14,23,3
14,24,3
14,25,3
14,26,3
14,27,2
14,28,2
14,29,2
14,30,2
15,0,3
15,1,3
15,2,3
15,3,3
15,4,3
15,5,3
15,6,3
15,7,3
15,8,3
15,9,3
15,10,3
15,11,3
15,12,3
15,13,3
15,14,3
15,15,3
15,16,3
15,17,3
15,18,3
15,19,3
15,20,3
15,21,3
15,22,3
15,23,3
15,24,3
15,25,3
15,26,2
15,27,2
15,28,2
15,29,2
15,30,2
16,0,3
16,1,3
16,2,3
16,3,3
16,4,3
16,5,3
16,6,3
16,7,3
16,8,3
16,9,3
16,10,3
16,11,3
16,12,3
16,13,3
16,14,3
16,15,3
16,16,3
16,17,3
16,18,3
16,19,3
16,20,3
16,21,3
16,22,2
16,23,2
16,24,2
16,25,2
16,26,2
16,27,2
16,28,2
16,29,1
16,30,1
17,0,4
17,1,4
17,2,4
17,3,4
17,4,4
17,5,4
17,6,4
17,7,4
17,8,4
17,9,4
17,10,4
17,11,4
17,12,4
17,13,4
17,14,3
17,15,3
17,16,2
17,17,2
17,18,2
17,19,2
17,20,2
17,21,2
17,22,2
17,23,2
17,24,2
17,25,2
17,26,2
17,27,2
17,28,1
17,29,1
17,30,1
18,0,4
18,1,4
18,2,4
18,3,4
18,4,4
18,5,4
18,6,4
18,7,4
18,8,4
18,9,4
18,10,4
18,11,4
18,12,4
18,13,4
18,14,4
18,15,2
18,16,2
18,17,2
18,18,2
18,19,2
18,20,2
18,21,2
18,22,2
18,23,2
18,24,1
18,25,1
18,26,1
18,27,1
18,28,1
18,29,1
18,30,1
19,0,4
19,1,4
19,2,4
19,3,1
19,4,1
19,5,4
19,6,4
19,7,1
19,8,1
19,9,1
19,10,1
19,11,4
19,12,4
19,13,4
19,14,4
19,15,2
19,16,2
19,17,2
19,18,2
19,19,2
19,20,2
19,21,1
19,22,1
19,23,1
19,24,1
19,25,1
19,26,1
19,27,1
19,28,1
19,29,1
19,30,1
20,0,4
20,1,4
20,2,1
20,3,1
20,4,1
20,5,1
20,6,1
20,7,1
20,8,1
20,9,1
20,10,1
20,11,1
20,12,4
20,13,4
20,14,1
20,15,1
20,16,2
20,17,2
20,18,2
20,19,2
20,20,1
20,21,1
20,22,1
20,23,1
20,24,1
20,25,1
20,26,4
20,27,4
20,28,1
20,29,1
20,30,1
21,0,4
21,1,4
21,2,1
21,3,1
21,4,1
21,5,1
21,6,1
21,7,1
21,8,1
21,9,1
21,10,1
21,11,1
21,12,1
21,13,1
21,14,1
21,15,1
21,16,1
21,17,2
21,18,2
21,19,2
21,20,1
21,21,1
21,22,1
21,23,4
21,24,4
21,25,4
21,26,4
21,27,4
21,28,4
21,29,1
21,30,1
22,0,4
22,1,4
22,2,4
22,3,1
22,4,1
22,5,3
22,6,3
22,7,3
22,8,1
22,9,1
22,10,1
22,11,1
22,12,1
22,13,1
22,14,1
22,15,1
22,16,1
22,17,2
22,18,2
22,19,1
22,20,1
22,21,1
22,22,4
22,23,4
22,24,4
22,25,4
22,26,4
22,27,4
22,28,4
22,29,3
22,30,3
23,0,4
23,1,4
23,2,4
23,3,3
23,4,3
23,5,3
23,6,3
23,7,3
23,8,3
23,9,1
23,10,1
23,11,1
23,12,1
23,13,1
23,14,1
23,15,1
23,16,1
23,17,2
23,18,2
23,19,1
23,20,1
23,21,1
23,22,4
23,23,4
23,24,4
23,25,4
23,26,4
23,27,4
23,28,3
23,29,3
23,30,3
24,0,4
24,1,4
24,2,3
24,3,3
24,4,3
24,5,3
24,6,3
24,7,3
24,8,3
24,9,3
24,10,3
24,11,1
24,12,1
24,13,1
24,14,1
24,15,1
24,16,2
24,17,2
24,18,2
24,19,1
24,20,1
24,21,1
24,22,4
24,23,4
24,24,4
24,25,4
24,26,3
24,27,3
24,28,3
24,29,3
24,30,3
25,0,4
25,1,4
25,2,3
25,3,3
25,4,3
25,5,3
25,6,3
25,7,3
25,8,3
25,9,3
25,10,3
25,11,3
25,12,1
25,13,1
25,14,2
25,15,2
25,16,2
25,17,2
25,18,2
25,19,1
25,20,1
25,21,1
25,22,1
25,23,4
25,24,4
25,25,3
25,26,3
25,27,3
25,28,3
25,29,3
25,30,3
26,0,4
26,1,4
26,2,4
26,3,3
26,4,3
26,5,1
26,6,1
26,7,1
26,8,1
26,9,3
26,10,3
26,11,3
26,12,3
26,13,2
26,14,2
26,15,2
26,16,2
26,17,2
26,18,1
26,19,1
26,20,1
26,21,1
26,22,1
26,23,2
26,24,2
26,25,3
26,26,3
26,27,3
26,28,3
26,29,4
26,30,4
27,0,4
27,1,4
27,2,4
27,3,4
27,4,1
27,5,1
27,6,1
27,7,1
27,8,1
27,9,1
27,10,3
27,11,3
27,12,3
27,13,2
27,14,2
27,15,2
27,16,4
27,17,4
27,18,1
27,19,1
27,20,1
27,21,1
27,22,2
27,23,2
27,24,2
27,25,2
27,26,3
27,27,3
27,28,4
27,29,4
27,30,4
28,0,4
28,1,4
28,2,4
28,3,4
28,4,1
28,5,1
28,6,1
28,7,1
28,8,1
28,9,1
28,10,3
28,11,3
28,12,2
28,13,2
28,14,2
28,15,4
28,16,4
28,17,4
28,18,4
28,19,1
28,20,1
28,21,2
28,22,2
28,23,2
28,24,2
28,25,2
28,26,3
28,27,3
28,28,4
28,29,4
28,30,4
29,0,4
29,1,4
29,2,4
29,3,4
29,4,4
29,5,1
29,6,1
29,7,1
29,8,1
29,9,3
29,10,3
29,11,3
29,12,2
29,13,2
29,14,2
29,15,4
29,16,4
29,17,4
29,18,4
29,19,4
29,20,2
29,21,2
29,22,2
29,23,2
29,24,2
29,25,3
29,26,3
29,27,3
29,28,4
29,29,4
29,30,4
30,0,4
30,1,4
30,2,4
30,3,4
30,4,4
30,5,1
30,6,1
30,7,1
30,8,1
30,9,3
30,10,3
30,11,3
30,12,2
30,13,2
30,14,2
30,15,4
30,16,4
30,17,4
30,18,4
30,19,4
30,20,2
30,21,2
30,22,2
30,23,2
30,24,2
30,25,3
30,26,3
30,27,3
30,28,4
30,29,4
30,30,4