3
2
6
1
7,2
7,17
22,17
1,2,4
0,1,2
0,0,4
0,1,4
0,2,1
0,3,1
0,4,1
0,5,1
0,6,1
0,7,4
0,8,4
0,9,4
0,10,1
0,11,1
0,12,1
0,13,1
0,14,4
0,15,4
0,16,1
0,17,1
0,18,1
0,19,1
0,20,1
0,21,1
0,22,2
0,23,2
0,24,2
0,25,3
0,26,3
0,27,3
0,28,3
0,29,4
0,30,4
1,0,4
1,1,4
1,2,1
1,3,1
1,4,1
1,5,1
1,6,1
1,7,4
1,8,4
1,9,4
1,10,1
1,11,1
1,12,1
1,13,1
1,14,4
1,15,4
1,16,1
1,17,1
1,18,1
1,19,1
1,20,1
1,21,1
1,22,2
1,23,2
1,24,2
1,25,3
1,26,3
1,27,3
1,28,3
1,29,4
1,30,4
2,0,4
2,1,4
2,2,4
2,3,1
2,4,1
2,5,1
2,6,1
2,7,4
2,8,4
2,9,4
2,10,4
2,11,1
2,12,1
2,13,4
2,14,4
2,15,4
2,16,1
2,17,1
2,18,1
2,19,1
2,20,1
2,21,1
2,22,1
2,23,2
2,24,2
2,25,2
2,26,3
2,27,3
2,28,4
2,29,4
2,30,4
3,0,4
3,1,4
3,2,4
3,3,4
3,4,1
3,5,1
3,6,3
3,7,3
3,8,4
3,9,4
3,10,4
3,11,4
3,12,4
3,13,4
3,14,4
3,15,4
3,16,4
3,17,1
3,18,1
3,19,1
3,20,1
3,21,1
3,22,1
3,23,2
3,24,2
3,25,2
3,26,4
3,27,4
3,28,4
3,29,4
3,30,4
4,0,4
4,1,4
4,2,4
4,3,4
4,4,4
4,5,3
4,6,3
4,7,3
4,8,3
4,9,4
4,10,4
4,11,4
4,12,4
4,13,4
4,14,4
4,15,4
4,16,4
4,17,4
4,18,1
4,19,1
4,20,1
4,21,1
4,22,2
4,23,2
4,24,2
4,25,4
4,26,4
4,27,4
4,28,4
4,29,4
4,30,4
5,0,4
5,1,4
5,2,4
5,3,4
5,4,4
5,5,3
5,6,3
5,7,3
5,8,3
5,9,4
5,10,4
5,11,4
5,12,4
5,13,4
5,14,4
5,15,4
5,16,4
5,17,4
5,18,4
5,19,4
5,20,4
5,21,4
5,22,2
5,23,2
5,24,2
5,25,4
5,26,4
5,27,4
5,28,4
5,29,4
5,30,4
6,0,4
6,1,4
6,2,4
6,3,4
6,4,4
6,5,3
6,6,3
6,7,3
6,8,3
6,9,3
6,10,4
6,11,4
6,12,4
6,13,4
6,14,4
6,15,4
6,16,4
6,17,4
6,18,4
6,19,4
6,20,4
6,21,4
6,22,4
6,23,2
6,24,2
6,25,4
6,26,4
6,27,4
6,28,4
6,29,4
6,30,4
7,0,4
7,1,4
7,2,4
7,3,4
7,4,4
7,5,3
7,6,3
7,7,3
7,8,3
7,9,3
7,10,2
7,11,2
7,12,2
7,13,4
7,14,4
7,15,4
7,16,4
7,17,4
7,18,4
7,19,4
7,20,4
7,21,4
7,22,4
7,23,2
7,24,2
7,25,4
7,26,4
7,27,4
7,28,4
7,29,4
7,30,4
8,0,4
8,1,4
8,2,4
8,3,4
8,4,4
8,5,4
8,6,3
8,7,3
8,8,3
8,9,2
8,10,2
8,11,2
8,12,2
8,13,2
8,14,4
8,15,4
8,16,4
8,17,4
8,18,4
8,19,4
8,20,4
8,21,4
8,22,4
8,23,2
8,24,2
8,25,4
8,26,4
8,27,4
8,28,4
8,29,4
8,30,4
9,0,4
9,1,4
9,2,4
9,3,4
9,4,4
9,5,4
9,6,4
9,7,4
9,8,4
9,9,2
9,10,2
9,11,2
9,12,2
9,13,2
9,14,4
9,15,4
9,16,4
9,17,4
9,18,4
9,19,4
9,20,4
9,21,4
9,22,4
9,23,2
9,24,2
9,25,4
9,26,4
9,27,4
9,28,4
9,29,3
9,30,3
10,0,4
10,1,4
10,2,4
10,3,4
10,4,4
10,5,4
10,6,4
10,7,4
10,8,4
10,9,4
10,10,2
10,11,2
10,12,2
10,13,3
10,14,3
10,15,4
10,16,4
10,17,4
10,18,4
10,19,4
10,20,4
10,21,4
10,22,4
10,23,2
10,24,2
10,25,2
10,26,4
10,27,4
10,28,3
10,29,3
10,30,3
11,0,4
11,1,4
11,2,4
11,3,4
11,4,4
11,5,4
11,6,4
11,7,4
11,8,4
11,9,4
11,10,3
11,11,3
11,12,3
11,13,3
11,14,3
11,15,3
11,16,4
11,17,4
11,18,4
11,19,4
11,20,4
11,21,4
11,22,2
11,23,2
11,24,2
11,25,2
11,26,2
11,27,3
11,28,3
11,29,3
11,30,3
12,0,4
12,1,4
12,2,4
12,3,3
12,4,3
12,5,4
12,6,4
12,7,4
12,8,4
12,9,3
12,10,3
12,11,3
12,12,3
12,13,3
12,14,3
12,15,3
12,16,3
12,17,4
12,18,4
12,19,4
12,20,4
12,21,2
12,22,2
12,23,2
12,24,2
12,25,2
12,26,2
12,27,3
12,28,3
12,29,3
12,30,3
13,0,3
13,1,3
13,2,3
13,3,3
13,4,3
13,5,3
13,6,3
13,7,3
13,8,3
13,9,3
13,10,3
13,11,3
13,12,1
13,13,1
13,14,3
13,15,3
13,16,3
13,17,4
13,18,4
13,19,4
13,20,4
13,21,2
13,22,2
13,23,2
13,24,2
13,25,2
13,26,1
13,27,1
13,28,3
13,29,3
13,30,3
14,0,3
14,1,3
14,2,3
14,3,3
14,4,3
14,5,3
14,6,3
14,7,3
14,8,3
14,9,3
14,10,3
14,11,1
14,12,1
14,13,1
14,14,1
14,15,3
14,16,3
14,17,3
14,18,4
14,19,4
14,20,3
14,21,3
14,22,2
14,23,2
14,24,1
14,25,1
14,26,1
14,27,1
14,28,1
14,29,3
14,30,3
15,0,2
15,1,2
15,2,2
15,3,2
15,4,2
15,5,2
15,6,3
15,7,3
15,8,1
15,9,1
15,10,1
15,11,1
15,12,1
15,13,1
15,14,1
15,15,3
15,16,3
15,17,3
15,18,3
15,19,3
15,20,3
15,21,3
15,22,3
15,23,1
15,24,1
15,25,1
15,26,1
15,27,1
15,28,1
15,29,2
15,30,2
16,0,2
16,1,2
16,2,2
16,3,2
16,4,2
16,5,2
16,6,2
16,7,1
16,8,1
16,9,1
16,10,1
16,11,1
16,12,1
16,13,1
16,14,1
16,15,1
16,16,3
16,17,3
16,18,3
16,19,3
16,20,3
16,21,3
16,22,3
16,23,1
16,24,1
16,25,1
16,26,1
16,27,1
16,28,2
16,29,2
16,30,2
17,0,4
17,1,4
17,2,4
17,3,4
17,4,2
17,5,2
17,6,2
17,7,1
17,8,1
17,9,1
17,10,1
17,11,1
17,12,1
17,13,1
17,14,1
17,15,1
17,16,1
17,17,1
17,18,1
17,19,1
17,20,3
17,21,3
17,22,1
17,23,1
17,24,1
17,25,1
17,26,1
17,27,2
17,28,2
17,29,2
17,30,2
18,0,4
18,1,4
18,2,4
18,3,4
18,4,4
18,5,2
18,6,2
18,7,2
18,8,1
18,9,1
18,10,4
18,11,4
18,12,4
18,13,1
18,14,1
18,15,1
18,16,1
18,17,1
18,18,1
18,19,1
18,20,1
18,21,1
18,22,1
18,23,1
18,24,1
18,25,1
18,26,1
18,27,2
18,28,2
18,29,2
18,30,2
19,0,4
19,1,4
19,2,4
19,3,4
19,4,4
19,5,2
19,6,2
19,7,2
19,8,2
19,9,4
19,10,4
19,11,4
19,12,4
19,13,4
19,14,1
19,15,1
19,16,2
19,17,2
19,18,1
19,19,1
19,20,1
19,21,1
19,22,1
19,23,1
19,24,1
19,25,1
19,26,1
19,27,1
19,28,2
19,29,2
19,30,2
20,0,1
20,1,1
20,2,4
20,3,4
20,4,4
20,5,2
20,6,2
20,7,2
20,8,2
20,9,4
20,10,4
20,11,4
20,12,4
20,13,4
20,14,4
20,15,2
20,16,2
20,17,2
20,18,2
20,19,2
20,20,2
20,21,1
20,22,1
20,23,3
20,24,3
20,25,1
20,26,1
20,27,1
20,28,1
20,29,2
20,30,2
21,0,1
21,1,1
21,2,1
21,3,4
21,4,4
21,5,4
21,6,2
21,7,2
21,8,3
21,9,3
21,10,4
21,11,4
21,12,4
21,13,4
21,14,4
21,15,2
21,16,2
21,17,2
21,18,2
21,19,2
21,20,2
21,21,2
21,22,3
21,23,3
21,24,3
21,25,3
21,26,1
21,27,1
21,28,1
21,29,1
21,30,1
22,0,1
22,1,1
22,2,1
22,3,4
22,4,4
22,5,4
22,6,4
22,7,3
22,8,3
22,9,3
22,10,3
22,11,3
22,12,4
22,13,4
22,14,2
22,15,2
22,16,2
22,17,2
22,18,2
22,19,2
22,20,2
22,21,2
22,22,3
22,23,3
22,24,3
22,25,3
22,26,1
22,27,1
22,28,1
22,29,1
22,30,1
23,0,1
23,1,1
23,2,4
23,3,4
23,4,4
23,5,4
23,6,4
23,7,3
23,8,3
23,9,3
23,10,3
23,11,3
23,12,3
23,13,3
23,14,2
23,15,2
23,16,2
23,17,2
23,18,2
23,19,2
23,20,2
23,21,2
23,22,2
23,23,3
23,24,3
23,25,2
23,26,2
23,27,1
23,28,1
23,29,1
23,30,1
24,0,4
24,1,4
24,2,4
24,3,4
24,4,4
24,5,4
24,6,1
24,7,1
24,8,3
24,9,3
24,10,3
24,11,3
24,12,3
24,13,3
24,14,3
24,15,2
24,16,2
24,17,2
24,18,2
24,19,2
24,20,2
24,21,2
24,22,2
24,23,2
24,24,2
24,25,2
24,26,2
24,27,2
24,28,1
24,29,1
24,30,1
25,0,4
25,1,4
25,2,4
25,3,4
25,4,4
25,5,1
25,6,1
25,7,1
25,8,1
25,9,3
25,10,3
25,11,3
25,12,3
25,13,3
25,14,3
25,15,3
25,16,3
25,17,3
25,18,2
25,19,2
25,20,2
25,21,2
25,22,2
25,23,2
25,24,2
25,25,2
25,26,2
25,27,2
25,28,1
25,29,1
25,30,1
26,0,4
26,1,4
26,2,4
26,3,4
26,4,4
26,5,1
26,6,1
26,7,1
26,8,1
26,9,3
26,10,3
26,11,3
26,12,3
26,13,3
26,14,3
26,15,3
26,16,3
26,17,3
26,18,3
26,19,2
26,20,2
26,21,2
26,22,2
26,23,1
26,24,1
26,25,2
26,26,2
26,27,2
26,28,2
26,29,1
26,30,1
27,0,4
27,1,4
27,2,4
27,3,4
27,4,4
27,5,4
27,6,1
27,7,1
27,8,3
27,9,3
27,10,3
27,11,3
27,12,3
27,13,3
27,14,4
27,15,4
27,16,3
27,17,3
27,18,3
27,19,3
27,20,2
27,21,2
27,22,1
27,23,1
27,24,1
27,25,1
27,26,2
27,27,2
27,28,2
27,29,4
27,30,4
28,0,1
28,1,1
28,2,1
28,3,4
28,4,4
28,5,4
28,6,1
28,7,1
28,8,3
28,9,3
28,10,3
28,11,3
28,12,3
28,13,4
28,14,4
28,15,4
28,16,4
28,17,3
28,18,3
28,19,3
28,20,3
28,21,3
28,22,1
28,23,1
28,24,1
28,25,1
28,26,2
28,27,2
28,28,4
28,29,4
28,30,4
29,0,1
29,1,1
29,2,1
29,3,1
29,4,4
29,5,4
29,6,1
29,7,1
29,8,1
29,9,3
29,10,3
29,11,3
29,12,4
29,13,4
29,14,4
29,15,4
29,16,4
29,17,3
29,18,3
29,19,3
29,20,3
29,21,3
29,22,3
29,23,1
29,24,1
29,25,1
29,26,2
29,27,2
29,28,4
29,29,4
29,30,4
30,0,1
30,1,1
30,2,1
30,3,1
30,4,4
30,5,4
30,6,1
30,7,1
30,8,1
30,9,3
30,10,3
30,11,3
30,12,4
30,13,4
30,14,4
30,15,4
30,16,4
30,17,3
30,18,3
30,19,3
30,20,3
30,21,3
30,22,3
30,23,1
30,24,1
30,25,1
30,26,2
30,27,2
30,28,4
30,29,4
30,30,4