3
2
3
1
2,2
27,12
27,27
1,2,1
0,2,2
0,0,1
0,1,1
0,2,1
0,3,1
0,4,1
0,5,4
0,6,4
0,7,4
0,8,4
0,9,4
0,10,4
0,11,4
0,12,2
0,13,2
0,14,1
0,15,1
0,16,4
0,17,4
0,18,4
0,19,4
0,20,4
0,21,4
0,22,4
0,23,4
0,24,4
0,25,4
0,26,4
0,27,4
0,28,4
0,29,4
0,30,4
1,0,1
1,1,1
1,2,1
1,3,1
1,4,1
1,5,4
1,6,4
1,7,4
1,8,4
1,9,4
1,10,4
1,11,4
1,12,2
1,13,2
1,14,1
1,15,1
1,16,4
1,17,4
1,18,4
1,19,4
1,20,4
1,21,4
1,22,4
1,23,4
1,24,4
1,25,4
1,26,4
1,27,4
1,28,4
1,29,4
1,30,4
2,0,1
2,1,1
2,2,1
2,3,1
2,4,1
2,5,4
2,6,4
2,7,4
2,8,4
2,9,4
2,10,4
2,11,4
2,12,2
2,13,2
2,14,1
2,15,1
2,16,1
2,17,4
2,18,4
2,19,1
2,20,1
2,21,1
2,22,1
2,23,4
2,24,4
2,25,4
2,26,4
2,27,4
2,28,4
2,29,4
2,30,4
3,0,1
3,1,1
3,2,1
3,3,1
3,4,1
3,5,1
3,6,4
3,7,4
3,8,4
3,9,4
3,10,4
3,11,2
3,12,2
3,13,2
3,14,1
3,15,1
3,16,1
3,17,1
3,18,1
3,19,1
3,20,1
3,21,1
3,22,1
3,23,1
3,24,1
3,25,1
3,26,1
3,27,1
3,28,1
3,29,1
3,30,1
4,0,1
4,1,1
4,2,1
4,3,1
4,4,1
4,5,1
4,6,4
4,7,4
4,8,4
4,9,1
4,10,1
4,11,2
4,12,2
4,13,2
4,14,1
4,15,1
4,16,1
4,17,1
4,18,1
4,19,1
4,20,1
4,21,1
4,22,1
4,23,1
4,24,1
4,25,1
4,26,1
4,27,1
4,28,1
4,29,1
4,30,1
5,0,4
5,1,4
5,2,4
5,3,1
5,4,1
5,5,4
5,6,4
5,7,4
5,8,1
5,9,1
5,10,1
5,11,1
5,12,2
5,13,2
5,14,1
5,15,1
5,16,1
5,17,1
5,18,1
5,19,1
5,20,2
5,21,2
5,22,1
5,23,1
5,24,2
5,25,2
5,26,1
5,27,1
5,28,4
5,29,4
5,30,4
6,0,4
6,1,4
6,2,4
6,3,4
6,4,4
6,5,4
6,6,4
6,7,4
6,8,1
6,9,1
6,10,1
6,11,1
6,12,2
6,13,2
6,14,1
6,15,1
6,16,1
6,17,1
6,18,2
6,19,2
6,20,2
6,21,2
6,22,2
6,23,2
6,24,2
6,25,2
6,26,2
6,27,4
6,28,4
6,29,4
6,30,4
7,0,4
7,1,4
7,2,4
7,3,4
7,4,4
7,5,4
7,6,4
7,7,4
7,8,4
7,9,1
7,10,1
7,11,2
7,12,2
7,13,2
7,14,2
7,15,1
7,16,1
7,17,2
7,18,2
7,19,2
7,20,2
7,21,2
7,22,2
7,23,2
7,24,2
7,25,2
7,26,2
7,27,4
7,28,4
7,29,4
7,30,4
8,0,4
8,1,4
8,2,4
8,3,4
8,4,4
8,5,4
8,6,4
8,7,4
8,8,4
8,9,4
8,10,4
8,11,2
8,12,2
8,13,2
8,14,2
8,15,2
8,16,2
8,17,2
8,18,2
8,19,2
8,20,2
8,21,2
8,22,2
8,23,2
8,24,2
8,25,2
8,26,4
8,27,4
8,28,4
8,29,4
8,30,4
9,0,4
9,1,4
9,2,4
9,3,4
9,4,4
9,5,4
9,6,4
9,7,4
9,8,4
9,9,4
9,10,4
9,11,4
9,12,2
9,13,2
9,14,2
9,15,2
9,16,2
9,17,2
9,18,2
9,19,4
9,20,4
9,21,2
9,22,2
9,23,3
9,24,3
9,25,3
9,26,4
9,27,4
9,28,4
9,29,4
9,30,4
10,0,1
10,1,1
10,2,1
10,3,1
10,4,1
10,5,4
10,6,4
10,7,2
10,8,2
10,9,4
10,10,4
10,11,4
10,12,4
10,13,4
10,14,4
10,15,4
10,16,4
10,17,4
10,18,4
10,19,4
10,20,4
10,21,4
10,22,3
10,23,3
10,24,3
10,25,3
10,26,3
10,27,4
10,28,4
10,29,4
10,30,4
11,0,1
11,1,1
11,2,1
11,3,1
11,4,1
11,5,1
11,6,2
11,7,2
11,8,2
11,9,2
11,10,4
11,11,4
11,12,4
11,13,4
11,14,4
11,15,4
11,16,4
11,17,4
11,18,4
11,19,4
11,20,4
11,21,4
11,22,3
11,23,3
11,24,3
11,25,3
11,26,3
11,27,1
11,28,1
11,29,4
11,30,4
12,0,2
12,1,2
12,2,2
12,3,1
12,4,1
12,5,1
12,6,2
12,7,2
12,8,2
12,9,2
12,10,2
12,11,2
12,12,2
12,13,2
12,14,2
12,15,2
12,16,2
12,17,2
12,18,2
12,19,4
12,20,4
12,21,2
12,22,2
12,23,3
12,24,3
12,25,3
12,26,1
12,27,1
12,28,1
12,29,1
12,30,1
13,0,2
13,1,2
13,2,2
13,3,2
13,4,1
13,5,1
13,6,1
13,7,2
13,8,2
13,9,2
13,10,2
13,11,2
13,12,2
13,13,2
13,14,2
13,15,2
13,16,2
13,17,2
13,18,2
13,19,2
13,20,2
13,21,2
13,22,2
13,23,2
13,24,3
13,25,3
13,26,1
13,27,1
13,28,1
13,29,1
13,30,1
14,0,2
14,1,2
14,2,2
14,3,2
14,4,1
14,5,1
14,6,1
14,7,1
14,8,1
14,9,1
14,10,1
14,11,1
14,12,1
14,13,1
14,14,1
14,15,1
14,16,1
14,17,2
14,18,2
14,19,2
14,20,2
14,21,2
14,22,2
14,23,2
14,24,3
14,25,3
14,26,1
14,27,1
14,28,1
14,29,4
14,30,4
15,0,2
15,1,2
15,2,2
15,3,3
15,4,3
15,5,1
15,6,1
15,7,1
15,8,1
15,9,1
15,10,1
15,11,1
15,12,1
15,13,1
15,14,1
15,15,1
15,16,1
15,17,1
15,18,1
15,19,1
15,20,1
15,21,2
15,22,2
15,23,3
15,24,3
15,25,3
15,26,1
15,27,1
15,28,4
15,29,4
15,30,4
16,0,2
16,1,2
16,2,3
16,3,3
16,4,3
16,5,3
16,6,1
16,7,1
16,8,1
16,9,1
16,10,1
16,11,3
16,12,3
16,13,3
16,14,3
16,15,1
16,16,1
16,17,1
16,18,1
16,19,1
16,20,1
16,21,1
16,22,1
16,23,3
16,24,3
16,25,3
16,26,1
16,27,1
16,28,4
16,29,4
16,30,4
17,0,4
17,1,4
17,2,3
17,3,3
17,4,3
17,5,3
17,6,2
17,7,2
17,8,1
17,9,1
17,10,3
17,11,3
17,12,3
17,13,3
17,14,3
17,15,3
17,16,3
17,17,3
17,18,3
17,19,1
17,20,1
17,21,1
17,22,1
17,23,1
17,24,3
17,25,3
17,26,1
17,27,1
17,28,1
17,29,4
17,30,4
18,0,4
18,1,4
18,2,4
18,3,3
18,4,3
18,5,2
18,6,2
18,7,2
18,8,2
18,9,3
18,10,3
18,11,3
18,12,3
18,13,3
18,14,3
18,15,3
18,16,3
18,17,3
18,18,3
18,19,3
18,20,1
18,21,1
18,22,1
18,23,1
18,24,3
18,25,3
18,26,1
18,27,1
18,28,1
18,29,1
18,30,1
19,0,4
19,1,4
19,2,4
19,3,3
19,4,3
19,5,2
19,6,2
19,7,2
19,8,2
19,9,3
19,10,3
19,11,3
19,12,3
19,13,3
19,14,3
19,15,3
19,16,3
19,17,3
19,18,3
19,19,3
19,20,1
19,21,1
19,22,1
19,23,1
19,24,3
19,25,3
19,26,3
19,27,1
19,28,1
19,29,1
19,30,1
20,0,4
20,1,4
20,2,4
20,3,3
20,4,3
20,5,3
20,6,2
20,7,2
20,8,3
20,9,3
20,10,3
20,11,3
20,12,3
20,13,3
20,14,3
20,15,3
20,16,3
20,17,3
20,18,3
20,19,3
20,20,1
20,21,1
20,22,1
20,23,1
20,24,3
20,25,3
20,26,3
20,27,3
20,28,3
20,29,3
20,30,3
21,0,4
21,1,4
21,2,4
21,3,3
21,4,3
21,5,3
21,6,3
21,7,3
21,8,3
21,9,3
21,10,3
21,11,3
21,12,3
21,13,4
21,14,4
21,15,4
21,16,4
21,17,3
21,18,3
21,19,2
21,20,2
21,21,1
21,22,1
21,23,4
21,24,4
21,25,3
21,26,3
21,27,3
21,28,3
21,29,3
21,30,3
22,0,4
22,1,4
22,2,4
22,3,3
22,4,3
22,5,3
22,6,3
22,7,3
22,8,3
22,9,3
22,10,4
22,11,4
22,12,4
22,13,4
22,14,4
22,15,4
22,16,4
22,17,4
22,18,2
22,19,2
22,20,2
22,21,2
22,22,4
22,23,4
22,24,4
22,25,4
22,26,4
22,27,4
22,28,4
22,29,4
22,30,4
23,0,4
23,1,4
23,2,4
23,3,4
23,4,3
23,5,3
23,6,3
23,7,4
23,8,4
23,9,4
23,10,4
23,11,4
23,12,4
23,13,4
23,14,4
23,15,4
23,16,4
23,17,4
23,18,2
23,19,2
23,20,2
23,21,2
23,22,4
23,23,4
23,24,4
23,25,4
23,26,4
23,27,4
23,28,4
23,29,4
23,30,4
24,0,4
24,1,4
24,2,4
24,3,4
24,4,4
24,5,4
24,6,4
24,7,4
24,8,4
24,9,4
24,10,4
24,11,4
24,12,3
24,13,3
24,14,4
24,15,4
24,16,4
24,17,4
24,18,4
24,19,2
24,20,2
24,21,4
24,22,4
24,23,4
24,24,4
24,25,4
24,26,2
24,27,2
24,28,2
24,29,2
24,30,2
25,0,3
25,1,3
25,2,4
25,3,4
25,4,4
25,5,4
25,6,4
25,7,4
25,8,4
25,9,4
25,10,3
25,11,3
25,12,3
25,13,3
25,14,3
25,15,4
25,16,4
25,17,4
25,18,4
25,19,4
25,20,4
25,21,4
25,22,4
25,23,4
25,24,4
25,25,2
25,26,2
25,27,2
25,28,2
25,29,2
25,30,2
26,0,3
26,1,3
26,2,3
26,3,4
26,4,4
26,5,4
26,6,4
26,7,4
26,8,4
26,9,3
26,10,3
26,11,3
26,12,3
26,13,3
26,14,3
26,15,4
26,16,4
26,17,4
26,18,4
26,19,4
26,20,4
26,21,4
26,22,4
26,23,4
26,24,4
26,25,2
26,26,2
26,27,2
26,28,2
26,29,2
26,30,2
27,0,3
27,1,3
27,2,3
27,3,4
27,4,4
27,5,4
27,6,4
27,7,4
27,8,4
27,9,3
27,10,3
27,11,3
27,12,3
27,13,3
27,14,3
27,15,4
27,16,4
27,17,4
27,18,4
27,19,4
27,20,4
27,21,4
27,22,4
27,23,4
27,24,4
27,25,2
27,26,2
27,27,2
27,28,2
27,29,2
27,30,2
28,0,3
28,1,3
28,2,4
28,3,4
28,4,4
28,5,4
28,6,4
28,7,4
28,8,4
28,9,3
28,10,3
28,11,3
28,12,3
28,13,3
28,14,3
28,15,4
28,16,4
28,17,4
28,18,4
28,19,4
28,20,4
28,21,4
28,22,4
28,23,4
28,24,4
28,25,2
28,26,2
28,27,2
28,28,2
28,29,2
28,30,2
29,0,4
29,1,4
29,2,4
29,3,4
29,4,4
29,5,4
29,6,4
29,7,4
29,8,3
29,9,3
29,10,3
29,11,3
29,12,3
29,13,3
29,14,3
29,15,4
29,16,4
29,17,4
29,18,4
29,19,4
29,20,4
29,21,4
29,22,4
29,23,4
29,24,4
29,25,2
29,26,2
29,27,2
29,28,2
29,29,2
29,30,2
30,0,4
30,1,4
30,2,4
30,3,4
30,4,4
30,5,4
30,6,4
30,7,4
30,8,3
30,9,3
30,10,3
30,11,3
30,12,3
30,13,3
30,14,3
30,15,4
30,16,4
30,17,4
30,18,4
30,19,4
30,20,4
30,21,4
30,22,4
30,23,4
30,24,4
30,25,2
30,26,2
30,27,2
30,28,2
30,29,2
30,30,2