3
2
4
1
12,7
22,2
22,17
1,2,3
0,2,1
0,0,4
0,1,4
0,2,4
0,3,3
0,4,3
0,5,3
0,6,3
0,7,2
0,8,2
0,9,1
0,10,1
0,11,1
0,12,1
0,13,2
0,14,2
0,15,2
0,16,2
0,17,2
0,18,2
0,19,2
0,20,2
0,21,2
0,22,2
0,23,2
0,24,2
0,25,2
0,26,2
0,27,2
0,28,1
0,29,1
0,30,1
1,0,4
1,1,4
1,2,4
1,3,3
1,4,3
1,5,3
1,6,3
1,7,2
1,8,2
1,9,1
1,10,1
1,11,1
1,12,1
1,13,2
1,14,2
1,15,2
1,16,2
1,17,2
1,18,2
1,19,2
1,20,2
1,21,2
1,22,2
1,23,2
1,24,2
1,25,2
1,26,2
1,27,2
1,28,1
1,29,1
1,30,1
2,0,4
2,1,4
2,2,1
2,3,1
2,4,3
2,5,3
2,6,2
2,7,2
2,8,2
2,9,2
2,10,1
2,11,1
2,12,3
2,13,3
2,14,2
2,15,2
2,16,3
2,17,3
2,18,3
2,19,3
2,20,3
2,21,3
2,22,2
2,23,2
2,24,2
2,25,2
2,26,2
2,27,2
2,28,2
2,29,1
2,30,1
3,0,1
3,1,1
3,2,1
3,3,1
3,4,1
3,5,1
3,6,2
3,7,2
3,8,2
3,9,2
3,10,3
3,11,3
3,12,3
3,13,3
3,14,3
3,15,3
3,16,3
3,17,3
3,18,3
3,19,3
3,20,3
3,21,3
3,22,3
3,23,3
3,24,3
3,25,3
3,26,2
3,27,2
3,28,2
3,29,2
3,30,2
4,0,1
4,1,1
4,2,1
4,3,1
4,4,1
4,5,1
4,6,1
4,7,2
4,8,2
4,9,3
4,10,3
4,11,3
4,12,3
4,13,3
4,14,3
4,15,3
4,16,3
4,17,3
4,18,2
4,19,2
4,20,3
4,21,3
4,22,3
4,23,3
4,24,3
4,25,3
4,26,3
4,27,2
4,28,2
4,29,2
4,30,2
5,0,4
5,1,4
5,2,1
5,3,1
5,4,1
5,5,1
5,6,1
5,7,1
5,8,3
5,9,3
5,10,3
5,11,3
5,12,4
5,13,4
5,14,3
5,15,3
5,16,2
5,17,2
5,18,2
5,19,2
5,20,2
5,21,3
5,22,3
5,23,3
5,24,3
5,25,3
5,26,3
5,27,3
5,28,3
5,29,3
5,30,3
6,0,4
6,1,4
6,2,4
6,3,1
6,4,1
6,5,1
6,6,1
6,7,1
6,8,3
6,9,3
6,10,3
6,11,4
6,12,4
6,13,4
6,14,4
6,15,2
6,16,2
6,17,2
6,18,2
6,19,2
6,20,2
6,21,4
6,22,4
6,23,3
6,24,3
6,25,3
6,26,3
6,27,3
6,28,3
6,29,3
6,30,3
7,0,4
7,1,4
7,2,4
7,3,4
7,4,1
7,5,1
7,6,1
7,7,1
7,8,3
7,9,3
7,10,3
7,11,4
7,12,4
7,13,4
7,14,4
7,15,2
7,16,2
7,17,2
7,18,2
7,19,2
7,20,4
7,21,4
7,22,4
7,23,4
7,24,3
7,25,3
7,26,3
7,27,3
7,28,3
7,29,3
7,30,3
8,0,4
8,1,4
8,2,4
8,3,4
8,4,4
8,5,1
8,6,1
8,7,1
8,8,3
8,9,3
8,10,3
8,11,3
8,12,4
8,13,4
8,14,1
8,15,1
8,16,2
8,17,2
8,18,3
8,19,3
8,20,4
8,21,4
8,22,4
8,23,4
8,24,4
8,25,3
8,26,3
8,27,3
8,28,3
8,29,1
8,30,1
9,0,4
9,1,4
9,2,4
9,3,4
9,4,4
9,5,1
9,6,1
9,7,1
9,8,1
9,9,3
9,10,3
9,11,3
9,12,3
9,13,1
9,14,1
9,15,1
9,16,1
9,17,3
9,18,3
9,19,3
9,20,3
9,21,4
9,22,4
9,23,4
9,24,4
9,25,4
9,26,3
9,27,3
9,28,1
9,29,1
9,30,1
10,0,2
10,1,2
10,2,4
10,3,4
10,4,4
10,5,1
10,6,1
10,7,1
10,8,1
10,9,1
10,10,3
10,11,3
10,12,3
10,13,1
10,14,1
10,15,1
10,16,1
10,17,3
10,18,3
10,19,3
10,20,3
10,21,2
10,22,2
10,23,4
10,24,4
10,25,4
10,26,4
10,27,4
10,28,1
10,29,1
10,30,1
11,0,2
11,1,2
11,2,2
11,3,4
11,4,4
11,5,1
11,6,1
11,7,1
11,8,1
11,9,1
11,10,3
11,11,3
11,12,1
11,13,1
11,14,1
11,15,1
11,16,3
11,17,3
11,18,3
11,19,3
11,20,2
11,21,2
11,22,2
11,23,2
11,24,4
11,25,4
11,26,4
11,27,4
11,28,4
11,29,1
11,30,1
12,0,2
12,1,2
12,2,2
12,3,4
12,4,4
12,5,1
12,6,1
12,7,1
12,8,1
12,9,1
12,10,3
12,11,3
12,12,1
12,13,1
12,14,1
12,15,1
12,16,3
12,17,3
12,18,3
12,19,3
12,20,2
12,21,2
12,22,2
12,23,2
12,24,2
12,25,4
12,26,4
12,27,4
12,28,4
12,29,4
12,30,4
13,0,2
13,1,2
13,2,4
13,3,4
13,4,4
13,5,1
13,6,1
13,7,1
13,8,1
13,9,1
13,10,3
13,11,3
13,12,3
13,13,1
13,14,1
13,15,4
13,16,4
13,17,3
13,18,3
13,19,2
13,20,2
13,21,2
13,22,2
13,23,2
13,24,2
13,25,4
13,26,4
13,27,4
13,28,4
13,29,4
13,30,4
14,0,3
14,1,3
14,2,4
14,3,4
14,4,4
14,5,1
14,6,1
14,7,1
14,8,1
14,9,1
14,10,3
14,11,3
14,12,3
14,13,3
14,14,4
14,15,4
14,16,4
14,17,4
14,18,4
14,19,2
14,20,2
14,21,2
14,22,2
14,23,2
14,24,2
14,25,2
14,26,4
14,27,4
14,28,3
14,29,3
14,30,3
15,0,3
15,1,3
15,2,3
15,3,4
15,4,4
15,5,1
15,6,1
15,7,1
15,8,1
15,9,3
15,10,3
15,11,3
15,12,3
15,13,3
15,14,4
15,15,4
15,16,4
15,17,4
15,18,4
15,19,4
15,20,2
15,21,2
15,22,2
15,23,2
15,24,2
15,25,2
15,26,2
15,27,3
15,28,3
15,29,3
15,30,3
16,0,3
16,1,3
16,2,3
16,3,4
16,4,4
16,5,4
16,6,1
16,7,1
16,8,3
16,9,3
16,10,3
16,11,3
16,12,3
16,13,2
16,14,2
16,15,4
16,16,4
16,17,4
16,18,4
16,19,4
16,20,4
16,21,2
16,22,2
16,23,2
16,24,2
16,25,2
16,26,2
16,27,3
16,28,3
16,29,3
16,30,3
17,0,3
17,1,3
17,2,4
17,3,4
17,4,4
17,5,4
17,6,4
17,7,3
17,8,3
17,9,3
17,10,3
17,11,3
17,12,2
17,13,2
17,14,2
17,15,2
17,16,4
17,17,4
17,18,4
17,19,4
17,20,4
17,21,1
17,22,1
17,23,1
17,24,2
17,25,2
17,26,4
17,27,4
17,28,3
17,29,3
17,30,3
18,0,4
18,1,4
18,2,4
18,3,4
18,4,4
18,5,4
18,6,4
18,7,3
18,8,3
18,9,3
18,10,3
18,11,3
18,12,2
18,13,2
18,14,2
18,15,2
18,16,2
18,17,4
18,18,4
18,19,4
18,20,1
18,21,1
18,22,1
18,23,1
18,24,1
18,25,4
18,26,4
18,27,4
18,28,4
18,29,3
18,30,3
19,0,4
19,1,4
19,2,4
19,3,4
19,4,4
19,5,4
19,6,2
19,7,2
19,8,3
19,9,3
19,10,3
19,11,3
19,12,3
19,13,2
19,14,2
19,15,2
19,16,2
19,17,2
19,18,2
19,19,2
19,20,1
19,21,1
19,22,1
19,23,1
19,24,1
19,25,4
19,26,4
19,27,4
19,28,4
19,29,2
19,30,2
20,0,4
20,1,4
20,2,4
20,3,4
20,4,4
20,5,2
20,6,2
20,7,2
20,8,2
20,9,3
20,10,3
20,11,3
20,12,3
20,13,3
20,14,2
20,15,2
20,16,2
20,17,2
20,18,2
20,19,2
20,20,2
20,21,1
20,22,1
20,23,1
20,24,1
20,25,1
20,26,4
20,27,4
20,28,2
20,29,2
20,30,2
21,0,4
21,1,4
21,2,4
21,3,4
21,4,4
21,5,2
21,6,2
21,7,2
21,8,2
21,9,4
21,10,4
21,11,3
21,12,3
21,13,3
21,14,3
21,15,2
21,16,2
21,17,2
21,18,2
21,19,2
21,20,2
21,21,1
21,22,1
21,23,1
21,24,1
21,25,1
21,26,3
21,27,3
21,28,2
21,29,2
21,30,2
22,0,4
22,1,4
22,2,4
22,3,4
22,4,4
22,5,4
22,6,2
22,7,2
22,8,4
22,9,4
22,10,4
22,11,4
22,12,3
22,13,3
22,14,3
22,15,2
22,16,2
22,17,2
22,18,2
22,19,2
22,20,2
22,21,2
22,22,1
22,23,1
22,24,1
22,25,3
22,26,3
22,27,3
22,28,3
22,29,2
22,30,2
23,0,4
23,1,4
23,2,4
23,3,4
23,4,4
23,5,4
23,6,4
23,7,4
23,8,4
23,9,4
23,10,4
23,11,4
23,12,4
23,13,3
23,14,3
23,15,2
23,16,2
23,17,2
23,18,2
23,19,2
23,20,2
23,21,2
23,22,3
23,23,3
23,24,3
23,25,3
23,26,3
23,27,3
23,28,3
23,29,4
23,30,4
24,0,4
24,1,4
24,2,4
24,3,4
24,4,4
24,5,4
24,6,4
24,7,4
24,8,4
24,9,4
24,10,4
24,11,4
24,12,4
24,13,3
24,14,3
24,15,2
24,16,2
24,17,2
24,18,2
24,19,2
24,20,2
24,21,3
24,22,3
24,23,3
24,24,3
24,25,3
24,26,3
24,27,3
24,28,4
24,29,4
24,30,4
25,0,2
25,1,2
25,2,2
25,3,2
25,4,4
25,5,4
25,6,3
25,7,3
25,8,3
25,9,4
25,10,4
25,11,4
25,12,3
25,13,3
25,14,3
25,15,3
25,16,2
25,17,2
25,18,2
25,19,2
25,20,3
25,21,3
25,22,3
25,23,3
25,24,3
25,25,3
25,26,2
25,27,2
25,28,4
25,29,4
25,30,4
26,0,2
26,1,2
26,2,2
26,3,2
26,4,2
26,5,3
26,6,3
26,7,3
26,8,3
26,9,3
26,10,3
26,11,3
26,12,3
26,13,3
26,14,3
26,15,3
26,16,3
26,17,2
26,18,2
26,19,2
26,20,3
26,21,3
26,22,3
26,23,3
26,24,2
26,25,2
26,26,2
26,27,2
26,28,2
26,29,4
26,30,4
27,0,2
27,1,2
27,2,2
27,3,2
27,4,2
27,5,3
27,6,3
27,7,3
27,8,3
27,9,3
27,10,3
27,11,3
27,12,3
27,13,3
27,14,3
27,15,3
27,16,3
27,17,3
27,18,2
27,19,2
27,20,3
27,21,3
27,22,3
27,23,2
27,24,2
27,25,2
27,26,2
27,27,2
27,28,2
27,29,4
27,30,4
28,0,4
28,1,4
28,2,2
28,3,2
28,4,2
28,5,3
28,6,3
28,7,3
28,8,3
28,9,3
28,10,3
28,11,1
28,12,1
28,13,3
28,14,3
28,15,3
28,16,3
28,17,3
28,18,2
28,19,2
28,20,2
28,21,3
28,22,3
28,23,2
28,24,2
28,25,2
28,26,2
28,27,2
28,28,2
28,29,4
28,30,4
29,0,4
29,1,4
29,2,4
29,3,2
29,4,2
29,5,3
29,6,3
29,7,3
29,8,3
29,9,3
29,10,1
29,11,1
29,12,1
29,13,1
29,14,3
29,15,3
29,16,3
29,17,3
29,18,2
29,19,2
29,20,2
29,21,3
29,22,3
29,23,3
29,24,2
29,25,2
29,26,2
29,27,2
29,28,2
29,29,4
29,30,4
30,0,4
30,1,4
30,2,4
30,3,2
30,4,2
30,5,3
30,6,3
30,7,3
30,8,3
30,9,3
30,10,1
30,11,1
30,12,1
30,13,1
30,14,3
30,15,3
30,16,3
30,17,3
30,18,2
30,19,2
30,20,2
30,21,3
30,22,3
30,23,3
30,24,2
30,25,2
30,26,2
30,27,2
30,28,2
30,29,4
30,30,4