3
2
5
0
12,2
12,12
27,27
0,1,2
1,2,3
0,0,4
0,1,4
0,2,4
0,3,4
0,4,4
0,5,4
0,6,4
0,7,4
0,8,1
0,9,1
0,10,1
0,11,1
0,12,1
0,13,1
0,14,4
0,15,4
0,16,4
0,17,4
0,18,4
0,19,4
0,20,4
0,21,1
0,22,1
0,23,1
0,24,2
0,25,2
0,26,2
0,27,2
0,28,2
0,29,2
0,30,2
1,0,4
1,1,4
1,2,4
1,3,4
1,4,4
1,5,4
1,6,4
1,7,4
1,8,1
1,9,1
1,10,1
1,11,1
1,12,1
1,13,1
1,14,4
1,15,4
1,16,4
1,17,4
1,18,4
1,19,4
1,20,4
1,21,1
1,22,1
1,23,1
1,24,2
1,25,2
1,26,2
1,27,2
1,28,2
1,29,2
1,30,2
2,0,3
2,1,3
2,2,3
2,3,4
2,4,4
2,5,4
2,6,4
2,7,1
2,8,1
2,9,1
2,10,1
2,11,1
2,12,1
2,13,1
2,14,4
2,15,4
2,16,4
2,17,4
2,18,4
2,19,4
2,20,1
2,21,1
2,22,1
2,23,2
2,24,2
2,25,2
2,26,2
2,27,2
2,28,2
2,29,2
2,30,2
3,0,3
3,1,3
3,2,3
3,3,3
3,4,4
3,5,4
3,6,1
3,7,1
3,8,1
3,9,1
3,10,1
3,11,1
3,12,1
3,13,1
3,14,4
3,15,4
3,16,4
3,17,4
3,18,3
3,19,3
3,20,1
3,21,1
3,22,1
3,23,2
3,24,2
3,25,2
3,26,2
3,27,2
3,28,2
3,29,2
3,30,2
4,0,3
4,1,3
4,2,3
4,3,3
4,4,3
4,5,1
4,6,1
4,7,1
4,8,1
4,9,1
4,10,1
4,11,1
4,12,1
4,13,1
4,14,1
4,15,4
4,16,4
4,17,3
4,18,3
4,19,3
4,20,3
4,21,1
4,22,1
4,23,1
4,24,2
4,25,2
4,26,3
4,27,3
4,28,3
4,29,3
4,30,3
5,0,3
5,1,3
5,2,3
5,3,3
5,4,3
5,5,1
5,6,1
5,7,1
5,8,1
5,9,4
5,10,4
5,11,4
5,12,1
5,13,1
5,14,1
5,15,1
5,16,1
5,17,3
5,18,3
5,19,3
5,20,3
5,21,1
5,22,1
5,23,1
5,24,3
5,25,3
5,26,3
5,27,3
5,28,3
5,29,3
5,30,3
6,0,1
6,1,1
6,2,3
6,3,3
6,4,4
6,5,4
6,6,1
6,7,1
6,8,4
6,9,4
6,10,4
6,11,4
6,12,4
6,13,1
6,14,1
6,15,1
6,16,1
6,17,1
6,18,3
6,19,3
6,20,1
6,21,1
6,22,1
6,23,3
6,24,3
6,25,3
6,26,3
6,27,3
6,28,4
6,29,4
6,30,4
7,0,1
7,1,1
7,2,1
7,3,4
7,4,4
7,5,4
7,6,4
7,7,4
7,8,4
7,9,4
7,10,4
7,11,4
7,12,4
7,13,4
7,14,4
7,15,1
7,16,1
7,17,1
7,18,1
7,19,1
7,20,1
7,21,1
7,22,1
7,23,3
7,24,3
7,25,3
7,26,4
7,27,4
7,28,4
7,29,4
7,30,4
8,0,1
8,1,1
8,2,1
8,3,4
8,4,4
8,5,4
8,6,4
8,7,4
8,8,4
8,9,4
8,10,4
8,11,4
8,12,4
8,13,4
8,14,4
8,15,4
8,16,1
8,17,1
8,18,1
8,19,1
8,20,1
8,21,1
8,22,3
8,23,3
8,24,3
8,25,4
8,26,4
8,27,4
8,28,4
8,29,4
8,30,4
9,0,1
9,1,1
9,2,4
9,3,4
9,4,4
9,5,4
9,6,4
9,7,4
9,8,4
9,9,4
9,10,4
9,11,4
9,12,4
9,13,4
9,14,4
9,15,4
9,16,2
9,17,2
9,18,1
9,19,1
9,20,3
9,21,3
9,22,3
9,23,3
9,24,3
9,25,4
9,26,4
9,27,4
9,28,4
9,29,4
9,30,4
10,0,4
10,1,4
10,2,4
10,3,4
10,4,4
10,5,4
10,6,4
10,7,4
10,8,4
10,9,4
10,10,4
10,11,4
10,12,4
10,13,4
10,14,4
10,15,2
10,16,2
10,17,2
10,18,2
10,19,3
10,20,3
10,21,3
10,22,3
10,23,3
10,24,1
10,25,1
10,26,4
10,27,4
10,28,4
10,29,4
10,30,4
11,0,4
11,1,4
11,2,4
11,3,4
11,4,4
11,5,4
11,6,4
11,7,4
11,8,4
11,9,4
11,10,4
11,11,4
11,12,4
11,13,4
11,14,4
11,15,2
11,16,2
11,17,2
11,18,2
11,19,3
11,20,3
11,21,3
11,22,3
11,23,1
11,24,1
11,25,1
11,26,1
11,27,4
11,28,4
11,29,4
11,30,4
12,0,4
12,1,4
12,2,4
12,3,4
12,4,4
12,5,4
12,6,4
12,7,4
12,8,4
12,9,4
12,10,4
12,11,4
12,12,4
12,13,4
12,14,4
12,15,4
12,16,2
12,17,2
12,18,1
12,19,1
12,20,3
12,21,3
12,22,1
12,23,1
12,24,1
12,25,1
12,26,1
12,27,1
12,28,1
12,29,1
12,30,1
13,0,4
13,1,4
13,2,4
13,3,4
13,4,4
13,5,4
13,6,4
13,7,3
13,8,3
13,9,4
13,10,4
13,11,4
13,12,4
13,13,4
13,14,4
13,15,4
13,16,1
13,17,1
13,18,1
13,19,1
13,20,1
13,21,1
13,22,1
13,23,1
13,24,1
13,25,1
13,26,1
13,27,1
13,28,1
13,29,1
13,30,1
14,0,4
14,1,4
14,2,4
14,3,4
14,4,4
14,5,4
14,6,3
14,7,3
14,8,3
14,9,3
14,10,4
14,11,4
14,12,4
14,13,4
14,14,4
14,15,1
14,16,1
14,17,1
14,18,1
14,19,1
14,20,1
14,21,1
14,22,1
14,23,1
14,24,4
14,25,4
14,26,4
14,27,4
14,28,4
14,29,4
14,30,4
15,0,3
15,1,3
15,2,3
15,3,3
15,4,3
15,5,3
15,6,3
15,7,3
15,8,3
15,9,3
15,10,4
15,11,4
15,12,4
15,13,2
15,14,2
15,15,1
15,16,1
15,17,1
15,18,1
15,19,4
15,20,4
15,21,4
15,22,4
15,23,4
15,24,4
15,25,4
15,26,4
15,27,4
15,28,4
15,29,4
15,30,4
16,0,3
16,1,3
16,2,3
16,3,3
16,4,3
16,5,3
16,6,3
16,7,3
16,8,3
16,9,3
16,10,4
16,11,4
16,12,2
16,13,2
16,14,2
16,15,2
16,16,1
16,17,1
16,18,4
16,19,4
16,20,4
16,21,4
16,22,4
16,23,4
16,24,4
16,25,4
16,26,4
16,27,2
16,28,2
16,29,2
16,30,2
17,0,3
17,1,3
17,2,2
17,3,2
17,4,3
17,5,3
17,6,3
17,7,3
17,8,3
17,9,4
17,10,4
17,11,4
17,12,2
17,13,2
17,14,2
17,15,2
17,16,4
17,17,4
17,18,4
17,19,4
17,20,4
17,21,4
17,22,4
17,23,4
17,24,4
17,25,4
17,26,2
17,27,2
17,28,2
17,29,2
17,30,2
18,0,2
18,1,2
18,2,2
18,3,2
18,4,2
18,5,3
18,6,3
18,7,4
18,8,4
18,9,4
18,10,4
18,11,4
18,12,2
18,13,2
18,14,2
18,15,4
18,16,4
18,17,4
18,18,4
18,19,4
18,20,4
18,21,4
18,22,4
18,23,4
18,24,2
18,25,2
18,26,2
18,27,2
18,28,2
18,29,1
18,30,1
19,0,2
19,1,2
19,2,2
19,3,2
19,4,2
19,5,4
19,6,4
19,7,4
19,8,4
19,9,4
19,10,4
19,11,2
19,12,2
19,13,2
19,14,2
19,15,4
19,16,4
19,17,4
19,18,4
19,19,4
19,20,4
19,21,4
19,22,4
19,23,2
19,24,2
19,25,2
19,26,2
19,27,2
19,28,1
19,29,1
19,30,1
20,0,2
20,1,2
20,2,2
20,3,2
20,4,4
20,5,4
20,6,4
20,7,4
20,8,4
20,9,1
20,10,1
20,11,2
20,12,2
20,13,2
20,14,2
20,15,2
20,16,4
20,17,4
20,18,4
20,19,4
20,20,4
20,21,4
20,22,2
20,23,2
20,24,2
20,25,2
20,26,2
20,27,2
20,28,1
20,29,1
20,30,1
21,0,2
21,1,2
21,2,1
21,3,1
21,4,4
21,5,4
21,6,4
21,7,4
21,8,1
21,9,1
21,10,1
21,11,1
21,12,2
21,13,2
21,14,2
21,15,2
21,16,4
21,17,4
21,18,4
21,19,4
21,20,1
21,21,1
21,22,2
21,23,2
21,24,2
21,25,2
21,26,2
21,27,2
21,28,1
21,29,1
21,30,1
22,0,1
22,1,1
22,2,1
22,3,1
22,4,1
22,5,4
22,6,4
22,7,1
22,8,1
22,9,1
22,10,1
22,11,1
22,12,2
22,13,2
22,14,2
22,15,1
22,16,1
22,17,4
22,18,4
22,19,1
22,20,1
22,21,1
22,22,1
22,23,2
22,24,2
22,25,2
22,26,2
22,27,4
22,28,4
22,29,1
22,30,1
23,0,1
23,1,1
23,2,1
23,3,1
23,4,1
23,5,2
23,6,2
23,7,1
23,8,1
23,9,1
23,10,1
23,11,2
23,12,2
23,13,2
23,14,1
23,15,1
23,16,1
23,17,1
23,18,1
23,19,1
23,20,1
23,21,1
23,22,1
23,23,4
23,24,4
23,25,4
23,26,4
23,27,4
23,28,4
23,29,4
23,30,4
24,0,4
24,1,4
24,2,1
24,3,1
24,4,2
24,5,2
24,6,2
24,7,2
24,8,1
24,9,1
24,10,2
24,11,2
24,12,2
24,13,2
24,14,1
24,15,1
24,16,1
24,17,1
24,18,1
24,19,1
24,20,1
24,21,1
24,22,4
24,23,4
24,24,4
24,25,4
24,26,4
24,27,4
24,28,4
24,29,4
24,30,4
25,0,4
25,1,4
25,2,4
25,3,4
25,4,2
25,5,2
25,6,2
25,7,2
25,8,1
25,9,1
25,10,2
25,11,2
25,12,2
25,13,1
25,14,1
25,15,1
25,16,1
25,17,4
25,18,4
25,19,4
25,20,4
25,21,4
25,22,4
25,23,4
25,24,4
25,25,1
25,26,1
25,27,1
25,28,1
25,29,1
25,30,1
26,0,4
26,1,4
26,2,4
26,3,4
26,4,4
26,5,2
26,6,2
26,7,1
26,8,1
26,9,1
26,10,2
26,11,2
26,12,1
26,13,1
26,14,1
26,15,1
26,16,4
26,17,4
26,18,4
26,19,4
26,20,4
26,21,4
26,22,4
26,23,4
26,24,1
26,25,1
26,26,1
26,27,1
26,28,1
26,29,1
26,30,1
27,0,3
27,1,3
27,2,4
27,3,4
27,4,4
27,5,4
27,6,4
27,7,1
27,8,1
27,9,1
27,10,2
27,11,2
27,12,1
27,13,1
27,14,1
27,15,1
27,16,4
27,17,4
27,18,4
27,19,4
27,20,4
27,21,4
27,22,4
27,23,4
27,24,1
27,25,1
27,26,1
27,27,1
27,28,1
27,29,1
27,30,1
28,0,3
28,1,3
28,2,3
28,3,4
28,4,4
28,5,4
28,6,4
28,7,4
28,8,1
28,9,1
28,10,2
28,11,2
28,12,1
28,13,1
28,14,1
28,15,1
28,16,1
28,17,4
28,18,4
28,19,1
28,20,1
28,21,4
28,22,4
28,23,4
28,24,1
28,25,1
28,26,1
28,27,1
28,28,1
28,29,1
28,30,1
29,0,3
29,1,3
29,2,3
29,3,4
29,4,4
29,5,4
29,6,4
29,7,4
29,8,1
29,9,1
29,10,2
29,11,2
29,12,1
29,13,1
29,14,1
29,15,1
29,16,1
29,17,1
29,18,1
29,19,1
29,20,1
29,21,1
29,22,4
29,23,4
29,24,4
29,25,1
29,26,1
29,27,1
29,28,1
29,29,1
29,30,1
30,0,3
30,1,3
30,2,3
30,3,4
30,4,4
30,5,4
30,6,4
30,7,4
30,8,1
30,9,1
30,10,2
30,11,2
30,12,1
30,13,1
30,14,1
30,15,1
30,16,1
30,17,1
30,18,1
30,19,1
30,20,1
30,21,1
30,22,4
30,23,4
30,24,4
30,25,1
30,26,1
30,27,1
30,28,1
30,29,1
30,30,1