3
2
2
1
7,17
17,27
22,17
0,1,1
0,2,1
0,0,4
0,1,4
0,2,4
0,3,3
0,4,3
0,5,3
0,6,3
0,7,4
0,8,4
0,9,4
0,10,4
0,11,4
0,12,4
0,13,4
0,14,4
0,15,4
0,16,4
0,17,4
0,18,4
0,19,4
0,20,4
0,21,4
0,22,4
0,23,4
0,24,4
0,25,4
0,26,4
0,27,1
0,28,1
0,29,1
0,30,1
1,0,4
1,1,4
1,2,4
1,3,3
1,4,3
1,5,3
1,6,3
1,7,4
1,8,4
1,9,4
1,10,4
1,11,4
1,12,4
1,13,4
1,14,4
1,15,4
1,16,4
1,17,4
1,18,4
1,19,4
1,20,4
1,21,4
1,22,4
1,23,4
1,24,4
1,25,4
1,26,4
1,27,1
1,28,1
1,29,1
1,30,1
2,0,4
2,1,4
2,2,1
2,3,1
2,4,3
2,5,3
2,6,1
2,7,1
2,8,4
2,9,4
2,10,4
2,11,4
2,12,4
2,13,2
2,14,2
2,15,2
2,16,2
2,17,2
2,18,2
2,19,2
2,20,2
2,21,2
2,22,4
2,23,4
2,24,4
2,25,4
2,26,4
2,27,4
2,28,1
2,29,1
2,30,1
3,0,1
3,1,1
3,2,1
3,3,1
3,4,1
3,5,1
3,6,1
3,7,1
3,8,1
3,9,4
3,10,4
3,11,2
3,12,2
3,13,2
3,14,2
3,15,2
3,16,2
3,17,2
3,18,2
3,19,2
3,20,2
3,21,2
3,22,2
3,23,4
3,24,4
3,25,4
3,26,4
3,27,4
3,28,4
3,29,1
3,30,1
4,0,1
4,1,1
4,2,1
4,3,1
4,4,1
4,5,1
4,6,1
4,7,1
4,8,1
4,9,2
4,10,2
4,11,2
4,12,2
4,13,2
4,14,2
4,15,3
4,16,3
4,17,3
4,18,3
4,19,3
4,20,2
4,21,2
4,22,2
4,23,4
4,24,4
4,25,4
4,26,4
4,27,4
4,28,4
4,29,1
4,30,1
5,0,4
5,1,4
5,2,4
5,3,4
5,4,4
5,5,1
5,6,1
5,7,1
5,8,2
5,9,2
5,10,2
5,11,2
5,12,2
5,13,2
5,14,3
5,15,3
5,16,3
5,17,3
5,18,3
5,19,3
5,20,3
5,21,2
5,22,2
5,23,4
5,24,4
5,25,4
5,26,4
5,27,4
5,28,1
5,29,1
5,30,1
6,0,4
6,1,4
6,2,4
6,3,4
6,4,4
6,5,4
6,6,1
6,7,1
6,8,2
6,9,2
6,10,2
6,11,4
6,12,4
6,13,4
6,14,3
6,15,3
6,16,3
6,17,3
6,18,3
6,19,3
6,20,3
6,21,2
6,22,2
6,23,2
6,24,4
6,25,4
6,26,3
6,27,3
6,28,1
6,29,1
6,30,1
7,0,4
7,1,4
7,2,4
7,3,4
7,4,4
7,5,4
7,6,1
7,7,1
7,8,2
7,9,2
7,10,4
7,11,4
7,12,4
7,13,4
7,14,4
7,15,3
7,16,3
7,17,3
7,18,3
7,19,3
7,20,3
7,21,2
7,22,2
7,23,2
7,24,2
7,25,3
7,26,3
7,27,3
7,28,3
7,29,1
7,30,1
8,0,4
8,1,4
8,2,4
8,3,4
8,4,4
8,5,4
8,6,1
8,7,1
8,8,2
8,9,2
8,10,4
8,11,4
8,12,4
8,13,4
8,14,4
8,15,3
8,16,3
8,17,3
8,18,3
8,19,3
8,20,3
8,21,2
8,22,2
8,23,2
8,24,2
8,25,3
8,26,3
8,27,3
8,28,3
8,29,3
8,30,3
9,0,4
9,1,4
9,2,4
9,3,4
9,4,4
9,5,1
9,6,1
9,7,1
9,8,2
9,9,2
9,10,2
9,11,4
9,12,4
9,13,4
9,14,3
9,15,3
9,16,3
9,17,3
9,18,3
9,19,3
9,20,4
9,21,4
9,22,2
9,23,2
9,24,1
9,25,1
9,26,3
9,27,3
9,28,3
9,29,3
9,30,3
10,0,4
10,1,4
10,2,4
10,3,1
10,4,1
10,5,1
10,6,1
10,7,1
10,8,2
10,9,2
10,10,2
10,11,2
10,12,4
10,13,4
10,14,3
10,15,3
10,16,3
10,17,4
10,18,4
10,19,4
10,20,4
10,21,4
10,22,4
10,23,1
10,24,1
10,25,1
10,26,1
10,27,3
10,28,3
10,29,3
10,30,3
11,0,4
11,1,4
11,2,1
11,3,1
11,4,1
11,5,1
11,6,1
11,7,4
11,8,4
11,9,2
11,10,2
11,11,2
11,12,4
11,13,4
11,14,3
11,15,3
11,16,4
11,17,4
11,18,4
11,19,4
11,20,4
11,21,4
11,22,4
11,23,1
11,24,1
11,25,1
11,26,1
11,27,1
11,28,3
11,29,3
11,30,3
12,0,4
12,1,4
12,2,1
12,3,1
12,4,1
12,5,1
12,6,4
12,7,4
12,8,4
12,9,4
12,10,2
12,11,2
12,12,4
12,13,4
12,14,3
12,15,3
12,16,4
12,17,4
12,18,4
12,19,4
12,20,4
12,21,4
12,22,2
12,23,2
12,24,1
12,25,1
12,26,1
12,27,1
12,28,1
12,29,1
12,30,1
13,0,4
13,1,4
13,2,4
13,3,1
13,4,1
13,5,4
13,6,4
13,7,4
13,8,4
13,9,4
13,10,2
13,11,2
13,12,4
13,13,4
13,14,3
13,15,3
13,16,4
13,17,4
13,18,4
13,19,4
13,20,4
13,21,2
13,22,2
13,23,2
13,24,2
13,25,1
13,26,1
13,27,1
13,28,1
13,29,1
13,30,1
14,0,4
14,1,4
14,2,4
14,3,4
14,4,4
14,5,4
14,6,4
14,7,4
14,8,4
14,9,2
14,10,2
14,11,2
14,12,4
14,13,4
14,14,3
14,15,3
14,16,4
14,17,4
14,18,4
14,19,3
14,20,3
14,21,2
14,22,2
14,23,2
14,24,2
14,25,1
14,26,1
14,27,1
14,28,1
14,29,1
14,30,1
15,0,4
15,1,4
15,2,4
15,3,4
15,4,4
15,5,4
15,6,4
15,7,4
15,8,4
15,9,2
15,10,2
15,11,2
15,12,4
15,13,4
15,14,3
15,15,3
15,16,4
15,17,4
15,18,3
15,19,3
15,20,3
15,21,3
15,22,2
15,23,2
15,24,2
15,25,1
15,26,1
15,27,1
15,28,1
15,29,1
15,30,1
16,0,3
16,1,3
16,2,4
16,3,4
16,4,4
16,5,4
16,6,4
16,7,4
16,8,2
16,9,2
16,10,2
16,11,4
16,12,4
16,13,4
16,14,3
16,15,3
16,16,4
16,17,4
16,18,3
16,19,3
16,20,3
16,21,3
16,22,2
16,23,2
16,24,2
16,25,1
16,26,1
16,27,1
16,28,1
16,29,1
16,30,1
17,0,3
17,1,3
17,2,3
17,3,4
17,4,4
17,5,4
17,6,4
17,7,2
17,8,2
17,9,2
17,10,2
17,11,4
17,12,4
17,13,4
17,14,3
17,15,3
17,16,4
17,17,4
17,18,4
17,19,3
17,20,3
17,21,2
17,22,2
17,23,2
17,24,1
17,25,1
17,26,1
17,27,1
17,28,1
17,29,1
17,30,1
18,0,3
18,1,3
18,2,3
18,3,4
18,4,4
18,5,4
18,6,4
18,7,2
18,8,2
18,9,2
18,10,4
18,11,4
18,12,4
18,13,3
18,14,3
18,15,3
18,16,4
18,17,4
18,18,4
18,19,4
18,20,2
18,21,2
18,22,2
18,23,2
18,24,1
18,25,1
18,26,1
18,27,1
18,28,1
18,29,1
18,30,1
19,0,3
19,1,3
19,2,4
19,3,4
19,4,4
19,5,4
19,6,4
19,7,2
19,8,2
19,9,4
19,10,4
19,11,4
19,12,4
19,13,3
19,14,3
19,15,3
19,16,4
19,17,4
19,18,4
19,19,4
19,20,2
19,21,2
19,22,2
19,23,4
19,24,4
19,25,1
19,26,1
19,27,1
19,28,1
19,29,1
19,30,1
20,0,4
20,1,4
20,2,4
20,3,4
20,4,4
20,5,4
20,6,2
20,7,2
20,8,2
20,9,4
20,10,4
20,11,4
20,12,3
20,13,3
20,14,3
20,15,4
20,16,4
20,17,4
20,18,4
20,19,4
20,20,2
20,21,2
20,22,4
20,23,4
20,24,4
20,25,4
20,26,1
20,27,1
20,28,2
20,29,2
20,30,2
21,0,4
21,1,4
21,2,4
21,3,4
21,4,4
21,5,2
21,6,2
21,7,2
21,8,2
21,9,4
21,10,4
21,11,4
21,12,3
21,13,3
21,14,3
21,15,4
21,16,4
21,17,4
21,18,4
21,19,4
21,20,2
21,21,2
21,22,4
21,23,4
21,24,4
21,25,4
21,26,2
21,27,2
21,28,2
21,29,2
21,30,2
22,0,4
22,1,4
22,2,4
22,3,1
22,4,1
22,5,2
22,6,2
22,7,2
22,8,4
22,9,4
22,10,4
22,11,3
22,12,3
22,13,3
22,14,4
22,15,4
22,16,4
22,17,4
22,18,4
22,19,4
22,20,2
22,21,2
22,22,2
22,23,4
22,24,4
22,25,2
22,26,2
22,27,2
22,28,2
22,29,2
22,30,2
23,0,4
23,1,4
23,2,1
23,3,1
23,4,1
23,5,1
23,6,2
23,7,2
23,8,4
23,9,4
23,10,4
23,11,3
23,12,3
23,13,3
23,14,4
23,15,4
23,16,4
23,17,4
23,18,4
23,19,4
23,20,2
23,21,2
23,22,2
23,23,4
23,24,4
23,25,2
23,26,2
23,27,2
23,28,2
23,29,4
23,30,4
24,0,4
24,1,4
24,2,1
24,3,1
24,4,1
24,5,1
24,6,2
24,7,2
24,8,4
24,9,4
24,10,4
24,11,3
24,12,3
24,13,3
24,14,4
24,15,4
24,16,4
24,17,4
24,18,4
24,19,4
24,20,2
24,21,2
24,22,4
24,23,4
24,24,4
24,25,4
24,26,2
24,27,2
24,28,4
24,29,4
24,30,4
25,0,4
25,1,4
25,2,4
25,3,1
25,4,1
25,5,2
25,6,2
25,7,2
25,8,4
25,9,4
25,10,3
25,11,3
25,12,3
25,13,3
25,14,3
25,15,4
25,16,4
25,17,4
25,18,4
25,19,2
25,20,2
25,21,2
25,22,4
25,23,4
25,24,4
25,25,4
25,26,1
25,27,1
25,28,4
25,29,4
25,30,4
26,0,4
26,1,4
26,2,4
26,3,4
26,4,2
26,5,2
26,6,2
26,7,2
26,8,4
26,9,4
26,10,3
26,11,3
26,12,3
26,13,3
26,14,3
26,15,3
26,16,3
26,17,3
26,18,3
26,19,2
26,20,2
26,21,2
26,22,2
26,23,4
26,24,4
26,25,1
26,26,1
26,27,1
26,28,1
26,29,4
26,30,4
27,0,4
27,1,4
27,2,4
27,3,4
27,4,2
27,5,2
27,6,2
27,7,2
27,8,4
27,9,4
27,10,4
27,11,3
27,12,3
27,13,3
27,14,3
27,15,3
27,16,3
27,17,3
27,18,3
27,19,3
27,20,2
27,21,2
27,22,2
27,23,4
27,24,4
27,25,1
27,26,1
27,27,1
27,28,1
27,29,3
27,30,3
28,0,4
28,1,4
28,2,4
28,3,4
28,4,4
28,5,2
28,6,2
28,7,4
28,8,4
28,9,4
28,10,4
28,11,1
28,12,1
28,13,3
28,14,3
28,15,1
28,16,1
28,17,3
28,18,3
28,19,3
28,20,3
28,21,2
28,22,2
28,23,4
28,24,4
28,25,4
28,26,1
28,27,1
28,28,3
28,29,3
28,30,3
29,0,4
29,1,4
29,2,4
29,3,4
29,4,4
29,5,4
29,6,4
29,7,4
29,8,4
29,9,4
29,10,1
29,11,1
29,12,1
29,13,1
29,14,1
29,15,1
29,16,1
29,17,1
29,18,3
29,19,3
29,20,3
29,21,2
29,22,2
29,23,4
29,24,4
29,25,4
29,26,4
29,27,3
29,28,3
29,29,3
29,30,3
30,0,4
30,1,4
30,2,4
30,3,4
30,4,4
30,5,4
30,6,4
30,7,4
30,8,4
30,9,4
30,10,1
30,11,1
30,12,1
30,13,1
30,14,1
30,15,1
30,16,1
30,17,1
30,18,3
30,19,3
30,20,3
30,21,2
30,22,2
30,23,4
30,24,4
30,25,4
30,26,4
30,27,3
30,28,3
30,29,3
30,30,3