3
2
5
2
2,12
12,2
12,27
1,2,3
0,1,2
0,0,4
0,1,4
0,2,2
0,3,2
0,4,2
0,5,4
0,6,4
0,7,4
0,8,4
0,9,4
0,10,4
0,11,4
0,12,4
0,13,4
0,14,4
0,15,4
0,16,4
0,17,1
0,18,1
0,19,3
0,20,3
0,21,3
0,22,1
0,23,1
0,24,2
0,25,2
0,26,2
0,27,1
0,28,1
0,29,2
0,30,2
1,0,4
1,1,4
1,2,2
1,3,2
1,4,2
1,5,4
1,6,4
1,7,4
1,8,4
1,9,4
1,10,4
1,11,4
1,12,4
1,13,4
1,14,4
1,15,4
1,16,4
1,17,1
1,18,1
1,19,3
1,20,3
1,21,3
1,22,1
1,23,1
1,24,2
1,25,2
1,26,2
1,27,1
1,28,1
1,29,2
1,30,2
2,0,4
2,1,4
2,2,4
2,3,2
2,4,2
2,5,4
2,6,4
2,7,4
2,8,4
2,9,4
2,10,4
2,11,4
2,12,4
2,13,4
2,14,4
2,15,4
2,16,4
2,17,1
2,18,1
2,19,3
2,20,3
2,21,1
2,22,1
2,23,1
2,24,2
2,25,2
2,26,2
2,27,1
2,28,1
2,29,2
2,30,2
3,0,4
3,1,4
3,2,4
3,3,2
3,4,2
3,5,4
3,6,4
3,7,4
3,8,4
3,9,4
3,10,4
3,11,4
3,12,4
3,13,4
3,14,4
3,15,4
3,16,1
3,17,1
3,18,1
3,19,3
3,20,3
3,21,1
3,22,1
3,23,1
3,24,2
3,25,2
3,26,1
3,27,1
3,28,1
3,29,2
3,30,2
4,0,4
4,1,4
4,2,4
4,3,2
4,4,2
4,5,4
4,6,4
4,7,4
4,8,4
4,9,4
4,10,4
4,11,4
4,12,4
4,13,4
4,14,4
4,15,1
4,16,1
4,17,1
4,18,1
4,19,3
4,20,3
4,21,1
4,22,1
4,23,2
4,24,2
4,25,2
4,26,1
4,27,1
4,28,1
4,29,2
4,30,2
5,0,4
5,1,4
5,2,2
5,3,2
5,4,2
5,5,4
5,6,4
5,7,4
5,8,1
5,9,1
5,10,4
5,11,4
5,12,2
5,13,2
5,14,2
5,15,1
5,16,1
5,17,1
5,18,1
5,19,3
5,20,3
5,21,1
5,22,1
5,23,2
5,24,2
5,25,2
5,26,1
5,27,1
5,28,2
5,29,2
5,30,2
6,0,2
6,1,2
6,2,2
6,3,2
6,4,2
6,5,4
6,6,4
6,7,1
6,8,1
6,9,1
6,10,1
6,11,2
6,12,2
6,13,2
6,14,2
6,15,2
6,16,1
6,17,1
6,18,3
6,19,3
6,20,3
6,21,1
6,22,1
6,23,2
6,24,2
6,25,1
6,26,1
6,27,1
6,28,2
6,29,2
6,30,2
7,0,2
7,1,2
7,2,2
7,3,2
7,4,2
7,5,4
7,6,4
7,7,1
7,8,1
7,9,1
7,10,1
7,11,2
7,12,2
7,13,2
7,14,2
7,15,2
7,16,2
7,17,3
7,18,3
7,19,3
7,20,3
7,21,1
7,22,1
7,23,2
7,24,2
7,25,1
7,26,1
7,27,1
7,28,1
7,29,2
7,30,2
8,0,2
8,1,2
8,2,2
8,3,2
8,4,4
8,5,4
8,6,4
8,7,4
8,8,1
8,9,1
8,10,1
8,11,1
8,12,2
8,13,2
8,14,2
8,15,2
8,16,2
8,17,3
8,18,3
8,19,3
8,20,3
8,21,1
8,22,1
8,23,2
8,24,2
8,25,1
8,26,1
8,27,1
8,28,1
8,29,1
8,30,1
9,0,2
9,1,2
9,2,3
9,3,3
9,4,4
9,5,4
9,6,4
9,7,4
9,8,1
9,9,1
9,10,1
9,11,1
9,12,2
9,13,2
9,14,2
9,15,2
9,16,2
9,17,2
9,18,3
9,19,3
9,20,1
9,21,1
9,22,1
9,23,2
9,24,2
9,25,2
9,26,1
9,27,1
9,28,1
9,29,1
9,30,1
10,0,3
10,1,3
10,2,3
10,3,3
10,4,3
10,5,4
10,6,4
10,7,4
10,8,4
10,9,1
10,10,1
10,11,4
10,12,4
10,13,2
10,14,2
10,15,2
10,16,2
10,17,2
10,18,4
10,19,4
10,20,1
10,21,1
10,22,1
10,23,2
10,24,2
10,25,2
10,26,2
10,27,2
10,28,2
10,29,2
10,30,2
11,0,3
11,1,3
11,2,3
11,3,3
11,4,3
11,5,4
11,6,4
11,7,4
11,8,4
11,9,4
11,10,4
11,11,4
11,12,4
11,13,4
11,14,2
11,15,2
11,16,2
11,17,4
11,18,4
11,19,4
11,20,4
11,21,1
11,22,1
11,23,2
11,24,2
11,25,2
11,26,2
11,27,2
11,28,2
11,29,2
11,30,2
12,0,3
12,1,3
12,2,3
12,3,3
12,4,3
12,5,4
12,6,4
12,7,4
12,8,4
12,9,4
12,10,4
12,11,4
12,12,4
12,13,4
12,14,1
12,15,1
12,16,1
12,17,4
12,18,4
12,19,4
12,20,4
12,21,1
12,22,1
12,23,2
12,24,2
12,25,2
12,26,2
12,27,2
12,28,2
12,29,2
12,30,2
13,0,3
13,1,3
13,2,3
13,3,3
13,4,3
13,5,4
13,6,4
13,7,4
13,8,4
13,9,1
13,10,1
13,11,4
13,12,4
13,13,1
13,14,1
13,15,1
13,16,1
13,17,1
13,18,4
13,19,4
13,20,4
13,21,1
13,22,1
13,23,2
13,24,2
13,25,2
13,26,2
13,27,2
13,28,2
13,29,2
13,30,2
14,0,3
14,1,3
14,2,3
14,3,3
14,4,3
14,5,4
14,6,4
14,7,4
14,8,1
14,9,1
14,10,1
14,11,1
14,12,1
14,13,1
14,14,1
14,15,1
14,16,1
14,17,1
14,18,4
14,19,4
14,20,4
14,21,1
14,22,1
14,23,1
14,24,2
14,25,2
14,26,2
14,27,2
14,28,2
14,29,2
14,30,2
15,0,4
15,1,4
15,2,3
15,3,3
15,4,4
15,5,4
15,6,4
15,7,1
15,8,1
15,9,1
15,10,1
15,11,1
15,12,1
15,13,1
15,14,1
15,15,1
15,16,1
15,17,4
15,18,4
15,19,4
15,20,4
15,21,1
15,22,1
15,23,1
15,24,1
15,25,1
15,26,1
15,27,1
15,28,1
15,29,1
15,30,1
16,0,4
16,1,4
16,2,4
16,3,4
16,4,4
16,5,4
16,6,4
16,7,1
16,8,1
16,9,1
16,10,1
16,11,1
16,12,3
16,13,3
16,14,3
16,15,3
16,16,3
16,17,4
16,18,4
16,19,4
16,20,1
16,21,1
16,22,1
16,23,1
16,24,1
16,25,1
16,26,1
16,27,1
16,28,1
16,29,1
16,30,1
17,0,4
17,1,4
17,2,4
17,3,4
17,4,4
17,5,4
17,6,1
17,7,1
17,8,1
17,9,1
17,10,1
17,11,3
17,12,3
17,13,3
17,14,3
17,15,3
17,16,3
17,17,3
17,18,4
17,19,4
17,20,1
17,21,1
17,22,1
17,23,1
17,24,1
17,25,1
17,26,2
17,27,2
17,28,2
17,29,2
17,30,2
18,0,4
18,1,4
18,2,4
18,3,4
18,4,4
18,5,1
18,6,1
18,7,1
18,8,1
18,9,4
18,10,4
18,11,3
18,12,3
18,13,3
18,14,3
18,15,3
18,16,3
18,17,3
18,18,4
18,19,4
18,20,4
18,21,1
18,22,1
18,23,2
18,24,2
18,25,2
18,26,2
18,27,2
18,28,2
18,29,2
18,30,2
19,0,4
19,1,4
19,2,4
19,3,3
19,4,3
19,5,1
19,6,1
19,7,1
19,8,4
19,9,4
19,10,4
19,11,4
19,12,3
19,13,3
19,14,3
19,15,3
19,16,3
19,17,3
19,18,4
19,19,4
19,20,4
19,21,4
19,22,2
19,23,2
19,24,2
19,25,2
19,26,2
19,27,2
19,28,4
19,29,4
19,30,4
20,0,3
20,1,3
20,2,3
20,3,3
20,4,3
20,5,3
20,6,1
20,7,1
20,8,4
20,9,4
20,10,4
20,11,4
20,12,3
20,13,3
20,14,3
20,15,3
20,16,3
20,17,3
20,18,4
20,19,4
20,20,4
20,21,4
20,22,2
20,23,2
20,24,2
20,25,2
20,26,2
20,27,4
20,28,4
20,29,4
20,30,4
21,0,3
21,1,3
21,2,3
21,3,3
21,4,3
21,5,3
21,6,1
21,7,1
21,8,4
21,9,4
21,10,4
21,11,4
21,12,3
21,13,3
21,14,3
21,15,3
21,16,3
21,17,3
21,18,4
21,19,4
21,20,4
21,21,4
21,22,2
21,23,2
21,24,2
21,25,2
21,26,2
21,27,4
21,28,4
21,29,4
21,30,4
22,0,2
22,1,2
22,2,3
22,3,3
22,4,3
22,5,1
22,6,1
22,7,1
22,8,1
22,9,4
22,10,4
22,11,3
22,12,3
22,13,3
22,14,3
22,15,3
22,16,3
22,17,2
22,18,2
22,19,4
22,20,4
22,21,4
22,22,4
22,23,2
22,24,2
22,25,2
22,26,4
22,27,4
22,28,4
22,29,4
22,30,4
23,0,2
23,1,2
23,2,2
23,3,2
23,4,2
23,5,1
23,6,1
23,7,1
23,8,1
23,9,1
23,10,1
23,11,3
23,12,3
23,13,3
23,14,3
23,15,3
23,16,2
23,17,2
23,18,2
23,19,2
23,20,4
23,21,4
23,22,4
23,23,4
23,24,4
23,25,4
23,26,4
23,27,4
23,28,4
23,29,4
23,30,4
24,0,2
24,1,2
24,2,2
24,3,2
24,4,2
24,5,2
24,6,1
24,7,1
24,8,1
24,9,1
24,10,1
24,11,1
24,12,3
24,13,3
24,14,1
24,15,1
24,16,2
24,17,2
24,18,2
24,19,2
24,20,4
24,21,4
24,22,4
24,23,4
24,24,4
24,25,4
24,26,4
24,27,4
24,28,3
24,29,3
24,30,3
25,0,2
25,1,2
25,2,2
25,3,2
25,4,2
25,5,2
25,6,2
25,7,1
25,8,1
25,9,1
25,10,1
25,11,1
25,12,1
25,13,1
25,14,1
25,15,1
25,16,1
25,17,2
25,18,2
25,19,4
25,20,4
25,21,4
25,22,4
25,23,4
25,24,4
25,25,4
25,26,4
25,27,3
25,28,3
25,29,3
25,30,3
26,0,4
26,1,4
26,2,4
26,3,4
26,4,2
26,5,2
26,6,2
26,7,1
26,8,1
26,9,1
26,10,1
26,11,1
26,12,1
26,13,1
26,14,1
26,15,1
26,16,1
26,17,4
26,18,4
26,19,4
26,20,4
26,21,4
26,22,4
26,23,4
26,24,4
26,25,2
26,26,2
26,27,3
26,28,3
26,29,3
26,30,3
27,0,4
27,1,4
27,2,4
27,3,4
27,4,4
27,5,2
27,6,2
27,7,1
27,8,1
27,9,1
27,10,3
27,11,3
27,12,1
27,13,1
27,14,1
27,15,1
27,16,4
27,17,4
27,18,4
27,19,4
27,20,4
27,21,4
27,22,4
27,23,4
27,24,2
27,25,2
27,26,2
27,27,2
27,28,3
27,29,3
27,30,3
28,0,4
28,1,4
28,2,4
28,3,4
28,4,4
28,5,2
28,6,2
28,7,1
28,8,1
28,9,3
28,10,3
28,11,3
28,12,3
28,13,1
28,14,1
28,15,4
28,16,4
28,17,4
28,18,4
28,19,1
28,20,1
28,21,4
28,22,4
28,23,4
28,24,2
28,25,2
28,26,2
28,27,2
28,28,4
28,29,4
28,30,4
29,0,4
29,1,4
29,2,4
29,3,4
29,4,4
29,5,2
29,6,2
29,7,1
29,8,1
29,9,3
29,10,3
29,11,3
29,12,3
29,13,1
29,14,1
29,15,4
29,16,4
29,17,4
29,18,1
29,19,1
29,20,1
29,21,1
29,22,4
29,23,4
29,24,4
29,25,2
29,26,2
29,27,4
29,28,4
29,29,4
29,30,4
30,0,4
30,1,4
30,2,4
30,3,4
30,4,4
30,5,2
30,6,2
30,7,1
30,8,1
30,9,3
30,10,3
30,11,3
30,12,3
30,13,1
30,14,1
30,15,4
30,16,4
30,17,4
30,18,1
30,19,1
30,20,1
30,21,1
30,22,4
30,23,4
30,24,4
30,25,2
30,26,2
30,27,4
30,28,4
30,29,4
30,30,4