3
2
5
0
7,2
7,22
27,22
0,2,1
1,2,4
0,0,4
0,1,4
0,2,4
0,3,4
0,4,4
0,5,1
0,6,1
0,7,1
0,8,1
0,9,1
0,10,1
0,11,1
0,12,1
0,13,1
0,14,1
0,15,4
0,16,4
0,17,4
0,18,4
0,19,2
0,20,2
0,21,2
0,22,2
0,23,2
0,24,3
0,25,3
0,26,3
0,27,3
0,28,3
0,29,3
0,30,3
1,0,4
1,1,4
1,2,4
1,3,4
1,4,4
1,5,1
1,6,1
1,7,1
1,8,1
1,9,1
1,10,1
1,11,1
1,12,1
1,13,1
1,14,1
1,15,4
1,16,4
1,17,4
1,18,4
1,19,2
1,20,2
1,21,2
1,22,2
1,23,2
1,24,3
1,25,3
1,26,3
1,27,3
1,28,3
1,29,3
1,30,3
2,0,4
2,1,4
2,2,4
2,3,4
2,4,4
2,5,4
2,6,1
2,7,1
2,8,1
2,9,1
2,10,1
2,11,1
2,12,1
2,13,1
2,14,3
2,15,3
2,16,4
2,17,4
2,18,3
2,19,3
2,20,2
2,21,2
2,22,2
2,23,2
2,24,2
2,25,3
2,26,3
2,27,3
2,28,3
2,29,3
2,30,3
3,0,4
3,1,4
3,2,4
3,3,4
3,4,4
3,5,4
3,6,3
3,7,3
3,8,1
3,9,1
3,10,1
3,11,1
3,12,1
3,13,3
3,14,3
3,15,3
3,16,3
3,17,3
3,18,3
3,19,3
3,20,3
3,21,2
3,22,2
3,23,2
3,24,2
3,25,2
3,26,2
3,27,3
3,28,3
3,29,3
3,30,3
4,0,4
4,1,4
4,2,4
4,3,4
4,4,4
4,5,3
4,6,3
4,7,3
4,8,3
4,9,1
4,10,1
4,11,1
4,12,1
4,13,3
4,14,3
4,15,3
4,16,3
4,17,3
4,18,3
4,19,3
4,20,3
4,21,3
4,22,2
4,23,2
4,24,2
4,25,2
4,26,2
4,27,2
4,28,2
4,29,2
4,30,2
5,0,4
5,1,4
5,2,4
5,3,4
5,4,4
5,5,3
5,6,3
5,7,3
5,8,3
5,9,1
5,10,1
5,11,1
5,12,4
5,13,4
5,14,3
5,15,3
5,16,3
5,17,4
5,18,4
5,19,3
5,20,3
5,21,3
5,22,3
5,23,3
5,24,3
5,25,2
5,26,2
5,27,2
5,28,2
5,29,2
5,30,2
6,0,4
6,1,4
6,2,4
6,3,4
6,4,4
6,5,4
6,6,3
6,7,3
6,8,1
6,9,1
6,10,1
6,11,4
6,12,4
6,13,4
6,14,4
6,15,4
6,16,4
6,17,4
6,18,4
6,19,4
6,20,3
6,21,3
6,22,3
6,23,3
6,24,3
6,25,3
6,26,3
6,27,3
6,28,3
6,29,2
6,30,2
7,0,4
7,1,4
7,2,4
7,3,4
7,4,4
7,5,4
7,6,4
7,7,1
7,8,1
7,9,1
7,10,1
7,11,4
7,12,4
7,13,4
7,14,4
7,15,4
7,16,4
7,17,4
7,18,4
7,19,4
7,20,3
7,21,3
7,22,3
7,23,3
7,24,3
7,25,3
7,26,3
7,27,3
7,28,3
7,29,3
7,30,3
8,0,4
8,1,4
8,2,4
8,3,4
8,4,4
8,5,4
8,6,4
8,7,1
8,8,1
8,9,1
8,10,2
8,11,2
8,12,4
8,13,4
8,14,2
8,15,2
8,16,2
8,17,4
8,18,4
8,19,3
8,20,3
8,21,3
8,22,3
8,23,3
8,24,3
8,25,3
8,26,3
8,27,3
8,28,3
8,29,3
8,30,3
9,0,4
9,1,4
9,2,4
9,3,4
9,4,4
9,5,4
9,6,4
9,7,1
9,8,1
9,9,2
9,10,2
9,11,2
9,12,2
9,13,2
9,14,2
9,15,2
9,16,2
9,17,2
9,18,3
9,19,3
9,20,3
9,21,3
9,22,3
9,23,3
9,24,3
9,25,4
9,26,4
9,27,3
9,28,3
9,29,4
9,30,4
10,0,4
10,1,4
10,2,4
10,3,4
10,4,4
10,5,4
10,6,4
10,7,1
10,8,1
10,9,2
10,10,2
10,11,2
10,12,2
10,13,2
10,14,2
10,15,2
10,16,2
10,17,2
10,18,3
10,19,3
10,20,3
10,21,4
10,22,4
10,23,4
10,24,4
10,25,4
10,26,4
10,27,4
10,28,4
10,29,4
10,30,4
11,0,4
11,1,4
11,2,4
11,3,4
11,4,4
11,5,4
11,6,4
11,7,1
11,8,1
11,9,2
11,10,2
11,11,2
11,12,4
11,13,4
11,14,4
11,15,2
11,16,2
11,17,2
11,18,3
11,19,3
11,20,4
11,21,4
11,22,4
11,23,4
11,24,4
11,25,4
11,26,4
11,27,4
11,28,4
11,29,4
11,30,4
12,0,4
12,1,4
12,2,4
12,3,4
12,4,4
12,5,4
12,6,4
12,7,1
12,8,1
12,9,2
12,10,2
12,11,4
12,12,4
12,13,4
12,14,4
12,15,4
12,16,2
12,17,2
12,18,3
12,19,3
12,20,4
12,21,4
12,22,4
12,23,4
12,24,4
12,25,1
12,26,1
12,27,1
12,28,1
12,29,4
12,30,4
13,0,4
13,1,4
13,2,2
13,3,2
13,4,4
13,5,4
13,6,1
13,7,1
13,8,1
13,9,2
13,10,2
13,11,4
13,12,4
13,13,4
13,14,4
13,15,4
13,16,2
13,17,2
13,18,3
13,19,3
13,20,3
13,21,4
13,22,4
13,23,4
13,24,1
13,25,1
13,26,1
13,27,1
13,28,1
13,29,1
13,30,1
14,0,2
14,1,2
14,2,2
14,3,2
14,4,2
14,5,1
14,6,1
14,7,1
14,8,1
14,9,2
14,10,2
14,11,4
14,12,4
14,13,4
14,14,4
14,15,4
14,16,2
14,17,2
14,18,3
14,19,3
14,20,3
14,21,3
14,22,3
14,23,3
14,24,1
14,25,1
14,26,1
14,27,1
14,28,1
14,29,1
14,30,1
15,0,2
15,1,2
15,2,2
15,3,2
15,4,2
15,5,1
15,6,1
15,7,1
15,8,2
15,9,2
15,10,2
15,11,4
15,12,4
15,13,4
15,14,4
15,15,4
15,16,2
15,17,2
15,18,2
15,19,3
15,20,3
15,21,3
15,22,3
15,23,3
15,24,3
15,25,1
15,26,1
15,27,1
15,28,1
15,29,1
15,30,1
16,0,2
16,1,2
16,2,2
16,3,2
16,4,2
16,5,1
16,6,1
16,7,2
16,8,2
16,9,2
16,10,2
16,11,4
16,12,4
16,13,4
16,14,4
16,15,4
16,16,2
16,17,2
16,18,2
16,19,2
16,20,2
16,21,3
16,22,3
16,23,3
16,24,3
16,25,2
16,26,2
16,27,2
16,28,2
16,29,1
16,30,1
17,0,1
17,1,1
17,2,2
17,3,2
17,4,1
17,5,1
17,6,1
17,7,2
17,8,2
17,9,2
17,10,4
17,11,4
17,12,4
17,13,4
17,14,4
17,15,4
17,16,4
17,17,2
17,18,2
17,19,2
17,20,2
17,21,2
17,22,3
17,23,3
17,24,2
17,25,2
17,26,2
17,27,2
17,28,2
17,29,2
17,30,2
18,0,1
18,1,1
18,2,1
18,3,1
18,4,1
18,5,1
18,6,1
18,7,1
18,8,2
18,9,2
18,10,4
18,11,4
18,12,4
18,13,4
18,14,4
18,15,4
18,16,4
18,17,4
18,18,2
18,19,2
18,20,2
18,21,2
18,22,4
18,23,4
18,24,2
18,25,2
18,26,2
18,27,2
18,28,2
18,29,2
18,30,2
19,0,1
19,1,1
19,2,1
19,3,1
19,4,1
19,5,1
19,6,1
19,7,1
19,8,2
19,9,2
19,10,2
19,11,4
19,12,4
19,13,4
19,14,4
19,15,4
19,16,4
19,17,4
19,18,4
19,19,2
19,20,2
19,21,4
19,22,4
19,23,4
19,24,4
19,25,2
19,26,2
19,27,4
19,28,4
19,29,4
19,30,4
20,0,3
20,1,3
20,2,3
20,3,3
20,4,3
20,5,1
20,6,1
20,7,2
20,8,2
20,9,2
20,10,2
20,11,2
20,12,2
20,13,2
20,14,2
20,15,2
20,16,4
20,17,4
20,18,4
20,19,4
20,20,4
20,21,4
20,22,4
20,23,4
20,24,4
20,25,4
20,26,4
20,27,4
20,28,4
20,29,4
20,30,4
21,0,3
21,1,3
21,2,3
21,3,3
21,4,3
21,5,3
21,6,2
21,7,2
21,8,2
21,9,2
21,10,2
21,11,2
21,12,2
21,13,2
21,14,2
21,15,2
21,16,2
21,17,4
21,18,4
21,19,4
21,20,4
21,21,4
21,22,4
21,23,4
21,24,4
21,25,4
21,26,4
21,27,4
21,28,4
21,29,4
21,30,4
22,0,4
22,1,4
22,2,3
22,3,3
22,4,3
22,5,3
22,6,2
22,7,2
22,8,2
22,9,2
22,10,1
22,11,1
22,12,1
22,13,2
22,14,2
22,15,2
22,16,2
22,17,4
22,18,4
22,19,4
22,20,4
22,21,4
22,22,4
22,23,4
22,24,4
22,25,4
22,26,4
22,27,4
22,28,4
22,29,4
22,30,4
23,0,4
23,1,4
23,2,4
23,3,3
23,4,3
23,5,3
23,6,3
23,7,2
23,8,2
23,9,1
23,10,1
23,11,1
23,12,1
23,13,1
23,14,2
23,15,2
23,16,3
23,17,3
23,18,4
23,19,4
23,20,4
23,21,4
23,22,4
23,23,4
23,24,4
23,25,4
23,26,4
23,27,4
23,28,4
23,29,4
23,30,4
24,0,4
24,1,4
24,2,4
24,3,3
24,4,3
24,5,3
24,6,3
24,7,2
24,8,2
24,9,1
24,10,1
24,11,1
24,12,1
24,13,1
24,14,3
24,15,3
24,16,3
24,17,3
24,18,3
24,19,4
24,20,4
24,21,4
24,22,1
24,23,1
24,24,4
24,25,4
24,26,4
24,27,4
24,28,4
24,29,4
24,30,4
25,0,4
25,1,4
25,2,3
25,3,3
25,4,3
25,5,3
25,6,2
25,7,2
25,8,2
25,9,2
25,10,1
25,11,1
25,12,1
25,13,3
25,14,3
25,15,3
25,16,3
25,17,3
25,18,3
25,19,1
25,20,1
25,21,1
25,22,1
25,23,1
25,24,1
25,25,4
25,26,4
25,27,4
25,28,4
25,29,4
25,30,4
26,0,4
26,1,4
26,2,3
26,3,3
26,4,3
26,5,2
26,6,2
26,7,2
26,8,2
26,9,2
26,10,3
26,11,3
26,12,3
26,13,3
26,14,3
26,15,3
26,16,3
26,17,3
26,18,1
26,19,1
26,20,1
26,21,1
26,22,1
26,23,1
26,24,1
26,25,4
26,26,4
26,27,4
26,28,1
26,29,1
26,30,1
27,0,4
27,1,4
27,2,3
27,3,3
27,4,2
27,5,2
27,6,2
27,7,2
27,8,2
27,9,3
27,10,3
27,11,3
27,12,3
27,13,3
27,14,3
27,15,3
27,16,3
27,17,3
27,18,1
27,19,1
27,20,1
27,21,1
27,22,1
27,23,1
27,24,1
27,25,4
27,26,4
27,27,1
27,28,1
27,29,1
27,30,1
28,0,4
28,1,4
28,2,3
28,3,3
28,4,2
28,5,2
28,6,2
28,7,4
28,8,4
28,9,3
28,10,3
28,11,3
28,12,3
28,13,2
28,14,2
28,15,3
28,16,3
28,17,4
28,18,4
28,19,1
28,20,1
28,21,1
28,22,1
28,23,1
28,24,1
28,25,4
28,26,4
28,27,1
28,28,1
28,29,1
28,30,1
29,0,4
29,1,4
29,2,3
29,3,3
29,4,2
29,5,2
29,6,4
29,7,4
29,8,4
29,9,4
29,10,3
29,11,3
29,12,2
29,13,2
29,14,2
29,15,2
29,16,4
29,17,4
29,18,4
29,19,4
29,20,1
29,21,1
29,22,1
29,23,1
29,24,1
29,25,4
29,26,4
29,27,4
29,28,1
29,29,1
29,30,1
30,0,4
30,1,4
30,2,3
30,3,3
30,4,2
30,5,2
30,6,4
30,7,4
30,8,4
30,9,4
30,10,3
30,11,3
30,12,2
30,13,2
30,14,2
30,15,2
30,16,4
30,17,4
30,18,4
30,19,4
30,20,1
30,21,1
30,22,1
30,23,1
30,24,1
30,25,4
30,26,4
30,27,4
30,28,1
30,29,1
30,30,1