3
2
3
0
2,2
17,17
17,27
0,1,2
1,2,1
0,0,1
0,1,1
0,2,1
0,3,1
0,4,1
0,5,1
0,6,1
0,7,1
0,8,4
0,9,4
0,10,3
0,11,3
0,12,3
0,13,3
0,14,1
0,15,1
0,16,2
0,17,2
0,18,1
0,19,1
0,20,1
0,21,4
0,22,4
0,23,4
0,24,1
0,25,1
0,26,1
0,27,1
0,28,1
0,29,2
0,30,2
1,0,1
1,1,1
1,2,1
1,3,1
1,4,1
1,5,1
1,6,1
1,7,1
1,8,4
1,9,4
1,10,3
1,11,3
1,12,3
1,13,3
1,14,1
1,15,1
1,16,2
1,17,2
1,18,1
1,19,1
1,20,1
1,21,4
1,22,4
1,23,4
1,24,1
1,25,1
1,26,1
1,27,1
1,28,1
1,29,2
1,30,2
2,0,1
2,1,1
2,2,1
2,3,1
2,4,1
2,5,1
2,6,1
2,7,1
2,8,4
2,9,4
2,10,3
2,11,3
2,12,3
2,13,3
2,14,1
2,15,1
2,16,2
2,17,2
2,18,1
2,19,1
2,20,1
2,21,1
2,22,4
2,23,4
2,24,4
2,25,1
2,26,1
2,27,1
2,28,1
2,29,2
2,30,2
3,0,1
3,1,1
3,2,1
3,3,1
3,4,1
3,5,1
3,6,1
3,7,4
3,8,4
3,9,4
3,10,3
3,11,3
3,12,3
3,13,3
3,14,1
3,15,1
3,16,2
3,17,2
3,18,1
3,19,1
3,20,1
3,21,1
3,22,4
3,23,4
3,24,4
3,25,4
3,26,1
3,27,1
3,28,2
3,29,2
3,30,2
4,0,1
4,1,1
4,2,1
4,3,1
4,4,1
4,5,1
4,6,4
4,7,4
4,8,4
4,9,4
4,10,3
4,11,3
4,12,3
4,13,1
4,14,1
4,15,1
4,16,2
4,17,2
4,18,2
4,19,1
4,20,1
4,21,3
4,22,3
4,23,4
4,24,4
4,25,4
4,26,4
4,27,4
4,28,2
4,29,2
4,30,2
5,0,4
5,1,4
5,2,1
5,3,1
5,4,1
5,5,4
5,6,4
5,7,4
5,8,4
5,9,3
5,10,3
5,11,3
5,12,1
5,13,1
5,14,1
5,15,1
5,16,2
5,17,2
5,18,2
5,19,2
5,20,3
5,21,3
5,22,3
5,23,3
5,24,4
5,25,4
5,26,4
5,27,4
5,28,4
5,29,2
5,30,2
6,0,4
6,1,4
6,2,4
6,3,1
6,4,1
6,5,4
6,6,4
6,7,4
6,8,3
6,9,3
6,10,3
6,11,3
6,12,1
6,13,1
6,14,1
6,15,1
6,16,2
6,17,2
6,18,2
6,19,2
6,20,3
6,21,3
6,22,3
6,23,3
6,24,4
6,25,4
6,26,4
6,27,4
6,28,4
6,29,2
6,30,2
7,0,4
7,1,4
7,2,4
7,3,1
7,4,1
7,5,4
7,6,4
7,7,4
7,8,3
7,9,3
7,10,3
7,11,3
7,12,3
7,13,1
7,14,1
7,15,3
7,16,3
7,17,2
7,18,2
7,19,3
7,20,3
7,21,3
7,22,3
7,23,4
7,24,4
7,25,4
7,26,4
7,27,4
7,28,2
7,29,2
7,30,2
8,0,4
8,1,4
8,2,4
8,3,1
8,4,1
8,5,1
8,6,4
8,7,4
8,8,4
8,9,3
8,10,3
8,11,3
8,12,3
8,13,3
8,14,3
8,15,3
8,16,3
8,17,3
8,18,3
8,19,3
8,20,3
8,21,3
8,22,4
8,23,4
8,24,4
8,25,4
8,26,2
8,27,2
8,28,2
8,29,2
8,30,2
9,0,4
9,1,4
9,2,4
9,3,1
9,4,1
9,5,1
9,6,4
9,7,4
9,8,4
9,9,4
9,10,3
9,11,3
9,12,3
9,13,3
9,14,3
9,15,3
9,16,3
9,17,3
9,18,3
9,19,3
9,20,3
9,21,4
9,22,4
9,23,4
9,24,4
9,25,2
9,26,2
9,27,2
9,28,2
9,29,2
9,30,2
10,0,4
10,1,4
10,2,4
10,3,4
10,4,1
10,5,1
10,6,1
10,7,4
10,8,4
10,9,4
10,10,2
10,11,2
10,12,3
10,13,3
10,14,2
10,15,2
10,16,2
10,17,2
10,18,2
10,19,2
10,20,2
10,21,4
10,22,4
10,23,4
10,24,2
10,25,2
10,26,2
10,27,2
10,28,2
10,29,2
10,30,2
11,0,4
11,1,4
11,2,4
11,3,4
11,4,1
11,5,1
11,6,1
11,7,4
11,8,4
11,9,2
11,10,2
11,11,2
11,12,2
11,13,2
11,14,2
11,15,2
11,16,2
11,17,2
11,18,2
11,19,2
11,20,2
11,21,2
11,22,4
11,23,4
11,24,2
11,25,2
11,26,2
11,27,2
11,28,2
11,29,2
11,30,2
12,0,4
12,1,4
12,2,4
12,3,4
12,4,4
12,5,1
12,6,1
12,7,4
12,8,4
12,9,2
12,10,2
12,11,2
12,12,2
12,13,2
12,14,2
12,15,2
12,16,4
12,17,4
12,18,4
12,19,2
12,20,2
12,21,2
12,22,4
12,23,4
12,24,4
12,25,2
12,26,2
12,27,2
12,28,2
12,29,2
12,30,2
13,0,4
13,1,4
13,2,4
13,3,4
13,4,4
13,5,1
13,6,1
13,7,4
13,8,4
13,9,4
13,10,2
13,11,2
13,12,2
13,13,2
13,14,2
13,15,4
13,16,4
13,17,4
13,18,4
13,19,4
13,20,2
13,21,2
13,22,4
13,23,4
13,24,4
13,25,4
13,26,4
13,27,4
13,28,4
13,29,4
13,30,4
14,0,3
14,1,3
14,2,4
14,3,4
14,4,1
14,5,1
14,6,1
14,7,4
14,8,4
14,9,4
14,10,4
14,11,2
14,12,2
14,13,2
14,14,4
14,15,4
14,16,4
14,17,4
14,18,4
14,19,4
14,20,2
14,21,2
14,22,2
14,23,4
14,24,4
14,25,4
14,26,4
14,27,4
14,28,4
14,29,4
14,30,4
15,0,3
15,1,3
15,2,3
15,3,1
15,4,1
15,5,1
15,6,1
15,7,4
15,8,4
15,9,4
15,10,4
15,11,3
15,12,3
15,13,3
15,14,4
15,15,4
15,16,4
15,17,4
15,18,4
15,19,4
15,20,2
15,21,2
15,22,2
15,23,2
15,24,2
15,25,2
15,26,2
15,27,2
15,28,2
15,29,2
15,30,2
16,0,3
16,1,3
16,2,3
16,3,1
16,4,1
16,5,1
16,6,1
16,7,1
16,8,4
16,9,4
16,10,3
16,11,3
16,12,3
16,13,3
16,14,3
16,15,4
16,16,4
16,17,4
16,18,4
16,19,4
16,20,4
16,21,2
16,22,2
16,23,2
16,24,2
16,25,2
16,26,2
16,27,2
16,28,2
16,29,2
16,30,2
17,0,3
17,1,3
17,2,3
17,3,3
17,4,1
17,5,1
17,6,1
17,7,1
17,8,1
17,9,3
17,10,3
17,11,3
17,12,3
17,13,3
17,14,3
17,15,4
17,16,4
17,17,4
17,18,4
17,19,4
17,20,4
17,21,4
17,22,4
17,23,4
17,24,2
17,25,2
17,26,2
17,27,2
17,28,2
17,29,2
17,30,2
18,0,3
18,1,3
18,2,3
18,3,3
18,4,1
18,5,1
18,6,1
18,7,1
18,8,1
18,9,3
18,10,3
18,11,3
18,12,3
18,13,3
18,14,4
18,15,4
18,16,4
18,17,4
18,18,4
18,19,4
18,20,4
18,21,4
18,22,4
18,23,4
18,24,4
18,25,2
18,26,2
18,27,2
18,28,2
18,29,2
18,30,2
19,0,3
19,1,3
19,2,3
19,3,4
19,4,4
19,5,1
19,6,1
19,7,1
19,8,4
19,9,4
19,10,3
19,11,3
19,12,4
19,13,4
19,14,4
19,15,4
19,16,4
19,17,4
19,18,4
19,19,4
19,20,1
19,21,1
19,22,4
19,23,4
19,24,4
19,25,2
19,26,2
19,27,2
19,28,2
19,29,2
19,30,2
20,0,4
20,1,4
20,2,4
20,3,4
20,4,4
20,5,4
20,6,4
20,7,4
20,8,4
20,9,4
20,10,4
20,11,4
20,12,4
20,13,4
20,14,4
20,15,4
20,16,4
20,17,4
20,18,4
20,19,1
20,20,1
20,21,1
20,22,1
20,23,4
20,24,4
20,25,4
20,26,2
20,27,2
20,28,4
20,29,4
20,30,4
21,0,4
21,1,4
21,2,4
21,3,4
21,4,4
21,5,4
21,6,4
21,7,4
21,8,4
21,9,4
21,10,4
21,11,4
21,12,4
21,13,4
21,14,4
21,15,4
21,16,4
21,17,4
21,18,4
21,19,1
21,20,1
21,21,1
21,22,1
21,23,4
21,24,4
21,25,4
21,26,4
21,27,4
21,28,4
21,29,4
21,30,4
22,0,3
22,1,3
22,2,3
22,3,3
22,4,3
22,5,3
22,6,3
22,7,3
22,8,3
22,9,3
22,10,3
22,11,3
22,12,3
22,13,4
22,14,4
22,15,4
22,16,4
22,17,4
22,18,3
22,19,3
22,20,1
22,21,1
22,22,3
22,23,3
22,24,4
22,25,4
22,26,4
22,27,4
22,28,4
22,29,4
22,30,4
23,0,3
23,1,3
23,2,3
23,3,3
23,4,3
23,5,3
23,6,3
23,7,3
23,8,3
23,9,3
23,10,3
23,11,3
23,12,3
23,13,3
23,14,4
23,15,4
23,16,4
23,17,3
23,18,3
23,19,3
23,20,3
23,21,3
23,22,3
23,23,3
23,24,3
23,25,3
23,26,3
23,27,3
23,28,3
23,29,3
23,30,3
24,0,4
24,1,4
24,2,4
24,3,4
24,4,4
24,5,4
24,6,4
24,7,4
24,8,4
24,9,4
24,10,4
24,11,3
24,12,3
24,13,3
24,14,4
24,15,4
24,16,4
24,17,3
24,18,3
24,19,3
24,20,3
24,21,3
24,22,3
24,23,3
24,24,3
24,25,3
24,26,3
24,27,3
24,28,3
24,29,3
24,30,3
25,0,4
25,1,4
25,2,4
25,3,4
25,4,4
25,5,4
25,6,4
25,7,4
25,8,4
25,9,4
25,10,4
25,11,4
25,12,3
25,13,3
25,14,3
25,15,4
25,16,4
25,17,4
25,18,3
25,19,3
25,20,3
25,21,3
25,22,1
25,23,1
25,24,3
25,25,3
25,26,2
25,27,2
25,28,2
25,29,2
25,30,2
26,0,1
26,1,1
26,2,1
26,3,1
26,4,1
26,5,1
26,6,1
26,7,1
26,8,1
26,9,4
26,10,4
26,11,4
26,12,3
26,13,3
26,14,3
26,15,4
26,16,4
26,17,4
26,18,4
26,19,3
26,20,3
26,21,1
26,22,1
26,23,1
26,24,1
26,25,2
26,26,2
26,27,2
26,28,2
26,29,2
26,30,2
27,0,1
27,1,1
27,2,1
27,3,1
27,4,1
27,5,1
27,6,1
27,7,1
27,8,1
27,9,1
27,10,4
27,11,4
27,12,4
27,13,3
27,14,3
27,15,3
27,16,4
27,17,4
27,18,4
27,19,4
27,20,1
27,21,1
27,22,1
27,23,1
27,24,1
27,25,2
27,26,2
27,27,2
27,28,2
27,29,1
27,30,1
28,0,4
28,1,4
28,2,4
28,3,1
28,4,1
28,5,3
28,6,3
28,7,1
28,8,1
28,9,1
28,10,4
28,11,4
28,12,4
28,13,3
28,14,3
28,15,3
28,16,3
28,17,4
28,18,4
28,19,4
28,20,1
28,21,1
28,22,1
28,23,1
28,24,1
28,25,1
28,26,2
28,27,2
28,28,1
28,29,1
28,30,1
29,0,4
29,1,4
29,2,4
29,3,4
29,4,3
29,5,3
29,6,3
29,7,3
29,8,1
29,9,1
29,10,4
29,11,4
29,12,3
29,13,3
29,14,3
29,15,3
29,16,3
29,17,4
29,18,4
29,19,4
29,20,4
29,21,1
29,22,1
29,23,1
29,24,1
29,25,1
29,26,1
29,27,1
29,28,1
29,29,1
29,30,1
30,0,4
30,1,4
30,2,4
30,3,4
30,4,3
30,5,3
30,6,3
30,7,3
30,8,1
30,9,1
30,10,4
30,11,4
30,12,3
30,13,3
30,14,3
30,15,3
30,16,3
30,17,4
30,18,4
30,19,4
30,20,4
30,21,1
30,22,1
30,23,1
30,24,1
30,25,1
30,26,1
30,27,1
30,28,1
30,29,1
30,30,1