3
2
3
1
2,17
12,7
22,17
0,1,2
1,2,1
0,0,4
0,1,4
0,2,4
0,3,1
0,4,1
0,5,1
0,6,1
0,7,2
0,8,2
0,9,2
0,10,2
0,11,2
0,12,2
0,13,1
0,14,1
0,15,1
0,16,1
0,17,1
0,18,1
0,19,1
0,20,1
0,21,1
0,22,1
0,23,2
0,24,2
0,25,2
0,26,4
0,27,4
0,28,4
0,29,4
0,30,4
1,0,4
1,1,4
1,2,4
1,3,1
1,4,1
1,5,1
1,6,1
1,7,2
1,8,2
1,9,2
1,10,2
1,11,2
1,12,2
1,13,1
1,14,1
1,15,1
1,16,1
1,17,1
1,18,1
1,19,1
1,20,1
1,21,1
1,22,1
1,23,2
1,24,2
1,25,2
1,26,4
1,27,4
1,28,4
1,29,4
1,30,4
2,0,4
2,1,4
2,2,4
2,3,1
2,4,1
2,5,1
2,6,3
2,7,3
2,8,2
2,9,2
2,10,2
2,11,2
2,12,1
2,13,1
2,14,1
2,15,1
2,16,1
2,17,1
2,18,1
2,19,1
2,20,1
2,21,1
2,22,1
2,23,2
2,24,2
2,25,4
2,26,4
2,27,4
2,28,4
2,29,1
2,30,1
3,0,4
3,1,4
3,2,1
3,3,1
3,4,1
3,5,3
3,6,3
3,7,3
3,8,3
3,9,2
3,10,2
3,11,1
3,12,1
3,13,1
3,14,1
3,15,1
3,16,1
3,17,1
3,18,1
3,19,1
3,20,1
3,21,1
3,22,2
3,23,2
3,24,2
3,25,4
3,26,4
3,27,4
3,28,1
3,29,1
3,30,1
4,0,1
4,1,1
4,2,1
4,3,1
4,4,1
4,5,3
4,6,3
4,7,3
4,8,3
4,9,1
4,10,1
4,11,1
4,12,1
4,13,1
4,14,1
4,15,1
4,16,1
4,17,1
4,18,1
4,19,1
4,20,4
4,21,4
4,22,2
4,23,2
4,24,2
4,25,2
4,26,4
4,27,4
4,28,1
4,29,1
4,30,1
5,0,1
5,1,1
5,2,1
5,3,1
5,4,1
5,5,1
5,6,3
5,7,3
5,8,1
5,9,1
5,10,1
5,11,1
5,12,1
5,13,1
5,14,4
5,15,4
5,16,4
5,17,4
5,18,4
5,19,4
5,20,4
5,21,4
5,22,4
5,23,2
5,24,2
5,25,2
5,26,4
5,27,4
5,28,4
5,29,1
5,30,1
6,0,2
6,1,2
6,2,1
6,3,1
6,4,1
6,5,1
6,6,1
6,7,1
6,8,1
6,9,1
6,10,1
6,11,4
6,12,4
6,13,4
6,14,4
6,15,4
6,16,4
6,17,4
6,18,4
6,19,4
6,20,4
6,21,4
6,22,4
6,23,4
6,24,2
6,25,2
6,26,4
6,27,4
6,28,4
6,29,4
6,30,4
7,0,2
7,1,2
7,2,2
7,3,1
7,4,1
7,5,1
7,6,1
7,7,1
7,8,1
7,9,1
7,10,4
7,11,4
7,12,4
7,13,4
7,14,4
7,15,4
7,16,4
7,17,4
7,18,3
7,19,3
7,20,3
7,21,4
7,22,4
7,23,4
7,24,2
7,25,2
7,26,2
7,27,4
7,28,4
7,29,4
7,30,4
8,0,2
8,1,2
8,2,2
8,3,1
8,4,1
8,5,1
8,6,1
8,7,1
8,8,1
8,9,4
8,10,4
8,11,4
8,12,4
8,13,4
8,14,4
8,15,4
8,16,4
8,17,3
8,18,3
8,19,3
8,20,3
8,21,3
8,22,4
8,23,4
8,24,2
8,25,2
8,26,2
8,27,2
8,28,2
8,29,2
8,30,2
9,0,2
9,1,2
9,2,4
9,3,4
9,4,1
9,5,1
9,6,3
9,7,3
9,8,3
9,9,4
9,10,4
9,11,4
9,12,4
9,13,4
9,14,4
9,15,4
9,16,3
9,17,3
9,18,3
9,19,3
9,20,3
9,21,3
9,22,4
9,23,4
9,24,4
9,25,2
9,26,2
9,27,2
9,28,2
9,29,2
9,30,2
10,0,4
10,1,4
10,2,4
10,3,4
10,4,4
10,5,3
10,6,3
10,7,3
10,8,3
10,9,3
10,10,4
10,11,4
10,12,4
10,13,4
10,14,1
10,15,1
10,16,3
10,17,3
10,18,3
10,19,3
10,20,3
10,21,3
10,22,4
10,23,4
10,24,4
10,25,4
10,26,4
10,27,2
10,28,2
10,29,4
10,30,4
11,0,4
11,1,4
11,2,4
11,3,4
11,4,4
11,5,3
11,6,3
11,7,3
11,8,3
11,9,3
11,10,4
11,11,4
11,12,4
11,13,1
11,14,1
11,15,1
11,16,1
11,17,3
11,18,3
11,19,3
11,20,3
11,21,3
11,22,3
11,23,4
11,24,4
11,25,4
11,26,4
11,27,4
11,28,4
11,29,4
11,30,4
12,0,4
12,1,4
12,2,4
12,3,4
12,4,3
12,5,3
12,6,3
12,7,3
12,8,3
12,9,3
12,10,4
12,11,4
12,12,4
12,13,1
12,14,1
12,15,1
12,16,1
12,17,3
12,18,3
12,19,3
12,20,3
12,21,3
12,22,3
12,23,3
12,24,4
12,25,4
12,26,4
12,27,4
12,28,4
12,29,4
12,30,4
13,0,4
13,1,4
13,2,4
13,3,3
13,4,3
13,5,3
13,6,3
13,7,3
13,8,3
13,9,3
13,10,3
13,11,4
13,12,4
13,13,1
13,14,1
13,15,1
13,16,1
13,17,1
13,18,3
13,19,3
13,20,3
13,21,3
13,22,3
13,23,3
13,24,3
13,25,3
13,26,3
13,27,3
13,28,4
13,29,4
13,30,4
14,0,4
14,1,4
14,2,3
14,3,3
14,4,3
14,5,3
14,6,3
14,7,3
14,8,3
14,9,3
14,10,3
14,11,4
14,12,4
14,13,4
14,14,1
14,15,1
14,16,1
14,17,1
14,18,1
14,19,1
14,20,3
14,21,3
14,22,3
14,23,3
14,24,3
14,25,3
14,26,3
14,27,3
14,28,3
14,29,4
14,30,4
15,0,3
15,1,3
15,2,3
15,3,3
15,4,3
15,5,4
15,6,4
15,7,4
15,8,3
15,9,3
15,10,4
15,11,4
15,12,4
15,13,4
15,14,4
15,15,1
15,16,1
15,17,1
15,18,1
15,19,1
15,20,1
15,21,1
15,22,1
15,23,1
15,24,1
15,25,1
15,26,3
15,27,3
15,28,3
15,29,3
15,30,3
16,0,3
16,1,3
16,2,3
16,3,3
16,4,4
16,5,4
16,6,4
16,7,4
16,8,4
16,9,4
16,10,4
16,11,4
16,12,4
16,13,4
16,14,4
16,15,3
16,16,3
16,17,3
16,18,1
16,19,1
16,20,1
16,21,1
16,22,1
16,23,1
16,24,1
16,25,1
16,26,1
16,27,3
16,28,3
16,29,3
16,30,3
17,0,3
17,1,3
17,2,3
17,3,3
17,4,4
17,5,4
17,6,4
17,7,4
17,8,4
17,9,4
17,10,4
17,11,4
17,12,4
17,13,4
17,14,3
17,15,3
17,16,3
17,17,3
17,18,3
17,19,1
17,20,1
17,21,1
17,22,2
17,23,2
17,24,1
17,25,1
17,26,1
17,27,3
17,28,3
17,29,3
17,30,3
18,0,3
18,1,3
18,2,3
18,3,2
18,4,2
18,5,4
18,6,4
18,7,1
18,8,1
18,9,1
18,10,1
18,11,4
18,12,4
18,13,4
18,14,3
18,15,3
18,16,3
18,17,3
18,18,3
18,19,1
18,20,1
18,21,2
18,22,2
18,23,2
18,24,2
18,25,1
18,26,1
18,27,3
18,28,3
18,29,3
18,30,3
19,0,3
19,1,3
19,2,2
19,3,2
19,4,2
19,5,2
19,6,1
19,7,1
19,8,1
19,9,1
19,10,1
19,11,1
19,12,4
19,13,4
19,14,4
19,15,3
19,16,3
19,17,3
19,18,1
19,19,1
19,20,1
19,21,2
19,22,2
19,23,2
19,24,2
19,25,1
19,26,1
19,27,3
19,28,3
19,29,3
19,30,3
20,0,2
20,1,2
20,2,2
20,3,2
20,4,2
20,5,2
20,6,1
20,7,1
20,8,1
20,9,1
20,10,1
20,11,1
20,12,4
20,13,4
20,14,4
20,15,1
20,16,1
20,17,1
20,18,1
20,19,1
20,20,1
20,21,1
20,22,2
20,23,2
20,24,1
20,25,1
20,26,1
20,27,3
20,28,3
20,29,3
20,30,3
21,0,2
21,1,2
21,2,2
21,3,2
21,4,2
21,5,2
21,6,2
21,7,1
21,8,1
21,9,1
21,10,1
21,11,1
21,12,4
21,13,4
21,14,1
21,15,1
21,16,1
21,17,1
21,18,1
21,19,1
21,20,1
21,21,1
21,22,4
21,23,4
21,24,1
21,25,1
21,26,1
21,27,1
21,28,3
21,29,3
21,30,3
22,0,4
22,1,4
22,2,2
22,3,2
22,4,2
22,5,2
22,6,2
22,7,1
22,8,1
22,9,1
22,10,1
22,11,4
22,12,4
22,13,4
22,14,1
22,15,1
22,16,1
22,17,1
22,18,1
22,19,1
22,20,1
22,21,4
22,22,4
22,23,4
22,24,4
22,25,1
22,26,1
22,27,1
22,28,1
22,29,3
22,30,3
23,0,4
23,1,4
23,2,4
23,3,4
23,4,2
23,5,2
23,6,1
23,7,1
23,8,1
23,9,1
23,10,1
23,11,4
23,12,4
23,13,4
23,14,1
23,15,1
23,16,1
23,17,1
23,18,1
23,19,1
23,20,1
23,21,4
23,22,4
23,23,4
23,24,4
23,25,4
23,26,1
23,27,1
23,28,1
23,29,2
23,30,2
24,0,4
24,1,4
24,2,4
24,3,4
24,4,4
24,5,1
24,6,1
24,7,1
24,8,1
24,9,1
24,10,1
24,11,4
24,12,4
24,13,4
24,14,1
24,15,1
24,16,1
24,17,1
24,18,1
24,19,1
24,20,2
24,21,2
24,22,4
24,23,4
24,24,4
24,25,4
24,26,1
24,27,1
24,28,2
24,29,2
24,30,2
25,0,4
25,1,4
25,2,4
25,3,4
25,4,4
25,5,1
25,6,1
25,7,1
25,8,1
25,9,1
25,10,1
25,11,4
25,12,4
25,13,4
25,14,4
25,15,1
25,16,1
25,17,2
25,18,2
25,19,2
25,20,2
25,21,2
25,22,2
25,23,4
25,24,4
25,25,1
25,26,1
25,27,1
25,28,2
25,29,2
25,30,2
26,0,1
26,1,1
26,2,4
26,3,4
26,4,1
26,5,1
26,6,1
26,7,1
26,8,1
26,9,1
26,10,3
26,11,3
26,12,4
26,13,4
26,14,4
26,15,4
26,16,2
26,17,2
26,18,2
26,19,2
26,20,2
26,21,2
26,22,2
26,23,2
26,24,1
26,25,1
26,26,1
26,27,1
26,28,1
26,29,2
26,30,2
27,0,1
27,1,1
27,2,1
27,3,1
27,4,1
27,5,1
27,6,1
27,7,1
27,8,1
27,9,3
27,10,3
27,11,3
27,12,3
27,13,4
27,14,4
27,15,4
27,16,2
27,17,2
27,18,2
27,19,4
27,20,4
27,21,2
27,22,2
27,23,2
27,24,1
27,25,1
27,26,1
27,27,1
27,28,1
27,29,2
27,30,2
28,0,1
28,1,1
28,2,1
28,3,1
28,4,1
28,5,1
28,6,4
28,7,4
28,8,4
28,9,3
28,10,3
28,11,3
28,12,3
28,13,4
28,14,4
28,15,4
28,16,2
28,17,2
28,18,4
28,19,4
28,20,4
28,21,4
28,22,2
28,23,2
28,24,1
28,25,1
28,26,1
28,27,1
28,28,2
28,29,2
28,30,2
29,0,1
29,1,1
29,2,1
29,3,1
29,4,1
29,5,4
29,6,4
29,7,4
29,8,4
29,9,4
29,10,3
29,11,3
29,12,4
29,13,4
29,14,4
29,15,4
29,16,2
29,17,2
29,18,4
29,19,4
29,20,4
29,21,4
29,22,2
29,23,2
29,24,1
29,25,1
29,26,1
29,27,1
29,28,2
29,29,2
29,30,2
30,0,1
30,1,1
30,2,1
30,3,1
30,4,1
30,5,4
30,6,4
30,7,4
30,8,4
30,9,4
30,10,3
30,11,3
30,12,4
30,13,4
30,14,4
30,15,4
30,16,2
30,17,2
30,18,4
30,19,4
30,20,4
30,21,4
30,22,2
30,23,2
30,24,1
30,25,1
30,26,1
30,27,1
30,28,2
30,29,2
30,30,2