3
2
7
1
2,12
2,27
27,12
0,1,4
0,2,3
0,0,4
0,1,4
0,2,4
0,3,4
0,4,2
0,5,2
0,6,2
0,7,1
0,8,1
0,9,3
0,10,3
0,11,3
0,12,3
0,13,3
0,14,3
0,15,2
0,16,2
0,17,2
0,18,2
0,19,3
0,20,3
0,21,1
0,22,1
0,23,1
0,24,1
0,25,1
0,26,1
0,27,1
0,28,1
0,29,1
0,30,1
1,0,4
1,1,4
1,2,4
1,3,4
1,4,2
1,5,2
1,6,2
1,7,1
1,8,1
1,9,3
1,10,3
1,11,3
1,12,3
1,13,3
1,14,3
1,15,2
1,16,2
1,17,2
1,18,2
1,19,3
1,20,3
1,21,1
1,22,1
1,23,1
1,24,1
1,25,1
1,26,1
1,27,1
1,28,1
1,29,1
1,30,1
2,0,4
2,1,4
2,2,4
2,3,2
2,4,2
2,5,2
2,6,2
2,7,1
2,8,1
2,9,3
2,10,3
2,11,3
2,12,3
2,13,3
2,14,3
2,15,2
2,16,2
2,17,2
2,18,2
2,19,3
2,20,3
2,21,1
2,22,1
2,23,1
2,24,1
2,25,1
2,26,1
2,27,1
2,28,1
2,29,1
2,30,1
3,0,4
3,1,4
3,2,2
3,3,2
3,4,2
3,5,2
3,6,2
3,7,1
3,8,1
3,9,3
3,10,3
3,11,3
3,12,3
3,13,3
3,14,3
3,15,3
3,16,2
3,17,2
3,18,3
3,19,3
3,20,3
3,21,3
3,22,1
3,23,1
3,24,1
3,25,1
3,26,1
3,27,1
3,28,1
3,29,1
3,30,1
4,0,4
4,1,4
4,2,2
4,3,2
4,4,2
4,5,2
4,6,1
4,7,1
4,8,1
4,9,3
4,10,3
4,11,3
4,12,3
4,13,3
4,14,3
4,15,3
4,16,3
4,17,3
4,18,3
4,19,3
4,20,3
4,21,3
4,22,3
4,23,1
4,24,1
4,25,1
4,26,1
4,27,1
4,28,1
4,29,1
4,30,1
5,0,4
5,1,4
5,2,4
5,3,2
5,4,2
5,5,1
5,6,1
5,7,1
5,8,1
5,9,1
5,10,3
5,11,3
5,12,4
5,13,4
5,14,3
5,15,3
5,16,3
5,17,3
5,18,3
5,19,3
5,20,3
5,21,3
5,22,3
5,23,4
5,24,4
5,25,4
5,26,1
5,27,1
5,28,1
5,29,4
5,30,4
6,0,4
6,1,4
6,2,4
6,3,4
6,4,4
6,5,1
6,6,1
6,7,1
6,8,1
6,9,1
6,10,1
6,11,4
6,12,4
6,13,4
6,14,4
6,15,4
6,16,4
6,17,4
6,18,4
6,19,3
6,20,3
6,21,3
6,22,4
6,23,4
6,24,4
6,25,4
6,26,4
6,27,4
6,28,4
6,29,4
6,30,4
7,0,4
7,1,4
7,2,4
7,3,4
7,4,4
7,5,4
7,6,1
7,7,1
7,8,1
7,9,1
7,10,1
7,11,4
7,12,4
7,13,4
7,14,4
7,15,4
7,16,4
7,17,4
7,18,4
7,19,4
7,20,3
7,21,3
7,22,4
7,23,4
7,24,4
7,25,4
7,26,4
7,27,4
7,28,4
7,29,4
7,30,4
8,0,4
8,1,4
8,2,4
8,3,4
8,4,4
8,5,4
8,6,4
8,7,1
8,8,1
8,9,1
8,10,1
8,11,4
8,12,4
8,13,4
8,14,4
8,15,4
8,16,4
8,17,4
8,18,4
8,19,4
8,20,3
8,21,3
8,22,3
8,23,4
8,24,4
8,25,4
8,26,4
8,27,1
8,28,1
8,29,4
8,30,4
9,0,4
9,1,4
9,2,4
9,3,4
9,4,4
9,5,4
9,6,4
9,7,1
9,8,1
9,9,1
9,10,1
9,11,4
9,12,4
9,13,4
9,14,4
9,15,4
9,16,4
9,17,4
9,18,4
9,19,4
9,20,3
9,21,3
9,22,3
9,23,3
9,24,4
9,25,4
9,26,1
9,27,1
9,28,1
9,29,1
9,30,1
10,0,4
10,1,4
10,2,4
10,3,4
10,4,4
10,5,4
10,6,1
10,7,1
10,8,1
10,9,1
10,10,2
10,11,2
10,12,4
10,13,4
10,14,1
10,15,1
10,16,4
10,17,4
10,18,4
10,19,4
10,20,4
10,21,3
10,22,3
10,23,3
10,24,3
10,25,3
10,26,1
10,27,1
10,28,1
10,29,1
10,30,1
11,0,1
11,1,1
11,2,1
11,3,1
11,4,1
11,5,1
11,6,1
11,7,1
11,8,1
11,9,2
11,10,2
11,11,2
11,12,2
11,13,1
11,14,1
11,15,1
11,16,1
11,17,4
11,18,4
11,19,4
11,20,4
11,21,3
11,22,3
11,23,3
11,24,3
11,25,3
11,26,3
11,27,1
11,28,1
11,29,1
11,30,1
12,0,1
12,1,1
12,2,1
12,3,1
12,4,1
12,5,1
12,6,1
12,7,1
12,8,1
12,9,2
12,10,2
12,11,2
12,12,2
12,13,1
12,14,1
12,15,1
12,16,1
12,17,1
12,18,4
12,19,4
12,20,2
12,21,2
12,22,3
12,23,3
12,24,3
12,25,3
12,26,3
12,27,1
12,28,1
12,29,1
12,30,1
13,0,3
13,1,3
13,2,1
13,3,1
13,4,3
13,5,3
13,6,1
13,7,1
13,8,1
13,9,1
13,10,2
13,11,2
13,12,4
13,13,4
13,14,1
13,15,1
13,16,1
13,17,1
13,18,1
13,19,2
13,20,2
13,21,2
13,22,2
13,23,2
13,24,3
13,25,3
13,26,1
13,27,1
13,28,1
13,29,1
13,30,1
14,0,3
14,1,3
14,2,3
14,3,3
14,4,3
14,5,3
14,6,3
14,7,1
14,8,1
14,9,1
14,10,1
14,11,4
14,12,4
14,13,4
14,14,4
14,15,1
14,16,1
14,17,1
14,18,1
14,19,2
14,20,2
14,21,2
14,22,2
14,23,2
14,24,2
14,25,2
14,26,1
14,27,1
14,28,1
14,29,1
14,30,1
15,0,3
15,1,3
15,2,3
15,3,3
15,4,3
15,5,3
15,6,3
15,7,1
15,8,1
15,9,1
15,10,1
15,11,4
15,12,4
15,13,4
15,14,4
15,15,1
15,16,1
15,17,1
15,18,3
15,19,3
15,20,2
15,21,2
15,22,2
15,23,2
15,24,2
15,25,2
15,26,2
15,27,1
15,28,1
15,29,2
15,30,2
16,0,4
16,1,4
16,2,4
16,3,4
16,4,3
16,5,3
16,6,1
16,7,1
16,8,1
16,9,1
16,10,2
16,11,2
16,12,4
16,13,4
16,14,1
16,15,1
16,16,1
16,17,3
16,18,3
16,19,3
16,20,3
16,21,3
16,22,3
16,23,3
16,24,2
16,25,2
16,26,2
16,27,2
16,28,2
16,29,2
16,30,2
17,0,4
17,1,4
17,2,4
17,3,4
17,4,4
17,5,1
17,6,1
17,7,1
17,8,1
17,9,2
17,10,2
17,11,2
17,12,2
17,13,1
17,14,1
17,15,1
17,16,1
17,17,3
17,18,3
17,19,3
17,20,3
17,21,3
17,22,3
17,23,3
17,24,3
17,25,2
17,26,2
17,27,2
17,28,2
17,29,2
17,30,2
18,0,4
18,1,4
18,2,4
18,3,4
18,4,4
18,5,1
18,6,1
18,7,1
18,8,1
18,9,2
18,10,2
18,11,2
18,12,2
18,13,1
18,14,1
18,15,1
18,16,1
18,17,1
18,18,3
18,19,3
18,20,1
18,21,1
18,22,3
18,23,3
18,24,3
18,25,3
18,26,2
18,27,2
18,28,2
18,29,2
18,30,2
19,0,4
19,1,4
19,2,4
19,3,4
19,4,4
19,5,4
19,6,1
19,7,1
19,8,2
19,9,2
19,10,2
19,11,2
19,12,2
19,13,1
19,14,1
19,15,1
19,16,1
19,17,1
19,18,1
19,19,1
19,20,1
19,21,1
19,22,1
19,23,3
19,24,3
19,25,3
19,26,4
19,27,4
19,28,2
19,29,2
19,30,2
20,0,3
20,1,3
20,2,4
20,3,4
20,4,4
20,5,4
20,6,3
20,7,3
20,8,2
20,9,2
20,10,2
20,11,2
20,12,1
20,13,1
20,14,1
20,15,1
20,16,1
20,17,1
20,18,1
20,19,1
20,20,1
20,21,1
20,22,1
20,23,3
20,24,3
20,25,4
20,26,4
20,27,4
20,28,4
20,29,2
20,30,2
21,0,3
21,1,3
21,2,3
21,3,4
21,4,4
21,5,3
21,6,3
21,7,3
21,8,3
21,9,2
21,10,2
21,11,2
21,12,1
21,13,1
21,14,1
21,15,1
21,16,1
21,17,1
21,18,2
21,19,2
21,20,1
21,21,1
21,22,3
21,23,3
21,24,3
21,25,4
21,26,4
21,27,4
21,28,4
21,29,3
21,30,3
22,0,3
22,1,3
22,2,3
22,3,3
22,4,3
22,5,3
22,6,3
22,7,3
22,8,3
22,9,2
22,10,2
22,11,2
22,12,1
22,13,1
22,14,1
22,15,1
22,16,1
22,17,2
22,18,2
22,19,2
22,20,2
22,21,3
22,22,3
22,23,3
22,24,3
22,25,4
22,26,4
22,27,4
22,28,3
22,29,3
22,30,3
23,0,3
23,1,3
23,2,3
23,3,3
23,4,3
23,5,3
23,6,3
23,7,3
23,8,2
23,9,2
23,10,2
23,11,2
23,12,1
23,13,1
23,14,1
23,15,1
23,16,2
23,17,2
23,18,2
23,19,2
23,20,2
23,21,3
23,22,3
23,23,3
23,24,3
23,25,4
23,26,4
23,27,4
23,28,3
23,29,3
23,30,3
24,0,2
24,1,2
24,2,2
24,3,2
24,4,2
24,5,2
24,6,2
24,7,2
24,8,2
24,9,2
24,10,2
24,11,4
24,12,4
24,13,1
24,14,1
24,15,2
24,16,2
24,17,2
24,18,2
24,19,2
24,20,4
24,21,4
24,22,3
24,23,3
24,24,4
24,25,4
24,26,4
24,27,3
24,28,3
24,29,3
24,30,3
25,0,2
25,1,2
25,2,2
25,3,2
25,4,2
25,5,2
25,6,2
25,7,2
25,8,2
25,9,2
25,10,4
25,11,4
25,12,4
25,13,4
25,14,4
25,15,2
25,16,2
25,17,2
25,18,2
25,19,4
25,20,4
25,21,4
25,22,4
25,23,4
25,24,4
25,25,4
25,26,4
25,27,3
25,28,3
25,29,3
25,30,3
26,0,2
26,1,2
26,2,2
26,3,1
26,4,1
26,5,2
26,6,2
26,7,4
26,8,4
26,9,4
26,10,4
26,11,4
26,12,4
26,13,4
26,14,4
26,15,4
26,16,2
26,17,2
26,18,2
26,19,4
26,20,4
26,21,4
26,22,4
26,23,4
26,24,4
26,25,4
26,26,3
26,27,3
26,28,3
26,29,3
26,30,3
27,0,1
27,1,1
27,2,1
27,3,1
27,4,1
27,5,1
27,6,4
27,7,4
27,8,4
27,9,4
27,10,4
27,11,4
27,12,4
27,13,4
27,14,4
27,15,4
27,16,2
27,17,2
27,18,2
27,19,4
27,20,4
27,21,4
27,22,4
27,23,4
27,24,4
27,25,3
27,26,3
27,27,3
27,28,3
27,29,4
27,30,4
28,0,1
28,1,1
28,2,1
28,3,1
28,4,1
28,5,1
28,6,4
28,7,4
28,8,4
28,9,4
28,10,4
28,11,4
28,12,4
28,13,4
28,14,4
28,15,4
28,16,2
28,17,2
28,18,4
28,19,4
28,20,4
28,21,4
28,22,1
28,23,1
28,24,1
28,25,3
28,26,3
28,27,3
28,28,4
28,29,4
28,30,4
29,0,1
29,1,1
29,2,1
29,3,1
29,4,1
29,5,4
29,6,4
29,7,4
29,8,4
29,9,4
29,10,4
29,11,4
29,12,4
29,13,4
29,14,4
29,15,4
29,16,2
29,17,2
29,18,4
29,19,4
29,20,4
29,21,1
29,22,1
29,23,1
29,24,1
29,25,1
29,26,3
29,27,3
29,28,4
29,29,4
29,30,4
30,0,1
30,1,1
30,2,1
30,3,1
30,4,1
30,5,4
30,6,4
30,7,4
30,8,4
30,9,4
30,10,4
30,11,4
30,12,4
30,13,4
30,14,4
30,15,4
30,16,2
30,17,2
30,18,4
30,19,4
30,20,4
30,21,1
30,22,1
30,23,1
30,24,1
30,25,1
30,26,3
30,27,3
30,28,4
30,29,4
30,30,4