3
2
4
0
17,12
27,2
27,17
0,1,1
1,2,3
0,0,4
0,1,4
0,2,4
0,3,1
0,4,1
0,5,2
0,6,2
0,7,2
0,8,2
0,9,2
0,10,1
0,11,1
0,12,1
0,13,1
0,14,2
0,15,2
0,16,2
0,17,2
0,18,2
0,19,2
0,20,1
0,21,1
0,22,1
0,23,1
0,24,4
0,25,4
0,26,4
0,27,4
0,28,4
0,29,4
0,30,4
1,0,4
1,1,4
1,2,4
1,3,1
1,4,1
1,5,2
1,6,2
1,7,2
1,8,2
1,9,2
1,10,1
1,11,1
1,12,1
1,13,1
1,14,2
1,15,2
1,16,2
1,17,2
1,18,2
1,19,2
1,20,1
1,21,1
1,22,1
1,23,1
1,24,4
1,25,4
1,26,4
1,27,4
1,28,4
1,29,4
1,30,4
2,0,4
2,1,4
2,2,4
2,3,1
2,4,1
2,5,1
2,6,2
2,7,2
2,8,2
2,9,4
2,10,4
2,11,1
2,12,1
2,13,4
2,14,4
2,15,2
2,16,2
2,17,2
2,18,2
2,19,4
2,20,4
2,21,1
2,22,1
2,23,1
2,24,1
2,25,4
2,26,4
2,27,4
2,28,4
2,29,4
2,30,4
3,0,4
3,1,4
3,2,1
3,3,1
3,4,1
3,5,1
3,6,4
3,7,4
3,8,4
3,9,4
3,10,4
3,11,4
3,12,4
3,13,4
3,14,4
3,15,4
3,16,4
3,17,4
3,18,4
3,19,4
3,20,4
3,21,4
3,22,1
3,23,1
3,24,1
3,25,1
3,26,1
3,27,1
3,28,1
3,29,1
3,30,1
4,0,1
4,1,1
4,2,1
4,3,1
4,4,1
4,5,4
4,6,4
4,7,4
4,8,4
4,9,4
4,10,4
4,11,4
4,12,4
4,13,4
4,14,4
4,15,4
4,16,4
4,17,4
4,18,4
4,19,4
4,20,4
4,21,4
4,22,4
4,23,1
4,24,1
4,25,1
4,26,1
4,27,1
4,28,1
4,29,1
4,30,1
5,0,1
5,1,1
5,2,1
5,3,1
5,4,4
5,5,4
5,6,4
5,7,4
5,8,4
5,9,1
5,10,1
5,11,4
5,12,4
5,13,1
5,14,1
5,15,1
5,16,1
5,17,1
5,18,1
5,19,4
5,20,4
5,21,4
5,22,4
5,23,2
5,24,2
5,25,2
5,26,2
5,27,2
5,28,1
5,29,1
5,30,1
6,0,1
6,1,1
6,2,1
6,3,4
6,4,4
6,5,4
6,6,4
6,7,4
6,8,1
6,9,1
6,10,1
6,11,1
6,12,1
6,13,1
6,14,1
6,15,1
6,16,1
6,17,1
6,18,1
6,19,1
6,20,4
6,21,4
6,22,2
6,23,2
6,24,2
6,25,2
6,26,2
6,27,2
6,28,2
6,29,2
6,30,2
7,0,1
7,1,1
7,2,4
7,3,4
7,4,4
7,5,4
7,6,2
7,7,2
7,8,1
7,9,1
7,10,1
7,11,1
7,12,1
7,13,1
7,14,1
7,15,3
7,16,3
7,17,1
7,18,1
7,19,1
7,20,4
7,21,4
7,22,2
7,23,2
7,24,2
7,25,2
7,26,2
7,27,2
7,28,2
7,29,2
7,30,2
8,0,4
8,1,4
8,2,4
8,3,4
8,4,4
8,5,2
8,6,2
8,7,2
8,8,2
8,9,1
8,10,1
8,11,3
8,12,3
8,13,3
8,14,3
8,15,3
8,16,3
8,17,3
8,18,1
8,19,1
8,20,4
8,21,4
8,22,2
8,23,2
8,24,2
8,25,2
8,26,3
8,27,3
8,28,2
8,29,2
8,30,2
9,0,4
9,1,4
9,2,4
9,3,4
9,4,2
9,5,2
9,6,2
9,7,2
9,8,2
9,9,3
9,10,3
9,11,3
9,12,3
9,13,3
9,14,3
9,15,3
9,16,3
9,17,3
9,18,1
9,19,1
9,20,4
9,21,4
9,22,4
9,23,2
9,24,2
9,25,3
9,26,3
9,27,3
9,28,3
9,29,2
9,30,2
10,0,4
10,1,4
10,2,4
10,3,4
10,4,2
10,5,2
10,6,2
10,7,2
10,8,3
10,9,3
10,10,3
10,11,3
10,12,3
10,13,4
10,14,4
10,15,3
10,16,3
10,17,1
10,18,1
10,19,1
10,20,4
10,21,4
10,22,4
10,23,4
10,24,4
10,25,3
10,26,3
10,27,3
10,28,3
10,29,3
10,30,3
11,0,4
11,1,4
11,2,4
11,3,3
11,4,3
11,5,2
11,6,2
11,7,3
11,8,3
11,9,3
11,10,3
11,11,4
11,12,4
11,13,4
11,14,4
11,15,4
11,16,1
11,17,1
11,18,1
11,19,1
11,20,1
11,21,4
11,22,4
11,23,4
11,24,4
11,25,4
11,26,3
11,27,3
11,28,3
11,29,3
11,30,3
12,0,3
12,1,3
12,2,3
12,3,3
12,4,3
12,5,3
12,6,3
12,7,3
12,8,3
12,9,3
12,10,4
12,11,4
12,12,4
12,13,4
12,14,4
12,15,4
12,16,1
12,17,1
12,18,1
12,19,1
12,20,1
12,21,4
12,22,4
12,23,4
12,24,4
12,25,4
12,26,4
12,27,3
12,28,3
12,29,1
12,30,1
13,0,3
13,1,3
13,2,3
13,3,3
13,4,3
13,5,3
13,6,3
13,7,3
13,8,3
13,9,3
13,10,4
13,11,4
13,12,4
13,13,4
13,14,4
13,15,2
13,16,2
13,17,1
13,18,1
13,19,1
13,20,2
13,21,2
13,22,4
13,23,4
13,24,4
13,25,4
13,26,4
13,27,4
13,28,1
13,29,1
13,30,1
14,0,3
14,1,3
14,2,3
14,3,1
14,4,1
14,5,3
14,6,3
14,7,3
14,8,3
14,9,2
14,10,2
14,11,4
14,12,4
14,13,4
14,14,2
14,15,2
14,16,2
14,17,2
14,18,2
14,19,2
14,20,2
14,21,2
14,22,2
14,23,4
14,24,4
14,25,4
14,26,4
14,27,4
14,28,1
14,29,1
14,30,1
15,0,1
15,1,1
15,2,1
15,3,1
15,4,1
15,5,1
15,6,3
15,7,3
15,8,2
15,9,2
15,10,2
15,11,2
15,12,2
15,13,2
15,14,2
15,15,2
15,16,2
15,17,2
15,18,2
15,19,2
15,20,2
15,21,2
15,22,2
15,23,4
15,24,4
15,25,4
15,26,4
15,27,1
15,28,1
15,29,1
15,30,1
16,0,1
16,1,1
16,2,1
16,3,1
16,4,1
16,5,1
16,6,1
16,7,1
16,8,2
16,9,2
16,10,2
16,11,2
16,12,2
16,13,2
16,14,2
16,15,2
16,16,3
16,17,3
16,18,2
16,19,2
16,20,2
16,21,2
16,22,1
16,23,1
16,24,4
16,25,4
16,26,1
16,27,1
16,28,1
16,29,1
16,30,1
17,0,4
17,1,4
17,2,4
17,3,4
17,4,1
17,5,1
17,6,1
17,7,1
17,8,1
17,9,2
17,10,2
17,11,2
17,12,2
17,13,2
17,14,2
17,15,3
17,16,3
17,17,3
17,18,3
17,19,2
17,20,2
17,21,1
17,22,1
17,23,1
17,24,1
17,25,1
17,26,1
17,27,1
17,28,1
17,29,1
17,30,1
18,0,4
18,1,4
18,2,4
18,3,4
18,4,4
18,5,1
18,6,1
18,7,1
18,8,1
18,9,1
18,10,2
18,11,2
18,12,2
18,13,2
18,14,2
18,15,3
18,16,3
18,17,3
18,18,3
18,19,3
18,20,1
18,21,1
18,22,1
18,23,1
18,24,1
18,25,1
18,26,1
18,27,1
18,28,1
18,29,1
18,30,1
19,0,4
19,1,4
19,2,4
19,3,4
19,4,4
19,5,4
19,6,1
19,7,1
19,8,1
19,9,1
19,10,2
19,11,2
19,12,2
19,13,2
19,14,2
19,15,3
19,16,3
19,17,3
19,18,3
19,19,3
19,20,1
19,21,1
19,22,1
19,23,1
19,24,1
19,25,1
19,26,1
19,27,2
19,28,2
19,29,1
19,30,1
20,0,4
20,1,4
20,2,4
20,3,4
20,4,4
20,5,4
20,6,4
20,7,1
20,8,1
20,9,3
20,10,3
20,11,2
20,12,2
20,13,2
20,14,3
20,15,3
20,16,3
20,17,3
20,18,3
20,19,1
20,20,1
20,21,1
20,22,1
20,23,1
20,24,1
20,25,1
20,26,2
20,27,2
20,28,2
20,29,2
20,30,2
21,0,4
21,1,4
21,2,4
21,3,4
21,4,4
21,5,4
21,6,4
21,7,4
21,8,3
21,9,3
21,10,3
21,11,3
21,12,3
21,13,3
21,14,3
21,15,3
21,16,3
21,17,3
21,18,1
21,19,1
21,20,1
21,21,1
21,22,1
21,23,1
21,24,1
21,25,1
21,26,2
21,27,2
21,28,2
21,29,2
21,30,2
22,0,4
22,1,4
22,2,4
22,3,4
22,4,4
22,5,4
22,6,4
22,7,4
22,8,3
22,9,3
22,10,3
22,11,3
22,12,3
22,13,3
22,14,3
22,15,3
22,16,3
22,17,1
22,18,1
22,19,1
22,20,1
22,21,1
22,22,1
22,23,1
22,24,1
22,25,1
22,26,2
22,27,2
22,28,2
22,29,2
22,30,2
23,0,4
23,1,4
23,2,4
23,3,4
23,4,4
23,5,4
23,6,4
23,7,1
23,8,1
23,9,3
23,10,3
23,11,4
23,12,4
23,13,3
23,14,3
23,15,3
23,16,3
23,17,1
23,18,1
23,19,1
23,20,1
23,21,2
23,22,2
23,23,1
23,24,1
23,25,4
23,26,4
23,27,2
23,28,2
23,29,2
23,30,2
24,0,4
24,1,4
24,2,4
24,3,4
24,4,4
24,5,4
24,6,1
24,7,1
24,8,1
24,9,1
24,10,4
24,11,4
24,12,4
24,13,4
24,14,3
24,15,3
24,16,2
24,17,2
24,18,1
24,19,1
24,20,2
24,21,2
24,22,2
24,23,2
24,24,4
24,25,4
24,26,4
24,27,4
24,28,4
24,29,4
24,30,4
25,0,4
25,1,4
25,2,4
25,3,4
25,4,4
25,5,4
25,6,1
25,7,1
25,8,1
25,9,1
25,10,4
25,11,4
25,12,4
25,13,4
25,14,4
25,15,2
25,16,2
25,17,2
25,18,2
25,19,2
25,20,2
25,21,2
25,22,2
25,23,2
25,24,4
25,25,4
25,26,4
25,27,4
25,28,4
25,29,4
25,30,4
26,0,4
26,1,4
26,2,4
26,3,4
26,4,4
26,5,4
26,6,4
26,7,1
26,8,1
26,9,3
26,10,3
26,11,4
26,12,4
26,13,4
26,14,4
26,15,2
26,16,2
26,17,2
26,18,2
26,19,2
26,20,2
26,21,2
26,22,2
26,23,4
26,24,4
26,25,4
26,26,4
26,27,2
26,28,2
26,29,2
26,30,2
27,0,4
27,1,4
27,2,4
27,3,4
27,4,4
27,5,4
27,6,4
27,7,4
27,8,3
27,9,3
27,10,3
27,11,3
27,12,4
27,13,4
27,14,4
27,15,2
27,16,2
27,17,2
27,18,2
27,19,2
27,20,2
27,21,2
27,22,2
27,23,4
27,24,4
27,25,4
27,26,2
27,27,2
27,28,2
27,29,2
27,30,2
28,0,4
28,1,4
28,2,4
28,3,4
28,4,4
28,5,4
28,6,4
28,7,4
28,8,3
28,9,3
28,10,3
28,11,3
28,12,4
28,13,4
28,14,4
28,15,2
28,16,2
28,17,2
28,18,2
28,19,2
28,20,2
28,21,2
28,22,2
28,23,4
28,24,4
28,25,2
28,26,2
28,27,2
28,28,2
28,29,3
28,30,3
29,0,4
29,1,4
29,2,4
29,3,4
29,4,4
29,5,4
29,6,4
29,7,3
29,8,3
29,9,3
29,10,3
29,11,4
29,12,4
29,13,4
29,14,4
29,15,2
29,16,2
29,17,2
29,18,2
29,19,2
29,20,2
29,21,2
29,22,2
29,23,4
29,24,4
29,25,2
29,26,2
29,27,2
29,28,3
29,29,3
29,30,3
30,0,4
30,1,4
30,2,4
30,3,4
30,4,4
30,5,4
30,6,4
30,7,3
30,8,3
30,9,3
30,10,3
30,11,4
30,12,4
30,13,4
30,14,4
30,15,2
30,16,2
30,17,2
30,18,2
30,19,2
30,20,2
30,21,2
30,22,2
30,23,4
30,24,4
30,25,2
30,26,2
30,27,2
30,28,3
30,29,3
30,30,3