3
2
5
2
12,17
22,7
22,27
1,2,4
0,1,1
0,0,1
0,1,1
0,2,1
0,3,1
0,4,1
0,5,4
0,6,4
0,7,3
0,8,3
0,9,1
0,10,1
0,11,1
0,12,1
0,13,1
0,14,1
0,15,1
0,16,1
0,17,3
0,18,3
0,19,3
0,20,3
0,21,3
0,22,3
0,23,3
0,24,3
0,25,1
0,26,1
0,27,4
0,28,4
0,29,4
0,30,4
1,0,1
1,1,1
1,2,1
1,3,1
1,4,1
1,5,4
1,6,4
1,7,3
1,8,3
1,9,1
1,10,1
1,11,1
1,12,1
1,13,1
1,14,1
1,15,1
1,16,1
1,17,3
1,18,3
1,19,3
1,20,3
1,21,3
1,22,3
1,23,3
1,24,3
1,25,1
1,26,1
1,27,4
1,28,4
1,29,4
1,30,4
2,0,4
2,1,4
2,2,1
2,3,1
2,4,4
2,5,4
2,6,4
2,7,3
2,8,3
2,9,3
2,10,1
2,11,1
2,12,1
2,13,1
2,14,1
2,15,1
2,16,1
2,17,3
2,18,3
2,19,3
2,20,2
2,21,2
2,22,3
2,23,3
2,24,1
2,25,1
2,26,1
2,27,4
2,28,4
2,29,4
2,30,4
3,0,4
3,1,4
3,2,4
3,3,4
3,4,4
3,5,4
3,6,4
3,7,3
3,8,3
3,9,3
3,10,3
3,11,3
3,12,3
3,13,3
3,14,1
3,15,1
3,16,3
3,17,3
3,18,3
3,19,2
3,20,2
3,21,2
3,22,2
3,23,1
3,24,1
3,25,1
3,26,1
3,27,4
3,28,4
3,29,4
3,30,4
4,0,4
4,1,4
4,2,4
4,3,4
4,4,4
4,5,4
4,6,4
4,7,3
4,8,3
4,9,3
4,10,3
4,11,3
4,12,3
4,13,3
4,14,3
4,15,3
4,16,3
4,17,3
4,18,3
4,19,2
4,20,2
4,21,2
4,22,2
4,23,1
4,24,1
4,25,1
4,26,3
4,27,3
4,28,4
4,29,4
4,30,4
5,0,4
5,1,4
5,2,4
5,3,4
5,4,4
5,5,4
5,6,2
5,7,2
5,8,3
5,9,3
5,10,3
5,11,3
5,12,3
5,13,3
5,14,3
5,15,3
5,16,3
5,17,3
5,18,2
5,19,2
5,20,2
5,21,2
5,22,1
5,23,1
5,24,1
5,25,3
5,26,3
5,27,3
5,28,3
5,29,3
5,30,3
6,0,4
6,1,4
6,2,4
6,3,4
6,4,2
6,5,2
6,6,2
6,7,2
6,8,2
6,9,2
6,10,2
6,11,2
6,12,2
6,13,2
6,14,2
6,15,2
6,16,2
6,17,2
6,18,2
6,19,2
6,20,2
6,21,1
6,22,1
6,23,1
6,24,1
6,25,3
6,26,3
6,27,3
6,28,3
6,29,3
6,30,3
7,0,4
7,1,4
7,2,4
7,3,2
7,4,2
7,5,2
7,6,2
7,7,2
7,8,2
7,9,2
7,10,2
7,11,2
7,12,2
7,13,2
7,14,2
7,15,2
7,16,2
7,17,2
7,18,2
7,19,2
7,20,1
7,21,1
7,22,1
7,23,1
7,24,1
7,25,1
7,26,3
7,27,3
7,28,3
7,29,3
7,30,3
8,0,4
8,1,4
8,2,4
8,3,2
8,4,2
8,5,2
8,6,2
8,7,3
8,8,3
8,9,2
8,10,2
8,11,1
8,12,1
8,13,2
8,14,2
8,15,3
8,16,3
8,17,3
8,18,3
8,19,3
8,20,1
8,21,1
8,22,1
8,23,1
8,24,1
8,25,1
8,26,3
8,27,3
8,28,3
8,29,3
8,30,3
9,0,4
9,1,4
9,2,2
9,3,2
9,4,2
9,5,2
9,6,3
9,7,3
9,8,3
9,9,3
9,10,1
9,11,1
9,12,1
9,13,1
9,14,3
9,15,3
9,16,3
9,17,3
9,18,3
9,19,3
9,20,3
9,21,1
9,22,1
9,23,1
9,24,1
9,25,4
9,26,4
9,27,3
9,28,3
9,29,3
9,30,3
10,0,2
10,1,2
10,2,2
10,3,2
10,4,2
10,5,2
10,6,3
10,7,3
10,8,3
10,9,3
10,10,1
10,11,1
10,12,1
10,13,1
10,14,3
10,15,3
10,16,3
10,17,3
10,18,3
10,19,3
10,20,3
10,21,1
10,22,1
10,23,1
10,24,4
10,25,4
10,26,4
10,27,4
10,28,4
10,29,4
10,30,4
11,0,2
11,1,2
11,2,2
11,3,2
11,4,2
11,5,2
11,6,2
11,7,3
11,8,3
11,9,4
11,10,4
11,11,1
11,12,1
11,13,3
11,14,3
11,15,3
11,16,3
11,17,3
11,18,3
11,19,3
11,20,1
11,21,1
11,22,1
11,23,1
11,24,4
11,25,4
11,26,4
11,27,4
11,28,4
11,29,4
11,30,4
12,0,4
12,1,4
12,2,4
12,3,4
12,4,2
12,5,2
12,6,2
12,7,2
12,8,4
12,9,4
12,10,4
12,11,4
12,12,3
12,13,3
12,14,3
12,15,3
12,16,3
12,17,3
12,18,3
12,19,3
12,20,1
12,21,1
12,22,1
12,23,1
12,24,4
12,25,4
12,26,4
12,27,4
12,28,4
12,29,4
12,30,4
13,0,4
13,1,4
13,2,4
13,3,4
13,4,4
13,5,2
13,6,2
13,7,2
13,8,4
13,9,4
13,10,4
13,11,4
13,12,3
13,13,3
13,14,3
13,15,3
13,16,3
13,17,3
13,18,3
13,19,3
13,20,3
13,21,1
13,22,1
13,23,4
13,24,4
13,25,4
13,26,4
13,27,4
13,28,4
13,29,4
13,30,4
14,0,4
14,1,4
14,2,4
14,3,4
14,4,4
14,5,2
14,6,2
14,7,2
14,8,2
14,9,4
14,10,4
14,11,4
14,12,4
14,13,3
14,14,3
14,15,3
14,16,3
14,17,3
14,18,3
14,19,3
14,20,3
14,21,4
14,22,4
14,23,4
14,24,4
14,25,4
14,26,4
14,27,4
14,28,4
14,29,4
14,30,4
15,0,4
15,1,4
15,2,4
15,3,4
15,4,4
15,5,2
15,6,2
15,7,2
15,8,2
15,9,4
15,10,4
15,11,4
15,12,4
15,13,2
15,14,2
15,15,2
15,16,2
15,17,3
15,18,3
15,19,3
15,20,4
15,21,4
15,22,4
15,23,4
15,24,4
15,25,4
15,26,4
15,27,4
15,28,4
15,29,4
15,30,4
16,0,4
16,1,4
16,2,4
16,3,4
16,4,3
16,5,3
16,6,2
16,7,2
16,8,4
16,9,4
16,10,4
16,11,4
16,12,2
16,13,2
16,14,2
16,15,2
16,16,2
16,17,2
16,18,3
16,19,3
16,20,4
16,21,4
16,22,4
16,23,4
16,24,2
16,25,2
16,26,4
16,27,4
16,28,4
16,29,2
16,30,2
17,0,4
17,1,4
17,2,4
17,3,3
17,4,3
17,5,3
17,6,3
17,7,3
17,8,4
17,9,4
17,10,4
17,11,4
17,12,2
17,13,2
17,14,2
17,15,2
17,16,2
17,17,2
17,18,3
17,19,3
17,20,3
17,21,4
17,22,4
17,23,2
17,24,2
17,25,2
17,26,2
17,27,2
17,28,2
17,29,2
17,30,2
18,0,4
18,1,4
18,2,4
18,3,3
18,4,3
18,5,3
18,6,3
18,7,3
18,8,3
18,9,4
18,10,4
18,11,4
18,12,4
18,13,2
18,14,2
18,15,2
18,16,2
18,17,2
18,18,3
18,19,3
18,20,3
18,21,3
18,22,3
18,23,2
18,24,2
18,25,2
18,26,2
18,27,2
18,28,2
18,29,2
18,30,2
19,0,4
19,1,4
19,2,4
19,3,4
19,4,3
19,5,3
19,6,3
19,7,3
19,8,3
19,9,4
19,10,4
19,11,4
19,12,4
19,13,4
19,14,4
19,15,2
19,16,2
19,17,4
19,18,4
19,19,3
19,20,3
19,21,3
19,22,3
19,23,3
19,24,2
19,25,2
19,26,1
19,27,1
19,28,1
19,29,2
19,30,2
20,0,4
20,1,4
20,2,4
20,3,4
20,4,3
20,5,3
20,6,3
20,7,3
20,8,3
20,9,3
20,10,4
20,11,4
20,12,4
20,13,4
20,14,4
20,15,4
20,16,4
20,17,4
20,18,4
20,19,4
20,20,3
20,21,3
20,22,3
20,23,3
20,24,3
20,25,1
20,26,1
20,27,1
20,28,1
20,29,1
20,30,1
21,0,4
21,1,4
21,2,4
21,3,4
21,4,3
21,5,3
21,6,3
21,7,3
21,8,3
21,9,3
21,10,4
21,11,4
21,12,4
21,13,4
21,14,4
21,15,4
21,16,4
21,17,4
21,18,4
21,19,4
21,20,4
21,21,4
21,22,3
21,23,3
21,24,3
21,25,1
21,26,1
21,27,1
21,28,1
21,29,1
21,30,1
22,0,4
22,1,4
22,2,4
22,3,3
22,4,3
22,5,3
22,6,3
22,7,3
22,8,3
22,9,3
22,10,4
22,11,4
22,12,4
22,13,4
22,14,4
22,15,4
22,16,4
22,17,4
22,18,4
22,19,4
22,20,4
22,21,4
22,22,4
22,23,3
22,24,3
22,25,1
22,26,1
22,27,1
22,28,1
22,29,1
22,30,1
23,0,4
23,1,4
23,2,4
23,3,3
23,4,3
23,5,3
23,6,3
23,7,3
23,8,3
23,9,3
23,10,3
23,11,4
23,12,4
23,13,4
23,14,4
23,15,4
23,16,4
23,17,4
23,18,4
23,19,4
23,20,4
23,21,4
23,22,4
23,23,3
23,24,3
23,25,1
23,26,1
23,27,1
23,28,1
23,29,1
23,30,1
24,0,4
24,1,4
24,2,4
24,3,3
24,4,3
24,5,3
24,6,3
24,7,3
24,8,3
24,9,3
24,10,3
24,11,4
24,12,4
24,13,4
24,14,4
24,15,4
24,16,4
24,17,4
24,18,2
24,19,2
24,20,4
24,21,4
24,22,3
24,23,3
24,24,3
24,25,1
24,26,1
24,27,1
24,28,1
24,29,1
24,30,1
25,0,4
25,1,4
25,2,4
25,3,4
25,4,3
25,5,3
25,6,3
25,7,3
25,8,3
25,9,3
25,10,4
25,11,4
25,12,4
25,13,4
25,14,4
25,15,4
25,16,4
25,17,2
25,18,2
25,19,2
25,20,2
25,21,3
25,22,3
25,23,3
25,24,3
25,25,3
25,26,1
25,27,1
25,28,1
25,29,1
25,30,1
26,0,4
26,1,4
26,2,4
26,3,4
26,4,1
26,5,1
26,6,1
26,7,3
26,8,3
26,9,3
26,10,4
26,11,4
26,12,4
26,13,1
26,14,1
26,15,1
26,16,1
26,17,2
26,18,2
26,19,2
26,20,2
26,21,3
26,22,3
26,23,3
26,24,3
26,25,3
26,26,3
26,27,1
26,28,1
26,29,2
26,30,2
27,0,4
27,1,4
27,2,4
27,3,1
27,4,1
27,5,1
27,6,1
27,7,1
27,8,3
27,9,3
27,10,4
27,11,4
27,12,1
27,13,1
27,14,1
27,15,1
27,16,1
27,17,1
27,18,2
27,19,2
27,20,2
27,21,2
27,22,3
27,23,3
27,24,3
27,25,3
27,26,3
27,27,2
27,28,2
27,29,2
27,30,2
28,0,4
28,1,4
28,2,4
28,3,1
28,4,1
28,5,1
28,6,1
28,7,1
28,8,3
28,9,3
28,10,4
28,11,4
28,12,1
28,13,1
28,14,1
28,15,1
28,16,1
28,17,1
28,18,1
28,19,2
28,20,2
28,21,2
28,22,2
28,23,3
28,24,3
28,25,3
28,26,2
28,27,2
28,28,2
28,29,2
28,30,2
29,0,4
29,1,4
29,2,1
29,3,1
29,4,1
29,5,1
29,6,1
29,7,3
29,8,3
29,9,3
29,10,4
29,11,4
29,12,4
29,13,1
29,14,1
29,15,1
29,16,1
29,17,1
29,18,1
29,19,1
29,20,2
29,21,2
29,22,2
29,23,2
29,24,3
29,25,3
29,26,2
29,27,2
29,28,2
29,29,2
29,30,2
30,0,4
30,1,4
30,2,1
30,3,1
30,4,1
30,5,1
30,6,1
30,7,3
30,8,3
30,9,3
30,10,4
30,11,4
30,12,4
30,13,1
30,14,1
30,15,1
30,16,1
30,17,1
30,18,1
30,19,1
30,20,2
30,21,2
30,22,2
30,23,2
30,24,3
30,25,3
30,26,2
30,27,2
30,28,2
30,29,2
30,30,2