3
2
4
0
2,27
12,17
22,27
0,1,2
0,2,2
0,0,1
0,1,1
0,2,1
0,3,1
0,4,1
0,5,1
0,6,1
0,7,2
0,8,2
0,9,2
0,10,4
0,11,4
0,12,4
0,13,4
0,14,4
0,15,4
0,16,3
0,17,3
0,18,3
0,19,3
0,20,3
0,21,3
0,22,3
0,23,3
0,24,3
0,25,2
0,26,2
0,27,2
0,28,2
0,29,2
0,30,2
1,0,1
1,1,1
1,2,1
1,3,1
1,4,1
1,5,1
1,6,1
1,7,2
1,8,2
1,9,2
1,10,4
1,11,4
1,12,4
1,13,4
1,14,4
1,15,4
1,16,3
1,17,3
1,18,3
1,19,3
1,20,3
1,21,3
1,22,3
1,23,3
1,24,3
1,25,2
1,26,2
1,27,2
1,28,2
1,29,2
1,30,2
2,0,4
2,1,4
2,2,4
2,3,4
2,4,1
2,5,1
2,6,2
2,7,2
2,8,2
2,9,4
2,10,4
2,11,4
2,12,4
2,13,4
2,14,4
2,15,3
2,16,3
2,17,3
2,18,3
2,19,3
2,20,3
2,21,3
2,22,3
2,23,3
2,24,3
2,25,2
2,26,2
2,27,2
2,28,2
2,29,2
2,30,2
3,0,4
3,1,4
3,2,4
3,3,4
3,4,4
3,5,4
3,6,2
3,7,2
3,8,2
3,9,4
3,10,4
3,11,4
3,12,4
3,13,1
3,14,1
3,15,3
3,16,3
3,17,3
3,18,3
3,19,3
3,20,3
3,21,3
3,22,3
3,23,3
3,24,2
3,25,2
3,26,2
3,27,2
3,28,2
3,29,2
3,30,2
4,0,4
4,1,4
4,2,4
4,3,4
4,4,4
4,5,4
4,6,4
4,7,2
4,8,2
4,9,2
4,10,4
4,11,4
4,12,1
4,13,1
4,14,1
4,15,1
4,16,3
4,17,3
4,18,1
4,19,1
4,20,1
4,21,3
4,22,3
4,23,2
4,24,2
4,25,2
4,26,2
4,27,2
4,28,2
4,29,2
4,30,2
5,0,1
5,1,1
5,2,1
5,3,4
5,4,4
5,5,4
5,6,4
5,7,2
5,8,2
5,9,2
5,10,4
5,11,4
5,12,1
5,13,1
5,14,1
5,15,1
5,16,1
5,17,1
5,18,1
5,19,1
5,20,1
5,21,1
5,22,2
5,23,2
5,24,2
5,25,2
5,26,4
5,27,4
5,28,4
5,29,4
5,30,4
6,0,1
6,1,1
6,2,1
6,3,1
6,4,4
6,5,4
6,6,4
6,7,4
6,8,2
6,9,2
6,10,4
6,11,4
6,12,4
6,13,1
6,14,1
6,15,1
6,16,1
6,17,1
6,18,1
6,19,1
6,20,1
6,21,1
6,22,2
6,23,2
6,24,2
6,25,4
6,26,4
6,27,4
6,28,4
6,29,4
6,30,4
7,0,1
7,1,1
7,2,1
7,3,1
7,4,4
7,5,4
7,6,4
7,7,4
7,8,2
7,9,2
7,10,4
7,11,4
7,12,4
7,13,1
7,14,1
7,15,1
7,16,1
7,17,3
7,18,3
7,19,1
7,20,1
7,21,2
7,22,2
7,23,2
7,24,2
7,25,4
7,26,4
7,27,4
7,28,4
7,29,4
7,30,4
8,0,1
8,1,1
8,2,1
8,3,3
8,4,3
8,5,4
8,6,4
8,7,2
8,8,2
8,9,2
8,10,4
8,11,4
8,12,1
8,13,1
8,14,1
8,15,1
8,16,3
8,17,3
8,18,3
8,19,3
8,20,2
8,21,2
8,22,2
8,23,2
8,24,2
8,25,4
8,26,4
8,27,4
8,28,4
8,29,4
8,30,4
9,0,1
9,1,1
9,2,3
9,3,3
9,4,3
9,5,3
9,6,2
9,7,2
9,8,2
9,9,2
9,10,4
9,11,4
9,12,1
9,13,1
9,14,1
9,15,1
9,16,3
9,17,3
9,18,3
9,19,3
9,20,2
9,21,2
9,22,2
9,23,2
9,24,2
9,25,4
9,26,4
9,27,4
9,28,4
9,29,4
9,30,4
10,0,1
10,1,1
10,2,3
10,3,3
10,4,3
10,5,3
10,6,2
10,7,2
10,8,2
10,9,2
10,10,4
10,11,4
10,12,4
10,13,1
10,14,1
10,15,3
10,16,3
10,17,3
10,18,3
10,19,3
10,20,3
10,21,2
10,22,2
10,23,2
10,24,4
10,25,4
10,26,4
10,27,4
10,28,4
10,29,4
10,30,4
11,0,1
11,1,1
11,2,3
11,3,3
11,4,3
11,5,3
11,6,2
11,7,2
11,8,2
11,9,2
11,10,4
11,11,4
11,12,4
11,13,1
11,14,1
11,15,3
11,16,3
11,17,3
11,18,3
11,19,3
11,20,3
11,21,3
11,22,2
11,23,2
11,24,4
11,25,4
11,26,4
11,27,4
11,28,4
11,29,4
11,30,4
12,0,1
12,1,1
12,2,3
12,3,3
12,4,3
12,5,3
12,6,2
12,7,2
12,8,2
12,9,2
12,10,4
12,11,4
12,12,1
12,13,1
12,14,1
12,15,3
12,16,3
12,17,3
12,18,3
12,19,3
12,20,3
12,21,3
12,22,2
12,23,2
12,24,2
12,25,4
12,26,4
12,27,3
12,28,3
12,29,4
12,30,4
13,0,1
13,1,1
13,2,1
13,3,3
13,4,3
13,5,4
13,6,4
13,7,2
13,8,2
13,9,4
13,10,4
13,11,4
13,12,1
13,13,1
13,14,1
13,15,3
13,16,3
13,17,3
13,18,3
13,19,3
13,20,3
13,21,3
13,22,2
13,23,2
13,24,2
13,25,2
13,26,3
13,27,3
13,28,3
13,29,3
13,30,3
14,0,1
14,1,1
14,2,1
14,3,1
14,4,4
14,5,4
14,6,4
14,7,4
14,8,4
14,9,4
14,10,4
14,11,4
14,12,1
14,13,1
14,14,1
14,15,3
14,16,3
14,17,3
14,18,3
14,19,3
14,20,3
14,21,3
14,22,2
14,23,2
14,24,2
14,25,2
14,26,3
14,27,3
14,28,3
14,29,3
14,30,3
15,0,1
15,1,1
15,2,1
15,3,1
15,4,4
15,5,4
15,6,4
15,7,4
15,8,4
15,9,4
15,10,4
15,11,1
15,12,1
15,13,1
15,14,3
15,15,3
15,16,3
15,17,3
15,18,3
15,19,3
15,20,3
15,21,2
15,22,2
15,23,2
15,24,2
15,25,2
15,26,3
15,27,3
15,28,3
15,29,3
15,30,3
16,0,1
16,1,1
16,2,1
16,3,3
16,4,3
16,5,4
16,6,4
16,7,1
16,8,1
16,9,1
16,10,1
16,11,1
16,12,1
16,13,1
16,14,3
16,15,3
16,16,3
16,17,3
16,18,3
16,19,4
16,20,4
16,21,2
16,22,2
16,23,2
16,24,2
16,25,2
16,26,2
16,27,3
16,28,3
16,29,3
16,30,3
17,0,3
17,1,3
17,2,3
17,3,3
17,4,3
17,5,3
17,6,1
17,7,1
17,8,1
17,9,1
17,10,1
17,11,1
17,12,1
17,13,3
17,14,3
17,15,3
17,16,3
17,17,4
17,18,4
17,19,4
17,20,4
17,21,4
17,22,2
17,23,2
17,24,2
17,25,2
17,26,2
17,27,3
17,28,3
17,29,3
17,30,3
18,0,3
18,1,3
18,2,3
18,3,3
18,4,3
18,5,3
18,6,1
18,7,1
18,8,1
18,9,1
18,10,1
18,11,1
18,12,3
18,13,3
18,14,3
18,15,3
18,16,4
18,17,4
18,18,4
18,19,4
18,20,4
18,21,4
18,22,1
18,23,1
18,24,2
18,25,2
18,26,1
18,27,1
18,28,3
18,29,3
18,30,3
19,0,3
19,1,3
19,2,3
19,3,3
19,4,3
19,5,1
19,6,1
19,7,1
19,8,1
19,9,1
19,10,1
19,11,3
19,12,3
19,13,3
19,14,3
19,15,3
19,16,4
19,17,4
19,18,4
19,19,4
19,20,4
19,21,1
19,22,1
19,23,1
19,24,1
19,25,1
19,26,1
19,27,1
19,28,1
19,29,3
19,30,3
20,0,3
20,1,3
20,2,3
20,3,3
20,4,1
20,5,1
20,6,1
20,7,1
20,8,1
20,9,2
20,10,2
20,11,3
20,12,3
20,13,3
20,14,3
20,15,3
20,16,4
20,17,4
20,18,4
20,19,2
20,20,2
20,21,1
20,22,1
20,23,1
20,24,1
20,25,1
20,26,1
20,27,1
20,28,1
20,29,1
20,30,1
21,0,3
21,1,3
21,2,2
21,3,2
21,4,1
21,5,1
21,6,1
21,7,1
21,8,2
21,9,2
21,10,2
21,11,2
21,12,3
21,13,3
21,14,3
21,15,4
21,16,4
21,17,4
21,18,2
21,19,2
21,20,2
21,21,2
21,22,1
21,23,1
21,24,1
21,25,1
21,26,1
21,27,1
21,28,1
21,29,1
21,30,1
22,0,2
22,1,2
22,2,2
22,3,2
22,4,2
22,5,1
22,6,1
22,7,1
22,8,2
22,9,2
22,10,2
22,11,2
22,12,4
22,13,4
22,14,4
22,15,4
22,16,4
22,17,4
22,18,2
22,19,2
22,20,2
22,21,2
22,22,1
22,23,1
22,24,1
22,25,1
22,26,1
22,27,1
22,28,1
22,29,1
22,30,1
23,0,2
23,1,2
23,2,2
23,3,2
23,4,2
23,5,2
23,6,1
23,7,1
23,8,1
23,9,2
23,10,2
23,11,4
23,12,4
23,13,4
23,14,4
23,15,4
23,16,4
23,17,4
23,18,4
23,19,2
23,20,2
23,21,1
23,22,1
23,23,1
23,24,1
23,25,1
23,26,1
23,27,1
23,28,1
23,29,1
23,30,1
24,0,1
24,1,1
24,2,1
24,3,2
24,4,2
24,5,2
24,6,1
24,7,1
24,8,1
24,9,1
24,10,1
24,11,4
24,12,4
24,13,4
24,14,4
24,15,4
24,16,4
24,17,4
24,18,4
24,19,2
24,20,2
24,21,1
24,22,1
24,23,1
24,24,1
24,25,1
24,26,1
24,27,1
24,28,1
24,29,1
24,30,1
25,0,1
25,1,1
25,2,1
25,3,1
25,4,2
25,5,2
25,6,2
25,7,1
25,8,1
25,9,1
25,10,1
25,11,1
25,12,4
25,13,4
25,14,4
25,15,4
25,16,4
25,17,4
25,18,2
25,19,2
25,20,2
25,21,1
25,22,1
25,23,1
25,24,1
25,25,1
25,26,1
25,27,1
25,28,1
25,29,2
25,30,2
26,0,1
26,1,1
26,2,1
26,3,1
26,4,2
26,5,2
26,6,2
26,7,1
26,8,1
26,9,1
26,10,1
26,11,1
26,12,3
26,13,3
26,14,3
26,15,3
26,16,3
26,17,3
26,18,2
26,19,2
26,20,2
26,21,2
26,22,1
26,23,1
26,24,1
26,25,1
26,26,1
26,27,1
26,28,2
26,29,2
26,30,2
27,0,1
27,1,1
27,2,1
27,3,1
27,4,1
27,5,2
27,6,2
27,7,1
27,8,1
27,9,1
27,10,1
27,11,3
27,12,3
27,13,3
27,14,3
27,15,3
27,16,3
27,17,3
27,18,3
27,19,2
27,20,2
27,21,2
27,22,4
27,23,4
27,24,1
27,25,1
27,26,1
27,27,2
27,28,2
27,29,2
27,30,2
28,0,4
28,1,4
28,2,1
28,3,1
28,4,1
28,5,2
28,6,2
28,7,1
28,8,1
28,9,1
28,10,1
28,11,3
28,12,3
28,13,3
28,14,4
28,15,4
28,16,3
28,17,3
28,18,3
28,19,2
28,20,2
28,21,4
28,22,4
28,23,4
28,24,4
28,25,4
28,26,4
28,27,2
28,28,2
28,29,2
28,30,2
29,0,4
29,1,4
29,2,4
29,3,1
29,4,1
29,5,2
29,6,2
29,7,1
29,8,1
29,9,1
29,10,3
29,11,3
29,12,3
29,13,4
29,14,4
29,15,4
29,16,4
29,17,3
29,18,3
29,19,2
29,20,2
29,21,4
29,22,4
29,23,4
29,24,4
29,25,4
29,26,4
29,27,4
29,28,2
29,29,2
29,30,2
30,0,4
30,1,4
30,2,4
30,3,1
30,4,1
30,5,2
30,6,2
30,7,1
30,8,1
30,9,1
30,10,3
30,11,3
30,12,3
30,13,4
30,14,4
30,15,4
30,16,4
30,17,3
30,18,3
30,19,2
30,20,2
30,21,4
30,22,4
30,23,4
30,24,4
30,25,4
30,26,4
30,27,4
30,28,2
30,29,2
30,30,2