3
3
3
1
7,27
17,17
17,27
1,2,2
0,1,2
0,2,1
0,0,4
0,1,4
0,2,4
0,3,3
0,4,3
0,5,4
0,6,4
0,7,4
0,8,2
0,9,2
0,10,3
0,11,3
0,12,3
0,13,1
0,14,1
0,15,1
0,16,1
0,17,4
0,18,4
0,19,3
0,20,3
0,21,2
0,22,2
0,23,3
0,24,3
0,25,3
0,26,3
0,27,3
0,28,3
0,29,3
0,30,3
1,0,4
1,1,4
1,2,4
1,3,3
1,4,3
1,5,4
1,6,4
1,7,4
1,8,2
1,9,2
1,10,3
1,11,3
1,12,3
1,13,1
1,14,1
1,15,1
1,16,1
1,17,4
1,18,4
1,19,3
1,20,3
1,21,2
1,22,2
1,23,3
1,24,3
1,25,3
1,26,3
1,27,3
1,28,3
1,29,3
1,30,3
2,0,4
2,1,4
2,2,4
2,3,3
2,4,3
2,5,4
2,6,4
2,7,2
2,8,2
2,9,2
2,10,3
2,11,3
2,12,3
2,13,1
2,14,1
2,15,1
2,16,1
2,17,4
2,18,4
2,19,3
2,20,3
2,21,2
2,22,2
2,23,2
2,24,3
2,25,3
2,26,2
2,27,2
2,28,2
2,29,3
2,30,3
3,0,4
3,1,4
3,2,4
3,3,3
3,4,3
3,5,4
3,6,4
3,7,2
3,8,2
3,9,2
3,10,2
3,11,3
3,12,3
3,13,3
3,14,1
3,15,1
3,16,4
3,17,4
3,18,4
3,19,3
3,20,3
3,21,2
3,22,2
3,23,2
3,24,2
3,25,2
3,26,2
3,27,2
3,28,2
3,29,2
3,30,2
4,0,4
4,1,4
4,2,3
4,3,3
4,4,3
4,5,4
4,6,4
4,7,4
4,8,2
4,9,2
4,10,2
4,11,3
4,12,3
4,13,3
4,14,4
4,15,4
4,16,4
4,17,4
4,18,4
4,19,3
4,20,3
4,21,3
4,22,2
4,23,2
4,24,2
4,25,2
4,26,2
4,27,2
4,28,2
4,29,2
4,30,2
5,0,3
5,1,3
5,2,3
5,3,3
5,4,3
5,5,4
5,6,4
5,7,4
5,8,4
5,9,2
5,10,2
5,11,3
5,12,3
5,13,4
5,14,4
5,15,4
5,16,4
5,17,4
5,18,3
5,19,3
5,20,3
5,21,3
5,22,4
5,23,4
5,24,4
5,25,4
5,26,4
5,27,4
5,28,4
5,29,4
5,30,4
6,0,3
6,1,3
6,2,3
6,3,3
6,4,3
6,5,4
6,6,4
6,7,4
6,8,4
6,9,2
6,10,2
6,11,3
6,12,3
6,13,4
6,14,4
6,15,4
6,16,4
6,17,3
6,18,3
6,19,3
6,20,3
6,21,4
6,22,4
6,23,4
6,24,4
6,25,4
6,26,4
6,27,4
6,28,4
6,29,4
6,30,4
7,0,1
7,1,1
7,2,3
7,3,3
7,4,4
7,5,4
7,6,4
7,7,4
7,8,2
7,9,2
7,10,2
7,11,3
7,12,3
7,13,3
7,14,4
7,15,4
7,16,3
7,17,3
7,18,3
7,19,3
7,20,3
7,21,4
7,22,4
7,23,4
7,24,4
7,25,4
7,26,4
7,27,4
7,28,4
7,29,4
7,30,4
8,0,1
8,1,1
8,2,1
8,3,4
8,4,4
8,5,4
8,6,4
8,7,2
8,8,2
8,9,2
8,10,2
8,11,3
8,12,3
8,13,3
8,14,4
8,15,4
8,16,3
8,17,3
8,18,3
8,19,3
8,20,3
8,21,3
8,22,4
8,23,4
8,24,4
8,25,4
8,26,4
8,27,4
8,28,4
8,29,4
8,30,4
9,0,1
9,1,1
9,2,1
9,3,4
9,4,4
9,5,4
9,6,2
9,7,2
9,8,2
9,9,2
9,10,3
9,11,3
9,12,3
9,13,3
9,14,4
9,15,4
9,16,3
9,17,3
9,18,3
9,19,3
9,20,3
9,21,3
9,22,3
9,23,4
9,24,4
9,25,4
9,26,4
9,27,4
9,28,4
9,29,4
9,30,4
10,0,1
10,1,1
10,2,4
10,3,4
10,4,4
10,5,4
10,6,2
10,7,2
10,8,2
10,9,2
10,10,3
10,11,3
10,12,3
10,13,3
10,14,4
10,15,4
10,16,4
10,17,3
10,18,3
10,19,3
10,20,3
10,21,3
10,22,3
10,23,4
10,24,4
10,25,4
10,26,4
10,27,4
10,28,4
10,29,4
10,30,4
11,0,4
11,1,4
11,2,4
11,3,4
11,4,4
11,5,4
11,6,4
11,7,2
11,8,2
11,9,4
11,10,4
11,11,3
11,12,3
11,13,4
11,14,4
11,15,4
11,16,4
11,17,2
11,18,2
11,19,2
11,20,3
11,21,3
11,22,4
11,23,4
11,24,4
11,25,4
11,26,4
11,27,4
11,28,4
11,29,4
11,30,4
12,0,4
12,1,4
12,2,4
12,3,4
12,4,4
12,5,4
12,6,4
12,7,4
12,8,4
12,9,4
12,10,4
12,11,4
12,12,4
12,13,4
12,14,4
12,15,4
12,16,2
12,17,2
12,18,2
12,19,2
12,20,2
12,21,4
12,22,4
12,23,4
12,24,4
12,25,4
12,26,4
12,27,4
12,28,4
12,29,4
12,30,4
13,0,4
13,1,4
13,2,3
13,3,3
13,4,4
13,5,4
13,6,4
13,7,4
13,8,4
13,9,4
13,10,4
13,11,4
13,12,4
13,13,4
13,14,4
13,15,4
13,16,2
13,17,2
13,18,2
13,19,2
13,20,2
13,21,4
13,22,4
13,23,4
13,24,4
13,25,4
13,26,4
13,27,4
13,28,4
13,29,4
13,30,4
14,0,3
14,1,3
14,2,3
14,3,3
14,4,3
14,5,4
14,6,4
14,7,4
14,8,2
14,9,2
14,10,2
14,11,4
14,12,4
14,13,4
14,14,4
14,15,4
14,16,4
14,17,2
14,18,2
14,19,2
14,20,4
14,21,4
14,22,4
14,23,4
14,24,4
14,25,4
14,26,4
14,27,4
14,28,1
14,29,1
14,30,1
15,0,3
15,1,3
15,2,3
15,3,3
15,4,3
15,5,4
15,6,4
15,7,2
15,8,2
15,9,2
15,10,2
15,11,2
15,12,4
15,13,4
15,14,4
15,15,4
15,16,4
15,17,4
15,18,4
15,19,4
15,20,4
15,21,4
15,22,4
15,23,4
15,24,4
15,25,1
15,26,1
15,27,1
15,28,1
15,29,1
15,30,1
16,0,4
16,1,4
16,2,3
16,3,3
16,4,4
16,5,4
16,6,4
16,7,2
16,8,2
16,9,2
16,10,2
16,11,2
16,12,4
16,13,4
16,14,4
16,15,4
16,16,4
16,17,4
16,18,4
16,19,4
16,20,4
16,21,4
16,22,4
16,23,4
16,24,1
16,25,1
16,26,1
16,27,1
16,28,1
16,29,1
16,30,1
17,0,4
17,1,4
17,2,4
17,3,4
17,4,4
17,5,4
17,6,4
17,7,4
17,8,2
17,9,2
17,10,2
17,11,4
17,12,4
17,13,4
17,14,4
17,15,4
17,16,4
17,17,4
17,18,4
17,19,4
17,20,4
17,21,4
17,22,4
17,23,4
17,24,1
17,25,1
17,26,1
17,27,1
17,28,1
17,29,1
17,30,1
18,0,4
18,1,4
18,2,4
18,3,4
18,4,4
18,5,4
18,6,4
18,7,4
18,8,4
18,9,4
18,10,4
18,11,4
18,12,4
18,13,4
18,14,4
18,15,4
18,16,4
18,17,4
18,18,4
18,19,4
18,20,4
18,21,4
18,22,4
18,23,1
18,24,1
18,25,1
18,26,1
18,27,1
18,28,1
18,29,1
18,30,1
19,0,4
19,1,4
19,2,4
19,3,3
19,4,3
19,5,4
19,6,4
19,7,4
19,8,4
19,9,4
19,10,4
19,11,4
19,12,4
19,13,3
19,14,3
19,15,4
19,16,4
19,17,4
19,18,4
19,19,4
19,20,4
19,21,4
19,22,4
19,23,1
19,24,1
19,25,1
19,26,1
19,27,1
19,28,1
19,29,1
19,30,1
20,0,4
20,1,4
20,2,3
20,3,3
20,4,3
20,5,3
20,6,4
20,7,4
20,8,4
20,9,4
20,10,4
20,11,4
20,12,3
20,13,3
20,14,3
20,15,3
20,16,4
20,17,4
20,18,4
20,19,4
20,20,4
20,21,4
20,22,2
20,23,2
20,24,1
20,25,1
20,26,1
20,27,1
20,28,1
20,29,1
20,30,1
21,0,4
21,1,4
21,2,3
21,3,3
21,4,3
21,5,3
21,6,3
21,7,4
21,8,4
21,9,4
21,10,4
21,11,3
21,12,3
21,13,3
21,14,3
21,15,3
21,16,2
21,17,2
21,18,4
21,19,4
21,20,4
21,21,2
21,22,2
21,23,2
21,24,2
21,25,2
21,26,2
21,27,2
21,28,2
21,29,2
21,30,2
22,0,4
22,1,4
22,2,3
22,3,3
22,4,3
22,5,3
22,6,3
22,7,3
22,8,4
22,9,4
22,10,3
22,11,3
22,12,3
22,13,3
22,14,3
22,15,2
22,16,2
22,17,2
22,18,2
22,19,4
22,20,4
22,21,2
22,22,2
22,23,2
22,24,2
22,25,2
22,26,2
22,27,2
22,28,2
22,29,2
22,30,2
23,0,4
23,1,4
23,2,3
23,3,3
23,4,3
23,5,3
23,6,3
23,7,3
23,8,2
23,9,2
23,10,3
23,11,3
23,12,3
23,13,3
23,14,2
23,15,2
23,16,2
23,17,2
23,18,2
23,19,4
23,20,4
23,21,4
23,22,2
23,23,2
23,24,2
23,25,1
23,26,1
23,27,1
23,28,1
23,29,1
23,30,1
24,0,4
24,1,4
24,2,4
24,3,3
24,4,3
24,5,3
24,6,3
24,7,2
24,8,2
24,9,2
24,10,2
24,11,3
24,12,3
24,13,2
24,14,2
24,15,2
24,16,2
24,17,2
24,18,2
24,19,4
24,20,4
24,21,4
24,22,2
24,23,2
24,24,1
24,25,1
24,26,1
24,27,1
24,28,1
24,29,1
24,30,1
25,0,4
25,1,4
25,2,4
25,3,2
25,4,2
25,5,2
25,6,2
25,7,2
25,8,2
25,9,2
25,10,2
25,11,2
25,12,2
25,13,2
25,14,2
25,15,2
25,16,2
25,17,2
25,18,2
25,19,2
25,20,4
25,21,4
25,22,2
25,23,2
25,24,1
25,25,1
25,26,1
25,27,1
25,28,3
25,29,3
25,30,3
26,0,4
26,1,4
26,2,2
26,3,2
26,4,2
26,5,2
26,6,2
26,7,2
26,8,2
26,9,2
26,10,2
26,11,2
26,12,2
26,13,2
26,14,2
26,15,3
26,16,3
26,17,2
26,18,2
26,19,2
26,20,4
26,21,4
26,22,2
26,23,2
26,24,2
26,25,1
26,26,1
26,27,3
26,28,3
26,29,3
26,30,3
27,0,3
27,1,3
27,2,2
27,3,2
27,4,2
27,5,2
27,6,2
27,7,2
27,8,2
27,9,2
27,10,2
27,11,2
27,12,3
27,13,3
27,14,3
27,15,3
27,16,3
27,17,3
27,18,2
27,19,2
27,20,4
27,21,4
27,22,2
27,23,2
27,24,2
27,25,3
27,26,3
27,27,3
27,28,3
27,29,3
27,30,3
28,0,3
28,1,3
28,2,3
28,3,2
28,4,2
28,5,4
28,6,4
28,7,4
28,8,4
28,9,2
28,10,2
28,11,3
28,12,3
28,13,3
28,14,3
28,15,3
28,16,3
28,17,3
28,18,2
28,19,2
28,20,4
28,21,4
28,22,2
28,23,2
28,24,3
28,25,3
28,26,3
28,27,3
28,28,3
28,29,1
28,30,1
29,0,3
29,1,3
29,2,3
29,3,3
29,4,4
29,5,4
29,6,4
29,7,4
29,8,4
29,9,4
29,10,3
29,11,3
29,12,3
29,13,3
29,14,3
29,15,3
29,16,3
29,17,3
29,18,2
29,19,2
29,20,4
29,21,4
29,22,2
29,23,2
29,24,3
29,25,3
29,26,3
29,27,3
29,28,1
29,29,1
29,30,1
30,0,3
30,1,3
30,2,3
30,3,3
30,4,4
30,5,4
30,6,4
30,7,4
30,8,4
30,9,4
30,10,3
30,11,3
30,12,3
30,13,3
30,14,3
30,15,3
30,16,3
30,17,3
30,18,2
30,19,2
30,20,4
30,21,4
30,22,2
30,23,2
30,24,3
30,25,3
30,26,3
30,27,3
30,28,1
30,29,1
30,30,1