3
3
4
2
7,12
17,2
27,12
0,2,2
1,2,2
0,1,2
0,0,4
0,1,4
0,2,1
0,3,1
0,4,1
0,5,1
0,6,1
0,7,2
0,8,2
0,9,4
0,10,4
0,11,4
0,12,4
0,13,4
0,14,4
0,15,4
0,16,2
0,17,2
0,18,3
0,19,3
0,20,3
0,21,4
0,22,4
0,23,2
0,24,2
0,25,2
0,26,2
0,27,1
0,28,1
0,29,1
0,30,1
1,0,4
1,1,4
1,2,1
1,3,1
1,4,1
1,5,1
1,6,1
1,7,2
1,8,2
1,9,4
1,10,4
1,11,4
1,12,4
1,13,4
1,14,4
1,15,4
1,16,2
1,17,2
1,18,3
1,19,3
1,20,3
1,21,4
1,22,4
1,23,2
1,24,2
1,25,2
1,26,2
1,27,1
1,28,1
1,29,1
1,30,1
2,0,4
2,1,4
2,2,1
2,3,1
2,4,1
2,5,1
2,6,1
2,7,2
2,8,2
2,9,2
2,10,4
2,11,4
2,12,4
2,13,4
2,14,4
2,15,2
2,16,2
2,17,2
2,18,3
2,19,3
2,20,4
2,21,4
2,22,4
2,23,4
2,24,2
2,25,2
2,26,3
2,27,3
2,28,1
2,29,1
2,30,1
3,0,4
3,1,4
3,2,1
3,3,1
3,4,1
3,5,1
3,6,1
3,7,2
3,8,2
3,9,2
3,10,2
3,11,2
3,12,2
3,13,2
3,14,2
3,15,2
3,16,2
3,17,2
3,18,3
3,19,3
3,20,4
3,21,4
3,22,4
3,23,4
3,24,3
3,25,3
3,26,3
3,27,3
3,28,3
3,29,3
3,30,3
4,0,4
4,1,4
4,2,4
4,3,1
4,4,1
4,5,1
4,6,1
4,7,2
4,8,2
4,9,2
4,10,2
4,11,2
4,12,2
4,13,2
4,14,2
4,15,2
4,16,2
4,17,2
4,18,3
4,19,3
4,20,3
4,21,4
4,22,4
4,23,3
4,24,3
4,25,3
4,26,3
4,27,3
4,28,3
4,29,3
4,30,3
5,0,4
5,1,4
5,2,4
5,3,1
5,4,1
5,5,1
5,6,1
5,7,1
5,8,2
5,9,2
5,10,4
5,11,4
5,12,4
5,13,4
5,14,4
5,15,2
5,16,2
5,17,3
5,18,3
5,19,3
5,20,3
5,21,3
5,22,3
5,23,3
5,24,3
5,25,3
5,26,4
5,27,4
5,28,4
5,29,4
5,30,4
6,0,4
6,1,4
6,2,2
6,3,2
6,4,1
6,5,1
6,6,1
6,7,1
6,8,1
6,9,4
6,10,4
6,11,4
6,12,4
6,13,4
6,14,4
6,15,4
6,16,3
6,17,3
6,18,3
6,19,3
6,20,3
6,21,3
6,22,3
6,23,3
6,24,3
6,25,4
6,26,4
6,27,4
6,28,4
6,29,4
6,30,4
7,0,2
7,1,2
7,2,2
7,3,2
7,4,2
7,5,2
7,6,1
7,7,1
7,8,1
7,9,4
7,10,4
7,11,4
7,12,4
7,13,4
7,14,4
7,15,4
7,16,3
7,17,3
7,18,3
7,19,3
7,20,3
7,21,3
7,22,3
7,23,3
7,24,3
7,25,4
7,26,4
7,27,4
7,28,1
7,29,1
7,30,1
8,0,2
8,1,2
8,2,2
8,3,2
8,4,2
8,5,2
8,6,2
8,7,1
8,8,1
8,9,1
8,10,4
8,11,4
8,12,4
8,13,4
8,14,4
8,15,4
8,16,4
8,17,3
8,18,3
8,19,2
8,20,2
8,21,2
8,22,3
8,23,3
8,24,4
8,25,4
8,26,4
8,27,1
8,28,1
8,29,1
8,30,1
9,0,4
9,1,4
9,2,4
9,3,2
9,4,2
9,5,2
9,6,2
9,7,1
9,8,1
9,9,1
9,10,4
9,11,4
9,12,4
9,13,4
9,14,4
9,15,4
9,16,4
9,17,4
9,18,2
9,19,2
9,20,2
9,21,2
9,22,2
9,23,4
9,24,4
9,25,4
9,26,4
9,27,1
9,28,1
9,29,1
9,30,1
10,0,4
10,1,4
10,2,4
10,3,4
10,4,2
10,5,2
10,6,2
10,7,1
10,8,1
10,9,1
10,10,1
10,11,4
10,12,4
10,13,4
10,14,4
10,15,4
10,16,4
10,17,4
10,18,2
10,19,2
10,20,2
10,21,2
10,22,2
10,23,4
10,24,4
10,25,4
10,26,4
10,27,4
10,28,1
10,29,1
10,30,1
11,0,4
11,1,4
11,2,4
11,3,4
11,4,2
11,5,2
11,6,1
11,7,1
11,8,1
11,9,1
11,10,1
11,11,4
11,12,4
11,13,4
11,14,4
11,15,4
11,16,4
11,17,4
11,18,2
11,19,2
11,20,2
11,21,2
11,22,1
11,23,1
11,24,4
11,25,4
11,26,4
11,27,4
11,28,4
11,29,1
11,30,1
12,0,4
12,1,4
12,2,4
12,3,2
12,4,2
12,5,2
12,6,1
12,7,1
12,8,1
12,9,1
12,10,4
12,11,4
12,12,4
12,13,4
12,14,4
12,15,4
12,16,4
12,17,4
12,18,4
12,19,2
12,20,2
12,21,1
12,22,1
12,23,1
12,24,1
12,25,4
12,26,4
12,27,4
12,28,4
12,29,4
12,30,4
13,0,2
13,1,2
13,2,2
13,3,2
13,4,2
13,5,2
13,6,1
13,7,1
13,8,1
13,9,1
13,10,4
13,11,4
13,12,4
13,13,4
13,14,4
13,15,4
13,16,4
13,17,4
13,18,4
13,19,3
13,20,3
13,21,1
13,22,1
13,23,1
13,24,1
13,25,1
13,26,4
13,27,4
13,28,4
13,29,4
13,30,4
14,0,2
14,1,2
14,2,2
14,3,2
14,4,2
14,5,4
14,6,4
14,7,1
14,8,1
14,9,4
14,10,4
14,11,4
14,12,4
14,13,4
14,14,4
14,15,4
14,16,4
14,17,4
14,18,3
14,19,3
14,20,3
14,21,3
14,22,1
14,23,1
14,24,1
14,25,1
14,26,2
14,27,2
14,28,2
14,29,2
14,30,2
15,0,4
15,1,4
15,2,4
15,3,4
15,4,4
15,5,4
15,6,4
15,7,4
15,8,4
15,9,4
15,10,4
15,11,4
15,12,4
15,13,4
15,14,4
15,15,4
15,16,4
15,17,4
15,18,3
15,19,3
15,20,3
15,21,3
15,22,3
15,23,1
15,24,1
15,25,2
15,26,2
15,27,2
15,28,2
15,29,2
15,30,2
16,0,4
16,1,4
16,2,4
16,3,4
16,4,4
16,5,4
16,6,4
16,7,4
16,8,4
16,9,4
16,10,4
16,11,3
16,12,3
16,13,4
16,14,4
16,15,4
16,16,4
16,17,4
16,18,4
16,19,3
16,20,3
16,21,3
16,22,3
16,23,3
16,24,3
16,25,2
16,26,2
16,27,2
16,28,2
16,29,3
16,30,3
17,0,4
17,1,4
17,2,4
17,3,4
17,4,4
17,5,4
17,6,3
17,7,3
17,8,3
17,9,3
17,10,3
17,11,3
17,12,3
17,13,3
17,14,4
17,15,4
17,16,4
17,17,4
17,18,4
17,19,1
17,20,1
17,21,3
17,22,3
17,23,3
17,24,3
17,25,3
17,26,2
17,27,2
17,28,3
17,29,3
17,30,3
18,0,4
18,1,4
18,2,4
18,3,4
18,4,4
18,5,3
18,6,3
18,7,3
18,8,3
18,9,3
18,10,3
18,11,3
18,12,3
18,13,3
18,14,3
18,15,4
18,16,4
18,17,4
18,18,1
18,19,1
18,20,1
18,21,1
18,22,1
18,23,3
18,24,3
18,25,3
18,26,3
18,27,3
18,28,3
18,29,3
18,30,3
19,0,4
19,1,4
19,2,4
19,3,4
19,4,4
19,5,3
19,6,3
19,7,3
19,8,3
19,9,3
19,10,2
19,11,2
19,12,3
19,13,3
19,14,3
19,15,4
19,16,4
19,17,4
19,18,1
19,19,1
19,20,1
19,21,1
19,22,1
19,23,1
19,24,3
19,25,3
19,26,3
19,27,3
19,28,3
19,29,3
19,30,3
20,0,4
20,1,4
20,2,4
20,3,4
20,4,4
20,5,4
20,6,3
20,7,3
20,8,2
20,9,2
20,10,2
20,11,2
20,12,2
20,13,3
20,14,3
20,15,4
20,16,4
20,17,4
20,18,4
20,19,1
20,20,1
20,21,1
20,22,1
20,23,1
20,24,1
20,25,1
20,26,1
20,27,1
20,28,1
20,29,1
20,30,1
21,0,4
21,1,4
21,2,4
21,3,4
21,4,4
21,5,4
21,6,4
21,7,2
21,8,2
21,9,2
21,10,2
21,11,2
21,12,2
21,13,3
21,14,3
21,15,4
21,16,4
21,17,4
21,18,4
21,19,3
21,20,3
21,21,1
21,22,1
21,23,1
21,24,1
21,25,1
21,26,1
21,27,1
21,28,1
21,29,1
21,30,1
22,0,4
22,1,4
22,2,4
22,3,4
22,4,4
22,5,4
22,6,4
22,7,2
22,8,2
22,9,2
22,10,2
22,11,2
22,12,2
22,13,3
22,14,3
22,15,3
22,16,4
22,17,4
22,18,3
22,19,3
22,20,3
22,21,3
22,22,3
22,23,1
22,24,1
22,25,4
22,26,4
22,27,1
22,28,1
22,29,3
22,30,3
23,0,4
23,1,4
23,2,4
23,3,4
23,4,4
23,5,4
23,6,4
23,7,4
23,8,2
23,9,2
23,10,2
23,11,2
23,12,2
23,13,3
23,14,3
23,15,3
23,16,3
23,17,3
23,18,3
23,19,3
23,20,3
23,21,3
23,22,3
23,23,3
23,24,4
23,25,4
23,26,4
23,27,4
23,28,3
23,29,3
23,30,3
24,0,4
24,1,4
24,2,4
24,3,4
24,4,4
24,5,4
24,6,4
24,7,4
24,8,4
24,9,2
24,10,2
24,11,2
24,12,4
24,13,4
24,14,3
24,15,3
24,16,3
24,17,3
24,18,3
24,19,3
24,20,3
24,21,3
24,22,3
24,23,3
24,24,4
24,25,4
24,26,4
24,27,4
24,28,3
24,29,3
24,30,3
25,0,4
25,1,4
25,2,4
25,3,3
25,4,3
25,5,3
25,6,4
25,7,4
25,8,4
25,9,4
25,10,4
25,11,4
25,12,4
25,13,4
25,14,4
25,15,4
25,16,3
25,17,3
25,18,1
25,19,1
25,20,3
25,21,3
25,22,3
25,23,3
25,24,3
25,25,4
25,26,4
25,27,4
25,28,4
25,29,3
25,30,3
26,0,4
26,1,4
26,2,3
26,3,3
26,4,3
26,5,3
26,6,3
26,7,4
26,8,4
26,9,4
26,10,4
26,11,4
26,12,4
26,13,4
26,14,4
26,15,4
26,16,4
26,17,1
26,18,1
26,19,1
26,20,1
26,21,3
26,22,3
26,23,3
26,24,3
26,25,4
26,26,4
26,27,4
26,28,4
26,29,1
26,30,1
27,0,4
27,1,4
27,2,3
27,3,3
27,4,3
27,5,3
27,6,3
27,7,1
27,8,1
27,9,4
27,10,4
27,11,4
27,12,4
27,13,4
27,14,4
27,15,4
27,16,4
27,17,1
27,18,1
27,19,1
27,20,1
27,21,1
27,22,3
27,23,3
27,24,2
27,25,2
27,26,4
27,27,4
27,28,1
27,29,1
27,30,1
28,0,4
28,1,4
28,2,4
28,3,3
28,4,3
28,5,3
28,6,1
28,7,1
28,8,1
28,9,1
28,10,4
28,11,4
28,12,4
28,13,4
28,14,4
28,15,4
28,16,4
28,17,4
28,18,1
28,19,1
28,20,1
28,21,1
28,22,2
28,23,2
28,24,2
28,25,2
28,26,2
28,27,2
28,28,1
28,29,1
28,30,1
29,0,4
29,1,4
29,2,4
29,3,4
29,4,3
29,5,3
29,6,1
29,7,1
29,8,1
29,9,1
29,10,4
29,11,4
29,12,4
29,13,4
29,14,4
29,15,4
29,16,4
29,17,4
29,18,4
29,19,1
29,20,1
29,21,2
29,22,2
29,23,2
29,24,2
29,25,2
29,26,2
29,27,2
29,28,2
29,29,1
29,30,1
30,0,4
30,1,4
30,2,4
30,3,4
30,4,3
30,5,3
30,6,1
30,7,1
30,8,1
30,9,1
30,10,4
30,11,4
30,12,4
30,13,4
30,14,4
30,15,4
30,16,4
30,17,4
30,18,4
30,19,1
30,20,1
30,21,2
30,22,2
30,23,2
30,24,2
30,25,2
30,26,2
30,27,2
30,28,2
30,29,1
30,30,1