3
3
2
2
7,2
7,12
17,12
1,2,2
0,2,1
0,1,1
0,0,4
0,1,4
0,2,2
0,3,2
0,4,2
0,5,2
0,6,1
0,7,1
0,8,1
0,9,1
0,10,2
0,11,2
0,12,2
0,13,2
0,14,3
0,15,3
0,16,4
0,17,4
0,18,1
0,19,1
0,20,3
0,21,3
0,22,3
0,23,3
0,24,1
0,25,1
0,26,4
0,27,4
0,28,4
0,29,4
0,30,4
1,0,4
1,1,4
1,2,2
1,3,2
1,4,2
1,5,2
1,6,1
1,7,1
1,8,1
1,9,1
1,10,2
1,11,2
1,12,2
1,13,2
1,14,3
1,15,3
1,16,4
1,17,4
1,18,1
1,19,1
1,20,3
1,21,3
1,22,3
1,23,3
1,24,1
1,25,1
1,26,4
1,27,4
1,28,4
1,29,4
1,30,4
2,0,4
2,1,4
2,2,2
2,3,2
2,4,2
2,5,2
2,6,2
2,7,1
2,8,1
2,9,2
2,10,2
2,11,2
2,12,2
2,13,3
2,14,3
2,15,3
2,16,4
2,17,4
2,18,1
2,19,1
2,20,1
2,21,3
2,22,3
2,23,1
2,24,1
2,25,1
2,26,4
2,27,4
2,28,4
2,29,4
2,30,4
3,0,4
3,1,4
3,2,4
3,3,2
3,4,2
3,5,2
3,6,2
3,7,2
3,8,2
3,9,2
3,10,2
3,11,2
3,12,3
3,13,3
3,14,3
3,15,3
3,16,4
3,17,4
3,18,1
3,19,1
3,20,1
3,21,1
3,22,1
3,23,1
3,24,1
3,25,1
3,26,4
3,27,4
3,28,4
3,29,4
3,30,4
4,0,4
4,1,4
4,2,4
4,3,4
4,4,4
4,5,2
4,6,2
4,7,2
4,8,2
4,9,2
4,10,2
4,11,3
4,12,3
4,13,3
4,14,3
4,15,4
4,16,4
4,17,4
4,18,4
4,19,1
4,20,1
4,21,1
4,22,1
4,23,1
4,24,1
4,25,3
4,26,3
4,27,4
4,28,4
4,29,1
4,30,1
5,0,4
5,1,4
5,2,4
5,3,4
5,4,4
5,5,4
5,6,2
5,7,2
5,8,2
5,9,3
5,10,3
5,11,3
5,12,3
5,13,3
5,14,3
5,15,4
5,16,4
5,17,4
5,18,4
5,19,1
5,20,1
5,21,1
5,22,3
5,23,3
5,24,3
5,25,3
5,26,3
5,27,3
5,28,1
5,29,1
5,30,1
6,0,4
6,1,4
6,2,4
6,3,4
6,4,4
6,5,4
6,6,2
6,7,2
6,8,3
6,9,3
6,10,3
6,11,3
6,12,3
6,13,3
6,14,3
6,15,3
6,16,4
6,17,4
6,18,1
6,19,1
6,20,1
6,21,3
6,22,3
6,23,3
6,24,3
6,25,3
6,26,3
6,27,3
6,28,1
6,29,1
6,30,1
7,0,4
7,1,4
7,2,4
7,3,4
7,4,4
7,5,4
7,6,2
7,7,2
7,8,3
7,9,3
7,10,3
7,11,3
7,12,3
7,13,3
7,14,3
7,15,3
7,16,3
7,17,1
7,18,1
7,19,1
7,20,1
7,21,3
7,22,3
7,23,3
7,24,3
7,25,3
7,26,3
7,27,2
7,28,2
7,29,1
7,30,1
8,0,4
8,1,4
8,2,4
8,3,4
8,4,4
8,5,4
8,6,2
8,7,2
8,8,2
8,9,3
8,10,3
8,11,3
8,12,3
8,13,3
8,14,3
8,15,3
8,16,3
8,17,1
8,18,1
8,19,1
8,20,2
8,21,2
8,22,3
8,23,3
8,24,2
8,25,2
8,26,2
8,27,2
8,28,2
8,29,2
8,30,2
9,0,4
9,1,4
9,2,4
9,3,4
9,4,4
9,5,4
9,6,2
9,7,2
9,8,2
9,9,3
9,10,3
9,11,3
9,12,3
9,13,3
9,14,3
9,15,3
9,16,3
9,17,1
9,18,1
9,19,2
9,20,2
9,21,2
9,22,2
9,23,2
9,24,2
9,25,2
9,26,2
9,27,2
9,28,2
9,29,2
9,30,2
10,0,1
10,1,1
10,2,4
10,3,4
10,4,4
10,5,4
10,6,4
10,7,2
10,8,2
10,9,2
10,10,3
10,11,3
10,12,4
10,13,4
10,14,3
10,15,3
10,16,1
10,17,1
10,18,1
10,19,2
10,20,2
10,21,2
10,22,2
10,23,2
10,24,2
10,25,2
10,26,2
10,27,2
10,28,2
10,29,2
10,30,2
11,0,1
11,1,1
11,2,1
11,3,4
11,4,4
11,5,4
11,6,4
11,7,2
11,8,2
11,9,2
11,10,2
11,11,4
11,12,4
11,13,4
11,14,4
11,15,1
11,16,1
11,17,1
11,18,1
11,19,1
11,20,2
11,21,2
11,22,2
11,23,1
11,24,1
11,25,1
11,26,2
11,27,2
11,28,2
11,29,2
11,30,2
12,0,1
12,1,1
12,2,1
12,3,1
12,4,4
12,5,4
12,6,2
12,7,2
12,8,2
12,9,2
12,10,2
12,11,4
12,12,4
12,13,4
12,14,4
12,15,1
12,16,1
12,17,1
12,18,1
12,19,1
12,20,2
12,21,2
12,22,1
12,23,1
12,24,1
12,25,1
12,26,1
12,27,2
12,28,2
12,29,2
12,30,2
13,0,1
13,1,1
13,2,1
13,3,1
13,4,1
13,5,2
13,6,2
13,7,2
13,8,2
13,9,2
13,10,2
13,11,4
13,12,4
13,13,4
13,14,4
13,15,1
13,16,1
13,17,1
13,18,1
13,19,2
13,20,2
13,21,2
13,22,1
13,23,1
13,24,1
13,25,1
13,26,1
13,27,2
13,28,2
13,29,2
13,30,2
14,0,1
14,1,1
14,2,1
14,3,1
14,4,1
14,5,2
14,6,2
14,7,2
14,8,2
14,9,2
14,10,1
14,11,1
14,12,4
14,13,4
14,14,1
14,15,1
14,16,1
14,17,1
14,18,2
14,19,2
14,20,2
14,21,2
14,22,1
14,23,1
14,24,1
14,25,1
14,26,1
14,27,1
14,28,2
14,29,2
14,30,2
15,0,1
15,1,1
15,2,1
15,3,1
15,4,4
15,5,4
15,6,2
15,7,2
15,8,1
15,9,1
15,10,1
15,11,1
15,12,1
15,13,1
15,14,1
15,15,1
15,16,1
15,17,1
15,18,2
15,19,2
15,20,2
15,21,4
15,22,4
15,23,1
15,24,1
15,25,1
15,26,1
15,27,1
15,28,1
15,29,1
15,30,1
16,0,4
16,1,4
16,2,4
16,3,4
16,4,4
16,5,4
16,6,4
16,7,1
16,8,1
16,9,1
16,10,1
16,11,1
16,12,1
16,13,1
16,14,1
16,15,1
16,16,1
16,17,2
16,18,2
16,19,2
16,20,4
16,21,4
16,22,4
16,23,4
16,24,1
16,25,1
16,26,1
16,27,1
16,28,1
16,29,1
16,30,1
17,0,4
17,1,4
17,2,4
17,3,4
17,4,4
17,5,4
17,6,4
17,7,1
17,8,1
17,9,1
17,10,1
17,11,1
17,12,1
17,13,1
17,14,1
17,15,1
17,16,2
17,17,2
17,18,2
17,19,2
17,20,4
17,21,4
17,22,4
17,23,4
17,24,2
17,25,2
17,26,2
17,27,2
17,28,2
17,29,2
17,30,2
18,0,1
18,1,1
18,2,1
18,3,4
18,4,4
18,5,4
18,6,4
18,7,1
18,8,1
18,9,1
18,10,1
18,11,1
18,12,1
18,13,1
18,14,1
18,15,2
18,16,2
18,17,2
18,18,2
18,19,2
18,20,2
18,21,4
18,22,4
18,23,2
18,24,2
18,25,2
18,26,2
18,27,2
18,28,2
18,29,2
18,30,2
19,0,1
19,1,1
19,2,1
19,3,1
19,4,4
19,5,4
19,6,1
19,7,1
19,8,1
19,9,1
19,10,1
19,11,1
19,12,1
19,13,1
19,14,1
19,15,2
19,16,2
19,17,2
19,18,2
19,19,2
19,20,2
19,21,2
19,22,2
19,23,2
19,24,2
19,25,2
19,26,1
19,27,1
19,28,1
19,29,1
19,30,1
20,0,1
20,1,1
20,2,1
20,3,1
20,4,1
20,5,1
20,6,1
20,7,1
20,8,1
20,9,1
20,10,1
20,11,1
20,12,1
20,13,1
20,14,3
20,15,3
20,16,2
20,17,2
20,18,2
20,19,2
20,20,2
20,21,2
20,22,2
20,23,2
20,24,2
20,25,1
20,26,1
20,27,1
20,28,1
20,29,1
20,30,1
21,0,1
21,1,1
21,2,1
21,3,1
21,4,1
21,5,1
21,6,1
21,7,1
21,8,1
21,9,1
21,10,1
21,11,1
21,12,1
21,13,3
21,14,3
21,15,3
21,16,3
21,17,3
21,18,2
21,19,2
21,20,4
21,21,4
21,22,4
21,23,4
21,24,4
21,25,1
21,26,1
21,27,1
21,28,1
21,29,2
21,30,2
22,0,3
22,1,3
22,2,1
22,3,1
22,4,4
22,5,4
22,6,1
22,7,1
22,8,1
22,9,1
22,10,1
22,11,4
22,12,4
22,13,3
22,14,3
22,15,3
22,16,3
22,17,3
22,18,3
22,19,4
22,20,4
22,21,4
22,22,4
22,23,4
22,24,4
22,25,4
22,26,1
22,27,1
22,28,2
22,29,2
22,30,2
23,0,3
23,1,3
23,2,3
23,3,4
23,4,4
23,5,4
23,6,4
23,7,1
23,8,1
23,9,1
23,10,4
23,11,4
23,12,4
23,13,4
23,14,3
23,15,3
23,16,3
23,17,3
23,18,3
23,19,4
23,20,4
23,21,4
23,22,4
23,23,4
23,24,4
23,25,4
23,26,3
23,27,3
23,28,2
23,29,2
23,30,2
24,0,3
24,1,3
24,2,3
24,3,4
24,4,4
24,5,4
24,6,4
24,7,2
24,8,2
24,9,2
24,10,4
24,11,4
24,12,4
24,13,4
24,14,2
24,15,2
24,16,3
24,17,3
24,18,1
24,19,1
24,20,4
24,21,4
24,22,4
24,23,4
24,24,4
24,25,3
24,26,3
24,27,3
24,28,3
24,29,2
24,30,2
25,0,3
25,1,3
25,2,2
25,3,2
25,4,4
25,5,4
25,6,2
25,7,2
25,8,2
25,9,2
25,10,2
25,11,4
25,12,4
25,13,2
25,14,2
25,15,2
25,16,2
25,17,1
25,18,1
25,19,1
25,20,1
25,21,4
25,22,4
25,23,4
25,24,3
25,25,3
25,26,3
25,27,3
25,28,3
25,29,4
25,30,4
26,0,2
26,1,2
26,2,2
26,3,2
26,4,2
26,5,2
26,6,2
26,7,2
26,8,2
26,9,2
26,10,2
26,11,2
26,12,2
26,13,2
26,14,2
26,15,2
26,16,2
26,17,1
26,18,1
26,19,1
26,20,1
26,21,1
26,22,1
26,23,1
26,24,3
26,25,3
26,26,3
26,27,3
26,28,4
26,29,4
26,30,4
27,0,2
27,1,2
27,2,2
27,3,2
27,4,2
27,5,2
27,6,2
27,7,2
27,8,2
27,9,2
27,10,2
27,11,2
27,12,2
27,13,2
27,14,2
27,15,2
27,16,2
27,17,2
27,18,1
27,19,1
27,20,1
27,21,1
27,22,1
27,23,1
27,24,1
27,25,3
27,26,3
27,27,4
27,28,4
27,29,4
27,30,4
28,0,4
28,1,4
28,2,2
28,3,2
28,4,2
28,5,4
28,6,4
28,7,4
28,8,2
28,9,2
28,10,3
28,11,3
28,12,2
28,13,2
28,14,2
28,15,2
28,16,2
28,17,2
28,18,3
28,19,3
28,20,3
28,21,1
28,22,1
28,23,1
28,24,1
28,25,2
28,26,2
28,27,4
28,28,4
28,29,4
28,30,4
29,0,4
29,1,4
29,2,4
29,3,4
29,4,4
29,5,4
29,6,4
29,7,4
29,8,4
29,9,3
29,10,3
29,11,3
29,12,3
29,13,2
29,14,2
29,15,2
29,16,2
29,17,3
29,18,3
29,19,3
29,20,3
29,21,3
29,22,1
29,23,1
29,24,2
29,25,2
29,26,2
29,27,2
29,28,4
29,29,4
29,30,4
30,0,4
30,1,4
30,2,4
30,3,4
30,4,4
30,5,4
30,6,4
30,7,4
30,8,4
30,9,3
30,10,3
30,11,3
30,12,3
30,13,2
30,14,2
30,15,2
30,16,2
30,17,3
30,18,3
30,19,3
30,20,3
30,21,3
30,22,1
30,23,1
30,24,2
30,25,2
30,26,2
30,27,2
30,28,4
30,29,4
30,30,4