3
3
2
2
12,7
12,17
22,17
0,2,1
1,2,2
0,1,1
0,0,3
0,1,3
0,2,1
0,3,1
0,4,1
0,5,4
0,6,4
0,7,4
0,8,4
0,9,1
0,10,1
0,11,1
0,12,1
0,13,1
0,14,2
0,15,2
0,16,2
0,17,2
0,18,2
0,19,4
0,20,4
0,21,4
0,22,4
0,23,4
0,24,4
0,25,1
0,26,1
0,27,1
0,28,1
0,29,1
0,30,1
1,0,3
1,1,3
1,2,1
1,3,1
1,4,1
1,5,4
1,6,4
1,7,4
1,8,4
1,9,1
1,10,1
1,11,1
1,12,1
1,13,1
1,14,2
1,15,2
1,16,2
1,17,2
1,18,2
1,19,4
1,20,4
1,21,4
1,22,4
1,23,4
1,24,4
1,25,1
1,26,1
1,27,1
1,28,1
1,29,1
1,30,1
2,0,3
2,1,3
2,2,1
2,3,1
2,4,1
2,5,1
2,6,4
2,7,4
2,8,2
2,9,2
2,10,1
2,11,1
2,12,1
2,13,2
2,14,2
2,15,2
2,16,2
2,17,2
2,18,3
2,19,3
2,20,4
2,21,4
2,22,4
2,23,4
2,24,1
2,25,1
2,26,1
2,27,1
2,28,4
2,29,4
2,30,4
3,0,3
3,1,3
3,2,1
3,3,1
3,4,1
3,5,1
3,6,1
3,7,2
3,8,2
3,9,2
3,10,2
3,11,2
3,12,2
3,13,2
3,14,2
3,15,2
3,16,3
3,17,3
3,18,3
3,19,3
3,20,3
3,21,3
3,22,3
3,23,3
3,24,1
3,25,1
3,26,1
3,27,4
3,28,4
3,29,4
3,30,4
4,0,3
4,1,3
4,2,1
4,3,1
4,4,1
4,5,1
4,6,1
4,7,2
4,8,2
4,9,2
4,10,2
4,11,2
4,12,2
4,13,2
4,14,2
4,15,3
4,16,3
4,17,3
4,18,3
4,19,3
4,20,3
4,21,3
4,22,3
4,23,3
4,24,3
4,25,1
4,26,1
4,27,4
4,28,4
4,29,4
4,30,4
5,0,3
5,1,3
5,2,3
5,3,1
5,4,1
5,5,1
5,6,3
5,7,3
5,8,2
5,9,2
5,10,3
5,11,3
5,12,3
5,13,3
5,14,3
5,15,3
5,16,3
5,17,3
5,18,4
5,19,4
5,20,3
5,21,3
5,22,3
5,23,3
5,24,3
5,25,1
5,26,1
5,27,4
5,28,4
5,29,4
5,30,4
6,0,3
6,1,3
6,2,3
6,3,3
6,4,3
6,5,3
6,6,3
6,7,3
6,8,3
6,9,3
6,10,3
6,11,3
6,12,3
6,13,3
6,14,3
6,15,3
6,16,3
6,17,4
6,18,4
6,19,4
6,20,4
6,21,3
6,22,3
6,23,3
6,24,3
6,25,1
6,26,1
6,27,4
6,28,4
6,29,4
6,30,4
7,0,3
7,1,3
7,2,3
7,3,3
7,4,3
7,5,3
7,6,3
7,7,3
7,8,3
7,9,3
7,10,3
7,11,3
7,12,4
7,13,4
7,14,3
7,15,3
7,16,3
7,17,4
7,18,4
7,19,4
7,20,4
7,21,4
7,22,3
7,23,3
7,24,1
7,25,1
7,26,1
7,27,1
7,28,4
7,29,4
7,30,4
8,0,1
8,1,1
8,2,3
8,3,3
8,4,4
8,5,4
8,6,4
8,7,4
8,8,4
8,9,4
8,10,4
8,11,4
8,12,4
8,13,4
8,14,4
8,15,3
8,16,3
8,17,4
8,18,4
8,19,4
8,20,4
8,21,4
8,22,4
8,23,4
8,24,1
8,25,1
8,26,1
8,27,1
8,28,1
8,29,1
8,30,1
9,0,1
9,1,1
9,2,1
9,3,4
9,4,4
9,5,4
9,6,4
9,7,4
9,8,4
9,9,4
9,10,4
9,11,4
9,12,4
9,13,4
9,14,4
9,15,3
9,16,3
9,17,3
9,18,4
9,19,4
9,20,4
9,21,4
9,22,4
9,23,4
9,24,4
9,25,1
9,26,1
9,27,1
9,28,1
9,29,1
9,30,1
10,0,1
10,1,1
10,2,1
10,3,4
10,4,4
10,5,4
10,6,4
10,7,4
10,8,4
10,9,4
10,10,4
10,11,4
10,12,4
10,13,4
10,14,4
10,15,3
10,16,3
10,17,3
10,18,3
10,19,3
10,20,4
10,21,4
10,22,4
10,23,4
10,24,4
10,25,1
10,26,1
10,27,1
10,28,1
10,29,1
10,30,1
11,0,1
11,1,1
11,2,4
11,3,4
11,4,4
11,5,4
11,6,4
11,7,4
11,8,4
11,9,4
11,10,4
11,11,4
11,12,4
11,13,4
11,14,4
11,15,3
11,16,3
11,17,3
11,18,3
11,19,3
11,20,3
11,21,4
11,22,4
11,23,4
11,24,4
11,25,1
11,26,1
11,27,1
11,28,3
11,29,3
11,30,3
12,0,4
12,1,4
12,2,4
12,3,4
12,4,4
12,5,4
12,6,4
12,7,4
12,8,4
12,9,4
12,10,4
12,11,4
12,12,4
12,13,4
12,14,3
12,15,3
12,16,3
12,17,3
12,18,3
12,19,3
12,20,3
12,21,4
12,22,4
12,23,4
12,24,4
12,25,1
12,26,1
12,27,3
12,28,3
12,29,3
12,30,3
13,0,4
13,1,4
13,2,4
13,3,4
13,4,4
13,5,4
13,6,4
13,7,4
13,8,4
13,9,4
13,10,4
13,11,4
13,12,1
13,13,1
13,14,3
13,15,3
13,16,3
13,17,3
13,18,3
13,19,3
13,20,3
13,21,3
13,22,4
13,23,4
13,24,1
13,25,1
13,26,1
13,27,3
13,28,3
13,29,3
13,30,3
14,0,4
14,1,4
14,2,4
14,3,4
14,4,4
14,5,4
14,6,4
14,7,4
14,8,4
14,9,4
14,10,4
14,11,1
14,12,1
14,13,1
14,14,1
14,15,3
14,16,3
14,17,3
14,18,3
14,19,3
14,20,3
14,21,3
14,22,1
14,23,1
14,24,1
14,25,1
14,26,1
14,27,3
14,28,3
14,29,3
14,30,3
15,0,4
15,1,4
15,2,4
15,3,4
15,4,4
15,5,4
15,6,4
15,7,1
15,8,1
15,9,1
15,10,1
15,11,1
15,12,1
15,13,1
15,14,1
15,15,4
15,16,4
15,17,4
15,18,4
15,19,3
15,20,3
15,21,1
15,22,1
15,23,1
15,24,1
15,25,1
15,26,3
15,27,3
15,28,3
15,29,3
15,30,3
16,0,4
16,1,4
16,2,4
16,3,4
16,4,4
16,5,4
16,6,1
16,7,1
16,8,1
16,9,1
16,10,1
16,11,1
16,12,1
16,13,1
16,14,4
16,15,4
16,16,4
16,17,4
16,18,4
16,19,4
16,20,1
16,21,1
16,22,1
16,23,1
16,24,1
16,25,1
16,26,3
16,27,3
16,28,3
16,29,3
16,30,3
17,0,4
17,1,4
17,2,4
17,3,3
17,4,3
17,5,3
17,6,1
17,7,1
17,8,1
17,9,1
17,10,1
17,11,1
17,12,1
17,13,4
17,14,4
17,15,4
17,16,4
17,17,4
17,18,4
17,19,4
17,20,1
17,21,1
17,22,1
17,23,1
17,24,1
17,25,2
17,26,2
17,27,3
17,28,3
17,29,3
17,30,3
18,0,4
18,1,4
18,2,3
18,3,3
18,4,3
18,5,3
18,6,3
18,7,1
18,8,1
18,9,1
18,10,4
18,11,4
18,12,4
18,13,4
18,14,4
18,15,4
18,16,4
18,17,4
18,18,4
18,19,4
18,20,1
18,21,1
18,22,1
18,23,2
18,24,2
18,25,2
18,26,2
18,27,2
18,28,2
18,29,2
18,30,2
19,0,4
19,1,4
19,2,3
19,3,3
19,4,3
19,5,3
19,6,3
19,7,1
19,8,1
19,9,4
19,10,4
19,11,4
19,12,4
19,13,4
19,14,4
19,15,4
19,16,4
19,17,4
19,18,4
19,19,4
19,20,1
19,21,1
19,22,2
19,23,2
19,24,2
19,25,2
19,26,2
19,27,2
19,28,2
19,29,2
19,30,2
20,0,4
20,1,4
20,2,4
20,3,3
20,4,3
20,5,3
20,6,1
20,7,1
20,8,1
20,9,4
20,10,4
20,11,4
20,12,1
20,13,1
20,14,4
20,15,4
20,16,4
20,17,4
20,18,4
20,19,4
20,20,1
20,21,1
20,22,2
20,23,2
20,24,2
20,25,4
20,26,4
20,27,2
20,28,2
20,29,2
20,30,2
21,0,4
21,1,4
21,2,4
21,3,1
21,4,1
21,5,1
21,6,1
21,7,1
21,8,1
21,9,4
21,10,4
21,11,1
21,12,1
21,13,1
21,14,1
21,15,4
21,16,4
21,17,4
21,18,4
21,19,4
21,20,1
21,21,1
21,22,2
21,23,2
21,24,4
21,25,4
21,26,4
21,27,4
21,28,4
21,29,4
21,30,4
22,0,4
22,1,4
22,2,1
22,3,1
22,4,1
22,5,1
22,6,1
22,7,1
22,8,4
22,9,4
22,10,4
22,11,1
22,12,1
22,13,1
22,14,1
22,15,4
22,16,4
22,17,4
22,18,4
22,19,4
22,20,1
22,21,1
22,22,2
22,23,2
22,24,4
22,25,4
22,26,4
22,27,4
22,28,4
22,29,4
22,30,4
23,0,1
23,1,1
23,2,1
23,3,1
23,4,1
23,5,1
23,6,1
23,7,4
23,8,4
23,9,4
23,10,4
23,11,1
23,12,1
23,13,1
23,14,4
23,15,4
23,16,4
23,17,4
23,18,4
23,19,4
23,20,1
23,21,1
23,22,2
23,23,2
23,24,2
23,25,4
23,26,4
23,27,2
23,28,2
23,29,2
23,30,2
24,0,1
24,1,1
24,2,1
24,3,1
24,4,1
24,5,1
24,6,4
24,7,4
24,8,4
24,9,4
24,10,1
24,11,1
24,12,1
24,13,1
24,14,4
24,15,4
24,16,4
24,17,4
24,18,4
24,19,4
24,20,1
24,21,1
24,22,2
24,23,2
24,24,2
24,25,2
24,26,2
24,27,2
24,28,2
24,29,2
24,30,2
25,0,1
25,1,1
25,2,1
25,3,3
25,4,3
25,5,3
25,6,4
25,7,4
25,8,4
25,9,4
25,10,1
25,11,1
25,12,1
25,13,1
25,14,1
25,15,4
25,16,4
25,17,4
25,18,4
25,19,1
25,20,1
25,21,1
25,22,2
25,23,2
25,24,2
25,25,2
25,26,2
25,27,2
25,28,2
25,29,4
25,30,4
26,0,3
26,1,3
26,2,3
26,3,3
26,4,3
26,5,3
26,6,3
26,7,4
26,8,4
26,9,4
26,10,4
26,11,1
26,12,1
26,13,1
26,14,1
26,15,1
26,16,1
26,17,1
26,18,1
26,19,1
26,20,1
26,21,1
26,22,2
26,23,2
26,24,2
26,25,4
26,26,4
26,27,4
26,28,4
26,29,4
26,30,4
27,0,3
27,1,3
27,2,3
27,3,3
27,4,3
27,5,3
27,6,3
27,7,3
27,8,4
27,9,4
27,10,4
27,11,4
27,12,1
27,13,1
27,14,1
27,15,1
27,16,1
27,17,1
27,18,1
27,19,1
27,20,1
27,21,2
27,22,2
27,23,2
27,24,4
27,25,4
27,26,4
27,27,4
27,28,4
27,29,4
27,30,4
28,0,3
28,1,3
28,2,3
28,3,2
28,4,2
28,5,3
28,6,3
28,7,3
28,8,4
28,9,4
28,10,4
28,11,4
28,12,2
28,13,2
28,14,1
28,15,1
28,16,4
28,17,4
28,18,1
28,19,1
28,20,1
28,21,2
28,22,2
28,23,2
28,24,4
28,25,4
28,26,4
28,27,4
28,28,1
28,29,1
28,30,1
29,0,2
29,1,2
29,2,2
29,3,2
29,4,2
29,5,2
29,6,3
29,7,3
29,8,4
29,9,4
29,10,4
29,11,2
29,12,2
29,13,2
29,14,2
29,15,4
29,16,4
29,17,4
29,18,4
29,19,1
29,20,1
29,21,1
29,22,2
29,23,2
29,24,4
29,25,4
29,26,4
29,27,1
29,28,1
29,29,1
29,30,1
30,0,2
30,1,2
30,2,2
30,3,2
30,4,2
30,5,2
30,6,3
30,7,3
30,8,4
30,9,4
30,10,4
30,11,2
30,12,2
30,13,2
30,14,2
30,15,4
30,16,4
30,17,4
30,18,4
30,19,1
30,20,1
30,21,1
30,22,2
30,23,2
30,24,4
30,25,4
30,26,4
30,27,1
30,28,1
30,29,1
30,30,1