3
3
6
0
12,2
12,17
27,17
0,2,4
0,1,3
1,2,3
0,0,4
0,1,4
0,2,4
0,3,4
0,4,3
0,5,3
0,6,2
0,7,2
0,8,2
0,9,4
0,10,4
0,11,4
0,12,4
0,13,3
0,14,3
0,15,3
0,16,1
0,17,1
0,18,1
0,19,3
0,20,3
0,21,3
0,22,3
0,23,3
0,24,3
0,25,2
0,26,2
0,27,2
0,28,2
0,29,1
0,30,1
1,0,4
1,1,4
1,2,4
1,3,4
1,4,3
1,5,3
1,6,2
1,7,2
1,8,2
1,9,4
1,10,4
1,11,4
1,12,4
1,13,3
1,14,3
1,15,3
1,16,1
1,17,1
1,18,1
1,19,3
1,20,3
1,21,3
1,22,3
1,23,3
1,24,3
1,25,2
1,26,2
1,27,2
1,28,2
1,29,1
1,30,1
2,0,4
2,1,4
2,2,4
2,3,3
2,4,3
2,5,3
2,6,2
2,7,2
2,8,2
2,9,4
2,10,4
2,11,4
2,12,3
2,13,3
2,14,3
2,15,3
2,16,3
2,17,1
2,18,1
2,19,3
2,20,3
2,21,3
2,22,3
2,23,3
2,24,4
2,25,4
2,26,2
2,27,2
2,28,1
2,29,1
2,30,1
3,0,3
3,1,3
3,2,3
3,3,3
3,4,3
3,5,3
3,6,2
3,7,2
3,8,2
3,9,2
3,10,4
3,11,4
3,12,3
3,13,3
3,14,3
3,15,3
3,16,3
3,17,1
3,18,1
3,19,3
3,20,3
3,21,3
3,22,3
3,23,4
3,24,4
3,25,4
3,26,4
3,27,1
3,28,1
3,29,1
3,30,1
4,0,3
4,1,3
4,2,3
4,3,3
4,4,3
4,5,3
4,6,2
4,7,2
4,8,2
4,9,2
4,10,4
4,11,4
4,12,3
4,13,3
4,14,3
4,15,3
4,16,3
4,17,1
4,18,1
4,19,1
4,20,3
4,21,3
4,22,4
4,23,4
4,24,4
4,25,4
4,26,4
4,27,1
4,28,1
4,29,1
4,30,1
5,0,4
5,1,4
5,2,3
5,3,3
5,4,3
5,5,3
5,6,3
5,7,2
5,8,2
5,9,4
5,10,4
5,11,4
5,12,3
5,13,3
5,14,3
5,15,3
5,16,1
5,17,1
5,18,1
5,19,1
5,20,1
5,21,1
5,22,4
5,23,4
5,24,4
5,25,4
5,26,2
5,27,2
5,28,1
5,29,1
5,30,1
6,0,4
6,1,4
6,2,4
6,3,3
6,4,3
6,5,3
6,6,3
6,7,3
6,8,4
6,9,4
6,10,4
6,11,4
6,12,3
6,13,3
6,14,3
6,15,3
6,16,1
6,17,1
6,18,1
6,19,1
6,20,1
6,21,1
6,22,1
6,23,4
6,24,4
6,25,2
6,26,2
6,27,2
6,28,2
6,29,1
6,30,1
7,0,4
7,1,4
7,2,4
7,3,1
7,4,1
7,5,3
7,6,3
7,7,3
7,8,4
7,9,4
7,10,4
7,11,3
7,12,3
7,13,3
7,14,3
7,15,4
7,16,4
7,17,1
7,18,1
7,19,1
7,20,1
7,21,1
7,22,1
7,23,4
7,24,4
7,25,2
7,26,2
7,27,2
7,28,2
7,29,2
7,30,2
8,0,4
8,1,4
8,2,1
8,3,1
8,4,1
8,5,1
8,6,3
8,7,3
8,8,4
8,9,4
8,10,4
8,11,3
8,12,3
8,13,3
8,14,4
8,15,4
8,16,4
8,17,4
8,18,4
8,19,1
8,20,1
8,21,1
8,22,4
8,23,4
8,24,4
8,25,4
8,26,2
8,27,2
8,28,2
8,29,2
8,30,2
9,0,1
9,1,1
9,2,1
9,3,1
9,4,1
9,5,1
9,6,3
9,7,3
9,8,4
9,9,4
9,10,4
9,11,3
9,12,3
9,13,3
9,14,4
9,15,4
9,16,4
9,17,4
9,18,4
9,19,4
9,20,1
9,21,1
9,22,4
9,23,4
9,24,4
9,25,4
9,26,2
9,27,2
9,28,2
9,29,4
9,30,4
10,0,1
10,1,1
10,2,1
10,3,1
10,4,1
10,5,3
10,6,3
10,7,3
10,8,4
10,9,4
10,10,3
10,11,3
10,12,3
10,13,3
10,14,3
10,15,4
10,16,4
10,17,4
10,18,4
10,19,4
10,20,1
10,21,1
10,22,1
10,23,4
10,24,4
10,25,2
10,26,2
10,27,2
10,28,4
10,29,4
10,30,4
11,0,1
11,1,1
11,2,1
11,3,1
11,4,1
11,5,3
11,6,3
11,7,3
11,8,4
11,9,4
11,10,3
11,11,3
11,12,3
11,13,3
11,14,3
11,15,4
11,16,4
11,17,4
11,18,4
11,19,4
11,20,1
11,21,1
11,22,1
11,23,1
11,24,2
11,25,2
11,26,2
11,27,2
11,28,4
11,29,4
11,30,4
12,0,1
12,1,1
12,2,1
12,3,1
12,4,1
12,5,1
12,6,3
12,7,3
12,8,4
12,9,4
12,10,4
12,11,3
12,12,3
12,13,3
12,14,4
12,15,4
12,16,4
12,17,4
12,18,4
12,19,4
12,20,1
12,21,1
12,22,1
12,23,1
12,24,2
12,25,2
12,26,2
12,27,2
12,28,4
12,29,4
12,30,4
13,0,1
13,1,1
13,2,1
13,3,1
13,4,1
13,5,1
13,6,3
13,7,3
13,8,4
13,9,4
13,10,4
13,11,4
13,12,4
13,13,4
13,14,4
13,15,4
13,16,4
13,17,4
13,18,4
13,19,4
13,20,4
13,21,1
13,22,1
13,23,1
13,24,1
13,25,2
13,26,2
13,27,4
13,28,4
13,29,4
13,30,4
14,0,1
14,1,1
14,2,1
14,3,1
14,4,1
14,5,3
14,6,3
14,7,3
14,8,3
14,9,4
14,10,4
14,11,4
14,12,4
14,13,4
14,14,4
14,15,4
14,16,4
14,17,4
14,18,4
14,19,4
14,20,4
14,21,1
14,22,1
14,23,1
14,24,1
14,25,4
14,26,4
14,27,4
14,28,4
14,29,4
14,30,4
15,0,3
15,1,3
15,2,3
15,3,3
15,4,3
15,5,3
15,6,3
15,7,3
15,8,3
15,9,3
15,10,4
15,11,4
15,12,2
15,13,2
15,14,4
15,15,4
15,16,4
15,17,4
15,18,4
15,19,4
15,20,4
15,21,4
15,22,1
15,23,1
15,24,4
15,25,4
15,26,4
15,27,4
15,28,4
15,29,4
15,30,4
16,0,3
16,1,3
16,2,3
16,3,3
16,4,3
16,5,3
16,6,3
16,7,3
16,8,3
16,9,3
16,10,3
16,11,2
16,12,2
16,13,2
16,14,2
16,15,2
16,16,4
16,17,4
16,18,4
16,19,4
16,20,4
16,21,4
16,22,4
16,23,4
16,24,4
16,25,4
16,26,4
16,27,4
16,28,4
16,29,4
16,30,4
17,0,1
17,1,1
17,2,1
17,3,1
17,4,1
17,5,1
17,6,1
17,7,3
17,8,3
17,9,3
17,10,3
17,11,2
17,12,2
17,13,2
17,14,2
17,15,2
17,16,2
17,17,4
17,18,4
17,19,4
17,20,4
17,21,4
17,22,4
17,23,4
17,24,4
17,25,4
17,26,1
17,27,1
17,28,4
17,29,4
17,30,4
18,0,1
18,1,1
18,2,1
18,3,1
18,4,1
18,5,1
18,6,1
18,7,1
18,8,3
18,9,3
18,10,3
18,11,3
18,12,2
18,13,2
18,14,2
18,15,2
18,16,2
18,17,1
18,18,1
18,19,4
18,20,4
18,21,2
18,22,2
18,23,4
18,24,4
18,25,1
18,26,1
18,27,1
18,28,1
18,29,4
18,30,4
19,0,4
19,1,4
19,2,4
19,3,1
19,4,1
19,5,1
19,6,1
19,7,1
19,8,3
19,9,3
19,10,3
19,11,3
19,12,4
19,13,4
19,14,2
19,15,2
19,16,1
19,17,1
19,18,1
19,19,1
19,20,2
19,21,2
19,22,2
19,23,2
19,24,2
19,25,1
19,26,1
19,27,1
19,28,1
19,29,1
19,30,1
20,0,4
20,1,4
20,2,4
20,3,4
20,4,1
20,5,1
20,6,1
20,7,1
20,8,1
20,9,3
20,10,3
20,11,4
20,12,4
20,13,4
20,14,4
20,15,4
20,16,1
20,17,1
20,18,1
20,19,1
20,20,2
20,21,2
20,22,2
20,23,2
20,24,2
20,25,2
20,26,1
20,27,1
20,28,1
20,29,1
20,30,1
21,0,4
21,1,4
21,2,4
21,3,4
21,4,2
21,5,2
21,6,1
21,7,1
21,8,1
21,9,1
21,10,4
21,11,4
21,12,4
21,13,4
21,14,4
21,15,4
21,16,4
21,17,1
21,18,1
21,19,1
21,20,2
21,21,2
21,22,2
21,23,2
21,24,2
21,25,2
21,26,2
21,27,1
21,28,1
21,29,4
21,30,4
22,0,4
22,1,4
22,2,4
22,3,2
22,4,2
22,5,2
22,6,2
22,7,1
22,8,1
22,9,1
22,10,4
22,11,4
22,12,4
22,13,4
22,14,4
22,15,4
22,16,4
22,17,1
22,18,1
22,19,1
22,20,2
22,21,2
22,22,2
22,23,2
22,24,2
22,25,2
22,26,2
22,27,4
22,28,4
22,29,4
22,30,4
23,0,4
23,1,4
23,2,2
23,3,2
23,4,2
23,5,2
23,6,2
23,7,1
23,8,1
23,9,1
23,10,1
23,11,4
23,12,4
23,13,4
23,14,4
23,15,4
23,16,1
23,17,1
23,18,1
23,19,2
23,20,2
23,21,2
23,22,2
23,23,2
23,24,2
23,25,2
23,26,4
23,27,4
23,28,4
23,29,4
23,30,4
24,0,2
24,1,2
24,2,2
24,3,2
24,4,2
24,5,2
24,6,3
24,7,3
24,8,1
24,9,1
24,10,1
24,11,1
24,12,4
24,13,4
24,14,4
24,15,4
24,16,1
24,17,1
24,18,1
24,19,2
24,20,2
24,21,2
24,22,2
24,23,2
24,24,2
24,25,4
24,26,4
24,27,4
24,28,4
24,29,4
24,30,4
25,0,2
25,1,2
25,2,2
25,3,2
25,4,2
25,5,3
25,6,3
25,7,3
25,8,3
25,9,1
25,10,1
25,11,1
25,12,4
25,13,4
25,14,4
25,15,1
25,16,1
25,17,1
25,18,1
25,19,1
25,20,2
25,21,2
25,22,2
25,23,2
25,24,2
25,25,4
25,26,4
25,27,4
25,28,4
25,29,4
25,30,4
26,0,1
26,1,1
26,2,2
26,3,2
26,4,2
26,5,3
26,6,3
26,7,3
26,8,3
26,9,1
26,10,1
26,11,1
26,12,1
26,13,4
26,14,4
26,15,1
26,16,1
26,17,1
26,18,1
26,19,1
26,20,1
26,21,2
26,22,2
26,23,2
26,24,2
26,25,2
26,26,4
26,27,4
26,28,4
26,29,4
26,30,4
27,0,1
27,1,1
27,2,1
27,3,2
27,4,2
27,5,2
27,6,3
27,7,3
27,8,1
27,9,1
27,10,1
27,11,1
27,12,1
27,13,4
27,14,4
27,15,1
27,16,1
27,17,1
27,18,1
27,19,1
27,20,1
27,21,1
27,22,2
27,23,2
27,24,2
27,25,2
27,26,4
27,27,4
27,28,4
27,29,4
27,30,4
28,0,1
28,1,1
28,2,1
28,3,2
28,4,2
28,5,2
28,6,3
28,7,3
28,8,1
28,9,1
28,10,1
28,11,1
28,12,4
28,13,4
28,14,4
28,15,1
28,16,1
28,17,1
28,18,1
28,19,1
28,20,1
28,21,1
28,22,1
28,23,2
28,24,2
28,25,1
28,26,1
28,27,4
28,28,4
28,29,1
28,30,1
29,0,1
29,1,1
29,2,1
29,3,2
29,4,2
29,5,2
29,6,3
29,7,3
29,8,1
29,9,1
29,10,1
29,11,1
29,12,4
29,13,4
29,14,4
29,15,1
29,16,1
29,17,1
29,18,1
29,19,1
29,20,1
29,21,1
29,22,1
29,23,1
29,24,1
29,25,1
29,26,1
29,27,1
29,28,1
29,29,1
29,30,1
30,0,1
30,1,1
30,2,1
30,3,2
30,4,2
30,5,2
30,6,3
30,7,3
30,8,1
30,9,1
30,10,1
30,11,1
30,12,4
30,13,4
30,14,4
30,15,1
30,16,1
30,17,1
30,18,1
30,19,1
30,20,1
30,21,1
30,22,1
30,23,1
30,24,1
30,25,1
30,26,1
30,27,1
30,28,1
30,29,1
30,30,1