3
3
3
2
17,17
27,7
27,27
1,2,2
0,2,1
0,1,2
0,0,4
0,1,4
0,2,4
0,3,2
0,4,2
0,5,2
0,6,3
0,7,3
0,8,3
0,9,3
0,10,3
0,11,4
0,12,4
0,13,4
0,14,4
0,15,4
0,16,3
0,17,3
0,18,4
0,19,4
0,20,4
0,21,2
0,22,2
0,23,2
0,24,2
0,25,4
0,26,4
0,27,4
0,28,3
0,29,3
0,30,3
1,0,4
1,1,4
1,2,4
1,3,2
1,4,2
1,5,2
1,6,3
1,7,3
1,8,3
1,9,3
1,10,3
1,11,4
1,12,4
1,13,4
1,14,4
1,15,4
1,16,3
1,17,3
1,18,4
1,19,4
1,20,4
1,21,2
1,22,2
1,23,2
1,24,2
1,25,4
1,26,4
1,27,4
1,28,3
1,29,3
1,30,3
2,0,4
2,1,4
2,2,4
2,3,2
2,4,2
2,5,3
2,6,3
2,7,3
2,8,3
2,9,3
2,10,4
2,11,4
2,12,4
2,13,4
2,14,4
2,15,3
2,16,3
2,17,3
2,18,3
2,19,4
2,20,4
2,21,4
2,22,2
2,23,2
2,24,4
2,25,4
2,26,4
2,27,4
2,28,4
2,29,3
2,30,3
3,0,4
3,1,4
3,2,4
3,3,2
3,4,2
3,5,3
3,6,3
3,7,3
3,8,3
3,9,3
3,10,4
3,11,4
3,12,4
3,13,3
3,14,3
3,15,3
3,16,3
3,17,3
3,18,3
3,19,4
3,20,4
3,21,4
3,22,4
3,23,4
3,24,4
3,25,4
3,26,4
3,27,4
3,28,4
3,29,1
3,30,1
4,0,4
4,1,4
4,2,4
4,3,2
4,4,2
4,5,3
4,6,3
4,7,3
4,8,3
4,9,4
4,10,4
4,11,4
4,12,3
4,13,3
4,14,3
4,15,3
4,16,3
4,17,3
4,18,3
4,19,4
4,20,4
4,21,4
4,22,4
4,23,4
4,24,4
4,25,4
4,26,4
4,27,4
4,28,1
4,29,1
4,30,1
5,0,4
5,1,4
5,2,4
5,3,2
5,4,2
5,5,2
5,6,3
5,7,3
5,8,4
5,9,4
5,10,4
5,11,4
5,12,3
5,13,3
5,14,3
5,15,3
5,16,3
5,17,3
5,18,3
5,19,4
5,20,4
5,21,4
5,22,2
5,23,2
5,24,4
5,25,4
5,26,2
5,27,2
5,28,1
5,29,1
5,30,1
6,0,4
6,1,4
6,2,4
6,3,2
6,4,2
6,5,2
6,6,2
6,7,2
6,8,4
6,9,4
6,10,4
6,11,4
6,12,4
6,13,3
6,14,3
6,15,3
6,16,3
6,17,3
6,18,4
6,19,4
6,20,4
6,21,2
6,22,2
6,23,2
6,24,2
6,25,2
6,26,2
6,27,2
6,28,2
6,29,1
6,30,1
7,0,4
7,1,4
7,2,3
7,3,3
7,4,2
7,5,2
7,6,2
7,7,2
7,8,2
7,9,4
7,10,4
7,11,4
7,12,4
7,13,4
7,14,4
7,15,4
7,16,4
7,17,4
7,18,4
7,19,4
7,20,4
7,21,2
7,22,2
7,23,2
7,24,2
7,25,2
7,26,2
7,27,2
7,28,2
7,29,3
7,30,3
8,0,3
8,1,3
8,2,3
8,3,3
8,4,3
8,5,3
8,6,2
8,7,2
8,8,2
8,9,2
8,10,4
8,11,4
8,12,4
8,13,4
8,14,4
8,15,4
8,16,4
8,17,4
8,18,4
8,19,4
8,20,2
8,21,2
8,22,2
8,23,2
8,24,2
8,25,2
8,26,2
8,27,2
8,28,3
8,29,3
8,30,3
9,0,3
9,1,3
9,2,3
9,3,3
9,4,3
9,5,3
9,6,3
9,7,2
9,8,2
9,9,2
9,10,2
9,11,2
9,12,2
9,13,2
9,14,2
9,15,2
9,16,2
9,17,2
9,18,2
9,19,2
9,20,2
9,21,2
9,22,2
9,23,1
9,24,1
9,25,2
9,26,2
9,27,2
9,28,3
9,29,3
9,30,3
10,0,4
10,1,4
10,2,4
10,3,4
10,4,3
10,5,3
10,6,3
10,7,3
10,8,2
10,9,2
10,10,2
10,11,2
10,12,2
10,13,2
10,14,2
10,15,2
10,16,2
10,17,2
10,18,2
10,19,2
10,20,2
10,21,2
10,22,1
10,23,1
10,24,1
10,25,1
10,26,2
10,27,2
10,28,3
10,29,3
10,30,3
11,0,4
11,1,4
11,2,4
11,3,4
11,4,4
11,5,3
11,6,3
11,7,3
11,8,4
11,9,4
11,10,2
11,11,2
11,12,2
11,13,2
11,14,2
11,15,2
11,16,1
11,17,1
11,18,2
11,19,2
11,20,4
11,21,4
11,22,1
11,23,1
11,24,1
11,25,1
11,26,2
11,27,2
11,28,2
11,29,3
11,30,3
12,0,4
12,1,4
12,2,4
12,3,4
12,4,4
12,5,3
12,6,3
12,7,4
12,8,4
12,9,4
12,10,4
12,11,2
12,12,2
12,13,2
12,14,2
12,15,1
12,16,1
12,17,1
12,18,1
12,19,4
12,20,4
12,21,4
12,22,4
12,23,1
12,24,1
12,25,2
12,26,2
12,27,2
12,28,2
12,29,4
12,30,4
13,0,4
13,1,4
13,2,4
13,3,4
13,4,3
13,5,3
13,6,3
13,7,4
13,8,4
13,9,4
13,10,4
13,11,2
13,12,2
13,13,2
13,14,2
13,15,1
13,16,1
13,17,1
13,18,1
13,19,4
13,20,4
13,21,4
13,22,4
13,23,4
13,24,2
13,25,2
13,26,2
13,27,2
13,28,4
13,29,4
13,30,4
14,0,4
14,1,4
14,2,4
14,3,4
14,4,3
14,5,3
14,6,3
14,7,4
14,8,4
14,9,4
14,10,4
14,11,4
14,12,2
14,13,2
14,14,4
14,15,4
14,16,1
14,17,1
14,18,4
14,19,4
14,20,4
14,21,4
14,22,4
14,23,4
14,24,2
14,25,2
14,26,2
14,27,2
14,28,4
14,29,4
14,30,4
15,0,4
15,1,4
15,2,4
15,3,4
15,4,3
15,5,3
15,6,4
15,7,4
15,8,4
15,9,4
15,10,4
15,11,4
15,12,4
15,13,4
15,14,4
15,15,4
15,16,4
15,17,4
15,18,4
15,19,4
15,20,4
15,21,4
15,22,4
15,23,4
15,24,4
15,25,2
15,26,2
15,27,2
15,28,2
15,29,4
15,30,4
16,0,4
16,1,4
16,2,4
16,3,3
16,4,3
16,5,3
16,6,4
16,7,4
16,8,4
16,9,4
16,10,4
16,11,4
16,12,4
16,13,4
16,14,4
16,15,4
16,16,4
16,17,4
16,18,4
16,19,4
16,20,4
16,21,4
16,22,4
16,23,4
16,24,4
16,25,2
16,26,2
16,27,2
16,28,2
16,29,1
16,30,1
17,0,4
17,1,4
17,2,3
17,3,3
17,4,3
17,5,3
17,6,3
17,7,4
17,8,4
17,9,4
17,10,3
17,11,3
17,12,4
17,13,4
17,14,4
17,15,4
17,16,4
17,17,4
17,18,4
17,19,4
17,20,4
17,21,4
17,22,4
17,23,4
17,24,4
17,25,4
17,26,2
17,27,2
17,28,1
17,29,1
17,30,1
18,0,4
18,1,4
18,2,3
18,3,3
18,4,3
18,5,3
18,6,3
18,7,3
18,8,3
18,9,3
18,10,3
18,11,3
18,12,3
18,13,4
18,14,4
18,15,4
18,16,4
18,17,4
18,18,4
18,19,4
18,20,4
18,21,2
18,22,2
18,23,4
18,24,4
18,25,4
18,26,4
18,27,1
18,28,1
18,29,1
18,30,1
19,0,4
19,1,4
19,2,4
19,3,3
19,4,3
19,5,3
19,6,3
19,7,3
19,8,3
19,9,3
19,10,3
19,11,3
19,12,3
19,13,3
19,14,4
19,15,4
19,16,4
19,17,4
19,18,4
19,19,4
19,20,2
19,21,2
19,22,2
19,23,2
19,24,4
19,25,4
19,26,4
19,27,1
19,28,1
19,29,1
19,30,1
20,0,4
20,1,4
20,2,4
20,3,1
20,4,1
20,5,1
20,6,1
20,7,3
20,8,3
20,9,4
20,10,4
20,11,3
20,12,3
20,13,3
20,14,3
20,15,3
20,16,4
20,17,4
20,18,3
20,19,3
20,20,2
20,21,2
20,22,2
20,23,2
20,24,4
20,25,4
20,26,4
20,27,4
20,28,1
20,29,1
20,30,1
21,0,4
21,1,4
21,2,1
21,3,1
21,4,1
21,5,1
21,6,1
21,7,1
21,8,4
21,9,4
21,10,4
21,11,4
21,12,3
21,13,3
21,14,3
21,15,3
21,16,3
21,17,3
21,18,3
21,19,3
21,20,3
21,21,2
21,22,2
21,23,3
21,24,3
21,25,4
21,26,4
21,27,4
21,28,4
21,29,4
21,30,4
22,0,4
22,1,4
22,2,1
22,3,1
22,4,1
22,5,1
22,6,1
22,7,1
22,8,4
22,9,4
22,10,4
22,11,4
22,12,3
22,13,3
22,14,3
22,15,3
22,16,3
22,17,3
22,18,3
22,19,3
22,20,3
22,21,3
22,22,3
22,23,3
22,24,3
22,25,3
22,26,4
22,27,4
22,28,4
22,29,4
22,30,4
23,0,4
23,1,4
23,2,4
23,3,1
23,4,1
23,5,1
23,6,1
23,7,3
23,8,3
23,9,4
23,10,4
23,11,4
23,12,4
23,13,3
23,14,3
23,15,3
23,16,3
23,17,1
23,18,1
23,19,3
23,20,3
23,21,3
23,22,3
23,23,3
23,24,3
23,25,3
23,26,3
23,27,3
23,28,3
23,29,3
23,30,3
24,0,4
24,1,4
24,2,4
24,3,1
24,4,1
24,5,1
24,6,3
24,7,3
24,8,3
24,9,3
24,10,4
24,11,4
24,12,4
24,13,4
24,14,3
24,15,3
24,16,1
24,17,1
24,18,1
24,19,1
24,20,3
24,21,3
24,22,3
24,23,3
24,24,3
24,25,3
24,26,3
24,27,3
24,28,3
24,29,3
24,30,3
25,0,4
25,1,4
25,2,1
25,3,1
25,4,1
25,5,3
25,6,3
25,7,3
25,8,3
25,9,3
25,10,3
25,11,4
25,12,4
25,13,4
25,14,4
25,15,1
25,16,1
25,17,1
25,18,1
25,19,1
25,20,1
25,21,1
25,22,3
25,23,3
25,24,2
25,25,2
25,26,2
25,27,2
25,28,2
25,29,2
25,30,2
26,0,1
26,1,1
26,2,1
26,3,1
26,4,1
26,5,3
26,6,3
26,7,3
26,8,3
26,9,3
26,10,3
26,11,4
26,12,4
26,13,4
26,14,4
26,15,1
26,16,1
26,17,1
26,18,1
26,19,1
26,20,1
26,21,1
26,22,1
26,23,2
26,24,2
26,25,2
26,26,2
26,27,2
26,28,2
26,29,2
26,30,2
27,0,1
27,1,1
27,2,1
27,3,1
27,4,3
27,5,3
27,6,3
27,7,3
27,8,3
27,9,3
27,10,4
27,11,4
27,12,4
27,13,4
27,14,4
27,15,4
27,16,1
27,17,1
27,18,4
27,19,4
27,20,1
27,21,1
27,22,1
27,23,2
27,24,2
27,25,2
27,26,2
27,27,2
27,28,2
27,29,2
27,30,2
28,0,1
28,1,1
28,2,4
28,3,4
28,4,3
28,5,3
28,6,3
28,7,3
28,8,3
28,9,3
28,10,4
28,11,4
28,12,4
28,13,4
28,14,4
28,15,4
28,16,4
28,17,4
28,18,4
28,19,4
28,20,4
28,21,1
28,22,1
28,23,2
28,24,2
28,25,2
28,26,2
28,27,2
28,28,2
28,29,2
28,30,2
29,0,4
29,1,4
29,2,4
29,3,4
29,4,4
29,5,3
29,6,3
29,7,3
29,8,3
29,9,3
29,10,4
29,11,4
29,12,4
29,13,4
29,14,4
29,15,4
29,16,4
29,17,4
29,18,4
29,19,4
29,20,4
29,21,1
29,22,1
29,23,2
29,24,2
29,25,2
29,26,2
29,27,2
29,28,2
29,29,2
29,30,2
30,0,4
30,1,4
30,2,4
30,3,4
30,4,4
30,5,3
30,6,3
30,7,3
30,8,3
30,9,3
30,10,4
30,11,4
30,12,4
30,13,4
30,14,4
30,15,4
30,16,4
30,17,4
30,18,4
30,19,4
30,20,4
30,21,1
30,22,1
30,23,2
30,24,2
30,25,2
30,26,2
30,27,2
30,28,2
30,29,2
30,30,2