3
3
4
1
7,2
22,2
22,17
0,1,3
1,2,1
0,2,4
0,0,1
0,1,1
0,2,1
0,3,1
0,4,1
0,5,4
0,6,4
0,7,4
0,8,4
0,9,4
0,10,2
0,11,2
0,12,2
0,13,1
0,14,1
0,15,4
0,16,4
0,17,4
0,18,4
0,19,4
0,20,4
0,21,4
0,22,4
0,23,4
0,24,1
0,25,1
0,26,3
0,27,3
0,28,3
0,29,2
0,30,2
1,0,1
1,1,1
1,2,1
1,3,1
1,4,1
1,5,4
1,6,4
1,7,4
1,8,4
1,9,4
1,10,2
1,11,2
1,12,2
1,13,1
1,14,1
1,15,4
1,16,4
1,17,4
1,18,4
1,19,4
1,20,4
1,21,4
1,22,4
1,23,4
1,24,1
1,25,1
1,26,3
1,27,3
1,28,3
1,29,2
1,30,2
2,0,4
2,1,4
2,2,1
2,3,1
2,4,4
2,5,4
2,6,4
2,7,4
2,8,4
2,9,2
2,10,2
2,11,2
2,12,2
2,13,1
2,14,1
2,15,1
2,16,4
2,17,4
2,18,4
2,19,1
2,20,1
2,21,4
2,22,4
2,23,1
2,24,1
2,25,1
2,26,3
2,27,3
2,28,2
2,29,2
2,30,2
3,0,4
3,1,4
3,2,4
3,3,4
3,4,4
3,5,4
3,6,4
3,7,4
3,8,4
3,9,2
3,10,2
3,11,2
3,12,2
3,13,1
3,14,1
3,15,1
3,16,1
3,17,1
3,18,1
3,19,1
3,20,1
3,21,1
3,22,1
3,23,1
3,24,1
3,25,1
3,26,3
3,27,3
3,28,2
3,29,2
3,30,2
4,0,4
4,1,4
4,2,4
4,3,4
4,4,4
4,5,4
4,6,4
4,7,4
4,8,1
4,9,1
4,10,2
4,11,2
4,12,2
4,13,1
4,14,1
4,15,1
4,16,1
4,17,1
4,18,1
4,19,1
4,20,1
4,21,1
4,22,1
4,23,1
4,24,1
4,25,3
4,26,3
4,27,3
4,28,2
4,29,2
4,30,2
5,0,3
5,1,3
5,2,3
5,3,3
5,4,3
5,5,4
5,6,4
5,7,1
5,8,1
5,9,1
5,10,1
5,11,2
5,12,2
5,13,2
5,14,1
5,15,1
5,16,1
5,17,1
5,18,1
5,19,2
5,20,2
5,21,2
5,22,2
5,23,2
5,24,2
5,25,3
5,26,3
5,27,3
5,28,3
5,29,2
5,30,2
6,0,3
6,1,3
6,2,3
6,3,3
6,4,3
6,5,3
6,6,1
6,7,1
6,8,1
6,9,1
6,10,1
6,11,2
6,12,2
6,13,2
6,14,2
6,15,2
6,16,2
6,17,2
6,18,2
6,19,2
6,20,2
6,21,2
6,22,2
6,23,2
6,24,2
6,25,2
6,26,3
6,27,3
6,28,3
6,29,3
6,30,3
7,0,3
7,1,3
7,2,3
7,3,3
7,4,3
7,5,3
7,6,1
7,7,1
7,8,1
7,9,1
7,10,1
7,11,1
7,12,2
7,13,2
7,14,2
7,15,2
7,16,2
7,17,2
7,18,2
7,19,2
7,20,2
7,21,3
7,22,3
7,23,2
7,24,2
7,25,2
7,26,2
7,27,3
7,28,3
7,29,3
7,30,3
8,0,3
8,1,3
8,2,3
8,3,3
8,4,3
8,5,3
8,6,1
8,7,1
8,8,1
8,9,1
8,10,1
8,11,1
8,12,3
8,13,3
8,14,3
8,15,3
8,16,3
8,17,3
8,18,2
8,19,2
8,20,3
8,21,3
8,22,3
8,23,3
8,24,2
8,25,2
8,26,2
8,27,3
8,28,3
8,29,3
8,30,3
9,0,3
9,1,3
9,2,3
9,3,3
9,4,3
9,5,3
9,6,3
9,7,1
9,8,1
9,9,1
9,10,1
9,11,3
9,12,3
9,13,3
9,14,3
9,15,3
9,16,3
9,17,3
9,18,3
9,19,3
9,20,3
9,21,3
9,22,3
9,23,3
9,24,2
9,25,2
9,26,2
9,27,3
9,28,3
9,29,3
9,30,3
10,0,4
10,1,4
10,2,4
10,3,3
10,4,3
10,5,3
10,6,3
10,7,3
10,8,3
10,9,3
10,10,3
10,11,3
10,12,3
10,13,3
10,14,4
10,15,4
10,16,3
10,17,3
10,18,3
10,19,3
10,20,3
10,21,3
10,22,3
10,23,3
10,24,2
10,25,2
10,26,2
10,27,3
10,28,3
10,29,3
10,30,3
11,0,4
11,1,4
11,2,4
11,3,4
11,4,3
11,5,3
11,6,3
11,7,3
11,8,3
11,9,3
11,10,3
11,11,3
11,12,3
11,13,4
11,14,4
11,15,4
11,16,4
11,17,4
11,18,3
11,19,3
11,20,3
11,21,3
11,22,3
11,23,3
11,24,2
11,25,2
11,26,2
11,27,2
11,28,3
11,29,3
11,30,3
12,0,4
12,1,4
12,2,4
12,3,4
12,4,1
12,5,1
12,6,1
12,7,1
12,8,1
12,9,1
12,10,1
12,11,1
12,12,1
12,13,4
12,14,4
12,15,4
12,16,4
12,17,4
12,18,4
12,19,3
12,20,3
12,21,3
12,22,3
12,23,1
12,24,1
12,25,2
12,26,2
12,27,2
12,28,3
12,29,3
12,30,3
13,0,4
13,1,4
13,2,4
13,3,1
13,4,1
13,5,1
13,6,1
13,7,1
13,8,1
13,9,1
13,10,1
13,11,1
13,12,1
13,13,1
13,14,4
13,15,4
13,16,4
13,17,4
13,18,4
13,19,4
13,20,3
13,21,3
13,22,1
13,23,1
13,24,1
13,25,1
13,26,2
13,27,2
13,28,2
13,29,3
13,30,3
14,0,1
14,1,1
14,2,1
14,3,1
14,4,1
14,5,1
14,6,2
14,7,2
14,8,2
14,9,2
14,10,2
14,11,1
14,12,1
14,13,1
14,14,1
14,15,1
14,16,4
14,17,4
14,18,4
14,19,4
14,20,1
14,21,1
14,22,1
14,23,1
14,24,1
14,25,1
14,26,2
14,27,2
14,28,2
14,29,2
14,30,2
15,0,1
15,1,1
15,2,1
15,3,1
15,4,1
15,5,2
15,6,2
15,7,2
15,8,2
15,9,2
15,10,2
15,11,2
15,12,1
15,13,1
15,14,1
15,15,1
15,16,1
15,17,4
15,18,4
15,19,1
15,20,1
15,21,1
15,22,1
15,23,1
15,24,1
15,25,1
15,26,1
15,27,2
15,28,2
15,29,2
15,30,2
16,0,3
16,1,3
16,2,3
16,3,3
16,4,3
16,5,2
16,6,2
16,7,2
16,8,2
16,9,2
16,10,2
16,11,2
16,12,2
16,13,1
16,14,1
16,15,1
16,16,1
16,17,2
16,18,2
16,19,1
16,20,1
16,21,1
16,22,1
16,23,1
16,24,1
16,25,1
16,26,1
16,27,2
16,28,2
16,29,2
16,30,2
17,0,3
17,1,3
17,2,3
17,3,3
17,4,3
17,5,3
17,6,2
17,7,2
17,8,2
17,9,2
17,10,2
17,11,2
17,12,2
17,13,2
17,14,1
17,15,1
17,16,2
17,17,2
17,18,2
17,19,2
17,20,1
17,21,1
17,22,1
17,23,1
17,24,1
17,25,1
17,26,2
17,27,2
17,28,2
17,29,2
17,30,2
18,0,3
18,1,3
18,2,3
18,3,3
18,4,3
18,5,3
18,6,3
18,7,2
18,8,2
18,9,1
18,10,1
18,11,2
18,12,2
18,13,2
18,14,2
18,15,2
18,16,2
18,17,2
18,18,2
18,19,2
18,20,4
18,21,4
18,22,1
18,23,1
18,24,3
18,25,3
18,26,2
18,27,2
18,28,2
18,29,2
18,30,2
19,0,1
19,1,1
19,2,3
19,3,3
19,4,3
19,5,3
19,6,3
19,7,3
19,8,1
19,9,1
19,10,1
19,11,1
19,12,2
19,13,2
19,14,2
19,15,2
19,16,2
19,17,2
19,18,2
19,19,4
19,20,4
19,21,4
19,22,4
19,23,3
19,24,3
19,25,3
19,26,3
19,27,2
19,28,2
19,29,2
19,30,2
20,0,1
20,1,1
20,2,1
20,3,1
20,4,1
20,5,3
20,6,3
20,7,3
20,8,1
20,9,1
20,10,1
20,11,1
20,12,1
20,13,2
20,14,2
20,15,4
20,16,4
20,17,4
20,18,4
20,19,4
20,20,4
20,21,4
20,22,4
20,23,3
20,24,3
20,25,3
20,26,3
20,27,1
20,28,1
20,29,1
20,30,1
21,0,1
21,1,1
21,2,1
21,3,1
21,4,1
21,5,1
21,6,3
21,7,3
21,8,1
21,9,1
21,10,1
21,11,1
21,12,1
21,13,1
21,14,4
21,15,4
21,16,4
21,17,4
21,18,4
21,19,4
21,20,4
21,21,4
21,22,4
21,23,3
21,24,3
21,25,3
21,26,1
21,27,1
21,28,1
21,29,1
21,30,1
22,0,1
22,1,1
22,2,1
22,3,1
22,4,1
22,5,1
22,6,3
22,7,3
22,8,1
22,9,1
22,10,1
22,11,1
22,12,1
22,13,1
22,14,4
22,15,4
22,16,4
22,17,4
22,18,4
22,19,4
22,20,4
22,21,4
22,22,4
22,23,4
22,24,3
22,25,3
22,26,1
22,27,1
22,28,1
22,29,4
22,30,4
23,0,1
23,1,1
23,2,1
23,3,1
23,4,1
23,5,3
23,6,3
23,7,3
23,8,3
23,9,1
23,10,1
23,11,1
23,12,1
23,13,4
23,14,4
23,15,4
23,16,4
23,17,4
23,18,4
23,19,4
23,20,4
23,21,4
23,22,4
23,23,4
23,24,3
23,25,3
23,26,1
23,27,1
23,28,4
23,29,4
23,30,4
24,0,1
24,1,1
24,2,1
24,3,1
24,4,1
24,5,3
24,6,3
24,7,3
24,8,3
24,9,3
24,10,1
24,11,1
24,12,4
24,13,4
24,14,4
24,15,4
24,16,4
24,17,4
24,18,4
24,19,4
24,20,4
24,21,4
24,22,4
24,23,4
24,24,3
24,25,3
24,26,1
24,27,1
24,28,4
24,29,4
24,30,4
25,0,1
25,1,1
25,2,1
25,3,1
25,4,1
25,5,3
25,6,3
25,7,3
25,8,3
25,9,3
25,10,1
25,11,1
25,12,4
25,13,4
25,14,4
25,15,4
25,16,4
25,17,4
25,18,3
25,19,3
25,20,3
25,21,4
25,22,4
25,23,3
25,24,3
25,25,3
25,26,1
25,27,1
25,28,1
25,29,4
25,30,4
26,0,1
26,1,1
26,2,1
26,3,1
26,4,1
26,5,3
26,6,3
26,7,3
26,8,3
26,9,1
26,10,1
26,11,1
26,12,4
26,13,4
26,14,4
26,15,4
26,16,4
26,17,3
26,18,3
26,19,3
26,20,3
26,21,3
26,22,3
26,23,3
26,24,3
26,25,3
26,26,1
26,27,1
26,28,1
26,29,4
26,30,4
27,0,4
27,1,4
27,2,1
27,3,1
27,4,3
27,5,3
27,6,3
27,7,3
27,8,3
27,9,1
27,10,1
27,11,1
27,12,4
27,13,4
27,14,4
27,15,4
27,16,4
27,17,3
27,18,3
27,19,3
27,20,3
27,21,3
27,22,3
27,23,3
27,24,3
27,25,1
27,26,1
27,27,1
27,28,1
27,29,4
27,30,4
28,0,4
28,1,4
28,2,4
28,3,3
28,4,3
28,5,3
28,6,3
28,7,3
28,8,1
28,9,1
28,10,1
28,11,1
28,12,4
28,13,4
28,14,4
28,15,4
28,16,4
28,17,3
28,18,3
28,19,3
28,20,2
28,21,2
28,22,3
28,23,3
28,24,1
28,25,1
28,26,1
28,27,1
28,28,1
28,29,4
28,30,4
29,0,4
29,1,4
29,2,4
29,3,3
29,4,3
29,5,3
29,6,3
29,7,1
29,8,1
29,9,1
29,10,1
29,11,4
29,12,4
29,13,4
29,14,4
29,15,4
29,16,4
29,17,3
29,18,3
29,19,2
29,20,2
29,21,2
29,22,2
29,23,1
29,24,1
29,25,1
29,26,1
29,27,1
29,28,1
29,29,4
29,30,4
30,0,4
30,1,4
30,2,4
30,3,3
30,4,3
30,5,3
30,6,3
30,7,1
30,8,1
30,9,1
30,10,1
30,11,4
30,12,4
30,13,4
30,14,4
30,15,4
30,16,4
30,17,3
30,18,3
30,19,2
30,20,2
30,21,2
30,22,2
30,23,1
30,24,1
30,25,1
30,26,1
30,27,1
30,28,1
30,29,4
30,30,4