3
3
6
1
2,2
2,17
17,2
0,1,3
1,2,3
0,2,4
0,0,3
0,1,3
0,2,3
0,3,3
0,4,3
0,5,4
0,6,4
0,7,4
0,8,4
0,9,4
0,10,4
0,11,4
0,12,4
0,13,4
0,14,2
0,15,2
0,16,2
0,17,2
0,18,2
0,19,2
0,20,4
0,21,4
0,22,4
0,23,3
0,24,3
0,25,3
0,26,2
0,27,2
0,28,4
0,29,4
0,30,4
1,0,3
1,1,3
1,2,3
1,3,3
1,4,3
1,5,4
1,6,4
1,7,4
1,8,4
1,9,4
1,10,4
1,11,4
1,12,4
1,13,4
1,14,2
1,15,2
1,16,2
1,17,2
1,18,2
1,19,2
1,20,4
1,21,4
1,22,4
1,23,3
1,24,3
1,25,3
1,26,2
1,27,2
1,28,4
1,29,4
1,30,4
2,0,3
2,1,3
2,2,3
2,3,3
2,4,3
2,5,3
2,6,4
2,7,4
2,8,4
2,9,4
2,10,4
2,11,4
2,12,4
2,13,4
2,14,4
2,15,2
2,16,2
2,17,2
2,18,2
2,19,2
2,20,4
2,21,4
2,22,4
2,23,3
2,24,3
2,25,3
2,26,2
2,27,2
2,28,4
2,29,4
2,30,4
3,0,3
3,1,3
3,2,3
3,3,3
3,4,3
3,5,3
3,6,1
3,7,1
3,8,4
3,9,4
3,10,4
3,11,4
3,12,4
3,13,4
3,14,4
3,15,2
3,16,2
3,17,2
3,18,2
3,19,2
3,20,4
3,21,4
3,22,4
3,23,3
3,24,3
3,25,2
3,26,2
3,27,2
3,28,2
3,29,4
3,30,4
4,0,3
4,1,3
4,2,3
4,3,3
4,4,3
4,5,1
4,6,1
4,7,1
4,8,1
4,9,1
4,10,1
4,11,4
4,12,4
4,13,4
4,14,2
4,15,2
4,16,2
4,17,2
4,18,2
4,19,2
4,20,4
4,21,4
4,22,4
4,23,3
4,24,3
4,25,2
4,26,2
4,27,2
4,28,2
4,29,2
4,30,2
5,0,3
5,1,3
5,2,3
5,3,3
5,4,3
5,5,1
5,6,1
5,7,1
5,8,1
5,9,1
5,10,1
5,11,1
5,12,4
5,13,4
5,14,2
5,15,2
5,16,2
5,17,2
5,18,2
5,19,4
5,20,4
5,21,4
5,22,3
5,23,3
5,24,3
5,25,3
5,26,2
5,27,2
5,28,2
5,29,2
5,30,2
6,0,1
6,1,1
6,2,3
6,3,3
6,4,1
6,5,1
6,6,1
6,7,1
6,8,1
6,9,1
6,10,1
6,11,1
6,12,4
6,13,4
6,14,4
6,15,2
6,16,2
6,17,3
6,18,3
6,19,4
6,20,4
6,21,4
6,22,3
6,23,3
6,24,3
6,25,3
6,26,4
6,27,4
6,28,2
6,29,2
6,30,2
7,0,1
7,1,1
7,2,1
7,3,1
7,4,1
7,5,1
7,6,1
7,7,4
7,8,4
7,9,1
7,10,1
7,11,4
7,12,4
7,13,4
7,14,4
7,15,4
7,16,3
7,17,3
7,18,3
7,19,3
7,20,4
7,21,4
7,22,4
7,23,3
7,24,3
7,25,4
7,26,4
7,27,4
7,28,4
7,29,2
7,30,2
8,0,1
8,1,1
8,2,1
8,3,1
8,4,1
8,5,1
8,6,4
8,7,4
8,8,4
8,9,4
8,10,4
8,11,4
8,12,4
8,13,4
8,14,4
8,15,4
8,16,3
8,17,3
8,18,3
8,19,3
8,20,4
8,21,4
8,22,4
8,23,4
8,24,4
8,25,4
8,26,4
8,27,4
8,28,4
8,29,2
8,30,2
9,0,4
9,1,4
9,2,4
9,3,1
9,4,1
9,5,1
9,6,4
9,7,4
9,8,4
9,9,4
9,10,4
9,11,4
9,12,4
9,13,4
9,14,4
9,15,4
9,16,4
9,17,3
9,18,3
9,19,3
9,20,3
9,21,4
9,22,4
9,23,4
9,24,4
9,25,4
9,26,4
9,27,4
9,28,4
9,29,2
9,30,2
10,0,4
10,1,4
10,2,4
10,3,4
10,4,1
10,5,1
10,6,4
10,7,4
10,8,4
10,9,4
10,10,4
10,11,4
10,12,1
10,13,1
10,14,4
10,15,4
10,16,4
10,17,4
10,18,3
10,19,3
10,20,3
10,21,3
10,22,3
10,23,4
10,24,4
10,25,4
10,26,4
10,27,4
10,28,2
10,29,2
10,30,2
11,0,4
11,1,4
11,2,4
11,3,4
11,4,1
11,5,1
11,6,1
11,7,4
11,8,4
11,9,4
11,10,4
11,11,1
11,12,1
11,13,1
11,14,1
11,15,4
11,16,4
11,17,4
11,18,4
11,19,3
11,20,3
11,21,3
11,22,3
11,23,3
11,24,4
11,25,4
11,26,4
11,27,4
11,28,2
11,29,2
11,30,2
12,0,4
12,1,4
12,2,4
12,3,1
12,4,1
12,5,1
12,6,1
12,7,1
12,8,1
12,9,1
12,10,1
12,11,1
12,12,1
12,13,1
12,14,1
12,15,4
12,16,4
12,17,4
12,18,4
12,19,4
12,20,3
12,21,3
12,22,3
12,23,3
12,24,3
12,25,4
12,26,4
12,27,3
12,28,3
12,29,2
12,30,2
13,0,3
13,1,3
13,2,3
13,3,1
13,4,1
13,5,1
13,6,1
13,7,1
13,8,1
13,9,1
13,10,1
13,11,1
13,12,1
13,13,1
13,14,1
13,15,4
13,16,4
13,17,4
13,18,4
13,19,4
13,20,4
13,21,4
13,22,3
13,23,3
13,24,3
13,25,3
13,26,3
13,27,3
13,28,3
13,29,3
13,30,3
14,0,3
14,1,3
14,2,3
14,3,3
14,4,1
14,5,1
14,6,1
14,7,1
14,8,1
14,9,1
14,10,1
14,11,1
14,12,1
14,13,1
14,14,4
14,15,4
14,16,4
14,17,4
14,18,4
14,19,4
14,20,4
14,21,4
14,22,4
14,23,3
14,24,3
14,25,3
14,26,3
14,27,3
14,28,3
14,29,3
14,30,3
15,0,3
15,1,3
15,2,3
15,3,3
15,4,3
15,5,3
15,6,1
15,7,1
15,8,4
15,9,4
15,10,1
15,11,1
15,12,2
15,13,2
15,14,4
15,15,4
15,16,4
15,17,4
15,18,3
15,19,3
15,20,4
15,21,4
15,22,4
15,23,4
15,24,4
15,25,4
15,26,4
15,27,4
15,28,4
15,29,4
15,30,4
16,0,3
16,1,3
16,2,3
16,3,3
16,4,3
16,5,3
16,6,3
16,7,4
16,8,4
16,9,4
16,10,4
16,11,2
16,12,2
16,13,2
16,14,2
16,15,4
16,16,4
16,17,3
16,18,3
16,19,3
16,20,3
16,21,4
16,22,4
16,23,4
16,24,4
16,25,4
16,26,4
16,27,4
16,28,4
16,29,4
16,30,4
17,0,3
17,1,3
17,2,3
17,3,3
17,4,3
17,5,3
17,6,3
17,7,4
17,8,4
17,9,4
17,10,4
17,11,2
17,12,2
17,13,2
17,14,2
17,15,2
17,16,2
17,17,3
17,18,3
17,19,3
17,20,3
17,21,3
17,22,3
17,23,3
17,24,4
17,25,4
17,26,4
17,27,4
17,28,4
17,29,3
17,30,3
18,0,3
18,1,3
18,2,3
18,3,3
18,4,3
18,5,3
18,6,3
18,7,4
18,8,4
18,9,4
18,10,4
18,11,4
18,12,2
18,13,2
18,14,2
18,15,2
18,16,2
18,17,2
18,18,3
18,19,3
18,20,3
18,21,3
18,22,3
18,23,3
18,24,3
18,25,3
18,26,3
18,27,3
18,28,3
18,29,3
18,30,3
19,0,3
19,1,3
19,2,3
19,3,3
19,4,3
19,5,3
19,6,3
19,7,4
19,8,4
19,9,4
19,10,4
19,11,4
19,12,3
19,13,3
19,14,3
19,15,2
19,16,2
19,17,2
19,18,2
19,19,2
19,20,3
19,21,3
19,22,3
19,23,3
19,24,3
19,25,3
19,26,3
19,27,3
19,28,3
19,29,3
19,30,3
20,0,2
20,1,2
20,2,2
20,3,2
20,4,3
20,5,3
20,6,3
20,7,3
20,8,4
20,9,4
20,10,4
20,11,3
20,12,3
20,13,3
20,14,3
20,15,3
20,16,2
20,17,2
20,18,2
20,19,2
20,20,2
20,21,3
20,22,3
20,23,3
20,24,1
20,25,1
20,26,1
20,27,1
20,28,3
20,29,3
20,30,3
21,0,2
21,1,2
21,2,2
21,3,2
21,4,2
21,5,3
21,6,3
21,7,3
21,8,4
21,9,4
21,10,4
21,11,3
21,12,3
21,13,3
21,14,3
21,15,3
21,16,1
21,17,1
21,18,2
21,19,2
21,20,2
21,21,3
21,22,3
21,23,1
21,24,1
21,25,1
21,26,1
21,27,1
21,28,1
21,29,1
21,30,1
22,0,2
22,1,2
22,2,2
22,3,2
22,4,2
22,5,3
22,6,3
22,7,3
22,8,3
22,9,4
22,10,4
22,11,4
22,12,3
22,13,3
22,14,3
22,15,1
22,16,1
22,17,1
22,18,1
22,19,2
22,20,2
22,21,3
22,22,3
22,23,1
22,24,1
22,25,1
22,26,1
22,27,1
22,28,1
22,29,1
22,30,1
23,0,2
23,1,2
23,2,2
23,3,2
23,4,2
23,5,3
23,6,3
23,7,3
23,8,3
23,9,4
23,10,4
23,11,4
23,12,4
23,13,4
23,14,4
23,15,1
23,16,1
23,17,1
23,18,1
23,19,2
23,20,2
23,21,3
23,22,3
23,23,3
23,24,1
23,25,1
23,26,3
23,27,3
23,28,3
23,29,3
23,30,3
24,0,1
24,1,1
24,2,2
24,3,2
24,4,2
24,5,2
24,6,3
24,7,3
24,8,4
24,9,4
24,10,4
24,11,4
24,12,4
24,13,4
24,14,4
24,15,4
24,16,1
24,17,1
24,18,2
24,19,2
24,20,2
24,21,3
24,22,3
24,23,3
24,24,3
24,25,3
24,26,3
24,27,3
24,28,3
24,29,3
24,30,3
25,0,1
25,1,1
25,2,1
25,3,2
25,4,2
25,5,2
25,6,2
25,7,4
25,8,4
25,9,4
25,10,4
25,11,1
25,12,1
25,13,4
25,14,4
25,15,4
25,16,4
25,17,4
25,18,2
25,19,2
25,20,2
25,21,2
25,22,3
25,23,3
25,24,3
25,25,3
25,26,3
25,27,3
25,28,3
25,29,3
25,30,3
26,0,1
26,1,1
26,2,1
26,3,2
26,4,2
26,5,2
26,6,2
26,7,4
26,8,4
26,9,4
26,10,1
26,11,1
26,12,1
26,13,1
26,14,4
26,15,4
26,16,4
26,17,4
26,18,4
26,19,2
26,20,2
26,21,2
26,22,2
26,23,2
26,24,2
26,25,2
26,26,3
26,27,3
26,28,3
26,29,3
26,30,3
27,0,1
27,1,1
27,2,4
27,3,4
27,4,2
27,5,2
27,6,2
27,7,2
27,8,4
27,9,4
27,10,1
27,11,1
27,12,1
27,13,1
27,14,1
27,15,1
27,16,4
27,17,4
27,18,4
27,19,4
27,20,2
27,21,2
27,22,2
27,23,2
27,24,2
27,25,2
27,26,2
27,27,2
27,28,3
27,29,3
27,30,3
28,0,4
28,1,4
28,2,4
28,3,4
28,4,4
28,5,2
28,6,2
28,7,2
28,8,4
28,9,4
28,10,4
28,11,1
28,12,1
28,13,1
28,14,1
28,15,1
28,16,1
28,17,4
28,18,4
28,19,4
28,20,3
28,21,3
28,22,3
28,23,3
28,24,2
28,25,2
28,26,2
28,27,2
28,28,2
28,29,2
28,30,2
29,0,4
29,1,4
29,2,4
29,3,4
29,4,4
29,5,2
29,6,2
29,7,4
29,8,4
29,9,4
29,10,4
29,11,1
29,12,1
29,13,1
29,14,1
29,15,1
29,16,1
29,17,4
29,18,4
29,19,3
29,20,3
29,21,3
29,22,3
29,23,3
29,24,3
29,25,2
29,26,2
29,27,2
29,28,2
29,29,2
29,30,2
30,0,4
30,1,4
30,2,4
30,3,4
30,4,4
30,5,2
30,6,2
30,7,4
30,8,4
30,9,4
30,10,4
30,11,1
30,12,1
30,13,1
30,14,1
30,15,1
30,16,1
30,17,4
30,18,4
30,19,3
30,20,3
30,21,3
30,22,3
30,23,3
30,24,3
30,25,2
30,26,2
30,27,2
30,28,2
30,29,2
30,30,2