3
3
3
2
7,2
7,12
17,12
0,2,2
1,2,1
0,1,2
0,0,4
0,1,4
0,2,4
0,3,1
0,4,1
0,5,1
0,6,4
0,7,4
0,8,4
0,9,4
0,10,2
0,11,2
0,12,2
0,13,2
0,14,2
0,15,3
0,16,3
0,17,3
0,18,3
0,19,3
0,20,3
0,21,3
0,22,2
0,23,2
0,24,2
0,25,2
0,26,2
0,27,4
0,28,4
0,29,1
0,30,1
1,0,4
1,1,4
1,2,4
1,3,1
1,4,1
1,5,1
1,6,4
1,7,4
1,8,4
1,9,4
1,10,2
1,11,2
1,12,2
1,13,2
1,14,2
1,15,3
1,16,3
1,17,3
1,18,3
1,19,3
1,20,3
1,21,3
1,22,2
1,23,2
1,24,2
1,25,2
1,26,2
1,27,4
1,28,4
1,29,1
1,30,1
2,0,4
2,1,4
2,2,1
2,3,1
2,4,1
2,5,1
2,6,1
2,7,4
2,8,4
2,9,2
2,10,2
2,11,2
2,12,2
2,13,2
2,14,2
2,15,2
2,16,3
2,17,3
2,18,3
2,19,3
2,20,3
2,21,2
2,22,2
2,23,2
2,24,2
2,25,2
2,26,2
2,27,4
2,28,4
2,29,1
2,30,1
3,0,4
3,1,4
3,2,1
3,3,1
3,4,1
3,5,1
3,6,1
3,7,2
3,8,2
3,9,2
3,10,2
3,11,2
3,12,2
3,13,2
3,14,2
3,15,2
3,16,2
3,17,3
3,18,3
3,19,2
3,20,2
3,21,2
3,22,2
3,23,2
3,24,2
3,25,2
3,26,4
3,27,4
3,28,4
3,29,1
3,30,1
4,0,4
4,1,4
4,2,4
4,3,1
4,4,1
4,5,1
4,6,2
4,7,2
4,8,2
4,9,2
4,10,2
4,11,2
4,12,3
4,13,3
4,14,2
4,15,2
4,16,2
4,17,2
4,18,2
4,19,2
4,20,2
4,21,2
4,22,2
4,23,2
4,24,2
4,25,2
4,26,4
4,27,4
4,28,4
4,29,1
4,30,1
5,0,4
5,1,4
5,2,4
5,3,4
5,4,4
5,5,4
5,6,2
5,7,2
5,8,2
5,9,2
5,10,3
5,11,3
5,12,3
5,13,3
5,14,3
5,15,2
5,16,2
5,17,2
5,18,2
5,19,2
5,20,2
5,21,1
5,22,1
5,23,2
5,24,2
5,25,4
5,26,4
5,27,4
5,28,1
5,29,1
5,30,1
6,0,4
6,1,4
6,2,4
6,3,4
6,4,4
6,5,4
6,6,4
6,7,2
6,8,2
6,9,3
6,10,3
6,11,3
6,12,3
6,13,3
6,14,3
6,15,3
6,16,2
6,17,2
6,18,2
6,19,2
6,20,1
6,21,1
6,22,1
6,23,1
6,24,1
6,25,4
6,26,4
6,27,4
6,28,1
6,29,1
6,30,1
7,0,4
7,1,4
7,2,4
7,3,4
7,4,4
7,5,4
7,6,4
7,7,4
7,8,3
7,9,3
7,10,3
7,11,3
7,12,3
7,13,3
7,14,3
7,15,3
7,16,3
7,17,3
7,18,3
7,19,3
7,20,1
7,21,1
7,22,1
7,23,1
7,24,1
7,25,1
7,26,4
7,27,4
7,28,4
7,29,1
7,30,1
8,0,4
8,1,4
8,2,4
8,3,4
8,4,4
8,5,4
8,6,4
8,7,4
8,8,3
8,9,3
8,10,3
8,11,3
8,12,3
8,13,3
8,14,3
8,15,3
8,16,3
8,17,3
8,18,3
8,19,3
8,20,3
8,21,1
8,22,1
8,23,1
8,24,1
8,25,1
8,26,4
8,27,4
8,28,4
8,29,4
8,30,4
9,0,4
9,1,4
9,2,4
9,3,4
9,4,4
9,5,4
9,6,4
9,7,4
9,8,4
9,9,3
9,10,3
9,11,3
9,12,3
9,13,3
9,14,3
9,15,3
9,16,4
9,17,4
9,18,3
9,19,3
9,20,3
9,21,3
9,22,3
9,23,1
9,24,1
9,25,3
9,26,3
9,27,4
9,28,4
9,29,4
9,30,4
10,0,4
10,1,4
10,2,4
10,3,4
10,4,4
10,5,4
10,6,4
10,7,4
10,8,4
10,9,3
10,10,3
10,11,3
10,12,3
10,13,3
10,14,3
10,15,4
10,16,4
10,17,4
10,18,4
10,19,3
10,20,3
10,21,3
10,22,3
10,23,3
10,24,3
10,25,3
10,26,3
10,27,3
10,28,3
10,29,3
10,30,3
11,0,4
11,1,4
11,2,4
11,3,1
11,4,1
11,5,4
11,6,4
11,7,4
11,8,4
11,9,3
11,10,3
11,11,3
11,12,3
11,13,3
11,14,3
11,15,4
11,16,4
11,17,4
11,18,4
11,19,4
11,20,4
11,21,3
11,22,3
11,23,3
11,24,3
11,25,3
11,26,3
11,27,3
11,28,3
11,29,3
11,30,3
12,0,1
12,1,1
12,2,1
12,3,1
12,4,1
12,5,1
12,6,4
12,7,4
12,8,2
12,9,2
12,10,3
12,11,3
12,12,3
12,13,3
12,14,2
12,15,2
12,16,4
12,17,4
12,18,4
12,19,4
12,20,4
12,21,4
12,22,3
12,23,3
12,24,4
12,25,4
12,26,3
12,27,3
12,28,2
12,29,2
12,30,2
13,0,1
13,1,1
13,2,1
13,3,1
13,4,1
13,5,1
13,6,1
13,7,2
13,8,2
13,9,2
13,10,2
13,11,2
13,12,2
13,13,2
13,14,2
13,15,2
13,16,2
13,17,4
13,18,4
13,19,4
13,20,4
13,21,4
13,22,4
13,23,4
13,24,4
13,25,4
13,26,4
13,27,2
13,28,2
13,29,2
13,30,2
14,0,2
14,1,2
14,2,2
14,3,2
14,4,1
14,5,1
14,6,1
14,7,2
14,8,2
14,9,2
14,10,2
14,11,2
14,12,2
14,13,2
14,14,2
14,15,2
14,16,2
14,17,2
14,18,4
14,19,4
14,20,4
14,21,4
14,22,4
14,23,4
14,24,4
14,25,4
14,26,4
14,27,2
14,28,2
14,29,2
14,30,2
15,0,2
15,1,2
15,2,2
15,3,2
15,4,2
15,5,1
15,6,1
15,7,1
15,8,2
15,9,2
15,10,3
15,11,3
15,12,3
15,13,3
15,14,3
15,15,2
15,16,2
15,17,2
15,18,4
15,19,4
15,20,4
15,21,3
15,22,3
15,23,4
15,24,4
15,25,4
15,26,3
15,27,3
15,28,2
15,29,2
15,30,2
16,0,2
16,1,2
16,2,2
16,3,2
16,4,2
16,5,1
16,6,1
16,7,1
16,8,1
16,9,3
16,10,3
16,11,3
16,12,3
16,13,3
16,14,3
16,15,3
16,16,2
16,17,2
16,18,4
16,19,4
16,20,3
16,21,3
16,22,3
16,23,3
16,24,3
16,25,3
16,26,3
16,27,3
16,28,3
16,29,3
16,30,3
17,0,4
17,1,4
17,2,2
17,3,2
17,4,2
17,5,2
17,6,1
17,7,1
17,8,1
17,9,3
17,10,3
17,11,3
17,12,3
17,13,3
17,14,3
17,15,3
17,16,2
17,17,2
17,18,4
17,19,4
17,20,3
17,21,3
17,22,3
17,23,3
17,24,3
17,25,3
17,26,3
17,27,3
17,28,3
17,29,3
17,30,3
18,0,4
18,1,4
18,2,4
18,3,2
18,4,2
18,5,2
18,6,1
18,7,1
18,8,1
18,9,1
18,10,3
18,11,3
18,12,3
18,13,3
18,14,3
18,15,3
18,16,2
18,17,2
18,18,4
18,19,4
18,20,4
18,21,3
18,22,3
18,23,3
18,24,3
18,25,3
18,26,3
18,27,4
18,28,4
18,29,4
18,30,4
19,0,4
19,1,4
19,2,4
19,3,4
19,4,2
19,5,2
19,6,2
19,7,1
19,8,1
19,9,1
19,10,3
19,11,3
19,12,3
19,13,3
19,14,3
19,15,2
19,16,2
19,17,2
19,18,4
19,19,4
19,20,4
19,21,4
19,22,4
19,23,4
19,24,3
19,25,3
19,26,4
19,27,4
19,28,4
19,29,4
19,30,4
20,0,4
20,1,4
20,2,4
20,3,4
20,4,2
20,5,2
20,6,2
20,7,2
20,8,1
20,9,1
20,10,1
20,11,3
20,12,3
20,13,4
20,14,4
20,15,2
20,16,2
20,17,2
20,18,2
20,19,4
20,20,4
20,21,4
20,22,4
20,23,4
20,24,4
20,25,4
20,26,4
20,27,4
20,28,4
20,29,4
20,30,4
21,0,4
21,1,4
21,2,4
21,3,3
21,4,3
21,5,2
21,6,2
21,7,2
21,8,1
21,9,1
21,10,1
21,11,1
21,12,4
21,13,4
21,14,4
21,15,4
21,16,2
21,17,2
21,18,2
21,19,4
21,20,4
21,21,4
21,22,4
21,23,4
21,24,4
21,25,4
21,26,4
21,27,4
21,28,4
21,29,4
21,30,4
22,0,3
22,1,3
22,2,3
22,3,3
22,4,3
22,5,3
22,6,2
22,7,2
22,8,2
22,9,1
22,10,1
22,11,1
22,12,4
22,13,4
22,14,4
22,15,4
22,16,2
22,17,2
22,18,2
22,19,4
22,20,4
22,21,4
22,22,2
22,23,2
22,24,4
22,25,4
22,26,4
22,27,4
22,28,4
22,29,1
22,30,1
23,0,3
23,1,3
23,2,3
23,3,3
23,4,3
23,5,3
23,6,2
23,7,2
23,8,2
23,9,2
23,10,1
23,11,1
23,12,1
23,13,4
23,14,4
23,15,2
23,16,2
23,17,2
23,18,2
23,19,4
23,20,4
23,21,2
23,22,2
23,23,2
23,24,2
23,25,2
23,26,4
23,27,4
23,28,1
23,29,1
23,30,1
24,0,1
24,1,1
24,2,1
24,3,3
24,4,3
24,5,3
24,6,3
24,7,2
24,8,2
24,9,2
24,10,1
24,11,1
24,12,1
24,13,1
24,14,2
24,15,2
24,16,2
24,17,2
24,18,4
24,19,4
24,20,4
24,21,2
24,22,2
24,23,2
24,24,2
24,25,2
24,26,2
24,27,1
24,28,1
24,29,1
24,30,1
25,0,1
25,1,1
25,2,1
25,3,1
25,4,3
25,5,3
25,6,3
25,7,3
25,8,2
25,9,2
25,10,1
25,11,1
25,12,1
25,13,1
25,14,2
25,15,2
25,16,2
25,17,2
25,18,4
25,19,4
25,20,4
25,21,4
25,22,2
25,23,2
25,24,2
25,25,2
25,26,2
25,27,1
25,28,1
25,29,1
25,30,1
26,0,1
26,1,1
26,2,1
26,3,1
26,4,3
26,5,3
26,6,3
26,7,3
26,8,2
26,9,2
26,10,1
26,11,1
26,12,1
26,13,1
26,14,1
26,15,2
26,16,2
26,17,4
26,18,4
26,19,4
26,20,4
26,21,4
26,22,4
26,23,4
26,24,2
26,25,2
26,26,1
26,27,1
26,28,1
26,29,1
26,30,1
27,0,1
27,1,1
27,2,1
27,3,3
27,4,3
27,5,3
27,6,3
27,7,3
27,8,2
27,9,2
27,10,2
27,11,1
27,12,1
27,13,1
27,14,1
27,15,3
27,16,3
27,17,4
27,18,4
27,19,4
27,20,4
27,21,4
27,22,4
27,23,4
27,24,4
27,25,1
27,26,1
27,27,1
27,28,1
27,29,4
27,30,4
28,0,4
28,1,4
28,2,4
28,3,3
28,4,3
28,5,3
28,6,3
28,7,3
28,8,2
28,9,2
28,10,2
28,11,1
28,12,1
28,13,1
28,14,3
28,15,3
28,16,3
28,17,3
28,18,4
28,19,4
28,20,4
28,21,4
28,22,4
28,23,4
28,24,4
28,25,1
28,26,1
28,27,1
28,28,4
28,29,4
28,30,4
29,0,4
29,1,4
29,2,4
29,3,4
29,4,3
29,5,3
29,6,3
29,7,3
29,8,3
29,9,2
29,10,2
29,11,1
29,12,1
29,13,1
29,14,3
29,15,3
29,16,3
29,17,3
29,18,4
29,19,4
29,20,4
29,21,4
29,22,4
29,23,4
29,24,1
29,25,1
29,26,1
29,27,4
29,28,4
29,29,4
29,30,4
30,0,4
30,1,4
30,2,4
30,3,4
30,4,3
30,5,3
30,6,3
30,7,3
30,8,3
30,9,2
30,10,2
30,11,1
30,12,1
30,13,1
30,14,3
30,15,3
30,16,3
30,17,3
30,18,4
30,19,4
30,20,4
30,21,4
30,22,4
30,23,4
30,24,1
30,25,1
30,26,1
30,27,4
30,28,4
30,29,4
30,30,4