3
3
5
1
2,2
17,2
17,17
0,1,3
1,2,2
0,2,3
0,0,3
0,1,3
0,2,3
0,3,3
0,4,3
0,5,3
0,6,4
0,7,4
0,8,4
0,9,3
0,10,3
0,11,3
0,12,3
0,13,3
0,14,4
0,15,4
0,16,4
0,17,4
0,18,4
0,19,4
0,20,4
0,21,4
0,22,4
0,23,4
0,24,4
0,25,4
0,26,4
0,27,4
0,28,4
0,29,4
0,30,4
1,0,3
1,1,3
1,2,3
1,3,3
1,4,3
1,5,3
1,6,4
1,7,4
1,8,4
1,9,3
1,10,3
1,11,3
1,12,3
1,13,3
1,14,4
1,15,4
1,16,4
1,17,4
1,18,4
1,19,4
1,20,4
1,21,4
1,22,4
1,23,4
1,24,4
1,25,4
1,26,4
1,27,4
1,28,4
1,29,4
1,30,4
2,0,3
2,1,3
2,2,3
2,3,3
2,4,3
2,5,3
2,6,4
2,7,4
2,8,4
2,9,3
2,10,3
2,11,3
2,12,3
2,13,3
2,14,4
2,15,4
2,16,4
2,17,4
2,18,4
2,19,4
2,20,4
2,21,4
2,22,4
2,23,4
2,24,2
2,25,2
2,26,2
2,27,2
2,28,2
2,29,4
2,30,4
3,0,3
3,1,3
3,2,3
3,3,3
3,4,3
3,5,3
3,6,3
3,7,4
3,8,4
3,9,4
3,10,3
3,11,3
3,12,3
3,13,3
3,14,3
3,15,4
3,16,4
3,17,4
3,18,4
3,19,4
3,20,4
3,21,4
3,22,4
3,23,2
3,24,2
3,25,2
3,26,2
3,27,2
3,28,2
3,29,2
3,30,2
4,0,3
4,1,3
4,2,3
4,3,3
4,4,3
4,5,3
4,6,3
4,7,4
4,8,4
4,9,4
4,10,4
4,11,3
4,12,3
4,13,3
4,14,3
4,15,1
4,16,1
4,17,1
4,18,1
4,19,1
4,20,1
4,21,1
4,22,1
4,23,2
4,24,2
4,25,2
4,26,2
4,27,2
4,28,2
4,29,2
4,30,2
5,0,4
5,1,4
5,2,4
5,3,4
5,4,3
5,5,3
5,6,1
5,7,1
5,8,4
5,9,4
5,10,4
5,11,4
5,12,3
5,13,3
5,14,1
5,15,1
5,16,1
5,17,1
5,18,1
5,19,1
5,20,1
5,21,1
5,22,1
5,23,1
5,24,2
5,25,2
5,26,2
5,27,2
5,28,2
5,29,2
5,30,2
6,0,4
6,1,4
6,2,4
6,3,4
6,4,4
6,5,1
6,6,1
6,7,1
6,8,1
6,9,4
6,10,4
6,11,4
6,12,4
6,13,1
6,14,1
6,15,1
6,16,1
6,17,1
6,18,1
6,19,4
6,20,4
6,21,1
6,22,1
6,23,1
6,24,1
6,25,2
6,26,2
6,27,2
6,28,2
6,29,2
6,30,2
7,0,4
7,1,4
7,2,4
7,3,4
7,4,4
7,5,1
7,6,1
7,7,1
7,8,1
7,9,4
7,10,4
7,11,4
7,12,4
7,13,1
7,14,1
7,15,1
7,16,1
7,17,1
7,18,4
7,19,4
7,20,4
7,21,4
7,22,1
7,23,1
7,24,1
7,25,3
7,26,3
7,27,2
7,28,2
7,29,4
7,30,4
8,0,4
8,1,4
8,2,4
8,3,4
8,4,1
8,5,1
8,6,1
8,7,1
8,8,3
8,9,3
8,10,4
8,11,4
8,12,2
8,13,2
8,14,1
8,15,1
8,16,1
8,17,1
8,18,4
8,19,4
8,20,4
8,21,4
8,22,1
8,23,1
8,24,3
8,25,3
8,26,3
8,27,3
8,28,4
8,29,4
8,30,4
9,0,1
9,1,1
9,2,1
9,3,1
9,4,1
9,5,1
9,6,1
9,7,3
9,8,3
9,9,3
9,10,3
9,11,2
9,12,2
9,13,2
9,14,2
9,15,1
9,16,1
9,17,2
9,18,2
9,19,4
9,20,4
9,21,1
9,22,1
9,23,1
9,24,3
9,25,3
9,26,3
9,27,3
9,28,4
9,29,4
9,30,4
10,0,1
10,1,1
10,2,1
10,3,1
10,4,1
10,5,1
10,6,3
10,7,3
10,8,3
10,9,3
10,10,3
10,11,2
10,12,2
10,13,2
10,14,2
10,15,2
10,16,2
10,17,2
10,18,2
10,19,2
10,20,1
10,21,1
10,22,1
10,23,1
10,24,3
10,25,3
10,26,3
10,27,3
10,28,3
10,29,4
10,30,4
11,0,4
11,1,4
11,2,4
11,3,1
11,4,1
11,5,3
11,6,3
11,7,3
11,8,3
11,9,3
11,10,3
11,11,3
11,12,2
11,13,2
11,14,2
11,15,2
11,16,2
11,17,2
11,18,2
11,19,2
11,20,1
11,21,1
11,22,1
11,23,1
11,24,3
11,25,3
11,26,3
11,27,3
11,28,3
11,29,3
11,30,3
12,0,4
12,1,4
12,2,4
12,3,4
12,4,3
12,5,3
12,6,3
12,7,3
12,8,3
12,9,3
12,10,3
12,11,3
12,12,4
12,13,4
12,14,4
12,15,2
12,16,2
12,17,2
12,18,2
12,19,2
12,20,1
12,21,1
12,22,1
12,23,1
12,24,1
12,25,3
12,26,3
12,27,3
12,28,3
12,29,3
12,30,3
13,0,4
13,1,4
13,2,4
13,3,4
13,4,3
13,5,3
13,6,3
13,7,3
13,8,3
13,9,3
13,10,3
13,11,4
13,12,4
13,13,4
13,14,4
13,15,4
13,16,4
13,17,2
13,18,2
13,19,4
13,20,4
13,21,1
13,22,1
13,23,1
13,24,1
13,25,1
13,26,1
13,27,3
13,28,3
13,29,3
13,30,3
14,0,4
14,1,4
14,2,4
14,3,1
14,4,1
14,5,3
14,6,3
14,7,3
14,8,3
14,9,1
14,10,1
14,11,4
14,12,4
14,13,4
14,14,4
14,15,4
14,16,4
14,17,4
14,18,4
14,19,4
14,20,4
14,21,4
14,22,4
14,23,1
14,24,1
14,25,1
14,26,1
14,27,1
14,28,3
14,29,3
14,30,3
15,0,1
15,1,1
15,2,1
15,3,1
15,4,1
15,5,1
15,6,3
15,7,3
15,8,1
15,9,1
15,10,1
15,11,1
15,12,4
15,13,4
15,14,4
15,15,4
15,16,4
15,17,4
15,18,4
15,19,4
15,20,4
15,21,4
15,22,4
15,23,4
15,24,4
15,25,1
15,26,1
15,27,1
15,28,1
15,29,1
15,30,1
16,0,1
16,1,1
16,2,1
16,3,1
16,4,1
16,5,1
16,6,2
16,7,2
16,8,1
16,9,1
16,10,1
16,11,1
16,12,1
16,13,4
16,14,4
16,15,4
16,16,4
16,17,4
16,18,4
16,19,4
16,20,4
16,21,4
16,22,4
16,23,4
16,24,4
16,25,4
16,26,1
16,27,1
16,28,1
16,29,1
16,30,1
17,0,1
17,1,1
17,2,1
17,3,1
17,4,1
17,5,2
17,6,2
17,7,2
17,8,2
17,9,1
17,10,1
17,11,1
17,12,1
17,13,1
17,14,4
17,15,4
17,16,4
17,17,4
17,18,4
17,19,4
17,20,4
17,21,4
17,22,4
17,23,4
17,24,4
17,25,4
17,26,1
17,27,1
17,28,1
17,29,1
17,30,1
18,0,1
18,1,1
18,2,1
18,3,1
18,4,1
18,5,2
18,6,2
18,7,2
18,8,2
18,9,2
18,10,2
18,11,1
18,12,1
18,13,1
18,14,4
18,15,4
18,16,4
18,17,4
18,18,4
18,19,4
18,20,4
18,21,4
18,22,4
18,23,4
18,24,4
18,25,3
18,26,3
18,27,1
18,28,1
18,29,4
18,30,4
19,0,1
19,1,1
19,2,1
19,3,1
19,4,1
19,5,1
19,6,2
19,7,2
19,8,2
19,9,2
19,10,2
19,11,2
19,12,1
19,13,1
19,14,1
19,15,4
19,16,4
19,17,4
19,18,4
19,19,4
19,20,4
19,21,4
19,22,4
19,23,4
19,24,3
19,25,3
19,26,3
19,27,3
19,28,4
19,29,4
19,30,4
20,0,1
20,1,1
20,2,1
20,3,1
20,4,1
20,5,1
20,6,2
20,7,2
20,8,2
20,9,2
20,10,2
20,11,2
20,12,1
20,13,1
20,14,1
20,15,2
20,16,2
20,17,4
20,18,4
20,19,4
20,20,4
20,21,4
20,22,3
20,23,3
20,24,3
20,25,3
20,26,3
20,27,3
20,28,4
20,29,4
20,30,4
21,0,1
21,1,1
21,2,1
21,3,1
21,4,1
21,5,4
21,6,4
21,7,2
21,8,2
21,9,2
21,10,2
21,11,2
21,12,1
21,13,1
21,14,2
21,15,2
21,16,2
21,17,2
21,18,4
21,19,4
21,20,4
21,21,3
21,22,3
21,23,3
21,24,3
21,25,3
21,26,3
21,27,3
21,28,3
21,29,4
21,30,4
22,0,1
22,1,1
22,2,4
22,3,4
22,4,4
22,5,4
22,6,4
22,7,4
22,8,2
22,9,2
22,10,2
22,11,2
22,12,1
22,13,1
22,14,2
22,15,2
22,16,2
22,17,2
22,18,1
22,19,1
22,20,1
22,21,3
22,22,3
22,23,3
22,24,3
22,25,3
22,26,3
22,27,3
22,28,3
22,29,2
22,30,2
23,0,4
23,1,4
23,2,4
23,3,4
23,4,4
23,5,4
23,6,4
23,7,4
23,8,4
23,9,2
23,10,2
23,11,1
23,12,1
23,13,1
23,14,1
23,15,2
23,16,2
23,17,1
23,18,1
23,19,1
23,20,1
23,21,1
23,22,3
23,23,3
23,24,3
23,25,3
23,26,3
23,27,3
23,28,2
23,29,2
23,30,2
24,0,4
24,1,4
24,2,4
24,3,4
24,4,1
24,5,1
24,6,4
24,7,4
24,8,4
24,9,4
24,10,4
24,11,1
24,12,1
24,13,1
24,14,1
24,15,2
24,16,2
24,17,1
24,18,1
24,19,1
24,20,1
24,21,1
24,22,2
24,23,2
24,24,3
24,25,3
24,26,1
24,27,1
24,28,2
24,29,2
24,30,2
25,0,4
25,1,4
25,2,4
25,3,1
25,4,1
25,5,1
25,6,1
25,7,4
25,8,4
25,9,4
25,10,4
25,11,4
25,12,1
25,13,1
25,14,2
25,15,2
25,16,2
25,17,1
25,18,1
25,19,1
25,20,1
25,21,2
25,22,2
25,23,2
25,24,2
25,25,1
25,26,1
25,27,1
25,28,1
25,29,2
25,30,2
26,0,4
26,1,4
26,2,4
26,3,1
26,4,1
26,5,1
26,6,1
26,7,3
26,8,3
26,9,4
26,10,4
26,11,4
26,12,4
26,13,2
26,14,2
26,15,2
26,16,2
26,17,1
26,18,1
26,19,1
26,20,1
26,21,2
26,22,2
26,23,2
26,24,2
26,25,1
26,26,1
26,27,1
26,28,1
26,29,3
26,30,3
27,0,4
27,1,4
27,2,4
27,3,1
27,4,1
27,5,1
27,6,3
27,7,3
27,8,3
27,9,3
27,10,4
27,11,4
27,12,4
27,13,2
27,14,2
27,15,2
27,16,1
27,17,1
27,18,1
27,19,1
27,20,2
27,21,2
27,22,2
27,23,2
27,24,4
27,25,4
27,26,1
27,27,1
27,28,3
27,29,3
27,30,3
28,0,4
28,1,4
28,2,1
28,3,1
28,4,1
28,5,1
28,6,3
28,7,3
28,8,3
28,9,3
28,10,3
28,11,4
28,12,4
28,13,2
28,14,2
28,15,1
28,16,1
28,17,1
28,18,1
28,19,1
28,20,2
28,21,2
28,22,2
28,23,4
28,24,4
28,25,4
28,26,4
28,27,4
28,28,3
28,29,3
28,30,3
29,0,4
29,1,4
29,2,1
29,3,1
29,4,1
29,5,1
29,6,1
29,7,3
29,8,3
29,9,3
29,10,3
29,11,4
29,12,4
29,13,2
29,14,2
29,15,1
29,16,1
29,17,1
29,18,1
29,19,1
29,20,1
29,21,2
29,22,2
29,23,4
29,24,4
29,25,4
29,26,4
29,27,4
29,28,4
29,29,3
29,30,3
30,0,4
30,1,4
30,2,1
30,3,1
30,4,1
30,5,1
30,6,1
30,7,3
30,8,3
30,9,3
30,10,3
30,11,4
30,12,4
30,13,2
30,14,2
30,15,1
30,16,1
30,17,1
30,18,1
30,19,1
30,20,1
30,21,2
30,22,2
30,23,4
30,24,4
30,25,4
30,26,4
30,27,4
30,28,4
30,29,3
30,30,3