3
3
6
0
7,22
22,7
22,22
0,2,4
0,1,4
1,2,2
0,0,2
0,1,2
0,2,2
0,3,1
0,4,1
0,5,1
0,6,2
0,7,2
0,8,2
0,9,1
0,10,1
0,11,4
0,12,4
0,13,4
0,14,4
0,15,1
0,16,1
0,17,1
0,18,3
0,19,3
0,20,3
0,21,3
0,22,4
0,23,4
0,24,4
0,25,4
0,26,4
0,27,2
0,28,2
0,29,2
0,30,2
1,0,2
1,1,2
1,2,2
1,3,1
1,4,1
1,5,1
1,6,2
1,7,2
1,8,2
1,9,1
1,10,1
1,11,4
1,12,4
1,13,4
1,14,4
1,15,1
1,16,1
1,17,1
1,18,3
1,19,3
1,20,3
1,21,3
1,22,4
1,23,4
1,24,4
1,25,4
1,26,4
1,27,2
1,28,2
1,29,2
1,30,2
2,0,2
2,1,2
2,2,1
2,3,1
2,4,1
2,5,1
2,6,1
2,7,2
2,8,2
2,9,1
2,10,1
2,11,1
2,12,4
2,13,4
2,14,1
2,15,1
2,16,1
2,17,1
2,18,3
2,19,3
2,20,3
2,21,3
2,22,4
2,23,4
2,24,4
2,25,4
2,26,2
2,27,2
2,28,2
2,29,2
2,30,2
3,0,4
3,1,4
3,2,1
3,3,1
3,4,1
3,5,1
3,6,1
3,7,2
3,8,2
3,9,1
3,10,1
3,11,1
3,12,1
3,13,1
3,14,1
3,15,1
3,16,1
3,17,4
3,18,4
3,19,3
3,20,3
3,21,4
3,22,4
3,23,4
3,24,4
3,25,4
3,26,2
3,27,2
3,28,2
3,29,2
3,30,2
4,0,4
4,1,4
4,2,4
4,3,1
4,4,1
4,5,1
4,6,2
4,7,2
4,8,2
4,9,2
4,10,1
4,11,1
4,12,1
4,13,1
4,14,1
4,15,1
4,16,4
4,17,4
4,18,4
4,19,4
4,20,4
4,21,4
4,22,4
4,23,4
4,24,4
4,25,4
4,26,4
4,27,2
4,28,2
4,29,1
4,30,1
5,0,4
5,1,4
5,2,4
5,3,1
5,4,1
5,5,1
5,6,2
5,7,2
5,8,2
5,9,2
5,10,4
5,11,4
5,12,1
5,13,1
5,14,2
5,15,2
5,16,4
5,17,4
5,18,4
5,19,4
5,20,4
5,21,4
5,22,4
5,23,4
5,24,4
5,25,4
5,26,4
5,27,1
5,28,1
5,29,1
5,30,1
6,0,4
6,1,4
6,2,1
6,3,1
6,4,1
6,5,1
6,6,1
6,7,2
6,8,2
6,9,4
6,10,4
6,11,4
6,12,4
6,13,2
6,14,2
6,15,2
6,16,2
6,17,4
6,18,4
6,19,4
6,20,4
6,21,4
6,22,4
6,23,4
6,24,4
6,25,4
6,26,1
6,27,1
6,28,1
6,29,1
6,30,1
7,0,1
7,1,1
7,2,1
7,3,1
7,4,1
7,5,1
7,6,1
7,7,3
7,8,3
7,9,4
7,10,4
7,11,4
7,12,4
7,13,2
7,14,2
7,15,2
7,16,2
7,17,2
7,18,2
7,19,4
7,20,4
7,21,4
7,22,4
7,23,4
7,24,4
7,25,4
7,26,1
7,27,1
7,28,1
7,29,1
7,30,1
8,0,1
8,1,1
8,2,1
8,3,1
8,4,1
8,5,1
8,6,3
8,7,3
8,8,3
8,9,3
8,10,4
8,11,4
8,12,4
8,13,4
8,14,2
8,15,2
8,16,2
8,17,2
8,18,2
8,19,2
8,20,4
8,21,4
8,22,4
8,23,4
8,24,4
8,25,4
8,26,4
8,27,1
8,28,1
8,29,1
8,30,1
9,0,2
9,1,2
9,2,2
9,3,2
9,4,2
9,5,2
9,6,3
9,7,3
9,8,3
9,9,3
9,10,4
9,11,4
9,12,4
9,13,4
9,14,4
9,15,2
9,16,2
9,17,2
9,18,2
9,19,2
9,20,4
9,21,4
9,22,4
9,23,4
9,24,4
9,25,4
9,26,4
9,27,3
9,28,3
9,29,1
9,30,1
10,0,2
10,1,2
10,2,2
10,3,2
10,4,2
10,5,2
10,6,2
10,7,3
10,8,3
10,9,3
10,10,3
10,11,4
10,12,4
10,13,4
10,14,4
10,15,4
10,16,2
10,17,2
10,18,2
10,19,4
10,20,4
10,21,4
10,22,4
10,23,4
10,24,4
10,25,4
10,26,3
10,27,3
10,28,3
10,29,3
10,30,3
11,0,1
11,1,1
11,2,1
11,3,1
11,4,2
11,5,2
11,6,2
11,7,3
11,8,3
11,9,3
11,10,3
11,11,1
11,12,1
11,13,4
11,14,4
11,15,4
11,16,2
11,17,2
11,18,2
11,19,4
11,20,4
11,21,4
11,22,4
11,23,4
11,24,4
11,25,4
11,26,3
11,27,3
11,28,3
11,29,3
11,30,3
12,0,1
12,1,1
12,2,1
12,3,1
12,4,1
12,5,2
12,6,2
12,7,2
12,8,3
12,9,3
12,10,1
12,11,1
12,12,1
12,13,1
12,14,4
12,15,4
12,16,4
12,17,2
12,18,2
12,19,2
12,20,4
12,21,4
12,22,4
12,23,4
12,24,4
12,25,2
12,26,2
12,27,3
12,28,3
12,29,4
12,30,4
13,0,1
13,1,1
13,2,1
13,3,1
13,4,1
13,5,2
13,6,2
13,7,2
13,8,1
13,9,1
13,10,1
13,11,1
13,12,1
13,13,1
13,14,4
13,15,4
13,16,4
13,17,2
13,18,2
13,19,2
13,20,4
13,21,4
13,22,4
13,23,4
13,24,2
13,25,2
13,26,2
13,27,2
13,28,4
13,29,4
13,30,4
14,0,1
14,1,1
14,2,1
14,3,1
14,4,2
14,5,2
14,6,2
14,7,1
14,8,1
14,9,1
14,10,1
14,11,1
14,12,1
14,13,1
14,14,4
14,15,4
14,16,4
14,17,4
14,18,2
14,19,2
14,20,4
14,21,4
14,22,4
14,23,4
14,24,2
14,25,2
14,26,2
14,27,2
14,28,4
14,29,4
14,30,4
15,0,4
15,1,4
15,2,4
15,3,4
15,4,2
15,5,2
15,6,2
15,7,1
15,8,1
15,9,1
15,10,1
15,11,1
15,12,1
15,13,1
15,14,4
15,15,4
15,16,4
15,17,4
15,18,2
15,19,2
15,20,4
15,21,4
15,22,4
15,23,4
15,24,2
15,25,2
15,26,2
15,27,4
15,28,4
15,29,4
15,30,4
16,0,4
16,1,4
16,2,4
16,3,4
16,4,4
16,5,2
16,6,2
16,7,2
16,8,1
16,9,1
16,10,1
16,11,1
16,12,1
16,13,2
16,14,2
16,15,4
16,16,4
16,17,2
16,18,2
16,19,2
16,20,4
16,21,4
16,22,4
16,23,4
16,24,4
16,25,2
16,26,2
16,27,4
16,28,4
16,29,4
16,30,4
17,0,4
17,1,4
17,2,4
17,3,4
17,4,4
17,5,2
17,6,2
17,7,2
17,8,2
17,9,2
17,10,2
17,11,2
17,12,2
17,13,2
17,14,2
17,15,2
17,16,2
17,17,2
17,18,2
17,19,2
17,20,4
17,21,4
17,22,4
17,23,4
17,24,4
17,25,2
17,26,2
17,27,4
17,28,4
17,29,4
17,30,4
18,0,2
18,1,2
18,2,4
18,3,4
18,4,3
18,5,3
18,6,2
18,7,2
18,8,2
18,9,2
18,10,2
18,11,2
18,12,2
18,13,2
18,14,2
18,15,2
18,16,2
18,17,2
18,18,2
18,19,2
18,20,2
18,21,4
18,22,4
18,23,4
18,24,2
18,25,2
18,26,2
18,27,2
18,28,4
18,29,4
18,30,4
19,0,2
19,1,2
19,2,2
19,3,3
19,4,3
19,5,3
19,6,3
19,7,3
19,8,3
19,9,2
19,10,2
19,11,4
19,12,4
19,13,4
19,14,4
19,15,4
19,16,2
19,17,2
19,18,2
19,19,2
19,20,2
19,21,3
19,22,3
19,23,3
19,24,2
19,25,2
19,26,2
19,27,2
19,28,2
19,29,2
19,30,2
20,0,2
20,1,2
20,2,2
20,3,3
20,4,3
20,5,3
20,6,3
20,7,3
20,8,3
20,9,3
20,10,4
20,11,4
20,12,4
20,13,4
20,14,4
20,15,4
20,16,4
20,17,2
20,18,2
20,19,2
20,20,3
20,21,3
20,22,3
20,23,3
20,24,3
20,25,2
20,26,2
20,27,2
20,28,2
20,29,2
20,30,2
21,0,2
21,1,2
21,2,4
21,3,4
21,4,3
21,5,3
21,6,3
21,7,3
21,8,3
21,9,3
21,10,4
21,11,4
21,12,4
21,13,4
21,14,4
21,15,4
21,16,4
21,17,3
21,18,3
21,19,3
21,20,3
21,21,3
21,22,3
21,23,3
21,24,3
21,25,3
21,26,3
21,27,2
21,28,2
21,29,4
21,30,4
22,0,4
22,1,4
22,2,4
22,3,4
22,4,4
22,5,3
22,6,3
22,7,3
22,8,3
22,9,3
22,10,4
22,11,4
22,12,4
22,13,4
22,14,4
22,15,4
22,16,3
22,17,3
22,18,3
22,19,3
22,20,3
22,21,3
22,22,3
22,23,3
22,24,3
22,25,3
22,26,3
22,27,3
22,28,4
22,29,4
22,30,4
23,0,4
23,1,4
23,2,4
23,3,4
23,4,4
23,5,3
23,6,3
23,7,3
23,8,3
23,9,3
23,10,4
23,11,4
23,12,4
23,13,4
23,14,4
23,15,4
23,16,3
23,17,3
23,18,3
23,19,3
23,20,3
23,21,3
23,22,3
23,23,3
23,24,3
23,25,3
23,26,3
23,27,3
23,28,4
23,29,4
23,30,4
24,0,4
24,1,4
24,2,4
24,3,4
24,4,4
24,5,3
24,6,3
24,7,3
24,8,3
24,9,3
24,10,4
24,11,4
24,12,4
24,13,4
24,14,4
24,15,2
24,16,2
24,17,3
24,18,3
24,19,3
24,20,3
24,21,3
24,22,3
24,23,3
24,24,3
24,25,3
24,26,3
24,27,4
24,28,4
24,29,4
24,30,4
25,0,4
25,1,4
25,2,4
25,3,4
25,4,1
25,5,1
25,6,3
25,7,3
25,8,3
25,9,1
25,10,1
25,11,4
25,12,4
25,13,4
25,14,2
25,15,2
25,16,2
25,17,2
25,18,2
25,19,3
25,20,3
25,21,4
25,22,4
25,23,3
25,24,3
25,25,2
25,26,2
25,27,4
25,28,4
25,29,4
25,30,4
26,0,4
26,1,4
26,2,4
26,3,1
26,4,1
26,5,1
26,6,1
26,7,1
26,8,1
26,9,1
26,10,1
26,11,1
26,12,1
26,13,1
26,14,2
26,15,2
26,16,2
26,17,2
26,18,2
26,19,2
26,20,4
26,21,4
26,22,4
26,23,4
26,24,2
26,25,2
26,26,2
26,27,2
26,28,4
26,29,4
26,30,4
27,0,4
27,1,4
27,2,4
27,3,1
27,4,1
27,5,1
27,6,1
27,7,1
27,8,1
27,9,1
27,10,1
27,11,1
27,12,1
27,13,1
27,14,1
27,15,2
27,16,2
27,17,2
27,18,2
27,19,2
27,20,4
27,21,4
27,22,4
27,23,4
27,24,2
27,25,2
27,26,2
27,27,2
27,28,2
27,29,2
27,30,2
28,0,4
28,1,4
28,2,4
28,3,4
28,4,1
28,5,1
28,6,2
28,7,2
28,8,1
28,9,1
28,10,4
28,11,4
28,12,1
28,13,1
28,14,1
28,15,2
28,16,2
28,17,2
28,18,2
28,19,1
28,20,1
28,21,4
28,22,4
28,23,1
28,24,1
28,25,2
28,26,2
28,27,2
28,28,2
28,29,2
28,30,2
29,0,4
29,1,4
29,2,4
29,3,4
29,4,4
29,5,2
29,6,2
29,7,2
29,8,2
29,9,4
29,10,4
29,11,4
29,12,4
29,13,1
29,14,1
29,15,1
29,16,2
29,17,2
29,18,1
29,19,1
29,20,1
29,21,1
29,22,1
29,23,1
29,24,1
29,25,1
29,26,1
29,27,1
29,28,1
29,29,1
29,30,1
30,0,4
30,1,4
30,2,4
30,3,4
30,4,4
30,5,2
30,6,2
30,7,2
30,8,2
30,9,4
30,10,4
30,11,4
30,12,4
30,13,1
30,14,1
30,15,1
30,16,2
30,17,2
30,18,1
30,19,1
30,20,1
30,21,1
30,22,1
30,23,1
30,24,1
30,25,1
30,26,1
30,27,1
30,28,1
30,29,1
30,30,1