3
3
5
2
7,22
22,7
22,22
0,2,4
1,2,1
0,1,4
0,0,4
0,1,4
0,2,4
0,3,4
0,4,4
0,5,4
0,6,4
0,7,4
0,8,1
0,9,1
0,10,1
0,11,1
0,12,2
0,13,2
0,14,2
0,15,2
0,16,1
0,17,1
0,18,4
0,19,4
0,20,4
0,21,4
0,22,1
0,23,1
0,24,4
0,25,4
0,26,4
0,27,4
0,28,4
0,29,4
0,30,4
1,0,4
1,1,4
1,2,4
1,3,4
1,4,4
1,5,4
1,6,4
1,7,4
1,8,1
1,9,1
1,10,1
1,11,1
1,12,2
1,13,2
1,14,2
1,15,2
1,16,1
1,17,1
1,18,4
1,19,4
1,20,4
1,21,4
1,22,1
1,23,1
1,24,4
1,25,4
1,26,4
1,27,4
1,28,4
1,29,4
1,30,4
2,0,3
2,1,3
2,2,3
2,3,3
2,4,4
2,5,4
2,6,4
2,7,1
2,8,1
2,9,1
2,10,1
2,11,1
2,12,1
2,13,2
2,14,2
2,15,1
2,16,1
2,17,1
2,18,4
2,19,4
2,20,4
2,21,4
2,22,1
2,23,1
2,24,1
2,25,4
2,26,4
2,27,1
2,28,1
2,29,1
2,30,1
3,0,3
3,1,3
3,2,3
3,3,3
3,4,3
3,5,3
3,6,3
3,7,1
3,8,1
3,9,1
3,10,1
3,11,1
3,12,1
3,13,1
3,14,1
3,15,1
3,16,1
3,17,1
3,18,4
3,19,4
3,20,4
3,21,4
3,22,1
3,23,1
3,24,1
3,25,1
3,26,1
3,27,1
3,28,1
3,29,1
3,30,1
4,0,4
4,1,4
4,2,3
4,3,3
4,4,3
4,5,3
4,6,3
4,7,3
4,8,1
4,9,1
4,10,1
4,11,1
4,12,1
4,13,1
4,14,1
4,15,1
4,16,1
4,17,4
4,18,4
4,19,4
4,20,4
4,21,2
4,22,2
4,23,1
4,24,1
4,25,1
4,26,1
4,27,1
4,28,1
4,29,3
4,30,3
5,0,4
5,1,4
5,2,4
5,3,4
5,4,4
5,5,3
5,6,3
5,7,3
5,8,3
5,9,3
5,10,3
5,11,1
5,12,1
5,13,1
5,14,1
5,15,1
5,16,1
5,17,4
5,18,4
5,19,4
5,20,2
5,21,2
5,22,2
5,23,2
5,24,2
5,25,1
5,26,1
5,27,3
5,28,3
5,29,3
5,30,3
6,0,4
6,1,4
6,2,4
6,3,4
6,4,4
6,5,4
6,6,3
6,7,3
6,8,3
6,9,3
6,10,3
6,11,3
6,12,3
6,13,1
6,14,1
6,15,1
6,16,1
6,17,4
6,18,4
6,19,2
6,20,2
6,21,2
6,22,2
6,23,2
6,24,2
6,25,2
6,26,3
6,27,3
6,28,3
6,29,3
6,30,3
7,0,4
7,1,4
7,2,4
7,3,4
7,4,4
7,5,4
7,6,3
7,7,3
7,8,3
7,9,3
7,10,3
7,11,3
7,12,3
7,13,3
7,14,1
7,15,1
7,16,1
7,17,4
7,18,4
7,19,2
7,20,2
7,21,2
7,22,2
7,23,2
7,24,2
7,25,2
7,26,3
7,27,3
7,28,3
7,29,3
7,30,3
8,0,4
8,1,4
8,2,4
8,3,4
8,4,4
8,5,4
8,6,3
8,7,3
8,8,3
8,9,2
8,10,2
8,11,3
8,12,3
8,13,3
8,14,1
8,15,1
8,16,4
8,17,4
8,18,4
8,19,2
8,20,2
8,21,2
8,22,2
8,23,2
8,24,2
8,25,2
8,26,2
8,27,3
8,28,3
8,29,3
8,30,3
9,0,4
9,1,4
9,2,4
9,3,4
9,4,4
9,5,3
9,6,3
9,7,3
9,8,2
9,9,2
9,10,2
9,11,2
9,12,3
9,13,3
9,14,1
9,15,1
9,16,4
9,17,4
9,18,4
9,19,4
9,20,2
9,21,2
9,22,2
9,23,2
9,24,2
9,25,2
9,26,2
9,27,2
9,28,3
9,29,3
9,30,3
10,0,4
10,1,4
10,2,4
10,3,1
10,4,1
10,5,3
10,6,3
10,7,3
10,8,2
10,9,2
10,10,2
10,11,2
10,12,3
10,13,3
10,14,1
10,15,1
10,16,4
10,17,4
10,18,4
10,19,4
10,20,2
10,21,2
10,22,2
10,23,4
10,24,4
10,25,2
10,26,2
10,27,2
10,28,2
10,29,3
10,30,3
11,0,4
11,1,4
11,2,1
11,3,1
11,4,1
11,5,1
11,6,3
11,7,3
11,8,3
11,9,2
11,10,2
11,11,3
11,12,3
11,13,3
11,14,1
11,15,1
11,16,1
11,17,4
11,18,4
11,19,2
11,20,2
11,21,2
11,22,4
11,23,4
11,24,4
11,25,4
11,26,2
11,27,2
11,28,2
11,29,1
11,30,1
12,0,4
12,1,4
12,2,1
12,3,1
12,4,1
12,5,1
12,6,3
12,7,3
12,8,3
12,9,3
12,10,3
12,11,3
12,12,3
12,13,3
12,14,1
12,15,1
12,16,1
12,17,1
12,18,2
12,19,2
12,20,2
12,21,2
12,22,4
12,23,4
12,24,4
12,25,4
12,26,2
12,27,2
12,28,1
12,29,1
12,30,1
13,0,4
13,1,4
13,2,4
13,3,1
13,4,1
13,5,4
13,6,4
13,7,3
13,8,3
13,9,3
13,10,3
13,11,3
13,12,3
13,13,4
13,14,4
13,15,1
13,16,1
13,17,1
13,18,2
13,19,2
13,20,2
13,21,2
13,22,4
13,23,4
13,24,4
13,25,2
13,26,2
13,27,2
13,28,1
13,29,1
13,30,1
14,0,4
14,1,4
14,2,4
14,3,4
14,4,4
14,5,4
14,6,4
14,7,4
14,8,4
14,9,4
14,10,4
14,11,4
14,12,4
14,13,4
14,14,4
14,15,4
14,16,1
14,17,1
14,18,2
14,19,2
14,20,2
14,21,2
14,22,4
14,23,4
14,24,4
14,25,2
14,26,2
14,27,2
14,28,2
14,29,1
14,30,1
15,0,4
15,1,4
15,2,4
15,3,4
15,4,4
15,5,4
15,6,4
15,7,4
15,8,4
15,9,4
15,10,4
15,11,4
15,12,4
15,13,4
15,14,4
15,15,4
15,16,1
15,17,1
15,18,2
15,19,2
15,20,2
15,21,2
15,22,4
15,23,4
15,24,4
15,25,2
15,26,2
15,27,2
15,28,2
15,29,1
15,30,1
16,0,4
16,1,4
16,2,4
16,3,4
16,4,4
16,5,4
16,6,4
16,7,4
16,8,4
16,9,4
16,10,1
16,11,1
16,12,1
16,13,4
16,14,4
16,15,4
16,16,1
16,17,1
16,18,2
16,19,2
16,20,2
16,21,2
16,22,2
16,23,4
16,24,4
16,25,4
16,26,2
16,27,2
16,28,1
16,29,1
16,30,1
17,0,4
17,1,4
17,2,4
17,3,4
17,4,4
17,5,4
17,6,4
17,7,4
17,8,4
17,9,1
17,10,1
17,11,1
17,12,1
17,13,1
17,14,4
17,15,4
17,16,1
17,17,1
17,18,2
17,19,2
17,20,2
17,21,2
17,22,2
17,23,4
17,24,4
17,25,4
17,26,1
17,27,1
17,28,1
17,29,1
17,30,1
18,0,4
18,1,4
18,2,4
18,3,4
18,4,4
18,5,2
18,6,2
18,7,2
18,8,2
18,9,1
18,10,1
18,11,1
18,12,1
18,13,1
18,14,4
18,15,4
18,16,1
18,17,1
18,18,1
18,19,2
18,20,2
18,21,2
18,22,4
18,23,4
18,24,4
18,25,1
18,26,1
18,27,1
18,28,1
18,29,1
18,30,1
19,0,4
19,1,4
19,2,4
19,3,4
19,4,2
19,5,2
19,6,2
19,7,2
19,8,2
19,9,2
19,10,1
19,11,1
19,12,1
19,13,1
19,14,4
19,15,4
19,16,1
19,17,1
19,18,1
19,19,4
19,20,4
19,21,4
19,22,4
19,23,4
19,24,4
19,25,1
19,26,1
19,27,1
19,28,1
19,29,4
19,30,4
20,0,4
20,1,4
20,2,3
20,3,3
20,4,2
20,5,2
20,6,2
20,7,2
20,8,2
20,9,2
20,10,2
20,11,1
20,12,1
20,13,4
20,14,4
20,15,4
20,16,1
20,17,1
20,18,4
20,19,4
20,20,4
20,21,4
20,22,4
20,23,4
20,24,4
20,25,4
20,26,1
20,27,1
20,28,4
20,29,4
20,30,4
21,0,3
21,1,3
21,2,3
21,3,3
21,4,3
21,5,2
21,6,2
21,7,2
21,8,2
21,9,2
21,10,2
21,11,3
21,12,3
21,13,4
21,14,4
21,15,4
21,16,1
21,17,1
21,18,4
21,19,4
21,20,4
21,21,4
21,22,4
21,23,4
21,24,4
21,25,4
21,26,4
21,27,4
21,28,4
21,29,4
21,30,4
22,0,3
22,1,3
22,2,3
22,3,3
22,4,3
22,5,2
22,6,2
22,7,2
22,8,2
22,9,2
22,10,3
22,11,3
22,12,3
22,13,3
22,14,4
22,15,4
22,16,1
22,17,1
22,18,4
22,19,4
22,20,4
22,21,4
22,22,4
22,23,4
22,24,4
22,25,4
22,26,4
22,27,4
22,28,4
22,29,4
22,30,4
23,0,3
23,1,3
23,2,3
23,3,3
23,4,3
23,5,2
23,6,2
23,7,2
23,8,2
23,9,2
23,10,3
23,11,3
23,12,3
23,13,3
23,14,4
23,15,4
23,16,1
23,17,1
23,18,4
23,19,4
23,20,4
23,21,4
23,22,4
23,23,4
23,24,4
23,25,4
23,26,4
23,27,3
23,28,3
23,29,4
23,30,4
24,0,3
24,1,3
24,2,3
24,3,3
24,4,3
24,5,2
24,6,2
24,7,2
24,8,2
24,9,2
24,10,3
24,11,3
24,12,3
24,13,4
24,14,4
24,15,4
24,16,1
24,17,1
24,18,1
24,19,4
24,20,4
24,21,4
24,22,4
24,23,4
24,24,4
24,25,4
24,26,3
24,27,3
24,28,3
24,29,3
24,30,3
25,0,3
25,1,3
25,2,3
25,3,3
25,4,2
25,5,2
25,6,2
25,7,2
25,8,2
25,9,3
25,10,3
25,11,3
25,12,4
25,13,4
25,14,4
25,15,4
25,16,1
25,17,1
25,18,1
25,19,1
25,20,4
25,21,4
25,22,4
25,23,1
25,24,1
25,25,1
25,26,3
25,27,3
25,28,3
25,29,3
25,30,3
26,0,2
26,1,2
26,2,2
26,3,2
26,4,2
26,5,2
26,6,2
26,7,1
26,8,1
26,9,3
26,10,3
26,11,3
26,12,4
26,13,4
26,14,4
26,15,2
26,16,2
26,17,1
26,18,1
26,19,1
26,20,1
26,21,1
26,22,1
26,23,1
26,24,1
26,25,1
26,26,1
26,27,3
26,28,3
26,29,3
26,30,3
27,0,2
27,1,2
27,2,2
27,3,2
27,4,2
27,5,2
27,6,1
27,7,1
27,8,1
27,9,1
27,10,3
27,11,3
27,12,4
27,13,4
27,14,2
27,15,2
27,16,2
27,17,2
27,18,1
27,19,1
27,20,1
27,21,1
27,22,1
27,23,1
27,24,1
27,25,1
27,26,1
27,27,3
27,28,3
27,29,3
27,30,3
28,0,4
28,1,4
28,2,4
28,3,4
28,4,4
28,5,4
28,6,1
28,7,1
28,8,1
28,9,1
28,10,3
28,11,3
28,12,4
28,13,4
28,14,2
28,15,2
28,16,2
28,17,2
28,18,3
28,19,3
28,20,1
28,21,1
28,22,4
28,23,4
28,24,1
28,25,1
28,26,2
28,27,2
28,28,3
28,29,3
28,30,3
29,0,4
29,1,4
29,2,4
29,3,4
29,4,4
29,5,4
29,6,4
29,7,1
29,8,1
29,9,3
29,10,3
29,11,3
29,12,4
29,13,4
29,14,4
29,15,2
29,16,2
29,17,3
29,18,3
29,19,3
29,20,3
29,21,4
29,22,4
29,23,4
29,24,4
29,25,2
29,26,2
29,27,2
29,28,2
29,29,3
29,30,3
30,0,4
30,1,4
30,2,4
30,3,4
30,4,4
30,5,4
30,6,4
30,7,1
30,8,1
30,9,3
30,10,3
30,11,3
30,12,4
30,13,4
30,14,4
30,15,2
30,16,2
30,17,3
30,18,3
30,19,3
30,20,3
30,21,4
30,22,4
30,23,4
30,24,4
30,25,2
30,26,2
30,27,2
30,28,2
30,29,3
30,30,3