3
3
4
2
12,22
27,7
27,22
0,2,2
1,2,2
0,1,2
0,0,4
0,1,4
0,2,4
0,3,4
0,4,4
0,5,4
0,6,4
0,7,4
0,8,4
0,9,4
0,10,4
0,11,4
0,12,4
0,13,4
0,14,4
0,15,4
0,16,2
0,17,2
0,18,2
0,19,4
0,20,4
0,21,1
0,22,1
0,23,1
0,24,1
0,25,1
0,26,3
0,27,3
0,28,4
0,29,4
0,30,4
1,0,4
1,1,4
1,2,4
1,3,4
1,4,4
1,5,4
1,6,4
1,7,4
1,8,4
1,9,4
1,10,4
1,11,4
1,12,4
1,13,4
1,14,4
1,15,4
1,16,2
1,17,2
1,18,2
1,19,4
1,20,4
1,21,1
1,22,1
1,23,1
1,24,1
1,25,1
1,26,3
1,27,3
1,28,4
1,29,4
1,30,4
2,0,4
2,1,4
2,2,4
2,3,4
2,4,4
2,5,1
2,6,1
2,7,4
2,8,4
2,9,4
2,10,4
2,11,3
2,12,3
2,13,4
2,14,4
2,15,2
2,16,2
2,17,2
2,18,2
2,19,4
2,20,4
2,21,4
2,22,1
2,23,1
2,24,1
2,25,3
2,26,3
2,27,3
2,28,4
2,29,4
2,30,4
3,0,1
3,1,1
3,2,4
3,3,4
3,4,1
3,5,1
3,6,1
3,7,1
3,8,4
3,9,4
3,10,3
3,11,3
3,12,3
3,13,3
3,14,2
3,15,2
3,16,2
3,17,2
3,18,4
3,19,4
3,20,4
3,21,4
3,22,2
3,23,2
3,24,2
3,25,3
3,26,3
3,27,3
3,28,4
3,29,4
3,30,4
4,0,1
4,1,1
4,2,1
4,3,1
4,4,1
4,5,1
4,6,1
4,7,1
4,8,1
4,9,1
4,10,3
4,11,3
4,12,3
4,13,3
4,14,2
4,15,2
4,16,2
4,17,2
4,18,4
4,19,4
4,20,4
4,21,2
4,22,2
4,23,2
4,24,2
4,25,2
4,26,3
4,27,3
4,28,4
4,29,4
4,30,4
5,0,1
5,1,1
5,2,1
5,3,1
5,4,1
5,5,1
5,6,1
5,7,1
5,8,1
5,9,1
5,10,1
5,11,3
5,12,3
5,13,3
5,14,2
5,15,2
5,16,2
5,17,2
5,18,2
5,19,4
5,20,4
5,21,2
5,22,2
5,23,2
5,24,2
5,25,2
5,26,3
5,27,3
5,28,4
5,29,4
5,30,4
6,0,1
6,1,1
6,2,3
6,3,3
6,4,1
6,5,1
6,6,1
6,7,1
6,8,1
6,9,1
6,10,1
6,11,3
6,12,3
6,13,3
6,14,3
6,15,2
6,16,2
6,17,2
6,18,2
6,19,4
6,20,4
6,21,4
6,22,2
6,23,2
6,24,2
6,25,3
6,26,3
6,27,3
6,28,4
6,29,4
6,30,4
7,0,3
7,1,3
7,2,3
7,3,3
7,4,3
7,5,1
7,6,1
7,7,1
7,8,1
7,9,1
7,10,1
7,11,3
7,12,3
7,13,3
7,14,3
7,15,3
7,16,2
7,17,2
7,18,4
7,19,4
7,20,4
7,21,4
7,22,4
7,23,4
7,24,4
7,25,3
7,26,3
7,27,3
7,28,4
7,29,4
7,30,4
8,0,3
8,1,3
8,2,3
8,3,3
8,4,3
8,5,1
8,6,1
8,7,1
8,8,1
8,9,1
8,10,1
8,11,3
8,12,3
8,13,3
8,14,3
8,15,3
8,16,4
8,17,4
8,18,4
8,19,4
8,20,4
8,21,4
8,22,4
8,23,4
8,24,4
8,25,4
8,26,3
8,27,3
8,28,3
8,29,4
8,30,4
9,0,3
9,1,3
9,2,3
9,3,3
9,4,3
9,5,3
9,6,1
9,7,1
9,8,1
9,9,1
9,10,4
9,11,4
9,12,3
9,13,3
9,14,3
9,15,4
9,16,4
9,17,4
9,18,4
9,19,4
9,20,4
9,21,4
9,22,4
9,23,4
9,24,4
9,25,4
9,26,3
9,27,3
9,28,3
9,29,3
9,30,3
10,0,3
10,1,3
10,2,3
10,3,3
10,4,3
10,5,3
10,6,4
10,7,4
10,8,4
10,9,4
10,10,4
10,11,4
10,12,4
10,13,4
10,14,4
10,15,4
10,16,4
10,17,4
10,18,4
10,19,4
10,20,4
10,21,4
10,22,4
10,23,4
10,24,4
10,25,4
10,26,4
10,27,3
10,28,3
10,29,3
10,30,3
11,0,3
11,1,3
11,2,3
11,3,3
11,4,3
11,5,4
11,6,4
11,7,4
11,8,4
11,9,4
11,10,4
11,11,4
11,12,4
11,13,4
11,14,4
11,15,4
11,16,4
11,17,4
11,18,4
11,19,4
11,20,4
11,21,4
11,22,4
11,23,4
11,24,4
11,25,4
11,26,4
11,27,3
11,28,3
11,29,3
11,30,3
12,0,4
12,1,4
12,2,4
12,3,4
12,4,4
12,5,4
12,6,4
12,7,4
12,8,4
12,9,4
12,10,4
12,11,2
12,12,2
12,13,4
12,14,4
12,15,4
12,16,4
12,17,4
12,18,4
12,19,4
12,20,4
12,21,4
12,22,4
12,23,4
12,24,4
12,25,4
12,26,1
12,27,1
12,28,3
12,29,3
12,30,3
13,0,4
13,1,4
13,2,4
13,3,4
13,4,4
13,5,4
13,6,4
13,7,4
13,8,4
13,9,4
13,10,2
13,11,2
13,12,2
13,13,2
13,14,4
13,15,4
13,16,4
13,17,4
13,18,4
13,19,4
13,20,4
13,21,4
13,22,4
13,23,4
13,24,4
13,25,1
13,26,1
13,27,1
13,28,1
13,29,3
13,30,3
14,0,4
14,1,4
14,2,1
14,3,1
14,4,4
14,5,4
14,6,4
14,7,4
14,8,4
14,9,4
14,10,2
14,11,2
14,12,2
14,13,2
14,14,2
14,15,2
14,16,2
14,17,2
14,18,4
14,19,4
14,20,4
14,21,4
14,22,4
14,23,4
14,24,4
14,25,1
14,26,1
14,27,1
14,28,1
14,29,1
14,30,1
15,0,1
15,1,1
15,2,1
15,3,1
15,4,1
15,5,4
15,6,4
15,7,4
15,8,4
15,9,4
15,10,2
15,11,2
15,12,2
15,13,2
15,14,2
15,15,2
15,16,2
15,17,2
15,18,2
15,19,4
15,20,4
15,21,4
15,22,4
15,23,4
15,24,4
15,25,1
15,26,1
15,27,1
15,28,1
15,29,1
15,30,1
16,0,1
16,1,1
16,2,1
16,3,1
16,4,1
16,5,4
16,6,4
16,7,4
16,8,4
16,9,3
16,10,3
16,11,2
16,12,2
16,13,2
16,14,2
16,15,2
16,16,2
16,17,2
16,18,2
16,19,3
16,20,3
16,21,4
16,22,4
16,23,4
16,24,4
16,25,4
16,26,1
16,27,1
16,28,1
16,29,1
16,30,1
17,0,1
17,1,1
17,2,1
17,3,1
17,4,2
17,5,2
17,6,4
17,7,4
17,8,3
17,9,3
17,10,3
17,11,3
17,12,3
17,13,2
17,14,2
17,15,2
17,16,2
17,17,2
17,18,3
17,19,3
17,20,3
17,21,3
17,22,4
17,23,4
17,24,4
17,25,4
17,26,1
17,27,1
17,28,1
17,29,1
17,30,1
18,0,1
18,1,1
18,2,1
18,3,2
18,4,2
18,5,2
18,6,2
18,7,2
18,8,3
18,9,3
18,10,3
18,11,3
18,12,3
18,13,3
18,14,3
18,15,3
18,16,3
18,17,3
18,18,3
18,19,3
18,20,3
18,21,3
18,22,4
18,23,4
18,24,4
18,25,4
18,26,1
18,27,1
18,28,1
18,29,1
18,30,1
19,0,1
19,1,1
19,2,2
19,3,2
19,4,2
19,5,2
19,6,2
19,7,2
19,8,2
19,9,3
19,10,3
19,11,3
19,12,3
19,13,3
19,14,3
19,15,3
19,16,3
19,17,3
19,18,3
19,19,3
19,20,3
19,21,4
19,22,4
19,23,4
19,24,4
19,25,4
19,26,4
19,27,1
19,28,1
19,29,4
19,30,4
20,0,2
20,1,2
20,2,2
20,3,2
20,4,2
20,5,2
20,6,2
20,7,2
20,8,2
20,9,1
20,10,1
20,11,1
20,12,1
20,13,3
20,14,3
20,15,4
20,16,4
20,17,4
20,18,4
20,19,4
20,20,4
20,21,4
20,22,4
20,23,4
20,24,4
20,25,4
20,26,4
20,27,4
20,28,4
20,29,4
20,30,4
21,0,2
21,1,2
21,2,2
21,3,2
21,4,3
21,5,3
21,6,2
21,7,2
21,8,1
21,9,1
21,10,1
21,11,1
21,12,1
21,13,1
21,14,4
21,15,4
21,16,4
21,17,4
21,18,4
21,19,4
21,20,4
21,21,4
21,22,4
21,23,4
21,24,4
21,25,4
21,26,4
21,27,4
21,28,4
21,29,4
21,30,4
22,0,2
22,1,2
22,2,2
22,3,3
22,4,3
22,5,3
22,6,3
22,7,1
22,8,1
22,9,1
22,10,1
22,11,1
22,12,1
22,13,1
22,14,4
22,15,4
22,16,4
22,17,4
22,18,4
22,19,2
22,20,2
22,21,2
22,22,2
22,23,2
22,24,2
22,25,2
22,26,2
22,27,2
22,28,4
22,29,4
22,30,4
23,0,1
23,1,1
23,2,1
23,3,3
23,4,3
23,5,3
23,6,3
23,7,1
23,8,1
23,9,1
23,10,1
23,11,1
23,12,1
23,13,2
23,14,2
23,15,4
23,16,4
23,17,2
23,18,2
23,19,2
23,20,2
23,21,2
23,22,2
23,23,2
23,24,2
23,25,2
23,26,2
23,27,2
23,28,2
23,29,4
23,30,4
24,0,1
24,1,1
24,2,1
24,3,1
24,4,3
24,5,3
24,6,4
24,7,4
24,8,1
24,9,1
24,10,1
24,11,1
24,12,2
24,13,2
24,14,2
24,15,2
24,16,2
24,17,2
24,18,2
24,19,2
24,20,2
24,21,2
24,22,2
24,23,4
24,24,4
24,25,2
24,26,2
24,27,2
24,28,2
24,29,1
24,30,1
25,0,1
25,1,1
25,2,1
25,3,1
25,4,4
25,5,4
25,6,4
25,7,4
25,8,4
25,9,4
25,10,4
25,11,4
25,12,2
25,13,2
25,14,2
25,15,2
25,16,2
25,17,2
25,18,2
25,19,4
25,20,4
25,21,4
25,22,4
25,23,4
25,24,4
25,25,4
25,26,2
25,27,2
25,28,1
25,29,1
25,30,1
26,0,1
26,1,1
26,2,1
26,3,4
26,4,4
26,5,4
26,6,4
26,7,4
26,8,4
26,9,4
26,10,4
26,11,4
26,12,4
26,13,2
26,14,2
26,15,2
26,16,2
26,17,4
26,18,4
26,19,4
26,20,4
26,21,4
26,22,4
26,23,4
26,24,4
26,25,4
26,26,2
26,27,2
26,28,1
26,29,1
26,30,1
27,0,4
27,1,4
27,2,4
27,3,4
27,4,4
27,5,4
27,6,4
27,7,4
27,8,4
27,9,4
27,10,4
27,11,4
27,12,4
27,13,4
27,14,2
27,15,2
27,16,4
27,17,4
27,18,4
27,19,4
27,20,4
27,21,4
27,22,4
27,23,4
27,24,4
27,25,4
27,26,2
27,27,2
27,28,2
27,29,1
27,30,1
28,0,4
28,1,4
28,2,4
28,3,4
28,4,4
28,5,4
28,6,4
28,7,4
28,8,4
28,9,4
28,10,4
28,11,4
28,12,4
28,13,4
28,14,3
28,15,3
28,16,4
28,17,4
28,18,4
28,19,4
28,20,4
28,21,4
28,22,4
28,23,4
28,24,4
28,25,4
28,26,2
28,27,2
28,28,2
28,29,3
28,30,3
29,0,4
29,1,4
29,2,4
29,3,4
29,4,4
29,5,4
29,6,4
29,7,4
29,8,4
29,9,4
29,10,4
29,11,4
29,12,4
29,13,3
29,14,3
29,15,3
29,16,3
29,17,4
29,18,4
29,19,4
29,20,4
29,21,4
29,22,4
29,23,4
29,24,4
29,25,4
29,26,2
29,27,2
29,28,3
29,29,3
29,30,3
30,0,4
30,1,4
30,2,4
30,3,4
30,4,4
30,5,4
30,6,4
30,7,4
30,8,4
30,9,4
30,10,4
30,11,4
30,12,4
30,13,3
30,14,3
30,15,3
30,16,3
30,17,4
30,18,4
30,19,4
30,20,4
30,21,4
30,22,4
30,23,4
30,24,4
30,25,4
30,26,2
30,27,2
30,28,3
30,29,3
30,30,3