3
3
4
1
12,27
27,12
27,27
0,1,1
1,2,3
0,2,4
0,0,1
0,1,1
0,2,2
0,3,2
0,4,2
0,5,2
0,6,3
0,7,3
0,8,3
0,9,3
0,10,3
0,11,1
0,12,1
0,13,1
0,14,1
0,15,3
0,16,3
0,17,3
0,18,4
0,19,4
0,20,4
0,21,4
0,22,2
0,23,2
0,24,2
0,25,2
0,26,3
0,27,3
0,28,4
0,29,4
0,30,4
1,0,1
1,1,1
1,2,2
1,3,2
1,4,2
1,5,2
1,6,3
1,7,3
1,8,3
1,9,3
1,10,3
1,11,1
1,12,1
1,13,1
1,14,1
1,15,3
1,16,3
1,17,3
1,18,4
1,19,4
1,20,4
1,21,4
1,22,2
1,23,2
1,24,2
1,25,2
1,26,3
1,27,3
1,28,4
1,29,4
1,30,4
2,0,1
2,1,1
2,2,1
2,3,2
2,4,2
2,5,2
2,6,3
2,7,3
2,8,3
2,9,3
2,10,1
2,11,1
2,12,1
2,13,1
2,14,3
2,15,3
2,16,3
2,17,3
2,18,4
2,19,4
2,20,4
2,21,4
2,22,2
2,23,2
2,24,2
2,25,3
2,26,3
2,27,3
2,28,3
2,29,4
2,30,4
3,0,1
3,1,1
3,2,1
3,3,2
3,4,2
3,5,2
3,6,3
3,7,3
3,8,3
3,9,3
3,10,1
3,11,1
3,12,1
3,13,3
3,14,3
3,15,3
3,16,3
3,17,3
3,18,3
3,19,4
3,20,4
3,21,2
3,22,2
3,23,2
3,24,2
3,25,3
3,26,3
3,27,3
3,28,3
3,29,3
3,30,3
4,0,1
4,1,1
4,2,2
4,3,2
4,4,2
4,5,2
4,6,2
4,7,3
4,8,3
4,9,1
4,10,1
4,11,1
4,12,1
4,13,3
4,14,3
4,15,3
4,16,3
4,17,3
4,18,3
4,19,4
4,20,4
4,21,2
4,22,2
4,23,2
4,24,2
4,25,2
4,26,3
4,27,3
4,28,3
4,29,3
4,30,3
5,0,4
5,1,4
5,2,2
5,3,2
5,4,2
5,5,2
5,6,2
5,7,4
5,8,4
5,9,1
5,10,1
5,11,1
5,12,1
5,13,3
5,14,3
5,15,3
5,16,3
5,17,3
5,18,4
5,19,4
5,20,4
5,21,4
5,22,2
5,23,2
5,24,2
5,25,2
5,26,2
5,27,3
5,28,3
5,29,2
5,30,2
6,0,4
6,1,4
6,2,4
6,3,2
6,4,2
6,5,2
6,6,4
6,7,4
6,8,4
6,9,4
6,10,1
6,11,1
6,12,4
6,13,4
6,14,3
6,15,3
6,16,3
6,17,3
6,18,4
6,19,4
6,20,4
6,21,4
6,22,4
6,23,2
6,24,2
6,25,2
6,26,2
6,27,2
6,28,2
6,29,2
6,30,2
7,0,4
7,1,4
7,2,4
7,3,1
7,4,1
7,5,1
7,6,4
7,7,4
7,8,4
7,9,4
7,10,4
7,11,4
7,12,4
7,13,4
7,14,4
7,15,3
7,16,3
7,17,4
7,18,4
7,19,4
7,20,4
7,21,4
7,22,4
7,23,1
7,24,1
7,25,2
7,26,2
7,27,2
7,28,2
7,29,2
7,30,2
8,0,4
8,1,4
8,2,1
8,3,1
8,4,1
8,5,1
8,6,1
8,7,4
8,8,4
8,9,4
8,10,4
8,11,4
8,12,4
8,13,4
8,14,4
8,15,4
8,16,4
8,17,4
8,18,4
8,19,4
8,20,4
8,21,4
8,22,1
8,23,1
8,24,1
8,25,1
8,26,2
8,27,2
8,28,4
8,29,4
8,30,4
9,0,4
9,1,4
9,2,1
9,3,1
9,4,1
9,5,1
9,6,1
9,7,1
9,8,4
9,9,4
9,10,2
9,11,2
9,12,4
9,13,4
9,14,4
9,15,4
9,16,4
9,17,4
9,18,4
9,19,2
9,20,2
9,21,2
9,22,1
9,23,1
9,24,1
9,25,1
9,26,4
9,27,4
9,28,4
9,29,4
9,30,4
10,0,4
10,1,4
10,2,4
10,3,1
10,4,1
10,5,1
10,6,1
10,7,1
10,8,1
10,9,2
10,10,2
10,11,2
10,12,2
10,13,4
10,14,4
10,15,4
10,16,4
10,17,4
10,18,2
10,19,2
10,20,2
10,21,2
10,22,2
10,23,1
10,24,1
10,25,4
10,26,4
10,27,4
10,28,4
10,29,4
10,30,4
11,0,4
11,1,4
11,2,4
11,3,4
11,4,4
11,5,1
11,6,1
11,7,1
11,8,1
11,9,2
11,10,2
11,11,2
11,12,2
11,13,1
11,14,1
11,15,4
11,16,4
11,17,2
11,18,2
11,19,2
11,20,2
11,21,2
11,22,2
11,23,1
11,24,1
11,25,4
11,26,4
11,27,4
11,28,4
11,29,4
11,30,4
12,0,4
12,1,4
12,2,4
12,3,4
12,4,4
12,5,4
12,6,1
12,7,1
12,8,4
12,9,4
12,10,2
12,11,2
12,12,1
12,13,1
12,14,1
12,15,1
12,16,1
12,17,2
12,18,2
12,19,2
12,20,2
12,21,2
12,22,1
12,23,1
12,24,1
12,25,4
12,26,4
12,27,4
12,28,4
12,29,4
12,30,4
13,0,4
13,1,4
13,2,4
13,3,4
13,4,4
13,5,4
13,6,4
13,7,4
13,8,4
13,9,4
13,10,4
13,11,1
13,12,1
13,13,1
13,14,1
13,15,1
13,16,1
13,17,1
13,18,2
13,19,2
13,20,3
13,21,3
13,22,1
13,23,1
13,24,1
13,25,4
13,26,4
13,27,4
13,28,4
13,29,4
13,30,4
14,0,4
14,1,4
14,2,4
14,3,4
14,4,4
14,5,4
14,6,4
14,7,4
14,8,4
14,9,4
14,10,4
14,11,1
14,12,1
14,13,1
14,14,1
14,15,1
14,16,1
14,17,1
14,18,3
14,19,3
14,20,3
14,21,3
14,22,3
14,23,1
14,24,1
14,25,4
14,26,4
14,27,4
14,28,4
14,29,4
14,30,4
15,0,1
15,1,1
15,2,1
15,3,1
15,4,1
15,5,1
15,6,4
15,7,4
15,8,4
15,9,4
15,10,1
15,11,1
15,12,1
15,13,1
15,14,1
15,15,1
15,16,1
15,17,3
15,18,3
15,19,3
15,20,3
15,21,3
15,22,3
15,23,1
15,24,1
15,25,4
15,26,4
15,27,4
15,28,4
15,29,4
15,30,4
16,0,1
16,1,1
16,2,1
16,3,1
16,4,1
16,5,1
16,6,1
16,7,1
16,8,1
16,9,1
16,10,1
16,11,1
16,12,1
16,13,1
16,14,1
16,15,1
16,16,1
16,17,3
16,18,3
16,19,3
16,20,3
16,21,3
16,22,1
16,23,1
16,24,1
16,25,4
16,26,4
16,27,4
16,28,4
16,29,1
16,30,1
17,0,4
17,1,4
17,2,4
17,3,4
17,4,1
17,5,1
17,6,1
17,7,1
17,8,1
17,9,1
17,10,1
17,11,1
17,12,4
17,13,4
17,14,1
17,15,1
17,16,1
17,17,1
17,18,3
17,19,3
17,20,1
17,21,1
17,22,1
17,23,1
17,24,1
17,25,1
17,26,4
17,27,4
17,28,1
17,29,1
17,30,1
18,0,4
18,1,4
18,2,4
18,3,4
18,4,4
18,5,4
18,6,4
18,7,4
18,8,4
18,9,4
18,10,4
18,11,4
18,12,4
18,13,4
18,14,4
18,15,1
18,16,1
18,17,1
18,18,1
18,19,1
18,20,1
18,21,1
18,22,1
18,23,1
18,24,1
18,25,1
18,26,1
18,27,1
18,28,1
18,29,1
18,30,1
19,0,3
19,1,3
19,2,4
19,3,4
19,4,4
19,5,4
19,6,4
19,7,4
19,8,4
19,9,4
19,10,4
19,11,4
19,12,4
19,13,4
19,14,4
19,15,4
19,16,1
19,17,1
19,18,1
19,19,1
19,20,1
19,21,1
19,22,1
19,23,1
19,24,1
19,25,1
19,26,1
19,27,1
19,28,1
19,29,1
19,30,1
20,0,3
20,1,3
20,2,3
20,3,4
20,4,4
20,5,4
20,6,4
20,7,2
20,8,2
20,9,4
20,10,4
20,11,4
20,12,4
20,13,4
20,14,4
20,15,4
20,16,4
20,17,4
20,18,4
20,19,4
20,20,4
20,21,4
20,22,4
20,23,1
20,24,1
20,25,2
20,26,2
20,27,1
20,28,1
20,29,1
20,30,1
21,0,3
21,1,3
21,2,3
21,3,3
21,4,4
21,5,4
21,6,2
21,7,2
21,8,2
21,9,2
21,10,2
21,11,2
21,12,2
21,13,2
21,14,4
21,15,4
21,16,4
21,17,4
21,18,4
21,19,4
21,20,4
21,21,4
21,22,4
21,23,4
21,24,2
21,25,2
21,26,2
21,27,2
21,28,2
21,29,2
21,30,2
22,0,3
22,1,3
22,2,3
22,3,3
22,4,3
22,5,3
22,6,2
22,7,2
22,8,2
22,9,2
22,10,2
22,11,2
22,12,2
22,13,2
22,14,2
22,15,2
22,16,2
22,17,2
22,18,2
22,19,4
22,20,4
22,21,4
22,22,4
22,23,4
22,24,2
22,25,2
22,26,2
22,27,2
22,28,2
22,29,2
22,30,2
23,0,3
23,1,3
23,2,3
23,3,3
23,4,3
23,5,3
23,6,3
23,7,2
23,8,2
23,9,2
23,10,2
23,11,2
23,12,2
23,13,2
23,14,2
23,15,2
23,16,2
23,17,2
23,18,2
23,19,2
23,20,4
23,21,4
23,22,4
23,23,4
23,24,2
23,25,2
23,26,2
23,27,2
23,28,2
23,29,2
23,30,2
24,0,3
24,1,3
24,2,3
24,3,3
24,4,3
24,5,3
24,6,3
24,7,3
24,8,2
24,9,2
24,10,4
24,11,4
24,12,2
24,13,2
24,14,4
24,15,4
24,16,2
24,17,2
24,18,2
24,19,2
24,20,2
24,21,4
24,22,4
24,23,1
24,24,1
24,25,2
24,26,2
24,27,2
24,28,2
24,29,1
24,30,1
25,0,3
25,1,3
25,2,3
25,3,3
25,4,3
25,5,3
25,6,3
25,7,3
25,8,3
25,9,4
25,10,4
25,11,4
25,12,4
25,13,4
25,14,4
25,15,4
25,16,4
25,17,2
25,18,2
25,19,2
25,20,2
25,21,1
25,22,1
25,23,1
25,24,1
25,25,1
25,26,1
25,27,1
25,28,1
25,29,1
25,30,1
26,0,3
26,1,3
26,2,3
26,3,3
26,4,3
26,5,3
26,6,3
26,7,3
26,8,3
26,9,4
26,10,4
26,11,4
26,12,4
26,13,4
26,14,4
26,15,4
26,16,4
26,17,4
26,18,2
26,19,2
26,20,1
26,21,1
26,22,1
26,23,1
26,24,1
26,25,1
26,26,1
26,27,1
26,28,1
26,29,1
26,30,1
27,0,3
27,1,3
27,2,3
27,3,3
27,4,3
27,5,3
27,6,3
27,7,3
27,8,4
27,9,4
27,10,4
27,11,4
27,12,4
27,13,4
27,14,4
27,15,4
27,16,4
27,17,4
27,18,4
27,19,4
27,20,1
27,21,1
27,22,1
27,23,1
27,24,1
27,25,1
27,26,1
27,27,1
27,28,1
27,29,1
27,30,1
28,0,4
28,1,4
28,2,3
28,3,3
28,4,3
28,5,3
28,6,4
28,7,4
28,8,4
28,9,4
28,10,4
28,11,4
28,12,4
28,13,4
28,14,4
28,15,4
28,16,4
28,17,4
28,18,4
28,19,4
28,20,4
28,21,1
28,22,1
28,23,1
28,24,1
28,25,1
28,26,1
28,27,1
28,28,1
28,29,1
28,30,1
29,0,4
29,1,4
29,2,4
29,3,3
29,4,3
29,5,4
29,6,4
29,7,4
29,8,4
29,9,4
29,10,4
29,11,4
29,12,4
29,13,4
29,14,4
29,15,4
29,16,4
29,17,4
29,18,4
29,19,4
29,20,4
29,21,4
29,22,1
29,23,1
29,24,1
29,25,1
29,26,1
29,27,1
29,28,1
29,29,1
29,30,1
30,0,4
30,1,4
30,2,4
30,3,3
30,4,3
30,5,4
30,6,4
30,7,4
30,8,4
30,9,4
30,10,4
30,11,4
30,12,4
30,13,4
30,14,4
30,15,4
30,16,4
30,17,4
30,18,4
30,19,4
30,20,4
30,21,4
30,22,1
30,23,1
30,24,1
30,25,1
30,26,1
30,27,1
30,28,1
30,29,1
30,30,1