3
3
5
2
7,7
7,22
22,22
0,2,3
1,2,2
0,1,3
0,0,3
0,1,3
0,2,3
0,3,3
0,4,3
0,5,4
0,6,4
0,7,4
0,8,4
0,9,4
0,10,4
0,11,2
0,12,2
0,13,2
0,14,3
0,15,3
0,16,4
0,17,4
0,18,4
0,19,4
0,20,4
0,21,4
0,22,4
0,23,4
0,24,4
0,25,4
0,26,4
0,27,1
0,28,1
0,29,4
0,30,4
1,0,3
1,1,3
1,2,3
1,3,3
1,4,3
1,5,4
1,6,4
1,7,4
1,8,4
1,9,4
1,10,4
1,11,2
1,12,2
1,13,2
1,14,3
1,15,3
1,16,4
1,17,4
1,18,4
1,19,4
1,20,4
1,21,4
1,22,4
1,23,4
1,24,4
1,25,4
1,26,4
1,27,1
1,28,1
1,29,4
1,30,4
2,0,3
2,1,3
2,2,3
2,3,3
2,4,3
2,5,3
2,6,4
2,7,4
2,8,4
2,9,4
2,10,2
2,11,2
2,12,2
2,13,3
2,14,3
2,15,3
2,16,3
2,17,4
2,18,4
2,19,4
2,20,4
2,21,4
2,22,4
2,23,4
2,24,4
2,25,4
2,26,1
2,27,1
2,28,1
2,29,4
2,30,4
3,0,3
3,1,3
3,2,3
3,3,3
3,4,3
3,5,3
3,6,4
3,7,4
3,8,4
3,9,2
3,10,2
3,11,2
3,12,2
3,13,3
3,14,3
3,15,3
3,16,3
3,17,4
3,18,4
3,19,4
3,20,4
3,21,4
3,22,4
3,23,4
3,24,4
3,25,4
3,26,1
3,27,1
3,28,1
3,29,4
3,30,4
4,0,4
4,1,4
4,2,3
4,3,3
4,4,3
4,5,3
4,6,4
4,7,4
4,8,4
4,9,2
4,10,2
4,11,2
4,12,2
4,13,3
4,14,3
4,15,3
4,16,4
4,17,4
4,18,4
4,19,4
4,20,4
4,21,4
4,22,4
4,23,4
4,24,4
4,25,4
4,26,1
4,27,1
4,28,4
4,29,4
4,30,4
5,0,4
5,1,4
5,2,4
5,3,3
5,4,3
5,5,4
5,6,4
5,7,4
5,8,4
5,9,4
5,10,2
5,11,2
5,12,3
5,13,3
5,14,3
5,15,4
5,16,4
5,17,4
5,18,4
5,19,4
5,20,4
5,21,4
5,22,4
5,23,4
5,24,4
5,25,4
5,26,1
5,27,1
5,28,4
5,29,4
5,30,4
6,0,4
6,1,4
6,2,4
6,3,4
6,4,4
6,5,4
6,6,4
6,7,4
6,8,4
6,9,4
6,10,4
6,11,3
6,12,3
6,13,3
6,14,3
6,15,4
6,16,4
6,17,4
6,18,4
6,19,4
6,20,4
6,21,4
6,22,4
6,23,4
6,24,4
6,25,4
6,26,1
6,27,1
6,28,1
6,29,4
6,30,4
7,0,4
7,1,4
7,2,4
7,3,4
7,4,4
7,5,4
7,6,4
7,7,4
7,8,4
7,9,4
7,10,4
7,11,3
7,12,3
7,13,3
7,14,4
7,15,4
7,16,4
7,17,4
7,18,4
7,19,4
7,20,4
7,21,4
7,22,4
7,23,4
7,24,4
7,25,4
7,26,1
7,27,1
7,28,1
7,29,1
7,30,1
8,0,4
8,1,4
8,2,4
8,3,4
8,4,4
8,5,4
8,6,4
8,7,4
8,8,4
8,9,4
8,10,3
8,11,3
8,12,3
8,13,3
8,14,4
8,15,4
8,16,4
8,17,4
8,18,4
8,19,4
8,20,4
8,21,4
8,22,4
8,23,4
8,24,4
8,25,4
8,26,4
8,27,1
8,28,1
8,29,1
8,30,1
9,0,4
9,1,4
9,2,4
9,3,1
9,4,1
9,5,4
9,6,4
9,7,4
9,8,4
9,9,4
9,10,3
9,11,3
9,12,3
9,13,1
9,14,1
9,15,4
9,16,4
9,17,3
9,18,3
9,19,3
9,20,4
9,21,4
9,22,4
9,23,4
9,24,4
9,25,4
9,26,4
9,27,1
9,28,1
9,29,1
9,30,1
10,0,4
10,1,4
10,2,1
10,3,1
10,4,1
10,5,1
10,6,4
10,7,4
10,8,4
10,9,3
10,10,3
10,11,3
10,12,1
10,13,1
10,14,1
10,15,1
10,16,3
10,17,3
10,18,3
10,19,3
10,20,3
10,21,3
10,22,3
10,23,3
10,24,4
10,25,4
10,26,2
10,27,2
10,28,1
10,29,1
10,30,1
11,0,3
11,1,3
11,2,1
11,3,1
11,4,1
11,5,1
11,6,3
11,7,3
11,8,3
11,9,3
11,10,3
11,11,3
11,12,1
11,13,1
11,14,1
11,15,1
11,16,3
11,17,3
11,18,3
11,19,3
11,20,3
11,21,3
11,22,3
11,23,3
11,24,3
11,25,2
11,26,2
11,27,2
11,28,2
11,29,2
11,30,2
12,0,3
12,1,3
12,2,3
12,3,1
12,4,1
12,5,3
12,6,3
12,7,3
12,8,3
12,9,3
12,10,3
12,11,4
12,12,4
12,13,1
12,14,1
12,15,1
12,16,1
12,17,3
12,18,3
12,19,4
12,20,4
12,21,4
12,22,3
12,23,3
12,24,3
12,25,2
12,26,2
12,27,2
12,28,2
12,29,2
12,30,2
13,0,3
13,1,3
13,2,3
13,3,1
13,4,1
13,5,3
13,6,3
13,7,3
13,8,3
13,9,4
13,10,4
13,11,4
13,12,4
13,13,4
13,14,1
13,15,1
13,16,1
13,17,4
13,18,4
13,19,4
13,20,4
13,21,4
13,22,4
13,23,3
13,24,3
13,25,3
13,26,2
13,27,2
13,28,2
13,29,3
13,30,3
14,0,3
14,1,3
14,2,1
14,3,1
14,4,1
14,5,1
14,6,3
14,7,3
14,8,4
14,9,4
14,10,4
14,11,4
14,12,4
14,13,4
14,14,1
14,15,1
14,16,4
14,17,4
14,18,4
14,19,4
14,20,4
14,21,4
14,22,4
14,23,3
14,24,3
14,25,3
14,26,3
14,27,3
14,28,3
14,29,3
14,30,3
15,0,3
15,1,3
15,2,1
15,3,1
15,4,1
15,5,1
15,6,1
15,7,4
15,8,4
15,9,4
15,10,4
15,11,4
15,12,4
15,13,1
15,14,1
15,15,1
15,16,4
15,17,4
15,18,4
15,19,4
15,20,4
15,21,4
15,22,4
15,23,4
15,24,3
15,25,3
15,26,3
15,27,3
15,28,3
15,29,3
15,30,3
16,0,3
16,1,3
16,2,3
16,3,1
16,4,1
16,5,1
16,6,1
16,7,4
16,8,4
16,9,4
16,10,4
16,11,4
16,12,1
16,13,1
16,14,1
16,15,1
16,16,1
16,17,4
16,18,4
16,19,4
16,20,4
16,21,4
16,22,4
16,23,4
16,24,2
16,25,2
16,26,2
16,27,3
16,28,3
16,29,1
16,30,1
17,0,3
17,1,3
17,2,3
17,3,3
17,4,1
17,5,1
17,6,1
17,7,4
17,8,4
17,9,4
17,10,4
17,11,1
17,12,1
17,13,1
17,14,1
17,15,1
17,16,1
17,17,4
17,18,4
17,19,4
17,20,4
17,21,4
17,22,4
17,23,2
17,24,2
17,25,2
17,26,2
17,27,2
17,28,1
17,29,1
17,30,1
18,0,3
18,1,3
18,2,3
18,3,3
18,4,3
18,5,1
18,6,1
18,7,1
18,8,4
18,9,4
18,10,4
18,11,1
18,12,1
18,13,1
18,14,1
18,15,1
18,16,4
18,17,4
18,18,4
18,19,4
18,20,4
18,21,4
18,22,4
18,23,2
18,24,2
18,25,2
18,26,2
18,27,2
18,28,1
18,29,1
18,30,1
19,0,3
19,1,3
19,2,3
19,3,3
19,4,3
19,5,1
19,6,1
19,7,1
19,8,1
19,9,4
19,10,4
19,11,4
19,12,1
19,13,1
19,14,1
19,15,4
19,16,4
19,17,4
19,18,4
19,19,4
19,20,4
19,21,4
19,22,4
19,23,4
19,24,2
19,25,2
19,26,2
19,27,4
19,28,4
19,29,1
19,30,1
20,0,1
20,1,1
20,2,3
20,3,3
20,4,4
20,5,4
20,6,1
20,7,1
20,8,1
20,9,4
20,10,4
20,11,4
20,12,3
20,13,3
20,14,3
20,15,4
20,16,4
20,17,4
20,18,4
20,19,4
20,20,4
20,21,4
20,22,4
20,23,4
20,24,4
20,25,4
20,26,4
20,27,4
20,28,4
20,29,4
20,30,4
21,0,1
21,1,1
21,2,1
21,3,4
21,4,4
21,5,4
21,6,4
21,7,1
21,8,1
21,9,4
21,10,4
21,11,3
21,12,3
21,13,3
21,14,3
21,15,3
21,16,4
21,17,4
21,18,4
21,19,4
21,20,4
21,21,4
21,22,4
21,23,4
21,24,4
21,25,4
21,26,4
21,27,4
21,28,4
21,29,4
21,30,4
22,0,1
22,1,1
22,2,1
22,3,4
22,4,4
22,5,4
22,6,4
22,7,1
22,8,1
22,9,4
22,10,4
22,11,3
22,12,3
22,13,3
22,14,3
22,15,3
22,16,4
22,17,4
22,18,4
22,19,4
22,20,4
22,21,4
22,22,4
22,23,4
22,24,4
22,25,4
22,26,4
22,27,1
22,28,1
22,29,1
22,30,1
23,0,1
23,1,1
23,2,1
23,3,4
23,4,4
23,5,4
23,6,4
23,7,1
23,8,1
23,9,4
23,10,4
23,11,4
23,12,3
23,13,3
23,14,3
23,15,3
23,16,4
23,17,4
23,18,4
23,19,4
23,20,4
23,21,4
23,22,4
23,23,4
23,24,4
23,25,4
23,26,1
23,27,1
23,28,1
23,29,1
23,30,1
24,0,1
24,1,1
24,2,4
24,3,4
24,4,4
24,5,4
24,6,1
24,7,1
24,8,1
24,9,4
24,10,4
24,11,4
24,12,3
24,13,3
24,14,3
24,15,4
24,16,4
24,17,4
24,18,4
24,19,4
24,20,4
24,21,4
24,22,4
24,23,4
24,24,4
24,25,1
24,26,1
24,27,1
24,28,1
24,29,4
24,30,4
25,0,4
25,1,4
25,2,4
25,3,4
25,4,4
25,5,1
25,6,1
25,7,1
25,8,1
25,9,4
25,10,4
25,11,4
25,12,3
25,13,3
25,14,3
25,15,4
25,16,4
25,17,4
25,18,4
25,19,4
25,20,4
25,21,4
25,22,4
25,23,2
25,24,2
25,25,1
25,26,1
25,27,1
25,28,4
25,29,4
25,30,4
26,0,4
26,1,4
26,2,4
26,3,4
26,4,4
26,5,1
26,6,1
26,7,1
26,8,1
26,9,4
26,10,4
26,11,3
26,12,3
26,13,3
26,14,3
26,15,4
26,16,4
26,17,4
26,18,4
26,19,4
26,20,4
26,21,4
26,22,2
26,23,2
26,24,2
26,25,2
26,26,1
26,27,1
26,28,4
26,29,4
26,30,4
27,0,4
27,1,4
27,2,4
27,3,4
27,4,4
27,5,4
27,6,1
27,7,1
27,8,4
27,9,4
27,10,4
27,11,3
27,12,3
27,13,3
27,14,1
27,15,1
27,16,4
27,17,4
27,18,4
27,19,4
27,20,4
27,21,4
27,22,2
27,23,2
27,24,2
27,25,2
27,26,1
27,27,1
27,28,1
27,29,4
27,30,4
28,0,3
28,1,3
28,2,3
28,3,4
28,4,4
28,5,4
28,6,4
28,7,4
28,8,4
28,9,4
28,10,4
28,11,3
28,12,3
28,13,1
28,14,1
28,15,1
28,16,1
28,17,4
28,18,4
28,19,4
28,20,4
28,21,4
28,22,4
28,23,2
28,24,2
28,25,2
28,26,1
28,27,1
28,28,1
28,29,4
28,30,4
29,0,3
29,1,3
29,2,3
29,3,3
29,4,4
29,5,4
29,6,4
29,7,4
29,8,4
29,9,4
29,10,3
29,11,3
29,12,3
29,13,1
29,14,1
29,15,1
29,16,1
29,17,4
29,18,4
29,19,4
29,20,4
29,21,4
29,22,4
29,23,4
29,24,2
29,25,2
29,26,2
29,27,1
29,28,1
29,29,4
29,30,4
30,0,3
30,1,3
30,2,3
30,3,3
30,4,4
30,5,4
30,6,4
30,7,4
30,8,4
30,9,4
30,10,3
30,11,3
30,12,3
30,13,1
30,14,1
30,15,1
30,16,1
30,17,4
30,18,4
30,19,4
30,20,4
30,21,4
30,22,4
30,23,4
30,24,2
30,25,2
30,26,2
30,27,1
30,28,1
30,29,4
30,30,4