3
3
5
2
7,17
22,2
22,17
0,2,3
1,2,2
0,1,3
0,0,4
0,1,4
0,2,4
0,3,1
0,4,1
0,5,4
0,6,4
0,7,4
0,8,4
0,9,4
0,10,1
0,11,1
0,12,1
0,13,1
0,14,1
0,15,3
0,16,3
0,17,3
0,18,4
0,19,4
0,20,4
0,21,4
0,22,4
0,23,4
0,24,4
0,25,4
0,26,4
0,27,4
0,28,4
0,29,4
0,30,4
1,0,4
1,1,4
1,2,4
1,3,1
1,4,1
1,5,4
1,6,4
1,7,4
1,8,4
1,9,4
1,10,1
1,11,1
1,12,1
1,13,1
1,14,1
1,15,3
1,16,3
1,17,3
1,18,4
1,19,4
1,20,4
1,21,4
1,22,4
1,23,4
1,24,4
1,25,4
1,26,4
1,27,4
1,28,4
1,29,4
1,30,4
2,0,4
2,1,4
2,2,1
2,3,1
2,4,1
2,5,1
2,6,4
2,7,4
2,8,4
2,9,4
2,10,4
2,11,1
2,12,1
2,13,1
2,14,3
2,15,3
2,16,3
2,17,3
2,18,3
2,19,4
2,20,4
2,21,4
2,22,4
2,23,1
2,24,1
2,25,1
2,26,1
2,27,1
2,28,1
2,29,1
2,30,1
3,0,4
3,1,4
3,2,1
3,3,1
3,4,1
3,5,1
3,6,3
3,7,3
3,8,4
3,9,4
3,10,4
3,11,4
3,12,1
3,13,1
3,14,3
3,15,3
3,16,3
3,17,3
3,18,3
3,19,4
3,20,4
3,21,4
3,22,1
3,23,1
3,24,1
3,25,1
3,26,1
3,27,1
3,28,1
3,29,1
3,30,1
4,0,4
4,1,4
4,2,4
4,3,1
4,4,1
4,5,3
4,6,3
4,7,3
4,8,3
4,9,4
4,10,4
4,11,4
4,12,1
4,13,1
4,14,3
4,15,3
4,16,3
4,17,3
4,18,3
4,19,4
4,20,4
4,21,4
4,22,1
4,23,1
4,24,1
4,25,1
4,26,1
4,27,4
4,28,4
4,29,4
4,30,4
5,0,4
5,1,4
5,2,4
5,3,1
5,4,1
5,5,3
5,6,3
5,7,3
5,8,3
5,9,4
5,10,4
5,11,1
5,12,1
5,13,1
5,14,1
5,15,3
5,16,3
5,17,3
5,18,3
5,19,3
5,20,4
5,21,4
5,22,1
5,23,1
5,24,1
5,25,1
5,26,4
5,27,4
5,28,4
5,29,4
5,30,4
6,0,4
6,1,4
6,2,1
6,3,1
6,4,1
6,5,1
6,6,3
6,7,3
6,8,4
6,9,4
6,10,4
6,11,1
6,12,1
6,13,1
6,14,1
6,15,3
6,16,3
6,17,3
6,18,3
6,19,3
6,20,4
6,21,4
6,22,1
6,23,1
6,24,1
6,25,1
6,26,4
6,27,4
6,28,4
6,29,4
6,30,4
7,0,1
7,1,1
7,2,1
7,3,1
7,4,1
7,5,1
7,6,1
7,7,4
7,8,4
7,9,4
7,10,4
7,11,4
7,12,1
7,13,1
7,14,3
7,15,3
7,16,3
7,17,3
7,18,3
7,19,3
7,20,4
7,21,4
7,22,1
7,23,1
7,24,1
7,25,1
7,26,1
7,27,4
7,28,4
7,29,4
7,30,4
8,0,1
8,1,1
8,2,1
8,3,1
8,4,1
8,5,1
8,6,1
8,7,4
8,8,4
8,9,4
8,10,4
8,11,4
8,12,2
8,13,2
8,14,3
8,15,3
8,16,3
8,17,3
8,18,3
8,19,3
8,20,4
8,21,4
8,22,4
8,23,1
8,24,1
8,25,1
8,26,1
8,27,1
8,28,1
8,29,1
8,30,1
9,0,4
9,1,4
9,2,4
9,3,1
9,4,1
9,5,1
9,6,1
9,7,4
9,8,4
9,9,4
9,10,4
9,11,2
9,12,2
9,13,2
9,14,2
9,15,3
9,16,3
9,17,3
9,18,3
9,19,3
9,20,4
9,21,4
9,22,4
9,23,4
9,24,4
9,25,1
9,26,1
9,27,1
9,28,1
9,29,1
9,30,1
10,0,4
10,1,4
10,2,4
10,3,4
10,4,1
10,5,1
10,6,4
10,7,4
10,8,4
10,9,4
10,10,4
10,11,2
10,12,2
10,13,2
10,14,2
10,15,4
10,16,4
10,17,3
10,18,3
10,19,4
10,20,4
10,21,4
10,22,4
10,23,4
10,24,4
10,25,4
10,26,4
10,27,4
10,28,4
10,29,4
10,30,4
11,0,4
11,1,4
11,2,4
11,3,4
11,4,1
11,5,1
11,6,4
11,7,4
11,8,4
11,9,4
11,10,4
11,11,4
11,12,2
11,13,2
11,14,4
11,15,4
11,16,4
11,17,4
11,18,4
11,19,4
11,20,4
11,21,4
11,22,4
11,23,4
11,24,4
11,25,4
11,26,4
11,27,4
11,28,4
11,29,4
11,30,4
12,0,4
12,1,4
12,2,4
12,3,4
12,4,1
12,5,1
12,6,4
12,7,4
12,8,4
12,9,4
12,10,4
12,11,4
12,12,2
12,13,2
12,14,4
12,15,4
12,16,4
12,17,4
12,18,4
12,19,4
12,20,4
12,21,4
12,22,2
12,23,2
12,24,2
12,25,4
12,26,4
12,27,4
12,28,4
12,29,4
12,30,4
13,0,4
13,1,4
13,2,4
13,3,1
13,4,1
13,5,1
13,6,1
13,7,4
13,8,4
13,9,4
13,10,4
13,11,2
13,12,2
13,13,2
13,14,4
13,15,4
13,16,4
13,17,4
13,18,4
13,19,2
13,20,2
13,21,2
13,22,2
13,23,2
13,24,2
13,25,2
13,26,4
13,27,4
13,28,4
13,29,4
13,30,4
14,0,4
14,1,4
14,2,4
14,3,1
14,4,1
14,5,1
14,6,1
14,7,4
14,8,4
14,9,4
14,10,4
14,11,2
14,12,2
14,13,2
14,14,2
14,15,4
14,16,4
14,17,4
14,18,2
14,19,2
14,20,2
14,21,2
14,22,2
14,23,2
14,24,2
14,25,2
14,26,4
14,27,4
14,28,4
14,29,4
14,30,4
15,0,4
15,1,4
15,2,4
15,3,4
15,4,1
15,5,1
15,6,3
15,7,3
15,8,4
15,9,4
15,10,1
15,11,1
15,12,2
15,13,2
15,14,2
15,15,2
15,16,2
15,17,2
15,18,2
15,19,2
15,20,2
15,21,3
15,22,3
15,23,2
15,24,2
15,25,1
15,26,1
15,27,4
15,28,4
15,29,4
15,30,4
16,0,4
16,1,4
16,2,4
16,3,4
16,4,4
16,5,3
16,6,3
16,7,3
16,8,3
16,9,1
16,10,1
16,11,1
16,12,1
16,13,2
16,14,2
16,15,2
16,16,2
16,17,2
16,18,2
16,19,2
16,20,3
16,21,3
16,22,3
16,23,3
16,24,1
16,25,1
16,26,1
16,27,1
16,28,4
16,29,4
16,30,4
17,0,4
17,1,4
17,2,4
17,3,4
17,4,4
17,5,3
17,6,3
17,7,3
17,8,3
17,9,1
17,10,1
17,11,1
17,12,1
17,13,2
17,14,2
17,15,2
17,16,2
17,17,4
17,18,4
17,19,4
17,20,3
17,21,3
17,22,3
17,23,3
17,24,1
17,25,1
17,26,1
17,27,1
17,28,2
17,29,2
17,30,2
18,0,4
18,1,4
18,2,4
18,3,4
18,4,1
18,5,1
18,6,3
18,7,3
18,8,3
18,9,3
18,10,1
18,11,1
18,12,2
18,13,2
18,14,2
18,15,2
18,16,4
18,17,4
18,18,4
18,19,4
18,20,4
18,21,3
18,22,3
18,23,4
18,24,4
18,25,1
18,26,1
18,27,2
18,28,2
18,29,2
18,30,2
19,0,4
19,1,4
19,2,4
19,3,1
19,4,1
19,5,1
19,6,1
19,7,3
19,8,3
19,9,3
19,10,3
19,11,2
19,12,2
19,13,2
19,14,2
19,15,2
19,16,4
19,17,4
19,18,4
19,19,4
19,20,4
19,21,4
19,22,4
19,23,4
19,24,4
19,25,4
19,26,2
19,27,2
19,28,2
19,29,2
19,30,2
20,0,1
20,1,1
20,2,1
20,3,1
20,4,1
20,5,1
20,6,1
20,7,3
20,8,3
20,9,3
20,10,3
20,11,2
20,12,2
20,13,2
20,14,2
20,15,4
20,16,4
20,17,4
20,18,4
20,19,4
20,20,4
20,21,4
20,22,4
20,23,4
20,24,4
20,25,4
20,26,2
20,27,2
20,28,2
20,29,2
20,30,2
21,0,1
21,1,1
21,2,1
21,3,1
21,4,1
21,5,1
21,6,3
21,7,3
21,8,3
21,9,3
21,10,1
21,11,1
21,12,2
21,13,2
21,14,2
21,15,4
21,16,4
21,17,4
21,18,4
21,19,4
21,20,4
21,21,1
21,22,1
21,23,4
21,24,4
21,25,4
21,26,4
21,27,2
21,28,2
21,29,1
21,30,1
22,0,1
22,1,1
22,2,1
22,3,1
22,4,1
22,5,3
22,6,3
22,7,3
22,8,3
22,9,1
22,10,1
22,11,1
22,12,1
22,13,2
22,14,2
22,15,4
22,16,4
22,17,4
22,18,4
22,19,4
22,20,1
22,21,1
22,22,1
22,23,1
22,24,4
22,25,4
22,26,4
22,27,4
22,28,1
22,29,1
22,30,1
23,0,1
23,1,1
23,2,1
23,3,1
23,4,1
23,5,3
23,6,3
23,7,3
23,8,3
23,9,1
23,10,1
23,11,1
23,12,1
23,13,2
23,14,2
23,15,4
23,16,4
23,17,4
23,18,4
23,19,4
23,20,1
23,21,1
23,22,1
23,23,1
23,24,4
23,25,4
23,26,4
23,27,4
23,28,1
23,29,1
23,30,1
24,0,1
24,1,1
24,2,1
24,3,1
24,4,1
24,5,1
24,6,3
24,7,3
24,8,2
24,9,2
24,10,1
24,11,1
24,12,2
24,13,2
24,14,2
24,15,4
24,16,4
24,17,4
24,18,4
24,19,4
24,20,1
24,21,1
24,22,1
24,23,1
24,24,4
24,25,4
24,26,4
24,27,4
24,28,4
24,29,1
24,30,1
25,0,1
25,1,1
25,2,1
25,3,1
25,4,1
25,5,1
25,6,2
25,7,2
25,8,2
25,9,2
25,10,2
25,11,2
25,12,2
25,13,2
25,14,2
25,15,4
25,16,4
25,17,4
25,18,4
25,19,2
25,20,2
25,21,1
25,22,1
25,23,2
25,24,2
25,25,4
25,26,4
25,27,4
25,28,4
25,29,4
25,30,4
26,0,4
26,1,4
26,2,4
26,3,1
26,4,1
26,5,2
26,6,2
26,7,2
26,8,2
26,9,2
26,10,2
26,11,2
26,12,2
26,13,2
26,14,1
26,15,1
26,16,4
26,17,4
26,18,2
26,19,2
26,20,2
26,21,2
26,22,2
26,23,2
26,24,2
26,25,2
26,26,2
26,27,4
26,28,4
26,29,4
26,30,4
27,0,4
27,1,4
27,2,4
27,3,4
27,4,2
27,5,2
27,6,2
27,7,2
27,8,2
27,9,2
27,10,2
27,11,2
27,12,2
27,13,1
27,14,1
27,15,1
27,16,1
27,17,2
27,18,2
27,19,2
27,20,2
27,21,2
27,22,2
27,23,2
27,24,2
27,25,2
27,26,2
27,27,2
27,28,4
27,29,4
27,30,4
28,0,4
28,1,4
28,2,4
28,3,4
28,4,2
28,5,2
28,6,2
28,7,1
28,8,1
28,9,2
28,10,2
28,11,2
28,12,1
28,13,1
28,14,1
28,15,1
28,16,1
28,17,2
28,18,2
28,19,2
28,20,1
28,21,1
28,22,1
28,23,1
28,24,2
28,25,2
28,26,2
28,27,2
28,28,1
28,29,1
28,30,1
29,0,4
29,1,4
29,2,4
29,3,2
29,4,2
29,5,2
29,6,1
29,7,1
29,8,1
29,9,1
29,10,1
29,11,1
29,12,1
29,13,1
29,14,1
29,15,1
29,16,1
29,17,2
29,18,2
29,19,1
29,20,1
29,21,1
29,22,1
29,23,1
29,24,1
29,25,2
29,26,2
29,27,1
29,28,1
29,29,1
29,30,1
30,0,4
30,1,4
30,2,4
30,3,2
30,4,2
30,5,2
30,6,1
30,7,1
30,8,1
30,9,1
30,10,1
30,11,1
30,12,1
30,13,1
30,14,1
30,15,1
30,16,1
30,17,2
30,18,2
30,19,1
30,20,1
30,21,1
30,22,1
30,23,1
30,24,1
30,25,2
30,26,2
30,27,1
30,28,1
30,29,1
30,30,1