3
3
4
0
7,2
7,22
27,22
0,1,4
0,2,3
1,2,1
0,0,1
0,1,1
0,2,1
0,3,1
0,4,1
0,5,4
0,6,4
0,7,4
0,8,4
0,9,4
0,10,4
0,11,2
0,12,2
0,13,2
0,14,2
0,15,2
0,16,4
0,17,4
0,18,1
0,19,1
0,20,1
0,21,1
0,22,2
0,23,2
0,24,2
0,25,2
0,26,2
0,27,2
0,28,2
0,29,2
0,30,2
1,0,1
1,1,1
1,2,1
1,3,1
1,4,1
1,5,4
1,6,4
1,7,4
1,8,4
1,9,4
1,10,4
1,11,2
1,12,2
1,13,2
1,14,2
1,15,2
1,16,4
1,17,4
1,18,1
1,19,1
1,20,1
1,21,1
1,22,2
1,23,2
1,24,2
1,25,2
1,26,2
1,27,2
1,28,2
1,29,2
1,30,2
2,0,1
2,1,1
2,2,1
2,3,1
2,4,1
2,5,4
2,6,4
2,7,4
2,8,4
2,9,4
2,10,2
2,11,2
2,12,2
2,13,2
2,14,2
2,15,2
2,16,4
2,17,4
2,18,1
2,19,1
2,20,1
2,21,4
2,22,4
2,23,2
2,24,2
2,25,1
2,26,1
2,27,1
2,28,1
2,29,1
2,30,1
3,0,1
3,1,1
3,2,1
3,3,1
3,4,1
3,5,4
3,6,4
3,7,4
3,8,4
3,9,2
3,10,2
3,11,2
3,12,2
3,13,2
3,14,2
3,15,2
3,16,4
3,17,4
3,18,1
3,19,1
3,20,4
3,21,4
3,22,4
3,23,4
3,24,1
3,25,1
3,26,1
3,27,1
3,28,1
3,29,1
3,30,1
4,0,1
4,1,1
4,2,1
4,3,1
4,4,2
4,5,2
4,6,4
4,7,4
4,8,4
4,9,2
4,10,2
4,11,2
4,12,2
4,13,2
4,14,2
4,15,2
4,16,4
4,17,4
4,18,1
4,19,1
4,20,4
4,21,4
4,22,4
4,23,4
4,24,1
4,25,1
4,26,1
4,27,1
4,28,2
4,29,2
4,30,2
5,0,2
5,1,2
5,2,2
5,3,2
5,4,2
5,5,2
5,6,2
5,7,4
5,8,4
5,9,4
5,10,2
5,11,2
5,12,2
5,13,2
5,14,2
5,15,4
5,16,4
5,17,4
5,18,1
5,19,1
5,20,4
5,21,4
5,22,4
5,23,4
5,24,4
5,25,1
5,26,1
5,27,2
5,28,2
5,29,2
5,30,2
6,0,2
6,1,2
6,2,2
6,3,2
6,4,2
6,5,2
6,6,2
6,7,4
6,8,4
6,9,4
6,10,4
6,11,2
6,12,2
6,13,2
6,14,2
6,15,4
6,16,4
6,17,4
6,18,1
6,19,1
6,20,4
6,21,4
6,22,4
6,23,4
6,24,4
6,25,4
6,26,4
6,27,2
6,28,2
6,29,2
6,30,2
7,0,2
7,1,2
7,2,2
7,3,2
7,4,2
7,5,2
7,6,3
7,7,3
7,8,4
7,9,4
7,10,4
7,11,2
7,12,2
7,13,2
7,14,2
7,15,4
7,16,4
7,17,1
7,18,1
7,19,1
7,20,4
7,21,4
7,22,4
7,23,4
7,24,4
7,25,4
7,26,4
7,27,4
7,28,2
7,29,2
7,30,2
8,0,2
8,1,2
8,2,2
8,3,2
8,4,2
8,5,3
8,6,3
8,7,3
8,8,3
8,9,4
8,10,4
8,11,4
8,12,2
8,13,2
8,14,4
8,15,4
8,16,4
8,17,1
8,18,1
8,19,1
8,20,4
8,21,4
8,22,4
8,23,4
8,24,4
8,25,4
8,26,4
8,27,4
8,28,4
8,29,4
8,30,4
9,0,2
9,1,2
9,2,2
9,3,2
9,4,2
9,5,3
9,6,3
9,7,3
9,8,3
9,9,4
9,10,4
9,11,4
9,12,4
9,13,4
9,14,4
9,15,4
9,16,4
9,17,1
9,18,1
9,19,1
9,20,4
9,21,4
9,22,4
9,23,4
9,24,4
9,25,4
9,26,4
9,27,4
9,28,4
9,29,4
9,30,4
10,0,4
10,1,4
10,2,2
10,3,2
10,4,2
10,5,3
10,6,3
10,7,3
10,8,3
10,9,4
10,10,4
10,11,4
10,12,4
10,13,4
10,14,4
10,15,4
10,16,4
10,17,4
10,18,1
10,19,1
10,20,1
10,21,4
10,22,4
10,23,4
10,24,4
10,25,4
10,26,1
10,27,1
10,28,4
10,29,4
10,30,4
11,0,4
11,1,4
11,2,4
11,3,2
11,4,2
11,5,3
11,6,3
11,7,3
11,8,3
11,9,4
11,10,4
11,11,4
11,12,4
11,13,4
11,14,4
11,15,4
11,16,4
11,17,4
11,18,1
11,19,1
11,20,1
11,21,1
11,22,4
11,23,4
11,24,4
11,25,1
11,26,1
11,27,1
11,28,1
11,29,4
11,30,4
12,0,4
12,1,4
12,2,4
12,3,2
12,4,2
12,5,3
12,6,3
12,7,3
12,8,3
12,9,4
12,10,4
12,11,4
12,12,4
12,13,4
12,14,4
12,15,4
12,16,4
12,17,4
12,18,1
12,19,1
12,20,1
12,21,1
12,22,4
12,23,4
12,24,4
12,25,1
12,26,1
12,27,1
12,28,1
12,29,1
12,30,1
13,0,4
13,1,4
13,2,4
13,3,2
13,4,2
13,5,2
13,6,3
13,7,3
13,8,2
13,9,2
13,10,4
13,11,4
13,12,4
13,13,2
13,14,2
13,15,4
13,16,4
13,17,2
13,18,2
13,19,1
13,20,1
13,21,4
13,22,4
13,23,4
13,24,4
13,25,4
13,26,1
13,27,1
13,28,1
13,29,1
13,30,1
14,0,4
14,1,4
14,2,4
14,3,2
14,4,2
14,5,2
14,6,2
14,7,2
14,8,2
14,9,2
14,10,2
14,11,2
14,12,2
14,13,2
14,14,2
14,15,2
14,16,2
14,17,2
14,18,2
14,19,2
14,20,4
14,21,4
14,22,4
14,23,4
14,24,4
14,25,4
14,26,3
14,27,3
14,28,3
14,29,3
14,30,3
15,0,4
15,1,4
15,2,4
15,3,4
15,4,2
15,5,2
15,6,2
15,7,2
15,8,2
15,9,2
15,10,2
15,11,2
15,12,2
15,13,2
15,14,2
15,15,2
15,16,2
15,17,2
15,18,2
15,19,2
15,20,4
15,21,4
15,22,4
15,23,4
15,24,4
15,25,3
15,26,3
15,27,3
15,28,3
15,29,3
15,30,3
16,0,4
16,1,4
16,2,4
16,3,4
16,4,4
16,5,2
16,6,2
16,7,2
16,8,2
16,9,4
16,10,4
16,11,4
16,12,4
16,13,2
16,14,2
16,15,2
16,16,2
16,17,2
16,18,2
16,19,2
16,20,4
16,21,4
16,22,4
16,23,2
16,24,2
16,25,3
16,26,3
16,27,3
16,28,3
16,29,2
16,30,2
17,0,4
17,1,4
17,2,4
17,3,4
17,4,4
17,5,2
17,6,2
17,7,2
17,8,4
17,9,4
17,10,4
17,11,4
17,12,4
17,13,4
17,14,2
17,15,2
17,16,2
17,17,2
17,18,2
17,19,2
17,20,4
17,21,4
17,22,2
17,23,2
17,24,2
17,25,2
17,26,3
17,27,3
17,28,2
17,29,2
17,30,2
18,0,4
18,1,4
18,2,4
18,3,4
18,4,2
18,5,2
18,6,2
18,7,2
18,8,4
18,9,4
18,10,4
18,11,4
18,12,4
18,13,4
18,14,1
18,15,1
18,16,2
18,17,2
18,18,2
18,19,2
18,20,4
18,21,4
18,22,2
18,23,2
18,24,2
18,25,2
18,26,2
18,27,2
18,28,2
18,29,2
18,30,2
19,0,2
19,1,2
19,2,2
19,3,2
19,4,2
19,5,2
19,6,2
19,7,2
19,8,2
19,9,4
19,10,4
19,11,4
19,12,4
19,13,1
19,14,1
19,15,1
19,16,1
19,17,2
19,18,2
19,19,4
19,20,4
19,21,4
19,22,4
19,23,2
19,24,2
19,25,2
19,26,2
19,27,2
19,28,2
19,29,2
19,30,2
20,0,2
20,1,2
20,2,2
20,3,2
20,4,2
20,5,2
20,6,2
20,7,2
20,8,2
20,9,4
20,10,4
20,11,4
20,12,4
20,13,1
20,14,1
20,15,1
20,16,1
20,17,4
20,18,4
20,19,4
20,20,4
20,21,4
20,22,4
20,23,2
20,24,2
20,25,2
20,26,2
20,27,2
20,28,2
20,29,1
20,30,1
21,0,4
21,1,4
21,2,4
21,3,4
21,4,4
21,5,2
21,6,2
21,7,2
21,8,2
21,9,2
21,10,4
21,11,4
21,12,1
21,13,1
21,14,1
21,15,1
21,16,4
21,17,4
21,18,4
21,19,4
21,20,4
21,21,4
21,22,4
21,23,2
21,24,2
21,25,2
21,26,2
21,27,2
21,28,1
21,29,1
21,30,1
22,0,4
22,1,4
22,2,4
22,3,4
22,4,4
22,5,4
22,6,2
22,7,2
22,8,2
22,9,2
22,10,1
22,11,1
22,12,1
22,13,1
22,14,1
22,15,4
22,16,4
22,17,4
22,18,4
22,19,4
22,20,4
22,21,4
22,22,2
22,23,2
22,24,2
22,25,2
22,26,4
22,27,4
22,28,1
22,29,1
22,30,1
23,0,1
23,1,1
23,2,1
23,3,4
23,4,4
23,5,4
23,6,2
23,7,2
23,8,2
23,9,1
23,10,1
23,11,1
23,12,1
23,13,1
23,14,4
23,15,4
23,16,4
23,17,4
23,18,2
23,19,2
23,20,2
23,21,2
23,22,2
23,23,2
23,24,2
23,25,4
23,26,4
23,27,4
23,28,4
23,29,1
23,30,1
24,0,1
24,1,1
24,2,1
24,3,1
24,4,4
24,5,4
24,6,2
24,7,2
24,8,1
24,9,1
24,10,1
24,11,1
24,12,4
24,13,4
24,14,4
24,15,4
24,16,4
24,17,2
24,18,2
24,19,2
24,20,2
24,21,2
24,22,2
24,23,2
24,24,4
24,25,4
24,26,4
24,27,4
24,28,4
24,29,1
24,30,1
25,0,1
25,1,1
25,2,1
25,3,1
25,4,4
25,5,4
25,6,2
25,7,2
25,8,1
25,9,1
25,10,1
25,11,4
25,12,4
25,13,4
25,14,4
25,15,4
25,16,2
25,17,2
25,18,2
25,19,2
25,20,4
25,21,4
25,22,4
25,23,4
25,24,4
25,25,4
25,26,4
25,27,4
25,28,4
25,29,1
25,30,1
26,0,1
26,1,1
26,2,1
26,3,1
26,4,4
26,5,4
26,6,2
26,7,2
26,8,2
26,9,1
26,10,1
26,11,4
26,12,4
26,13,4
26,14,2
26,15,2
26,16,2
26,17,2
26,18,2
26,19,4
26,20,4
26,21,4
26,22,4
26,23,4
26,24,4
26,25,4
26,26,4
26,27,4
26,28,1
26,29,1
26,30,1
27,0,1
27,1,1
27,2,1
27,3,4
27,4,4
27,5,4
27,6,2
27,7,2
27,8,2
27,9,1
27,10,1
27,11,4
27,12,4
27,13,2
27,14,2
27,15,2
27,16,2
27,17,2
27,18,4
27,19,4
27,20,4
27,21,4
27,22,4
27,23,4
27,24,4
27,25,4
27,26,4
27,27,4
27,28,1
27,29,1
27,30,1
28,0,4
28,1,4
28,2,4
28,3,4
28,4,4
28,5,4
28,6,2
28,7,2
28,8,1
28,9,1
28,10,1
28,11,4
28,12,4
28,13,2
28,14,2
28,15,2
28,16,3
28,17,3
28,18,4
28,19,4
28,20,4
28,21,4
28,22,4
28,23,4
28,24,4
28,25,4
28,26,4
28,27,4
28,28,4
28,29,1
28,30,1
29,0,4
29,1,4
29,2,4
29,3,4
29,4,4
29,5,4
29,6,2
29,7,2
29,8,1
29,9,1
29,10,1
29,11,4
29,12,4
29,13,2
29,14,2
29,15,3
29,16,3
29,17,3
29,18,3
29,19,4
29,20,4
29,21,4
29,22,4
29,23,4
29,24,4
29,25,4
29,26,4
29,27,4
29,28,4
29,29,4
29,30,4
30,0,4
30,1,4
30,2,4
30,3,4
30,4,4
30,5,4
30,6,2
30,7,2
30,8,1
30,9,1
30,10,1
30,11,4
30,12,4
30,13,2
30,14,2
30,15,3
30,16,3
30,17,3
30,18,3
30,19,4
30,20,4
30,21,4
30,22,4
30,23,4
30,24,4
30,25,4
30,26,4
30,27,4
30,28,4
30,29,4
30,30,4