3
3
6
1
12,12
12,27
27,27
1,2,4
0,1,3
0,2,3
0,0,4
0,1,4
0,2,4
0,3,4
0,4,4
0,5,3
0,6,3
0,7,3
0,8,2
0,9,2
0,10,2
0,11,2
0,12,4
0,13,4
0,14,4
0,15,4
0,16,3
0,17,3
0,18,3
0,19,3
0,20,4
0,21,4
0,22,1
0,23,1
0,24,1
0,25,1
0,26,1
0,27,4
0,28,4
0,29,4
0,30,4
1,0,4
1,1,4
1,2,4
1,3,4
1,4,4
1,5,3
1,6,3
1,7,3
1,8,2
1,9,2
1,10,2
1,11,2
1,12,4
1,13,4
1,14,4
1,15,4
1,16,3
1,17,3
1,18,3
1,19,3
1,20,4
1,21,4
1,22,1
1,23,1
1,24,1
1,25,1
1,26,1
1,27,4
1,28,4
1,29,4
1,30,4
2,0,4
2,1,4
2,2,4
2,3,4
2,4,4
2,5,3
2,6,3
2,7,3
2,8,3
2,9,2
2,10,2
2,11,4
2,12,4
2,13,4
2,14,4
2,15,4
2,16,4
2,17,3
2,18,3
2,19,4
2,20,4
2,21,4
2,22,1
2,23,1
2,24,1
2,25,1
2,26,4
2,27,4
2,28,4
2,29,4
2,30,4
3,0,4
3,1,4
3,2,4
3,3,4
3,4,4
3,5,3
3,6,3
3,7,3
3,8,3
3,9,3
3,10,3
3,11,4
3,12,4
3,13,4
3,14,4
3,15,4
3,16,4
3,17,4
3,18,4
3,19,4
3,20,4
3,21,4
3,22,1
3,23,1
3,24,1
3,25,1
3,26,4
3,27,4
3,28,4
3,29,4
3,30,4
4,0,3
4,1,3
4,2,4
4,3,4
4,4,1
4,5,1
4,6,3
4,7,3
4,8,3
4,9,3
4,10,3
4,11,3
4,12,4
4,13,4
4,14,4
4,15,4
4,16,4
4,17,4
4,18,4
4,19,4
4,20,4
4,21,4
4,22,1
4,23,1
4,24,1
4,25,1
4,26,1
4,27,4
4,28,4
4,29,4
4,30,4
5,0,3
5,1,3
5,2,3
5,3,1
5,4,1
5,5,1
5,6,1
5,7,3
5,8,3
5,9,3
5,10,3
5,11,3
5,12,1
5,13,1
5,14,1
5,15,4
5,16,4
5,17,3
5,18,3
5,19,4
5,20,4
5,21,2
5,22,2
5,23,1
5,24,1
5,25,1
5,26,1
5,27,1
5,28,1
5,29,1
5,30,1
6,0,3
6,1,3
6,2,3
6,3,1
6,4,1
6,5,1
6,6,1
6,7,4
6,8,4
6,9,3
6,10,3
6,11,1
6,12,1
6,13,1
6,14,1
6,15,1
6,16,3
6,17,3
6,18,3
6,19,3
6,20,2
6,21,2
6,22,2
6,23,2
6,24,2
6,25,1
6,26,1
6,27,1
6,28,1
6,29,1
6,30,1
7,0,3
7,1,3
7,2,3
7,3,1
7,4,1
7,5,1
7,6,4
7,7,4
7,8,4
7,9,4
7,10,1
7,11,1
7,12,1
7,13,1
7,14,1
7,15,1
7,16,3
7,17,3
7,18,3
7,19,3
7,20,2
7,21,2
7,22,2
7,23,2
7,24,2
7,25,2
7,26,2
7,27,2
7,28,2
7,29,1
7,30,1
8,0,3
8,1,3
8,2,1
8,3,1
8,4,1
8,5,1
8,6,4
8,7,4
8,8,4
8,9,4
8,10,1
8,11,1
8,12,1
8,13,1
8,14,1
8,15,4
8,16,4
8,17,3
8,18,3
8,19,1
8,20,1
8,21,2
8,22,2
8,23,2
8,24,2
8,25,2
8,26,2
8,27,2
8,28,2
8,29,2
8,30,2
9,0,1
9,1,1
9,2,1
9,3,1
9,4,1
9,5,1
9,6,4
9,7,4
9,8,4
9,9,4
9,10,4
9,11,1
9,12,1
9,13,1
9,14,4
9,15,4
9,16,4
9,17,4
9,18,1
9,19,1
9,20,1
9,21,1
9,22,1
9,23,2
9,24,2
9,25,3
9,26,3
9,27,2
9,28,2
9,29,2
9,30,2
10,0,1
10,1,1
10,2,1
10,3,1
10,4,1
10,5,1
10,6,4
10,7,4
10,8,4
10,9,4
10,10,4
10,11,4
10,12,4
10,13,4
10,14,4
10,15,4
10,16,4
10,17,4
10,18,1
10,19,1
10,20,1
10,21,1
10,22,1
10,23,1
10,24,3
10,25,3
10,26,3
10,27,3
10,28,3
10,29,3
10,30,3
11,0,1
11,1,1
11,2,1
11,3,1
11,4,1
11,5,1
11,6,1
11,7,4
11,8,4
11,9,4
11,10,4
11,11,4
11,12,4
11,13,4
11,14,4
11,15,4
11,16,4
11,17,4
11,18,1
11,19,1
11,20,1
11,21,1
11,22,1
11,23,1
11,24,3
11,25,3
11,26,3
11,27,3
11,28,3
11,29,3
11,30,3
12,0,2
12,1,2
12,2,1
12,3,1
12,4,1
12,5,1
12,6,1
12,7,2
12,8,2
12,9,4
12,10,4
12,11,4
12,12,4
12,13,4
12,14,4
12,15,4
12,16,4
12,17,4
12,18,4
12,19,1
12,20,1
12,21,1
12,22,1
12,23,1
12,24,3
12,25,3
12,26,3
12,27,3
12,28,3
12,29,3
12,30,3
13,0,2
13,1,2
13,2,2
13,3,1
13,4,1
13,5,1
13,6,2
13,7,2
13,8,2
13,9,2
13,10,4
13,11,4
13,12,4
13,13,4
13,14,4
13,15,4
13,16,4
13,17,4
13,18,4
13,19,2
13,20,2
13,21,1
13,22,1
13,23,1
13,24,3
13,25,3
13,26,3
13,27,3
13,28,3
13,29,3
13,30,3
14,0,2
14,1,2
14,2,2
14,3,3
14,4,3
14,5,3
14,6,2
14,7,2
14,8,2
14,9,2
14,10,4
14,11,4
14,12,4
14,13,4
14,14,4
14,15,4
14,16,4
14,17,4
14,18,2
14,19,2
14,20,2
14,21,2
14,22,1
14,23,1
14,24,1
14,25,3
14,26,3
14,27,3
14,28,3
14,29,3
14,30,3
15,0,2
15,1,2
15,2,3
15,3,3
15,4,3
15,5,3
15,6,3
15,7,2
15,8,2
15,9,4
15,10,4
15,11,4
15,12,4
15,13,4
15,14,4
15,15,2
15,16,2
15,17,2
15,18,2
15,19,2
15,20,2
15,21,2
15,22,1
15,23,1
15,24,1
15,25,2
15,26,2
15,27,3
15,28,3
15,29,4
15,30,4
16,0,4
16,1,4
16,2,3
16,3,3
16,4,3
16,5,3
16,6,3
16,7,1
16,8,1
16,9,4
16,10,4
16,11,4
16,12,4
16,13,2
16,14,2
16,15,2
16,16,2
16,17,2
16,18,2
16,19,2
16,20,2
16,21,1
16,22,1
16,23,1
16,24,2
16,25,2
16,26,2
16,27,2
16,28,4
16,29,4
16,30,4
17,0,4
17,1,4
17,2,4
17,3,3
17,4,3
17,5,3
17,6,1
17,7,1
17,8,1
17,9,1
17,10,4
17,11,4
17,12,2
17,13,2
17,14,2
17,15,2
17,16,2
17,17,2
17,18,1
17,19,1
17,20,1
17,21,1
17,22,1
17,23,1
17,24,2
17,25,2
17,26,2
17,27,2
17,28,4
17,29,4
17,30,4
18,0,4
18,1,4
18,2,4
18,3,4
18,4,3
18,5,3
18,6,1
18,7,1
18,8,1
18,9,1
18,10,1
18,11,2
18,12,2
18,13,2
18,14,2
18,15,2
18,16,1
18,17,1
18,18,1
18,19,1
18,20,1
18,21,1
18,22,1
18,23,4
18,24,4
18,25,2
18,26,2
18,27,1
18,28,1
18,29,4
18,30,4
19,0,4
19,1,4
19,2,4
19,3,4
19,4,3
19,5,3
19,6,3
19,7,1
19,8,1
19,9,1
19,10,1
19,11,2
19,12,2
19,13,2
19,14,1
19,15,1
19,16,1
19,17,1
19,18,1
19,19,1
19,20,1
19,21,1
19,22,4
19,23,4
19,24,4
19,25,4
19,26,1
19,27,1
19,28,1
19,29,1
19,30,1
20,0,4
20,1,4
20,2,4
20,3,3
20,4,3
20,5,3
20,6,3
20,7,3
20,8,1
20,9,1
20,10,2
20,11,2
20,12,2
20,13,1
20,14,1
20,15,1
20,16,1
20,17,1
20,18,1
20,19,1
20,20,1
20,21,4
20,22,4
20,23,4
20,24,4
20,25,4
20,26,1
20,27,1
20,28,1
20,29,1
20,30,1
21,0,4
21,1,4
21,2,3
21,3,3
21,4,3
21,5,3
21,6,3
21,7,3
21,8,1
21,9,1
21,10,2
21,11,2
21,12,2
21,13,1
21,14,1
21,15,1
21,16,1
21,17,1
21,18,1
21,19,1
21,20,1
21,21,4
21,22,4
21,23,4
21,24,4
21,25,4
21,26,4
21,27,1
21,28,1
21,29,2
21,30,2
22,0,2
22,1,2
22,2,3
22,3,3
22,4,3
22,5,3
22,6,3
22,7,3
22,8,1
22,9,1
22,10,1
22,11,2
22,12,2
22,13,2
22,14,1
22,15,1
22,16,1
22,17,1
22,18,1
22,19,1
22,20,1
22,21,1
22,22,4
22,23,4
22,24,4
22,25,4
22,26,4
22,27,4
22,28,2
22,29,2
22,30,2
23,0,2
23,1,2
23,2,2
23,3,3
23,4,3
23,5,3
23,6,3
23,7,3
23,8,1
23,9,1
23,10,1
23,11,2
23,12,2
23,13,2
23,14,3
23,15,3
23,16,3
23,17,3
23,18,1
23,19,1
23,20,1
23,21,1
23,22,4
23,23,4
23,24,4
23,25,4
23,26,4
23,27,4
23,28,2
23,29,2
23,30,2
24,0,2
24,1,2
24,2,2
24,3,3
24,4,3
24,5,3
24,6,3
24,7,3
24,8,1
24,9,1
24,10,1
24,11,2
24,12,2
24,13,3
24,14,3
24,15,3
24,16,3
24,17,3
24,18,3
24,19,1
24,20,1
24,21,4
24,22,4
24,23,4
24,24,4
24,25,4
24,26,4
24,27,4
24,28,4
24,29,2
24,30,2
25,0,2
25,1,2
25,2,2
25,3,2
25,4,3
25,5,3
25,6,3
25,7,1
25,8,1
25,9,1
25,10,2
25,11,2
25,12,2
25,13,3
25,14,3
25,15,3
25,16,3
25,17,3
25,18,3
25,19,3
25,20,3
25,21,4
25,22,4
25,23,4
25,24,4
25,25,4
25,26,4
25,27,4
25,28,4
25,29,4
25,30,4
26,0,2
26,1,2
26,2,2
26,3,2
26,4,1
26,5,1
26,6,1
26,7,1
26,8,1
26,9,1
26,10,2
26,11,2
26,12,2
26,13,2
26,14,3
26,15,3
26,16,3
26,17,3
26,18,3
26,19,3
26,20,3
26,21,3
26,22,4
26,23,4
26,24,4
26,25,4
26,26,4
26,27,4
26,28,4
26,29,4
26,30,4
27,0,2
27,1,2
27,2,2
27,3,1
27,4,1
27,5,1
27,6,1
27,7,1
27,8,1
27,9,4
27,10,4
27,11,2
27,12,2
27,13,2
27,14,2
27,15,2
27,16,2
27,17,3
27,18,3
27,19,3
27,20,3
27,21,3
27,22,4
27,23,4
27,24,4
27,25,4
27,26,4
27,27,4
27,28,4
27,29,4
27,30,4
28,0,2
28,1,2
28,2,1
28,3,1
28,4,1
28,5,1
28,6,4
28,7,4
28,8,4
28,9,4
28,10,4
28,11,4
28,12,2
28,13,2
28,14,2
28,15,2
28,16,2
28,17,2
28,18,3
28,19,3
28,20,3
28,21,4
28,22,4
28,23,4
28,24,4
28,25,4
28,26,4
28,27,4
28,28,4
28,29,4
28,30,4
29,0,2
29,1,2
29,2,1
29,3,1
29,4,1
29,5,4
29,6,4
29,7,4
29,8,4
29,9,4
29,10,4
29,11,4
29,12,4
29,13,2
29,14,2
29,15,2
29,16,2
29,17,2
29,18,3
29,19,3
29,20,4
29,21,4
29,22,4
29,23,4
29,24,4
29,25,4
29,26,4
29,27,4
29,28,4
29,29,4
29,30,4
30,0,2
30,1,2
30,2,1
30,3,1
30,4,1
30,5,4
30,6,4
30,7,4
30,8,4
30,9,4
30,10,4
30,11,4
30,12,4
30,13,2
30,14,2
30,15,2
30,16,2
30,17,2
30,18,3
30,19,3
30,20,4
30,21,4
30,22,4
30,23,4
30,24,4
30,25,4
30,26,4
30,27,4
30,28,4
30,29,4
30,30,4