3
3
3
1
2,12
12,2
22,12
0,1,2
1,2,1
0,2,2
0,0,1
0,1,1
0,2,1
0,3,2
0,4,2
0,5,2
0,6,2
0,7,2
0,8,2
0,9,4
0,10,4
0,11,4
0,12,4
0,13,4
0,14,4
0,15,4
0,16,4
0,17,4
0,18,4
0,19,4
0,20,2
0,21,2
0,22,2
0,23,2
0,24,4
0,25,4
0,26,4
0,27,2
0,28,2
0,29,2
0,30,2
1,0,1
1,1,1
1,2,1
1,3,2
1,4,2
1,5,2
1,6,2
1,7,2
1,8,2
1,9,4
1,10,4
1,11,4
1,12,4
1,13,4
1,14,4
1,15,4
1,16,4
1,17,4
1,18,4
1,19,4
1,20,2
1,21,2
1,22,2
1,23,2
1,24,4
1,25,4
1,26,4
1,27,2
1,28,2
1,29,2
1,30,2
2,0,1
2,1,1
2,2,2
2,3,2
2,4,2
2,5,2
2,6,2
2,7,2
2,8,2
2,9,2
2,10,4
2,11,4
2,12,4
2,13,4
2,14,4
2,15,4
2,16,4
2,17,4
2,18,4
2,19,4
2,20,4
2,21,2
2,22,2
2,23,4
2,24,4
2,25,4
2,26,4
2,27,2
2,28,2
2,29,2
2,30,2
3,0,3
3,1,3
3,2,2
3,3,2
3,4,2
3,5,2
3,6,2
3,7,2
3,8,2
3,9,2
3,10,4
3,11,4
3,12,4
3,13,4
3,14,4
3,15,4
3,16,4
3,17,4
3,18,4
3,19,4
3,20,4
3,21,4
3,22,4
3,23,4
3,24,4
3,25,4
3,26,3
3,27,3
3,28,2
3,29,2
3,30,2
4,0,3
4,1,3
4,2,3
4,3,2
4,4,2
4,5,2
4,6,2
4,7,2
4,8,2
4,9,4
4,10,4
4,11,4
4,12,4
4,13,4
4,14,4
4,15,4
4,16,4
4,17,4
4,18,4
4,19,4
4,20,4
4,21,4
4,22,4
4,23,4
4,24,4
4,25,3
4,26,3
4,27,3
4,28,3
4,29,2
4,30,2
5,0,3
5,1,3
5,2,3
5,3,1
5,4,1
5,5,2
5,6,2
5,7,3
5,8,3
5,9,4
5,10,4
5,11,4
5,12,4
5,13,4
5,14,2
5,15,2
5,16,2
5,17,2
5,18,4
5,19,4
5,20,1
5,21,1
5,22,4
5,23,4
5,24,3
5,25,3
5,26,3
5,27,3
5,28,3
5,29,2
5,30,2
6,0,3
6,1,3
6,2,1
6,3,1
6,4,1
6,5,1
6,6,3
6,7,3
6,8,3
6,9,3
6,10,4
6,11,4
6,12,4
6,13,2
6,14,2
6,15,2
6,16,2
6,17,2
6,18,2
6,19,1
6,20,1
6,21,1
6,22,1
6,23,3
6,24,3
6,25,3
6,26,3
6,27,3
6,28,3
6,29,2
6,30,2
7,0,4
7,1,4
7,2,1
7,3,1
7,4,1
7,5,1
7,6,3
7,7,3
7,8,3
7,9,3
7,10,4
7,11,4
7,12,4
7,13,2
7,14,2
7,15,2
7,16,2
7,17,2
7,18,2
7,19,1
7,20,1
7,21,1
7,22,1
7,23,3
7,24,3
7,25,3
7,26,3
7,27,3
7,28,2
7,29,2
7,30,2
8,0,4
8,1,4
8,2,4
8,3,1
8,4,1
8,5,1
8,6,1
8,7,3
8,8,3
8,9,4
8,10,4
8,11,4
8,12,4
8,13,2
8,14,2
8,15,2
8,16,2
8,17,2
8,18,2
8,19,2
8,20,1
8,21,1
8,22,2
8,23,2
8,24,3
8,25,3
8,26,3
8,27,2
8,28,2
8,29,2
8,30,2
9,0,4
9,1,4
9,2,4
9,3,4
9,4,1
9,5,1
9,6,1
9,7,3
9,8,3
9,9,4
9,10,4
9,11,4
9,12,4
9,13,2
9,14,2
9,15,2
9,16,2
9,17,2
9,18,2
9,19,2
9,20,2
9,21,2
9,22,2
9,23,2
9,24,2
9,25,2
9,26,2
9,27,2
9,28,2
9,29,2
9,30,2
10,0,4
10,1,4
10,2,4
10,3,4
10,4,4
10,5,1
10,6,1
10,7,3
10,8,3
10,9,3
10,10,4
10,11,4
10,12,3
10,13,3
10,14,2
10,15,2
10,16,2
10,17,2
10,18,2
10,19,2
10,20,2
10,21,2
10,22,2
10,23,2
10,24,2
10,25,2
10,26,2
10,27,2
10,28,2
10,29,1
10,30,1
11,0,4
11,1,4
11,2,4
11,3,4
11,4,4
11,5,1
11,6,1
11,7,3
11,8,3
11,9,3
11,10,3
11,11,3
11,12,3
11,13,3
11,14,3
11,15,3
11,16,3
11,17,2
11,18,2
11,19,1
11,20,1
11,21,2
11,22,2
11,23,2
11,24,1
11,25,1
11,26,1
11,27,1
11,28,1
11,29,1
11,30,1
12,0,4
12,1,4
12,2,4
12,3,4
12,4,4
12,5,1
12,6,1
12,7,1
12,8,3
12,9,3
12,10,3
12,11,3
12,12,3
12,13,3
12,14,3
12,15,3
12,16,3
12,17,3
12,18,1
12,19,1
12,20,1
12,21,1
12,22,1
12,23,1
12,24,1
12,25,1
12,26,1
12,27,1
12,28,1
12,29,1
12,30,1
13,0,4
13,1,4
13,2,4
13,3,4
13,4,4
13,5,1
13,6,1
13,7,1
13,8,1
13,9,1
13,10,1
13,11,3
13,12,3
13,13,4
13,14,4
13,15,3
13,16,3
13,17,3
13,18,1
13,19,1
13,20,1
13,21,1
13,22,1
13,23,1
13,24,1
13,25,1
13,26,4
13,27,4
13,28,4
13,29,4
13,30,4
14,0,4
14,1,4
14,2,4
14,3,4
14,4,4
14,5,4
14,6,1
14,7,1
14,8,1
14,9,1
14,10,1
14,11,1
14,12,4
14,13,4
14,14,4
14,15,4
14,16,3
14,17,3
14,18,1
14,19,1
14,20,1
14,21,1
14,22,1
14,23,4
14,24,4
14,25,4
14,26,4
14,27,4
14,28,4
14,29,4
14,30,4
15,0,4
15,1,4
15,2,4
15,3,4
15,4,4
15,5,4
15,6,2
15,7,2
15,8,1
15,9,1
15,10,1
15,11,1
15,12,4
15,13,4
15,14,4
15,15,4
15,16,3
15,17,3
15,18,1
15,19,1
15,20,1
15,21,1
15,22,4
15,23,4
15,24,4
15,25,4
15,26,4
15,27,4
15,28,4
15,29,4
15,30,4
16,0,4
16,1,4
16,2,4
16,3,4
16,4,4
16,5,2
16,6,2
16,7,2
16,8,2
16,9,1
16,10,1
16,11,2
16,12,2
16,13,4
16,14,4
16,15,4
16,16,3
16,17,3
16,18,1
16,19,1
16,20,1
16,21,1
16,22,4
16,23,4
16,24,4
16,25,1
16,26,1
16,27,4
16,28,4
16,29,3
16,30,3
17,0,4
17,1,4
17,2,4
17,3,2
17,4,2
17,5,2
17,6,2
17,7,2
17,8,2
17,9,2
17,10,2
17,11,2
17,12,2
17,13,2
17,14,4
17,15,4
17,16,3
17,17,3
17,18,1
17,19,1
17,20,1
17,21,1
17,22,4
17,23,4
17,24,1
17,25,1
17,26,1
17,27,1
17,28,3
17,29,3
17,30,3
18,0,4
18,1,4
18,2,2
18,3,2
18,4,2
18,5,2
18,6,2
18,7,2
18,8,2
18,9,2
18,10,2
18,11,2
18,12,2
18,13,2
18,14,4
18,15,4
18,16,3
18,17,3
18,18,3
18,19,1
18,20,1
18,21,4
18,22,4
18,23,4
18,24,1
18,25,1
18,26,1
18,27,1
18,28,3
18,29,3
18,30,3
19,0,1
19,1,1
19,2,2
19,3,2
19,4,2
19,5,2
19,6,2
19,7,4
19,8,4
19,9,4
19,10,4
19,11,2
19,12,2
19,13,4
19,14,4
19,15,4
19,16,3
19,17,3
19,18,3
19,19,3
19,20,3
19,21,4
19,22,4
19,23,4
19,24,1
19,25,1
19,26,1
19,27,1
19,28,3
19,29,3
19,30,3
20,0,1
20,1,1
20,2,1
20,3,2
20,4,2
20,5,2
20,6,4
20,7,4
20,8,4
20,9,4
20,10,4
20,11,4
20,12,4
20,13,4
20,14,4
20,15,4
20,16,4
20,17,3
20,18,3
20,19,3
20,20,3
20,21,3
20,22,4
20,23,4
20,24,4
20,25,1
20,26,1
20,27,1
20,28,1
20,29,3
20,30,3
21,0,1
21,1,1
21,2,1
21,3,1
21,4,1
21,5,1
21,6,4
21,7,4
21,8,4
21,9,4
21,10,4
21,11,4
21,12,4
21,13,4
21,14,4
21,15,4
21,16,4
21,17,4
21,18,3
21,19,3
21,20,3
21,21,3
21,22,4
21,23,4
21,24,4
21,25,1
21,26,1
21,27,1
21,28,1
21,29,4
21,30,4
22,0,1
22,1,1
22,2,1
22,3,1
22,4,1
22,5,1
22,6,1
22,7,4
22,8,4
22,9,4
22,10,4
22,11,4
22,12,4
22,13,4
22,14,4
22,15,4
22,16,4
22,17,4
22,18,3
22,19,3
22,20,3
22,21,3
22,22,3
22,23,4
22,24,4
22,25,4
22,26,1
22,27,1
22,28,4
22,29,4
22,30,4
23,0,3
23,1,3
23,2,1
23,3,1
23,4,1
23,5,1
23,6,1
23,7,1
23,8,4
23,9,4
23,10,4
23,11,4
23,12,4
23,13,4
23,14,4
23,15,4
23,16,4
23,17,4
23,18,3
23,19,3
23,20,3
23,21,3
23,22,3
23,23,4
23,24,4
23,25,4
23,26,2
23,27,2
23,28,4
23,29,4
23,30,4
24,0,3
24,1,3
24,2,3
24,3,1
24,4,1
24,5,1
24,6,1
24,7,1
24,8,3
24,9,3
24,10,4
24,11,4
24,12,4
24,13,4
24,14,4
24,15,4
24,16,4
24,17,3
24,18,3
24,19,3
24,20,3
24,21,3
24,22,3
24,23,4
24,24,4
24,25,2
24,26,2
24,27,2
24,28,2
24,29,4
24,30,4
25,0,3
25,1,3
25,2,3
25,3,4
25,4,4
25,5,1
25,6,1
25,7,3
25,8,3
25,9,3
25,10,3
25,11,3
25,12,3
25,13,3
25,14,3
25,15,3
25,16,3
25,17,3
25,18,3
25,19,3
25,20,3
25,21,3
25,22,4
25,23,4
25,24,4
25,25,2
25,26,2
25,27,2
25,28,2
25,29,4
25,30,4
26,0,3
26,1,3
26,2,4
26,3,4
26,4,4
26,5,4
26,6,3
26,7,3
26,8,3
26,9,3
26,10,3
26,11,3
26,12,3
26,13,3
26,14,3
26,15,3
26,16,3
26,17,3
26,18,3
26,19,3
26,20,1
26,21,1
26,22,4
26,23,4
26,24,4
26,25,4
26,26,2
26,27,2
26,28,4
26,29,4
26,30,4
27,0,4
27,1,4
27,2,4
27,3,4
27,4,4
27,5,4
27,6,3
27,7,3
27,8,3
27,9,1
27,10,1
27,11,3
27,12,3
27,13,2
27,14,2
27,15,3
27,16,3
27,17,1
27,18,1
27,19,1
27,20,1
27,21,1
27,22,1
27,23,4
27,24,4
27,25,4
27,26,3
27,27,3
27,28,4
27,29,4
27,30,4
28,0,4
28,1,4
28,2,4
28,3,4
28,4,4
28,5,4
28,6,3
28,7,3
28,8,1
28,9,1
28,10,1
28,11,1
28,12,2
28,13,2
28,14,2
28,15,2
28,16,1
28,17,1
28,18,1
28,19,1
28,20,1
28,21,1
28,22,1
28,23,4
28,24,4
28,25,3
28,26,3
28,27,3
28,28,3
28,29,4
28,30,4
29,0,4
29,1,4
29,2,4
29,3,4
29,4,4
29,5,4
29,6,3
29,7,3
29,8,1
29,9,1
29,10,1
29,11,1
29,12,2
29,13,2
29,14,2
29,15,2
29,16,1
29,17,1
29,18,1
29,19,1
29,20,1
29,21,1
29,22,4
29,23,4
29,24,4
29,25,3
29,26,3
29,27,3
29,28,3
29,29,3
29,30,3
30,0,4
30,1,4
30,2,4
30,3,4
30,4,4
30,5,4
30,6,3
30,7,3
30,8,1
30,9,1
30,10,1
30,11,1
30,12,2
30,13,2
30,14,2
30,15,2
30,16,1
30,17,1
30,18,1
30,19,1
30,20,1
30,21,1
30,22,4
30,23,4
30,24,4
30,25,3
30,26,3
30,27,3
30,28,3
30,29,3
30,30,3