3
3
8
0
2,12
2,27
17,27
0,1,4
0,2,4
1,2,4
0,0,4
0,1,4
0,2,3
0,3,3
0,4,4
0,5,4
0,6,4
0,7,4
0,8,4
0,9,4
0,10,1
0,11,1
0,12,1
0,13,1
0,14,1
0,15,4
0,16,4
0,17,4
0,18,4
0,19,4
0,20,3
0,21,3
0,22,3
0,23,3
0,24,3
0,25,3
0,26,3
0,27,3
0,28,3
0,29,3
0,30,3
1,0,4
1,1,4
1,2,3
1,3,3
1,4,4
1,5,4
1,6,4
1,7,4
1,8,4
1,9,4
1,10,1
1,11,1
1,12,1
1,13,1
1,14,1
1,15,4
1,16,4
1,17,4
1,18,4
1,19,4
1,20,3
1,21,3
1,22,3
1,23,3
1,24,3
1,25,3
1,26,3
1,27,3
1,28,3
1,29,3
1,30,3
2,0,4
2,1,4
2,2,3
2,3,3
2,4,4
2,5,4
2,6,4
2,7,4
2,8,4
2,9,1
2,10,1
2,11,1
2,12,1
2,13,1
2,14,1
2,15,4
2,16,4
2,17,4
2,18,4
2,19,4
2,20,4
2,21,3
2,22,3
2,23,3
2,24,3
2,25,3
2,26,3
2,27,3
2,28,3
2,29,3
2,30,3
3,0,4
3,1,4
3,2,3
3,3,3
3,4,3
3,5,4
3,6,4
3,7,4
3,8,1
3,9,1
3,10,1
3,11,1
3,12,1
3,13,1
3,14,1
3,15,4
3,16,4
3,17,4
3,18,4
3,19,4
3,20,4
3,21,1
3,22,1
3,23,3
3,24,3
3,25,3
3,26,3
3,27,3
3,28,3
3,29,3
3,30,3
4,0,4
4,1,4
4,2,3
4,3,3
4,4,3
4,5,3
4,6,3
4,7,3
4,8,1
4,9,1
4,10,1
4,11,1
4,12,1
4,13,1
4,14,1
4,15,4
4,16,4
4,17,4
4,18,4
4,19,4
4,20,1
4,21,1
4,22,1
4,23,1
4,24,3
4,25,3
4,26,3
4,27,3
4,28,3
4,29,3
4,30,3
5,0,4
5,1,4
5,2,4
5,3,3
5,4,3
5,5,3
5,6,3
5,7,3
5,8,3
5,9,1
5,10,1
5,11,1
5,12,1
5,13,1
5,14,2
5,15,2
5,16,4
5,17,4
5,18,2
5,19,2
5,20,1
5,21,1
5,22,1
5,23,1
5,24,4
5,25,4
5,26,4
5,27,4
5,28,4
5,29,4
5,30,4
6,0,4
6,1,4
6,2,4
6,3,4
6,4,3
6,5,3
6,6,3
6,7,3
6,8,3
6,9,1
6,10,1
6,11,1
6,12,1
6,13,2
6,14,2
6,15,2
6,16,2
6,17,2
6,18,2
6,19,2
6,20,2
6,21,1
6,22,1
6,23,4
6,24,4
6,25,4
6,26,4
6,27,4
6,28,4
6,29,4
6,30,4
7,0,4
7,1,4
7,2,4
7,3,4
7,4,3
7,5,3
7,6,3
7,7,3
7,8,3
7,9,3
7,10,1
7,11,1
7,12,1
7,13,2
7,14,2
7,15,2
7,16,2
7,17,2
7,18,2
7,19,2
7,20,2
7,21,2
7,22,4
7,23,4
7,24,4
7,25,4
7,26,4
7,27,4
7,28,4
7,29,4
7,30,4
8,0,4
8,1,4
8,2,4
8,3,3
8,4,3
8,5,3
8,6,3
8,7,3
8,8,3
8,9,3
8,10,3
8,11,1
8,12,1
8,13,2
8,14,2
8,15,2
8,16,2
8,17,2
8,18,2
8,19,2
8,20,2
8,21,2
8,22,4
8,23,4
8,24,4
8,25,4
8,26,4
8,27,4
8,28,4
8,29,4
8,30,4
9,0,4
9,1,4
9,2,4
9,3,3
9,4,3
9,5,3
9,6,1
9,7,1
9,8,3
9,9,3
9,10,3
9,11,1
9,12,1
9,13,1
9,14,2
9,15,2
9,16,2
9,17,2
9,18,2
9,19,2
9,20,2
9,21,2
9,22,4
9,23,4
9,24,4
9,25,4
9,26,4
9,27,4
9,28,4
9,29,1
9,30,1
10,0,4
10,1,4
10,2,4
10,3,3
10,4,3
10,5,1
10,6,1
10,7,1
10,8,1
10,9,3
10,10,3
10,11,1
10,12,1
10,13,1
10,14,3
10,15,3
10,16,3
10,17,3
10,18,3
10,19,2
10,20,2
10,21,4
10,22,4
10,23,4
10,24,4
10,25,4
10,26,4
10,27,4
10,28,1
10,29,1
10,30,1
11,0,4
11,1,4
11,2,4
11,3,3
11,4,3
11,5,1
11,6,1
11,7,1
11,8,1
11,9,3
11,10,3
11,11,1
11,12,1
11,13,3
11,14,3
11,15,3
11,16,3
11,17,3
11,18,3
11,19,3
11,20,4
11,21,4
11,22,4
11,23,4
11,24,4
11,25,4
11,26,3
11,27,3
11,28,1
11,29,1
11,30,1
12,0,4
12,1,4
12,2,3
12,3,3
12,4,3
12,5,1
12,6,1
12,7,1
12,8,3
12,9,3
12,10,3
12,11,1
12,12,1
12,13,3
12,14,3
12,15,3
12,16,3
12,17,3
12,18,3
12,19,3
12,20,4
12,21,4
12,22,4
12,23,4
12,24,4
12,25,3
12,26,3
12,27,3
12,28,3
12,29,1
12,30,1
13,0,3
13,1,3
13,2,3
13,3,3
13,4,3
13,5,1
13,6,1
13,7,3
13,8,3
13,9,3
13,10,3
13,11,1
13,12,1
13,13,1
13,14,3
13,15,3
13,16,3
13,17,3
13,18,3
13,19,4
13,20,4
13,21,4
13,22,4
13,23,4
13,24,4
13,25,3
13,26,3
13,27,3
13,28,3
13,29,3
13,30,3
14,0,3
14,1,3
14,2,3
14,3,3
14,4,1
14,5,1
14,6,1
14,7,3
14,8,3
14,9,3
14,10,3
14,11,1
14,12,1
14,13,1
14,14,1
14,15,3
14,16,3
14,17,2
14,18,2
14,19,4
14,20,4
14,21,4
14,22,4
14,23,4
14,24,2
14,25,2
14,26,3
14,27,3
14,28,3
14,29,3
14,30,3
15,0,3
15,1,3
15,2,4
15,3,4
15,4,1
15,5,1
15,6,1
15,7,1
15,8,3
15,9,3
15,10,3
15,11,3
15,12,1
15,13,1
15,14,1
15,15,1
15,16,2
15,17,2
15,18,2
15,19,2
15,20,4
15,21,4
15,22,4
15,23,2
15,24,2
15,25,2
15,26,2
15,27,2
15,28,2
15,29,2
15,30,2
16,0,4
16,1,4
16,2,4
16,3,4
16,4,4
16,5,1
16,6,1
16,7,1
16,8,3
16,9,3
16,10,3
16,11,3
16,12,1
16,13,1
16,14,1
16,15,1
16,16,2
16,17,2
16,18,2
16,19,2
16,20,2
16,21,2
16,22,2
16,23,2
16,24,2
16,25,2
16,26,2
16,27,2
16,28,2
16,29,2
16,30,2
17,0,4
17,1,4
17,2,4
17,3,4
17,4,4
17,5,1
17,6,1
17,7,1
17,8,1
17,9,3
17,10,3
17,11,1
17,12,1
17,13,1
17,14,1
17,15,1
17,16,1
17,17,2
17,18,2
17,19,2
17,20,2
17,21,2
17,22,2
17,23,2
17,24,2
17,25,2
17,26,2
17,27,2
17,28,2
17,29,2
17,30,2
18,0,4
18,1,4
18,2,4
18,3,4
18,4,4
18,5,1
18,6,1
18,7,1
18,8,1
18,9,1
18,10,1
18,11,1
18,12,1
18,13,1
18,14,1
18,15,1
18,16,1
18,17,1
18,18,2
18,19,2
18,20,2
18,21,2
18,22,2
18,23,2
18,24,2
18,25,2
18,26,2
18,27,2
18,28,2
18,29,2
18,30,2
19,0,4
19,1,4
19,2,4
19,3,4
19,4,1
19,5,1
19,6,1
19,7,1
19,8,1
19,9,1
19,10,1
19,11,1
19,12,1
19,13,1
19,14,1
19,15,1
19,16,1
19,17,1
19,18,1
19,19,2
19,20,2
19,21,2
19,22,2
19,23,2
19,24,2
19,25,2
19,26,2
19,27,2
19,28,2
19,29,2
19,30,2
20,0,2
20,1,2
20,2,2
20,3,2
20,4,1
20,5,1
20,6,1
20,7,1
20,8,1
20,9,3
20,10,3
20,11,3
20,12,1
20,13,1
20,14,2
20,15,2
20,16,1
20,17,1
20,18,1
20,19,2
20,20,2
20,21,2
20,22,2
20,23,2
20,24,3
20,25,3
20,26,3
20,27,3
20,28,3
20,29,3
20,30,3
21,0,2
21,1,2
21,2,2
21,3,2
21,4,2
21,5,1
21,6,1
21,7,1
21,8,3
21,9,3
21,10,3
21,11,3
21,12,3
21,13,2
21,14,2
21,15,2
21,16,2
21,17,1
21,18,1
21,19,2
21,20,2
21,21,2
21,22,2
21,23,3
21,24,3
21,25,3
21,26,3
21,27,3
21,28,3
21,29,3
21,30,3
22,0,4
22,1,4
22,2,2
22,3,2
22,4,2
22,5,2
22,6,2
22,7,2
22,8,3
22,9,3
22,10,3
22,11,3
22,12,3
22,13,2
22,14,2
22,15,2
22,16,2
22,17,1
22,18,1
22,19,1
22,20,2
22,21,2
22,22,3
22,23,3
22,24,3
22,25,3
22,26,3
22,27,3
22,28,4
22,29,4
22,30,4
23,0,4
23,1,4
23,2,4
23,3,2
23,4,2
23,5,2
23,6,2
23,7,2
23,8,2
23,9,3
23,10,3
23,11,3
23,12,2
23,13,2
23,14,2
23,15,2
23,16,1
23,17,1
23,18,1
23,19,1
23,20,1
23,21,3
23,22,3
23,23,3
23,24,3
23,25,4
23,26,4
23,27,4
23,28,4
23,29,4
23,30,4
24,0,4
24,1,4
24,2,4
24,3,4
24,4,4
24,5,4
24,6,2
24,7,2
24,8,2
24,9,3
24,10,3
24,11,3
24,12,2
24,13,2
24,14,2
24,15,1
24,16,1
24,17,1
24,18,1
24,19,1
24,20,1
24,21,3
24,22,3
24,23,3
24,24,4
24,25,4
24,26,4
24,27,4
24,28,4
24,29,4
24,30,4
25,0,4
25,1,4
25,2,4
25,3,4
25,4,4
25,5,4
25,6,4
25,7,2
25,8,2
25,9,3
25,10,3
25,11,3
25,12,2
25,13,2
25,14,1
25,15,1
25,16,1
25,17,1
25,18,1
25,19,1
25,20,3
25,21,3
25,22,3
25,23,4
25,24,4
25,25,4
25,26,4
25,27,4
25,28,3
25,29,3
25,30,3
26,0,4
26,1,4
26,2,4
26,3,4
26,4,4
26,5,4
26,6,4
26,7,2
26,8,2
26,9,2
26,10,3
26,11,3
26,12,2
26,13,2
26,14,1
26,15,1
26,16,1
26,17,1
26,18,3
26,19,3
26,20,3
26,21,3
26,22,3
26,23,4
26,24,4
26,25,4
26,26,4
26,27,3
26,28,3
26,29,3
26,30,3
27,0,4
27,1,4
27,2,4
27,3,4
27,4,4
27,5,4
27,6,2
27,7,2
27,8,2
27,9,2
27,10,3
27,11,3
27,12,2
27,13,2
27,14,2
27,15,1
27,16,1
27,17,3
27,18,3
27,19,3
27,20,3
27,21,3
27,22,4
27,23,4
27,24,4
27,25,4
27,26,3
27,27,3
27,28,3
27,29,3
27,30,3
28,0,4
28,1,4
28,2,4
28,3,4
28,4,4
28,5,4
28,6,2
28,7,2
28,8,2
28,9,2
28,10,3
28,11,3
28,12,2
28,13,2
28,14,2
28,15,1
28,16,1
28,17,3
28,18,3
28,19,3
28,20,1
28,21,1
28,22,4
28,23,4
28,24,4
28,25,3
28,26,3
28,27,3
28,28,3
28,29,4
28,30,4
29,0,4
29,1,4
29,2,4
29,3,4
29,4,4
29,5,4
29,6,4
29,7,2
29,8,2
29,9,2
29,10,3
29,11,3
29,12,2
29,13,2
29,14,1
29,15,1
29,16,1
29,17,3
29,18,3
29,19,1
29,20,1
29,21,1
29,22,1
29,23,4
29,24,4
29,25,3
29,26,3
29,27,3
29,28,4
29,29,4
29,30,4
30,0,4
30,1,4
30,2,4
30,3,4
30,4,4
30,5,4
30,6,4
30,7,2
30,8,2
30,9,2
30,10,3
30,11,3
30,12,2
30,13,2
30,14,1
30,15,1
30,16,1
30,17,3
30,18,3
30,19,1
30,20,1
30,21,1
30,22,1
30,23,4
30,24,4
30,25,3
30,26,3
30,27,3
30,28,4
30,29,4
30,30,4