5
6
6
1
7,2
7,22
27,2
27,12
27,22
1,4,2
1,2,2
0,1,2
3,4,1
2,3,2
0,2,1
0,0,4
0,1,4
0,2,3
0,3,3
0,4,3
0,5,3
0,6,2
0,7,2
0,8,2
0,9,2
0,10,2
0,11,1
0,12,1
0,13,4
0,14,4
0,15,4
0,16,4
0,17,4
0,18,4
0,19,4
0,20,1
0,21,1
0,22,1
0,23,1
0,24,3
0,25,3
0,26,3
0,27,4
0,28,4
0,29,1
0,30,1
1,0,4
1,1,4
1,2,3
1,3,3
1,4,3
1,5,3
1,6,2
1,7,2
1,8,2
1,9,2
1,10,2
1,11,1
1,12,1
1,13,4
1,14,4
1,15,4
1,16,4
1,17,4
1,18,4
1,19,4
1,20,1
1,21,1
1,22,1
1,23,1
1,24,3
1,25,3
1,26,3
1,27,4
1,28,4
1,29,1
1,30,1
2,0,4
2,1,4
2,2,4
2,3,3
2,4,3
2,5,3
2,6,2
2,7,2
2,8,2
2,9,2
2,10,1
2,11,1
2,12,1
2,13,1
2,14,4
2,15,4
2,16,4
2,17,4
2,18,4
2,19,1
2,20,1
2,21,1
2,22,1
2,23,1
2,24,1
2,25,3
2,26,3
2,27,4
2,28,4
2,29,1
2,30,1
3,0,4
3,1,4
3,2,4
3,3,3
3,4,3
3,5,3
3,6,3
3,7,2
3,8,2
3,9,1
3,10,1
3,11,1
3,12,1
3,13,1
3,14,3
3,15,3
3,16,3
3,17,3
3,18,3
3,19,1
3,20,1
3,21,1
3,22,1
3,23,1
3,24,1
3,25,3
3,26,3
3,27,4
3,28,4
3,29,1
3,30,1
4,0,4
4,1,4
4,2,2
4,3,2
4,4,3
4,5,3
4,6,3
4,7,3
4,8,1
4,9,1
4,10,1
4,11,1
4,12,1
4,13,3
4,14,3
4,15,3
4,16,3
4,17,3
4,18,3
4,19,3
4,20,1
4,21,1
4,22,1
4,23,1
4,24,3
4,25,3
4,26,3
4,27,4
4,28,4
4,29,1
4,30,1
5,0,2
5,1,2
5,2,2
5,3,2
5,4,2
5,5,3
5,6,3
5,7,3
5,8,1
5,9,1
5,10,1
5,11,1
5,12,1
5,13,3
5,14,3
5,15,3
5,16,3
5,17,3
5,18,3
5,19,3
5,20,3
5,21,3
5,22,3
5,23,3
5,24,3
5,25,3
5,26,3
5,27,4
5,28,4
5,29,1
5,30,1
6,0,2
6,1,2
6,2,2
6,3,2
6,4,2
6,5,2
6,6,3
6,7,3
6,8,3
6,9,1
6,10,1
6,11,1
6,12,1
6,13,1
6,14,3
6,15,3
6,16,3
6,17,3
6,18,3
6,19,3
6,20,3
6,21,3
6,22,3
6,23,3
6,24,3
6,25,3
6,26,3
6,27,4
6,28,4
6,29,1
6,30,1
7,0,2
7,1,2
7,2,2
7,3,2
7,4,2
7,5,2
7,6,3
7,7,3
7,8,3
7,9,2
7,10,2
7,11,1
7,12,1
7,13,1
7,14,3
7,15,3
7,16,3
7,17,3
7,18,3
7,19,3
7,20,3
7,21,3
7,22,3
7,23,3
7,24,3
7,25,3
7,26,3
7,27,4
7,28,4
7,29,1
7,30,1
8,0,2
8,1,2
8,2,2
8,3,2
8,4,2
8,5,2
8,6,3
8,7,3
8,8,2
8,9,2
8,10,2
8,11,2
8,12,1
8,13,1
8,14,1
8,15,3
8,16,3
8,17,3
8,18,3
8,19,3
8,20,3
8,21,3
8,22,3
8,23,3
8,24,3
8,25,3
8,26,4
8,27,4
8,28,4
8,29,1
8,30,1
9,0,2
9,1,2
9,2,2
9,3,2
9,4,2
9,5,3
9,6,3
9,7,3
9,8,2
9,9,2
9,10,2
9,11,2
9,12,1
9,13,1
9,14,1
9,15,1
9,16,3
9,17,3
9,18,3
9,19,3
9,20,3
9,21,3
9,22,3
9,23,3
9,24,3
9,25,4
9,26,4
9,27,4
9,28,4
9,29,1
9,30,1
10,0,1
10,1,1
10,2,1
10,3,1
10,4,1
10,5,3
10,6,3
10,7,3
10,8,3
10,9,2
10,10,2
10,11,2
10,12,2
10,13,1
10,14,1
10,15,1
10,16,1
10,17,1
10,18,1
10,19,1
10,20,1
10,21,3
10,22,3
10,23,2
10,24,2
10,25,4
10,26,4
10,27,4
10,28,4
10,29,1
10,30,1
11,0,1
11,1,1
11,2,1
11,3,1
11,4,1
11,5,1
11,6,3
11,7,3
11,8,3
11,9,3
11,10,2
11,11,2
11,12,2
11,13,2
11,14,1
11,15,1
11,16,1
11,17,1
11,18,1
11,19,1
11,20,1
11,21,1
11,22,2
11,23,2
11,24,2
11,25,2
11,26,4
11,27,4
11,28,1
11,29,1
11,30,1
12,0,1
12,1,1
12,2,1
12,3,1
12,4,1
12,5,1
12,6,3
12,7,3
12,8,3
12,9,3
12,10,2
12,11,2
12,12,2
12,13,2
12,14,2
12,15,1
12,16,1
12,17,1
12,18,1
12,19,1
12,20,1
12,21,1
12,22,2
12,23,2
12,24,2
12,25,2
12,26,2
12,27,1
12,28,1
12,29,1
12,30,1
13,0,1
13,1,1
13,2,1
13,3,1
13,4,1
13,5,2
13,6,2
13,7,3
13,8,3
13,9,3
13,10,3
13,11,2
13,12,2
13,13,2
13,14,2
13,15,2
13,16,1
13,17,1
13,18,1
13,19,1
13,20,1
13,21,4
13,22,4
13,23,2
13,24,2
13,25,2
13,26,2
13,27,1
13,28,1
13,29,1
13,30,1
14,0,2
14,1,2
14,2,2
14,3,2
14,4,2
14,5,2
14,6,2
14,7,2
14,8,3
14,9,3
14,10,3
14,11,3
14,12,3
14,13,2
14,14,2
14,15,2
14,16,2
14,17,2
14,18,1
14,19,1
14,20,4
14,21,4
14,22,4
14,23,4
14,24,2
14,25,2
14,26,1
14,27,1
14,28,1
14,29,1
14,30,1
15,0,2
15,1,2
15,2,2
15,3,2
15,4,2
15,5,2
15,6,2
15,7,2
15,8,2
15,9,3
15,10,3
15,11,3
15,12,3
15,13,3
15,14,2
15,15,2
15,16,2
15,17,2
15,18,2
15,19,2
15,20,4
15,21,4
15,22,4
15,23,4
15,24,2
15,25,2
15,26,1
15,27,1
15,28,1
15,29,1
15,30,1
16,0,4
16,1,4
16,2,4
16,3,4
16,4,2
16,5,2
16,6,2
16,7,2
16,8,2
16,9,2
16,10,2
16,11,3
16,12,3
16,13,3
16,14,3
16,15,3
16,16,2
16,17,2
16,18,2
16,19,2
16,20,2
16,21,4
16,22,4
16,23,2
16,24,2
16,25,2
16,26,2
16,27,1
16,28,1
16,29,1
16,30,1
17,0,4
17,1,4
17,2,4
17,3,4
17,4,4
17,5,2
17,6,2
17,7,2
17,8,2
17,9,2
17,10,2
17,11,2
17,12,3
17,13,3
17,14,3
17,15,3
17,16,3
17,17,3
17,18,2
17,19,2
17,20,2
17,21,2
17,22,2
17,23,2
17,24,2
17,25,2
17,26,2
17,27,2
17,28,2
17,29,2
17,30,2
18,0,4
18,1,4
18,2,4
18,3,4
18,4,4
18,5,1
18,6,1
18,7,2
18,8,2
18,9,2
18,10,2
18,11,2
18,12,1
18,13,1
18,14,3
18,15,3
18,16,3
18,17,3
18,18,3
18,19,2
18,20,2
18,21,2
18,22,2
18,23,2
18,24,2
18,25,2
18,26,2
18,27,2
18,28,2
18,29,2
18,30,2
19,0,4
19,1,4
19,2,4
19,3,4
19,4,1
19,5,1
19,6,1
19,7,1
19,8,2
19,9,2
19,10,2
19,11,1
19,12,1
19,13,1
19,14,1
19,15,3
19,16,3
19,17,3
19,18,3
19,19,1
19,20,1
19,21,2
19,22,2
19,23,4
19,24,4
19,25,4
19,26,4
19,27,4
19,28,2
19,29,2
19,30,2
20,0,4
20,1,4
20,2,4
20,3,1
20,4,1
20,5,1
20,6,1
20,7,1
20,8,2
20,9,2
20,10,2
20,11,1
20,12,1
20,13,1
20,14,1
20,15,1
20,16,3
20,17,3
20,18,1
20,19,1
20,20,1
20,21,1
20,22,4
20,23,4
20,24,4
20,25,4
20,26,4
20,27,4
20,28,4
20,29,4
20,30,4
21,0,1
21,1,1
21,2,1
21,3,1
21,4,1
21,5,1
21,6,1
21,7,1
21,8,1
21,9,2
21,10,2
21,11,2
21,12,1
21,13,1
21,14,1
21,15,1
21,16,3
21,17,3
21,18,1
21,19,1
21,20,1
21,21,1
21,22,4
21,23,4
21,24,4
21,25,4
21,26,4
21,27,4
21,28,4
21,29,4
21,30,4
22,0,1
22,1,1
22,2,1
22,3,1
22,4,1
22,5,1
22,6,1
22,7,1
22,8,1
22,9,2
22,10,2
22,11,2
22,12,2
22,13,1
22,14,1
22,15,3
22,16,3
22,17,3
22,18,3
22,19,1
22,20,1
22,21,4
22,22,4
22,23,4
22,24,4
22,25,4
22,26,4
22,27,2
22,28,2
22,29,2
22,30,2
23,0,1
23,1,1
23,2,1
23,3,1
23,4,1
23,5,1
23,6,1
23,7,1
23,8,1
23,9,2
23,10,2
23,11,2
23,12,2
23,13,3
23,14,3
23,15,3
23,16,3
23,17,3
23,18,3
23,19,4
23,20,4
23,21,4
23,22,4
23,23,4
23,24,4
23,25,4
23,26,2
23,27,2
23,28,2
23,29,2
23,30,2
24,0,1
24,1,1
24,2,1
24,3,1
24,4,1
24,5,1
24,6,1
24,7,1
24,8,3
24,9,3
24,10,2
24,11,2
24,12,3
24,13,3
24,14,3
24,15,3
24,16,3
24,17,3
24,18,4
24,19,4
24,20,4
24,21,4
24,22,4
24,23,4
24,24,4
24,25,4
24,26,2
24,27,2
24,28,2
24,29,3
24,30,3
25,0,4
25,1,4
25,2,4
25,3,4
25,4,4
25,5,1
25,6,1
25,7,3
25,8,3
25,9,3
25,10,3
25,11,3
25,12,3
25,13,3
25,14,3
25,15,3
25,16,4
25,17,4
25,18,4
25,19,4
25,20,4
25,21,4
25,22,4
25,23,4
25,24,4
25,25,4
25,26,2
25,27,2
25,28,3
25,29,3
25,30,3
26,0,4
26,1,4
26,2,4
26,3,4
26,4,4
26,5,4
26,6,4
26,7,3
26,8,3
26,9,3
26,10,3
26,11,3
26,12,3
26,13,3
26,14,3
26,15,4
26,16,4
26,17,4
26,18,4
26,19,4
26,20,4
26,21,4
26,22,4
26,23,4
26,24,4
26,25,4
26,26,2
26,27,2
26,28,3
26,29,3
26,30,3
27,0,4
27,1,4
27,2,4
27,3,4
27,4,4
27,5,4
27,6,4
27,7,4
27,8,3
27,9,3
27,10,3
27,11,3
27,12,3
27,13,3
27,14,3
27,15,4
27,16,4
27,17,4
27,18,4
27,19,4
27,20,4
27,21,4
27,22,4
27,23,4
27,24,4
27,25,2
27,26,2
27,27,2
27,28,2
27,29,3
27,30,3
28,0,4
28,1,4
28,2,4
28,3,4
28,4,4
28,5,4
28,6,4
28,7,4
28,8,3
28,9,3
28,10,3
28,11,3
28,12,3
28,13,3
28,14,3
28,15,4
28,16,4
28,17,4
28,18,4
28,19,4
28,20,4
28,21,4
28,22,4
28,23,4
28,24,4
28,25,2
28,26,2
28,27,2
28,28,2
28,29,2
28,30,2
29,0,4
29,1,4
29,2,4
29,3,4
29,4,4
29,5,4
29,6,4
29,7,4
29,8,3
29,9,3
29,10,3
29,11,3
29,12,3
29,13,3
29,14,3
29,15,4
29,16,4
29,17,4
29,18,4
29,19,4
29,20,4
29,21,4
29,22,4
29,23,4
29,24,4
29,25,4
29,26,2
29,27,2
29,28,2
29,29,2
29,30,2
30,0,4
30,1,4
30,2,4
30,3,4
30,4,4
30,5,4
30,6,4
30,7,4
30,8,3
30,9,3
30,10,3
30,11,3
30,12,3
30,13,3
30,14,3
30,15,4
30,16,4
30,17,4
30,18,4
30,19,4
30,20,4
30,21,4
30,22,4
30,23,4
30,24,4
30,25,4
30,26,2
30,27,2
30,28,2
30,29,2
30,30,2