5
6
4
2
7,2
12,12
12,27
22,2
22,17
2,4,2
1,2,1
0,4,2
3,4,1
1,3,1
0,3,1
0,0,3
0,1,3
0,2,3
0,3,3
0,4,3
0,5,2
0,6,2
0,7,2
0,8,2
0,9,2
0,10,1
0,11,1
0,12,1
0,13,1
0,14,1
0,15,3
0,16,3
0,17,3
0,18,3
0,19,3
0,20,3
0,21,2
0,22,2
0,23,3
0,24,3
0,25,4
0,26,4
0,27,4
0,28,4
0,29,4
0,30,4
1,0,3
1,1,3
1,2,3
1,3,3
1,4,3
1,5,2
1,6,2
1,7,2
1,8,2
1,9,2
1,10,1
1,11,1
1,12,1
1,13,1
1,14,1
1,15,3
1,16,3
1,17,3
1,18,3
1,19,3
1,20,3
1,21,2
1,22,2
1,23,3
1,24,3
1,25,4
1,26,4
1,27,4
1,28,4
1,29,4
1,30,4
2,0,3
2,1,3
2,2,3
2,3,3
2,4,3
2,5,3
2,6,2
2,7,2
2,8,2
2,9,2
2,10,2
2,11,1
2,12,1
2,13,1
2,14,2
2,15,2
2,16,3
2,17,3
2,18,3
2,19,3
2,20,2
2,21,2
2,22,2
2,23,3
2,24,3
2,25,3
2,26,4
2,27,4
2,28,4
2,29,4
2,30,4
3,0,3
3,1,3
3,2,3
3,3,3
3,4,3
3,5,3
3,6,3
3,7,3
3,8,2
3,9,2
3,10,2
3,11,2
3,12,2
3,13,2
3,14,2
3,15,2
3,16,2
3,17,2
3,18,2
3,19,2
3,20,2
3,21,2
3,22,2
3,23,3
3,24,3
3,25,3
3,26,3
3,27,3
3,28,3
3,29,4
3,30,4
4,0,3
4,1,3
4,2,3
4,3,3
4,4,3
4,5,3
4,6,3
4,7,3
4,8,3
4,9,2
4,10,2
4,11,2
4,12,2
4,13,2
4,14,2
4,15,2
4,16,2
4,17,2
4,18,2
4,19,2
4,20,2
4,21,2
4,22,1
4,23,1
4,24,3
4,25,3
4,26,3
4,27,3
4,28,3
4,29,3
4,30,3
5,0,2
5,1,2
5,2,2
5,3,2
5,4,2
5,5,3
5,6,3
5,7,3
5,8,3
5,9,3
5,10,3
5,11,3
5,12,2
5,13,2
5,14,1
5,15,1
5,16,1
5,17,1
5,18,1
5,19,1
5,20,1
5,21,1
5,22,1
5,23,1
5,24,1
5,25,1
5,26,1
5,27,3
5,28,3
5,29,3
5,30,3
6,0,2
6,1,2
6,2,2
6,3,2
6,4,2
6,5,2
6,6,2
6,7,3
6,8,3
6,9,3
6,10,3
6,11,3
6,12,3
6,13,1
6,14,1
6,15,1
6,16,1
6,17,1
6,18,1
6,19,1
6,20,1
6,21,1
6,22,1
6,23,1
6,24,1
6,25,1
6,26,1
6,27,1
6,28,3
6,29,3
6,30,3
7,0,2
7,1,2
7,2,2
7,3,2
7,4,2
7,5,2
7,6,2
7,7,2
7,8,3
7,9,3
7,10,3
7,11,3
7,12,3
7,13,1
7,14,1
7,15,1
7,16,1
7,17,4
7,18,4
7,19,4
7,20,4
7,21,4
7,22,4
7,23,4
7,24,4
7,25,1
7,26,1
7,27,1
7,28,1
7,29,1
7,30,1
8,0,2
8,1,2
8,2,2
8,3,2
8,4,2
8,5,2
8,6,2
8,7,2
8,8,3
8,9,3
8,10,3
8,11,3
8,12,4
8,13,4
8,14,1
8,15,1
8,16,4
8,17,4
8,18,4
8,19,4
8,20,4
8,21,4
8,22,4
8,23,4
8,24,4
8,25,4
8,26,1
8,27,1
8,28,1
8,29,1
8,30,1
9,0,2
9,1,2
9,2,2
9,3,2
9,4,2
9,5,2
9,6,2
9,7,3
9,8,3
9,9,3
9,10,3
9,11,4
9,12,4
9,13,4
9,14,4
9,15,4
9,16,4
9,17,4
9,18,4
9,19,4
9,20,1
9,21,1
9,22,4
9,23,4
9,24,4
9,25,4
9,26,2
9,27,2
9,28,2
9,29,1
9,30,1
10,0,4
10,1,4
10,2,4
10,3,4
10,4,4
10,5,4
10,6,4
10,7,3
10,8,3
10,9,3
10,10,4
10,11,4
10,12,4
10,13,4
10,14,4
10,15,4
10,16,4
10,17,4
10,18,4
10,19,1
10,20,1
10,21,1
10,22,1
10,23,4
10,24,4
10,25,2
10,26,2
10,27,2
10,28,2
10,29,2
10,30,2
11,0,4
11,1,4
11,2,4
11,3,4
11,4,4
11,5,4
11,6,4
11,7,4
11,8,3
11,9,3
11,10,4
11,11,4
11,12,4
11,13,4
11,14,4
11,15,4
11,16,4
11,17,4
11,18,4
11,19,1
11,20,1
11,21,1
11,22,1
11,23,4
11,24,4
11,25,2
11,26,2
11,27,2
11,28,2
11,29,2
11,30,2
12,0,4
12,1,4
12,2,4
12,3,4
12,4,4
12,5,4
12,6,4
12,7,4
12,8,3
12,9,3
12,10,4
12,11,4
12,12,4
12,13,4
12,14,4
12,15,4
12,16,4
12,17,4
12,18,3
12,19,3
12,20,1
12,21,1
12,22,4
12,23,4
12,24,4
12,25,2
12,26,2
12,27,2
12,28,2
12,29,2
12,30,2
13,0,3
13,1,3
13,2,3
13,3,3
13,4,3
13,5,4
13,6,4
13,7,3
13,8,3
13,9,3
13,10,4
13,11,4
13,12,4
13,13,4
13,14,4
13,15,4
13,16,4
13,17,3
13,18,3
13,19,3
13,20,3
13,21,4
13,22,4
13,23,4
13,24,4
13,25,2
13,26,2
13,27,2
13,28,2
13,29,2
13,30,2
14,0,3
14,1,3
14,2,3
14,3,3
14,4,3
14,5,3
14,6,3
14,7,3
14,8,3
14,9,3
14,10,4
14,11,4
14,12,4
14,13,4
14,14,4
14,15,4
14,16,4
14,17,3
14,18,3
14,19,3
14,20,3
14,21,4
14,22,4
14,23,4
14,24,4
14,25,2
14,26,2
14,27,2
14,28,2
14,29,2
14,30,2
15,0,4
15,1,4
15,2,4
15,3,3
15,4,3
15,5,3
15,6,3
15,7,3
15,8,3
15,9,2
15,10,2
15,11,4
15,12,4
15,13,4
15,14,4
15,15,4
15,16,4
15,17,4
15,18,3
15,19,3
15,20,2
15,21,2
15,22,4
15,23,4
15,24,2
15,25,2
15,26,2
15,27,2
15,28,2
15,29,4
15,30,4
16,0,4
16,1,4
16,2,4
16,3,4
16,4,4
16,5,3
16,6,3
16,7,2
16,8,2
16,9,2
16,10,2
16,11,2
16,12,4
16,13,4
16,14,4
16,15,4
16,16,4
16,17,4
16,18,2
16,19,2
16,20,2
16,21,2
16,22,2
16,23,2
16,24,2
16,25,2
16,26,2
16,27,2
16,28,4
16,29,4
16,30,4
17,0,4
17,1,4
17,2,4
17,3,4
17,4,4
17,5,4
17,6,2
17,7,2
17,8,2
17,9,2
17,10,2
17,11,2
17,12,4
17,13,4
17,14,4
17,15,4
17,16,4
17,17,2
17,18,2
17,19,2
17,20,2
17,21,2
17,22,2
17,23,2
17,24,2
17,25,2
17,26,2
17,27,4
17,28,4
17,29,4
17,30,4
18,0,4
18,1,4
18,2,4
18,3,4
18,4,4
18,5,4
18,6,2
18,7,2
18,8,2
18,9,2
18,10,2
18,11,1
18,12,1
18,13,4
18,14,4
18,15,4
18,16,4
18,17,2
18,18,2
18,19,2
18,20,2
18,21,3
18,22,3
18,23,2
18,24,2
18,25,1
18,26,1
18,27,4
18,28,4
18,29,4
18,30,4
19,0,4
19,1,4
19,2,4
19,3,4
19,4,4
19,5,2
19,6,2
19,7,2
19,8,2
19,9,2
19,10,1
19,11,1
19,12,1
19,13,1
19,14,4
19,15,4
19,16,1
19,17,1
19,18,2
19,19,2
19,20,3
19,21,3
19,22,3
19,23,3
19,24,1
19,25,1
19,26,1
19,27,1
19,28,4
19,29,4
19,30,4
20,0,2
20,1,2
20,2,2
20,3,2
20,4,2
20,5,2
20,6,2
20,7,2
20,8,2
20,9,2
20,10,1
20,11,1
20,12,1
20,13,1
20,14,1
20,15,1
20,16,1
20,17,1
20,18,1
20,19,1
20,20,3
20,21,3
20,22,3
20,23,3
20,24,1
20,25,1
20,26,1
20,27,1
20,28,4
20,29,4
20,30,4
21,0,2
21,1,2
21,2,2
21,3,2
21,4,2
21,5,2
21,6,2
21,7,2
21,8,2
21,9,1
21,10,1
21,11,1
21,12,1
21,13,1
21,14,1
21,15,1
21,16,1
21,17,1
21,18,1
21,19,1
21,20,1
21,21,3
21,22,3
21,23,3
21,24,3
21,25,1
21,26,1
21,27,1
21,28,1
21,29,4
21,30,4
22,0,2
22,1,2
22,2,2
22,3,2
22,4,2
22,5,2
22,6,2
22,7,2
22,8,2
22,9,1
22,10,1
22,11,1
22,12,1
22,13,1
22,14,1
22,15,1
22,16,1
22,17,1
22,18,1
22,19,1
22,20,1
22,21,3
22,22,3
22,23,3
22,24,3
22,25,1
22,26,1
22,27,1
22,28,1
22,29,1
22,30,1
23,0,2
23,1,2
23,2,2
23,3,2
23,4,2
23,5,2
23,6,2
23,7,2
23,8,2
23,9,1
23,10,1
23,11,1
23,12,1
23,13,1
23,14,1
23,15,1
23,16,1
23,17,1
23,18,1
23,19,1
23,20,1
23,21,1
23,22,3
23,23,3
23,24,1
23,25,1
23,26,1
23,27,1
23,28,1
23,29,1
23,30,1
24,0,2
24,1,2
24,2,2
24,3,2
24,4,2
24,5,2
24,6,2
24,7,2
24,8,2
24,9,1
24,10,1
24,11,1
24,12,1
24,13,1
24,14,1
24,15,1
24,16,1
24,17,1
24,18,1
24,19,1
24,20,1
24,21,1
24,22,1
24,23,1
24,24,1
24,25,1
24,26,1
24,27,1
24,28,1
24,29,1
24,30,1
25,0,2
25,1,2
25,2,2
25,3,2
25,4,2
25,5,2
25,6,2
25,7,2
25,8,4
25,9,4
25,10,1
25,11,1
25,12,3
25,13,3
25,14,1
25,15,1
25,16,1
25,17,1
25,18,1
25,19,1
25,20,1
25,21,1
25,22,1
25,23,1
25,24,1
25,25,1
25,26,4
25,27,4
25,28,1
25,29,1
25,30,1
26,0,2
26,1,2
26,2,4
26,3,4
26,4,4
26,5,2
26,6,2
26,7,4
26,8,4
26,9,4
26,10,4
26,11,3
26,12,3
26,13,3
26,14,3
26,15,3
26,16,3
26,17,3
26,18,1
26,19,1
26,20,1
26,21,1
26,22,1
26,23,1
26,24,1
26,25,4
26,26,4
26,27,4
26,28,4
26,29,1
26,30,1
27,0,4
27,1,4
27,2,4
27,3,4
27,4,4
27,5,4
27,6,4
27,7,4
27,8,4
27,9,4
27,10,4
27,11,3
27,12,3
27,13,3
27,14,3
27,15,3
27,16,3
27,17,3
27,18,3
27,19,1
27,20,1
27,21,1
27,22,1
27,23,1
27,24,4
27,25,4
27,26,4
27,27,4
27,28,4
27,29,1
27,30,1
28,0,4
28,1,4
28,2,4
28,3,4
28,4,4
28,5,4
28,6,4
28,7,4
28,8,4
28,9,4
28,10,3
28,11,3
28,12,3
28,13,3
28,14,4
28,15,4
28,16,3
28,17,3
28,18,3
28,19,1
28,20,1
28,21,1
28,22,1
28,23,4
28,24,4
28,25,4
28,26,4
28,27,4
28,28,4
28,29,1
28,30,1
29,0,3
29,1,3
29,2,3
29,3,3
29,4,3
29,5,3
29,6,3
29,7,3
29,8,3
29,9,3
29,10,3
29,11,3
29,12,3
29,13,4
29,14,4
29,15,4
29,16,4
29,17,3
29,18,3
29,19,1
29,20,1
29,21,1
29,22,4
29,23,4
29,24,4
29,25,4
29,26,4
29,27,4
29,28,4
29,29,1
29,30,1
30,0,3
30,1,3
30,2,3
30,3,3
30,4,3
30,5,3
30,6,3
30,7,3
30,8,3
30,9,3
30,10,3
30,11,3
30,12,3
30,13,4
30,14,4
30,15,4
30,16,4
30,17,3
30,18,3
30,19,1
30,20,1
30,21,1
30,22,4
30,23,4
30,24,4
30,25,4
30,26,4
30,27,4
30,28,4
30,29,1
30,30,1