6
8
7
4
2,2
2,12
12,12
12,22
22,2
22,22
4,5,2
0,4,2
1,2,2
1,3,2
0,1,2
2,5,1
2,3,1
0,2,1
0,0,1
0,1,1
0,2,1
0,3,1
0,4,1
0,5,1
0,6,1
0,7,3
0,8,3
0,9,4
0,10,4
0,11,4
0,12,4
0,13,4
0,14,4
0,15,4
0,16,3
0,17,3
0,18,3
0,19,3
0,20,3
0,21,3
0,22,3
0,23,3
0,24,1
0,25,1
0,26,1
0,27,3
0,28,3
0,29,1
0,30,1
1,0,1
1,1,1
1,2,1
1,3,1
1,4,1
1,5,1
1,6,1
1,7,3
1,8,3
1,9,4
1,10,4
1,11,4
1,12,4
1,13,4
1,14,4
1,15,4
1,16,3
1,17,3
1,18,3
1,19,3
1,20,3
1,21,3
1,22,3
1,23,3
1,24,1
1,25,1
1,26,1
1,27,3
1,28,3
1,29,1
1,30,1
2,0,1
2,1,1
2,2,1
2,3,1
2,4,1
2,5,1
2,6,1
2,7,3
2,8,3
2,9,3
2,10,4
2,11,4
2,12,4
2,13,4
2,14,4
2,15,4
2,16,3
2,17,3
2,18,3
2,19,4
2,20,4
2,21,3
2,22,3
2,23,1
2,24,1
2,25,1
2,26,3
2,27,3
2,28,3
2,29,1
2,30,1
3,0,1
3,1,1
3,2,1
3,3,1
3,4,1
3,5,1
3,6,3
3,7,3
3,8,3
3,9,3
3,10,4
3,11,4
3,12,4
3,13,4
3,14,4
3,15,4
3,16,3
3,17,3
3,18,4
3,19,4
3,20,4
3,21,4
3,22,1
3,23,1
3,24,1
3,25,1
3,26,3
3,27,3
3,28,3
3,29,1
3,30,1
4,0,1
4,1,1
4,2,1
4,3,1
4,4,1
4,5,3
4,6,3
4,7,3
4,8,3
4,9,3
4,10,4
4,11,4
4,12,4
4,13,4
4,14,4
4,15,4
4,16,3
4,17,3
4,18,4
4,19,4
4,20,4
4,21,4
4,22,1
4,23,1
4,24,1
4,25,1
4,26,3
4,27,3
4,28,3
4,29,1
4,30,1
5,0,1
5,1,1
5,2,1
5,3,1
5,4,1
5,5,3
5,6,3
5,7,3
5,8,3
5,9,2
5,10,2
5,11,4
5,12,4
5,13,4
5,14,4
5,15,4
5,16,3
5,17,3
5,18,4
5,19,4
5,20,4
5,21,4
5,22,1
5,23,1
5,24,1
5,25,1
5,26,3
5,27,3
5,28,3
5,29,1
5,30,1
6,0,4
6,1,4
6,2,1
6,3,1
6,4,2
6,5,2
6,6,3
6,7,3
6,8,2
6,9,2
6,10,2
6,11,2
6,12,4
6,13,4
6,14,4
6,15,4
6,16,3
6,17,3
6,18,3
6,19,4
6,20,4
6,21,3
6,22,3
6,23,1
6,24,1
6,25,3
6,26,3
6,27,3
6,28,1
6,29,1
6,30,1
7,0,4
7,1,4
7,2,4
7,3,2
7,4,2
7,5,2
7,6,2
7,7,2
7,8,2
7,9,2
7,10,2
7,11,2
7,12,4
7,13,4
7,14,4
7,15,4
7,16,3
7,17,3
7,18,3
7,19,3
7,20,3
7,21,3
7,22,3
7,23,3
7,24,3
7,25,3
7,26,3
7,27,3
7,28,1
7,29,1
7,30,1
8,0,4
8,1,4
8,2,4
8,3,2
8,4,2
8,5,2
8,6,2
8,7,2
8,8,2
8,9,2
8,10,2
8,11,4
8,12,4
8,13,4
8,14,4
8,15,4
8,16,4
8,17,3
8,18,3
8,19,3
8,20,3
8,21,3
8,22,3
8,23,3
8,24,3
8,25,3
8,26,3
8,27,2
8,28,2
8,29,1
8,30,1
9,0,4
9,1,4
9,2,3
9,3,3
9,4,2
9,5,2
9,6,2
9,7,2
9,8,2
9,9,2
9,10,4
9,11,4
9,12,4
9,13,4
9,14,4
9,15,4
9,16,4
9,17,1
9,18,1
9,19,3
9,20,3
9,21,2
9,22,2
9,23,2
9,24,2
9,25,2
9,26,2
9,27,2
9,28,2
9,29,2
9,30,2
10,0,3
10,1,3
10,2,3
10,3,3
10,4,3
10,5,3
10,6,3
10,7,2
10,8,2
10,9,4
10,10,4
10,11,4
10,12,4
10,13,4
10,14,4
10,15,4
10,16,1
10,17,1
10,18,1
10,19,1
10,20,2
10,21,2
10,22,2
10,23,2
10,24,2
10,25,2
10,26,2
10,27,2
10,28,2
10,29,2
10,30,2
11,0,3
11,1,3
11,2,3
11,3,3
11,4,3
11,5,3
11,6,3
11,7,3
11,8,4
11,9,4
11,10,4
11,11,4
11,12,4
11,13,4
11,14,4
11,15,4
11,16,1
11,17,1
11,18,1
11,19,1
11,20,2
11,21,2
11,22,2
11,23,2
11,24,2
11,25,2
11,26,4
11,27,4
11,28,2
11,29,2
11,30,2
12,0,3
12,1,3
12,2,3
12,3,3
12,4,3
12,5,3
12,6,3
12,7,3
12,8,4
12,9,4
12,10,4
12,11,4
12,12,4
12,13,4
12,14,4
12,15,4
12,16,4
12,17,1
12,18,1
12,19,2
12,20,2
12,21,2
12,22,2
12,23,2
12,24,2
12,25,4
12,26,4
12,27,4
12,28,4
12,29,4
12,30,4
13,0,3
13,1,3
13,2,3
13,3,2
13,4,2
13,5,3
13,6,3
13,7,1
13,8,1
13,9,4
13,10,4
13,11,4
13,12,4
13,13,4
13,14,4
13,15,4
13,16,4
13,17,4
13,18,2
13,19,2
13,20,2
13,21,2
13,22,2
13,23,2
13,24,2
13,25,4
13,26,4
13,27,4
13,28,4
13,29,4
13,30,4
14,0,3
14,1,3
14,2,2
14,3,2
14,4,2
14,5,2
14,6,1
14,7,1
14,8,1
14,9,1
14,10,4
14,11,4
14,12,4
14,13,4
14,14,4
14,15,4
14,16,4
14,17,4
14,18,2
14,19,2
14,20,2
14,21,2
14,22,2
14,23,2
14,24,2
14,25,2
14,26,4
14,27,4
14,28,4
14,29,4
14,30,4
15,0,4
15,1,4
15,2,2
15,3,2
15,4,2
15,5,2
15,6,1
15,7,1
15,8,1
15,9,1
15,10,1
15,11,1
15,12,1
15,13,1
15,14,1
15,15,4
15,16,4
15,17,3
15,18,3
15,19,2
15,20,2
15,21,3
15,22,3
15,23,2
15,24,2
15,25,2
15,26,2
15,27,4
15,28,4
15,29,4
15,30,4
16,0,4
16,1,4
16,2,4
16,3,2
16,4,2
16,5,4
16,6,4
16,7,1
16,8,1
16,9,1
16,10,1
16,11,1
16,12,1
16,13,1
16,14,1
16,15,1
16,16,3
16,17,3
16,18,3
16,19,3
16,20,3
16,21,3
16,22,3
16,23,3
16,24,2
16,25,2
16,26,2
16,27,2
16,28,4
16,29,4
16,30,4
17,0,4
17,1,4
17,2,4
17,3,4
17,4,4
17,5,4
17,6,4
17,7,4
17,8,4
17,9,4
17,10,4
17,11,4
17,12,4
17,13,1
17,14,1
17,15,1
17,16,3
17,17,3
17,18,3
17,19,3
17,20,3
17,21,3
17,22,3
17,23,3
17,24,3
17,25,2
17,26,2
17,27,2
17,28,2
17,29,2
17,30,2
18,0,4
18,1,4
18,2,4
18,3,4
18,4,4
18,5,4
18,6,4
18,7,4
18,8,4
18,9,4
18,10,4
18,11,4
18,12,4
18,13,4
18,14,1
18,15,1
18,16,3
18,17,3
18,18,3
18,19,3
18,20,3
18,21,3
18,22,3
18,23,3
18,24,3
18,25,2
18,26,2
18,27,2
18,28,2
18,29,2
18,30,2
19,0,4
19,1,4
19,2,1
19,3,1
19,4,4
19,5,4
19,6,4
19,7,4
19,8,3
19,9,3
19,10,3
19,11,4
19,12,4
19,13,4
19,14,1
19,15,1
19,16,3
19,17,3
19,18,3
19,19,3
19,20,3
19,21,3
19,22,3
19,23,3
19,24,2
19,25,2
19,26,2
19,27,2
19,28,4
19,29,4
19,30,4
20,0,1
20,1,1
20,2,1
20,3,1
20,4,1
20,5,4
20,6,4
20,7,3
20,8,3
20,9,3
20,10,3
20,11,3
20,12,4
20,13,4
20,14,1
20,15,1
20,16,3
20,17,3
20,18,3
20,19,3
20,20,2
20,21,2
20,22,2
20,23,2
20,24,2
20,25,2
20,26,2
20,27,4
20,28,4
20,29,4
20,30,4
21,0,1
21,1,1
21,2,1
21,3,1
21,4,1
21,5,4
21,6,4
21,7,3
21,8,3
21,9,3
21,10,3
21,11,3
21,12,4
21,13,4
21,14,1
21,15,1
21,16,1
21,17,3
21,18,3
21,19,2
21,20,2
21,21,2
21,22,2
21,23,2
21,24,2
21,25,2
21,26,4
21,27,4
21,28,4
21,29,4
21,30,4
22,0,1
22,1,1
22,2,1
22,3,1
22,4,1
22,5,4
22,6,4
22,7,4
22,8,3
22,9,3
22,10,3
22,11,4
22,12,4
22,13,4
22,14,1
22,15,1
22,16,1
22,17,4
22,18,4
22,19,2
22,20,2
22,21,2
22,22,2
22,23,2
22,24,2
22,25,2
22,26,4
22,27,4
22,28,4
22,29,4
22,30,4
23,0,1
23,1,1
23,2,1
23,3,1
23,4,1
23,5,4
23,6,4
23,7,4
23,8,3
23,9,3
23,10,3
23,11,4
23,12,4
23,13,4
23,14,1
23,15,1
23,16,4
23,17,4
23,18,4
23,19,4
23,20,2
23,21,2
23,22,2
23,23,2
23,24,2
23,25,2
23,26,2
23,27,4
23,28,4
23,29,4
23,30,4
24,0,1
24,1,1
24,2,1
24,3,1
24,4,1
24,5,4
24,6,4
24,7,3
24,8,3
24,9,3
24,10,4
24,11,4
24,12,4
24,13,1
24,14,1
24,15,1
24,16,4
24,17,4
24,18,4
24,19,4
24,20,2
24,21,2
24,22,2
24,23,2
24,24,2
24,25,2
24,26,2
24,27,2
24,28,4
24,29,4
24,30,4
25,0,1
25,1,1
25,2,1
25,3,1
25,4,1
25,5,4
25,6,4
25,7,3
25,8,3
25,9,3
25,10,4
25,11,4
25,12,4
25,13,1
25,14,1
25,15,1
25,16,4
25,17,4
25,18,4
25,19,4
25,20,4
25,21,2
25,22,2
25,23,4
25,24,4
25,25,2
25,26,2
25,27,2
25,28,2
25,29,4
25,30,4
26,0,1
26,1,1
26,2,1
26,3,1
26,4,1
26,5,4
26,6,4
26,7,3
26,8,3
26,9,4
26,10,4
26,11,4
26,12,1
26,13,1
26,14,1
26,15,1
26,16,4
26,17,4
26,18,4
26,19,4
26,20,4
26,21,4
26,22,4
26,23,4
26,24,4
26,25,4
26,26,2
26,27,2
26,28,2
26,29,2
26,30,2
27,0,2
27,1,2
27,2,1
27,3,1
27,4,1
27,5,4
27,6,4
27,7,3
27,8,3
27,9,4
27,10,4
27,11,4
27,12,1
27,13,1
27,14,1
27,15,2
27,16,2
27,17,4
27,18,4
27,19,4
27,20,4
27,21,4
27,22,4
27,23,4
27,24,4
27,25,4
27,26,2
27,27,2
27,28,2
27,29,2
27,30,2
28,0,2
28,1,2
28,2,2
28,3,1
28,4,1
28,5,4
28,6,4
28,7,3
28,8,3
28,9,4
28,10,4
28,11,4
28,12,1
28,13,1
28,14,2
28,15,2
28,16,2
28,17,2
28,18,2
28,19,4
28,20,4
28,21,4
28,22,4
28,23,4
28,24,4
28,25,3
28,26,3
28,27,2
28,28,2
28,29,1
28,30,1
29,0,2
29,1,2
29,2,2
29,3,1
29,4,1
29,5,4
29,6,4
29,7,3
29,8,3
29,9,4
29,10,4
29,11,1
29,12,1
29,13,1
29,14,2
29,15,2
29,16,2
29,17,2
29,18,2
29,19,2
29,20,4
29,21,4
29,22,4
29,23,4
29,24,3
29,25,3
29,26,3
29,27,3
29,28,1
29,29,1
29,30,1
30,0,2
30,1,2
30,2,2
30,3,1
30,4,1
30,5,4
30,6,4
30,7,3
30,8,3
30,9,4
30,10,4
30,11,1
30,12,1
30,13,1
30,14,2
30,15,2
30,16,2
30,17,2
30,18,2
30,19,2
30,20,4
30,21,4
30,22,4
30,23,4
30,24,3
30,25,3
30,26,3
30,27,3
30,28,1
30,29,1
30,30,1