6
8
8
5
2,17
2,27
12,7
12,17
12,27
27,12
4,5,3
1,4,2
0,1,1
0,4,1
3,4,1
0,3,2
0,2,2
2,3,2
0,0,3
0,1,3
0,2,3
0,3,3
0,4,3
0,5,2
0,6,2
0,7,4
0,8,4
0,9,2
0,10,2
0,11,2
0,12,2
0,13,2
0,14,2
0,15,3
0,16,3
0,17,3
0,18,3
0,19,3
0,20,4
0,21,4
0,22,4
0,23,4
0,24,4
0,25,4
0,26,4
0,27,4
0,28,4
0,29,4
0,30,4
1,0,3
1,1,3
1,2,3
1,3,3
1,4,3
1,5,2
1,6,2
1,7,4
1,8,4
1,9,2
1,10,2
1,11,2
1,12,2
1,13,2
1,14,2
1,15,3
1,16,3
1,17,3
1,18,3
1,19,3
1,20,4
1,21,4
1,22,4
1,23,4
1,24,4
1,25,4
1,26,4
1,27,4
1,28,4
1,29,4
1,30,4
2,0,3
2,1,3
2,2,3
2,3,3
2,4,3
2,5,2
2,6,2
2,7,4
2,8,4
2,9,2
2,10,2
2,11,2
2,12,2
2,13,2
2,14,2
2,15,3
2,16,3
2,17,3
2,18,3
2,19,3
2,20,3
2,21,4
2,22,4
2,23,4
2,24,4
2,25,4
2,26,4
2,27,4
2,28,4
2,29,4
2,30,4
3,0,3
3,1,3
3,2,3
3,3,3
3,4,2
3,5,2
3,6,2
3,7,4
3,8,4
3,9,4
3,10,2
3,11,2
3,12,2
3,13,2
3,14,3
3,15,3
3,16,3
3,17,3
3,18,3
3,19,3
3,20,3
3,21,3
3,22,4
3,23,4
3,24,4
3,25,4
3,26,4
3,27,4
3,28,4
3,29,4
3,30,4
4,0,2
4,1,2
4,2,2
4,3,2
4,4,2
4,5,2
4,6,2
4,7,4
4,8,4
4,9,4
4,10,4
4,11,4
4,12,4
4,13,4
4,14,3
4,15,3
4,16,3
4,17,3
4,18,3
4,19,3
4,20,3
4,21,3
4,22,1
4,23,1
4,24,4
4,25,4
4,26,4
4,27,4
4,28,4
4,29,4
4,30,4
5,0,2
5,1,2
5,2,2
5,3,2
5,4,2
5,5,2
5,6,1
5,7,1
5,8,4
5,9,4
5,10,4
5,11,4
5,12,4
5,13,4
5,14,4
5,15,3
5,16,3
5,17,4
5,18,4
5,19,3
5,20,3
5,21,1
5,22,1
5,23,1
5,24,1
5,25,4
5,26,4
5,27,4
5,28,4
5,29,4
5,30,4
6,0,1
6,1,1
6,2,1
6,3,1
6,4,1
6,5,1
6,6,1
6,7,1
6,8,1
6,9,1
6,10,1
6,11,4
6,12,4
6,13,4
6,14,4
6,15,4
6,16,4
6,17,4
6,18,4
6,19,4
6,20,1
6,21,1
6,22,1
6,23,1
6,24,1
6,25,2
6,26,2
6,27,4
6,28,4
6,29,4
6,30,4
7,0,1
7,1,1
7,2,1
7,3,1
7,4,1
7,5,1
7,6,1
7,7,1
7,8,1
7,9,1
7,10,1
7,11,1
7,12,4
7,13,4
7,14,4
7,15,4
7,16,4
7,17,4
7,18,4
7,19,4
7,20,1
7,21,1
7,22,1
7,23,1
7,24,2
7,25,2
7,26,2
7,27,2
7,28,2
7,29,2
7,30,2
8,0,4
8,1,4
8,2,1
8,3,1
8,4,3
8,5,3
8,6,3
8,7,3
8,8,1
8,9,1
8,10,1
8,11,1
8,12,2
8,13,2
8,14,4
8,15,4
8,16,4
8,17,4
8,18,4
8,19,1
8,20,1
8,21,1
8,22,1
8,23,2
8,24,2
8,25,2
8,26,2
8,27,2
8,28,2
8,29,2
8,30,2
9,0,4
9,1,4
9,2,4
9,3,3
9,4,3
9,5,3
9,6,3
9,7,3
9,8,3
9,9,1
9,10,1
9,11,2
9,12,2
9,13,2
9,14,2
9,15,4
9,16,4
9,17,4
9,18,4
9,19,1
9,20,1
9,21,1
9,22,1
9,23,2
9,24,2
9,25,2
9,26,1
9,27,1
9,28,1
9,29,1
9,30,1
10,0,4
10,1,4
10,2,4
10,3,3
10,4,3
10,5,3
10,6,3
10,7,3
10,8,3
10,9,3
10,10,3
10,11,2
10,12,2
10,13,2
10,14,2
10,15,4
10,16,4
10,17,4
10,18,4
10,19,4
10,20,1
10,21,1
10,22,1
10,23,2
10,24,2
10,25,1
10,26,1
10,27,1
10,28,1
10,29,1
10,30,1
11,0,4
11,1,4
11,2,4
11,3,3
11,4,3
11,5,3
11,6,3
11,7,3
11,8,3
11,9,3
11,10,3
11,11,3
11,12,2
11,13,2
11,14,4
11,15,4
11,16,4
11,17,4
11,18,4
11,19,4
11,20,1
11,21,1
11,22,1
11,23,2
11,24,2
11,25,1
11,26,1
11,27,1
11,28,1
11,29,1
11,30,1
12,0,4
12,1,4
12,2,2
12,3,2
12,4,3
12,5,3
12,6,3
12,7,3
12,8,3
12,9,3
12,10,3
12,11,3
12,12,1
12,13,1
12,14,4
12,15,4
12,16,4
12,17,4
12,18,4
12,19,4
12,20,1
12,21,1
12,22,1
12,23,2
12,24,2
12,25,1
12,26,1
12,27,1
12,28,1
12,29,1
12,30,1
13,0,2
13,1,2
13,2,2
13,3,2
13,4,2
13,5,3
13,6,3
13,7,3
13,8,3
13,9,3
13,10,3
13,11,1
13,12,1
13,13,1
13,14,1
13,15,4
13,16,4
13,17,4
13,18,4
13,19,4
13,20,1
13,21,1
13,22,2
13,23,2
13,24,2
13,25,1
13,26,1
13,27,1
13,28,1
13,29,1
13,30,1
14,0,2
14,1,2
14,2,2
14,3,2
14,4,2
14,5,3
14,6,3
14,7,3
14,8,3
14,9,3
14,10,3
14,11,1
14,12,1
14,13,1
14,14,1
14,15,4
14,16,4
14,17,4
14,18,4
14,19,4
14,20,1
14,21,1
14,22,2
14,23,2
14,24,2
14,25,1
14,26,1
14,27,1
14,28,1
14,29,1
14,30,1
15,0,4
15,1,4
15,2,2
15,3,2
15,4,4
15,5,4
15,6,3
15,7,3
15,8,3
15,9,3
15,10,4
15,11,4
15,12,1
15,13,1
15,14,4
15,15,4
15,16,4
15,17,4
15,18,4
15,19,4
15,20,1
15,21,1
15,22,2
15,23,2
15,24,2
15,25,2
15,26,1
15,27,1
15,28,1
15,29,1
15,30,1
16,0,4
16,1,4
16,2,4
16,3,4
16,4,4
16,5,4
16,6,4
16,7,3
16,8,3
16,9,4
16,10,4
16,11,4
16,12,4
16,13,4
16,14,4
16,15,4
16,16,4
16,17,4
16,18,4
16,19,1
16,20,1
16,21,1
16,22,2
16,23,2
16,24,2
16,25,2
16,26,1
16,27,1
16,28,1
16,29,1
16,30,1
17,0,4
17,1,4
17,2,4
17,3,4
17,4,4
17,5,4
17,6,4
17,7,2
17,8,2
17,9,4
17,10,4
17,11,4
17,12,4
17,13,4
17,14,4
17,15,4
17,16,4
17,17,1
17,18,1
17,19,1
17,20,1
17,21,1
17,22,1
17,23,2
17,24,2
17,25,1
17,26,1
17,27,1
17,28,1
17,29,1
17,30,1
18,0,2
18,1,2
18,2,4
18,3,4
18,4,4
18,5,4
18,6,2
18,7,2
18,8,2
18,9,2
18,10,4
18,11,4
18,12,4
18,13,4
18,14,4
18,15,4
18,16,1
18,17,1
18,18,1
18,19,1
18,20,1
18,21,1
18,22,1
18,23,1
18,24,1
18,25,1
18,26,1
18,27,1
18,28,1
18,29,1
18,30,1
19,0,2
19,1,2
19,2,2
19,3,4
19,4,4
19,5,2
19,6,2
19,7,2
19,8,2
19,9,2
19,10,1
19,11,1
19,12,4
19,13,4
19,14,3
19,15,3
19,16,1
19,17,1
19,18,1
19,19,1
19,20,1
19,21,1
19,22,1
19,23,1
19,24,1
19,25,1
19,26,1
19,27,1
19,28,1
19,29,1
19,30,1
20,0,2
20,1,2
20,2,2
20,3,1
20,4,1
20,5,2
20,6,2
20,7,2
20,8,2
20,9,1
20,10,1
20,11,1
20,12,1
20,13,3
20,14,3
20,15,3
20,16,3
20,17,1
20,18,1
20,19,3
20,20,3
20,21,3
20,22,1
20,23,1
20,24,2
20,25,2
20,26,1
20,27,1
20,28,1
20,29,1
20,30,1
21,0,2
21,1,2
21,2,1
21,3,1
21,4,1
21,5,1
21,6,2
21,7,2
21,8,1
21,9,1
21,10,1
21,11,1
21,12,1
21,13,3
21,14,3
21,15,3
21,16,3
21,17,3
21,18,3
21,19,3
21,20,3
21,21,3
21,22,3
21,23,2
21,24,2
21,25,2
21,26,2
21,27,1
21,28,1
21,29,1
21,30,1
22,0,2
22,1,2
22,2,1
22,3,1
22,4,1
22,5,1
22,6,3
22,7,3
22,8,1
22,9,1
22,10,1
22,11,1
22,12,1
22,13,1
22,14,3
22,15,3
22,16,3
22,17,3
22,18,3
22,19,3
22,20,3
22,21,3
22,22,3
22,23,2
22,24,2
22,25,2
22,26,2
22,27,2
22,28,1
22,29,1
22,30,1
23,0,2
23,1,2
23,2,2
23,3,1
23,4,1
23,5,3
23,6,3
23,7,3
23,8,3
23,9,1
23,10,1
23,11,1
23,12,1
23,13,1
23,14,2
23,15,2
23,16,3
23,17,3
23,18,3
23,19,3
23,20,3
23,21,3
23,22,3
23,23,2
23,24,2
23,25,2
23,26,2
23,27,2
23,28,2
23,29,2
23,30,2
24,0,2
24,1,2
24,2,2
24,3,3
24,4,3
24,5,3
24,6,3
24,7,3
24,8,3
24,9,3
24,10,1
24,11,1
24,12,1
24,13,2
24,14,2
24,15,2
24,16,2
24,17,3
24,18,3
24,19,3
24,20,3
24,21,3
24,22,2
24,23,2
24,24,2
24,25,2
24,26,2
24,27,2
24,28,2
24,29,2
24,30,2
25,0,2
25,1,2
25,2,3
25,3,3
25,4,3
25,5,3
25,6,3
25,7,3
25,8,3
25,9,3
25,10,2
25,11,2
25,12,2
25,13,2
25,14,2
25,15,2
25,16,2
25,17,3
25,18,3
25,19,3
25,20,2
25,21,2
25,22,2
25,23,2
25,24,2
25,25,4
25,26,4
25,27,2
25,28,2
25,29,4
25,30,4
26,0,1
26,1,1
26,2,3
26,3,3
26,4,3
26,5,3
26,6,3
26,7,3
26,8,3
26,9,2
26,10,2
26,11,2
26,12,2
26,13,2
26,14,2
26,15,2
26,16,3
26,17,3
26,18,3
26,19,2
26,20,2
26,21,2
26,22,2
26,23,2
26,24,4
26,25,4
26,26,4
26,27,4
26,28,4
26,29,4
26,30,4
27,0,1
27,1,1
27,2,1
27,3,3
27,4,3
27,5,3
27,6,3
27,7,4
27,8,4
27,9,2
27,10,2
27,11,2
27,12,2
27,13,2
27,14,2
27,15,3
27,16,3
27,17,3
27,18,3
27,19,2
27,20,2
27,21,2
27,22,1
27,23,1
27,24,4
27,25,4
27,26,4
27,27,4
27,28,4
27,29,4
27,30,4
28,0,1
28,1,1
28,2,1
28,3,1
28,4,3
28,5,3
28,6,4
28,7,4
28,8,4
28,9,4
28,10,2
28,11,2
28,12,2
28,13,2
28,14,2
28,15,3
28,16,3
28,17,3
28,18,2
28,19,2
28,20,2
28,21,1
28,22,1
28,23,1
28,24,1
28,25,4
28,26,4
28,27,4
28,28,4
28,29,1
28,30,1
29,0,1
29,1,1
29,2,1
29,3,1
29,4,1
29,5,4
29,6,4
29,7,4
29,8,4
29,9,4
29,10,2
29,11,2
29,12,2
29,13,2
29,14,2
29,15,3
29,16,3
29,17,2
29,18,2
29,19,2
29,20,2
29,21,1
29,22,1
29,23,1
29,24,1
29,25,4
29,26,4
29,27,4
29,28,1
29,29,1
29,30,1
30,0,1
30,1,1
30,2,1
30,3,1
30,4,1
30,5,4
30,6,4
30,7,4
30,8,4
30,9,4
30,10,2
30,11,2
30,12,2
30,13,2
30,14,2
30,15,3
30,16,3
30,17,2
30,18,2
30,19,2
30,20,2
30,21,1
30,22,1
30,23,1
30,24,1
30,25,4
30,26,4
30,27,4
30,28,1
30,29,1
30,30,1