5
6
7
2
2,17
17,2
17,17
27,12
27,27
2,4,2
0,2,3
1,2,3
3,4,4
1,3,1
0,1,1
0,0,4
0,1,4
0,2,4
0,3,4
0,4,4
0,5,4
0,6,4
0,7,2
0,8,2
0,9,3
0,10,3
0,11,4
0,12,4
0,13,4
0,14,4
0,15,4
0,16,4
0,17,4
0,18,4
0,19,4
0,20,1
0,21,1
0,22,1
0,23,4
0,24,4
0,25,4
0,26,4
0,27,4
0,28,4
0,29,4
0,30,4
1,0,4
1,1,4
1,2,4
1,3,4
1,4,4
1,5,4
1,6,4
1,7,2
1,8,2
1,9,3
1,10,3
1,11,4
1,12,4
1,13,4
1,14,4
1,15,4
1,16,4
1,17,4
1,18,4
1,19,4
1,20,1
1,21,1
1,22,1
1,23,4
1,24,4
1,25,4
1,26,4
1,27,4
1,28,4
1,29,4
1,30,4
2,0,4
2,1,4
2,2,4
2,3,4
2,4,4
2,5,4
2,6,2
2,7,2
2,8,2
2,9,3
2,10,3
2,11,4
2,12,4
2,13,4
2,14,4
2,15,4
2,16,4
2,17,4
2,18,4
2,19,4
2,20,1
2,21,1
2,22,1
2,23,4
2,24,4
2,25,4
2,26,4
2,27,1
2,28,1
2,29,4
2,30,4
3,0,1
3,1,1
3,2,1
3,3,4
3,4,4
3,5,2
3,6,2
3,7,2
3,8,2
3,9,3
3,10,3
3,11,3
3,12,4
3,13,4
3,14,4
3,15,4
3,16,4
3,17,4
3,18,4
3,19,4
3,20,4
3,21,1
3,22,1
3,23,1
3,24,4
3,25,4
3,26,1
3,27,1
3,28,1
3,29,1
3,30,1
4,0,1
4,1,1
4,2,1
4,3,1
4,4,1
4,5,2
4,6,2
4,7,2
4,8,2
4,9,3
4,10,3
4,11,3
4,12,3
4,13,4
4,14,4
4,15,4
4,16,4
4,17,4
4,18,4
4,19,4
4,20,4
4,21,1
4,22,1
4,23,1
4,24,1
4,25,1
4,26,1
4,27,1
4,28,1
4,29,1
4,30,1
5,0,1
5,1,1
5,2,1
5,3,1
5,4,1
5,5,1
5,6,2
5,7,2
5,8,3
5,9,3
5,10,3
5,11,3
5,12,3
5,13,3
5,14,3
5,15,3
5,16,3
5,17,4
5,18,4
5,19,4
5,20,4
5,21,4
5,22,1
5,23,1
5,24,1
5,25,1
5,26,1
5,27,1
5,28,1
5,29,1
5,30,1
6,0,1
6,1,1
6,2,1
6,3,1
6,4,1
6,5,1
6,6,3
6,7,3
6,8,3
6,9,3
6,10,3
6,11,3
6,12,3
6,13,3
6,14,3
6,15,3
6,16,3
6,17,3
6,18,3
6,19,4
6,20,4
6,21,4
6,22,4
6,23,4
6,24,4
6,25,4
6,26,4
6,27,4
6,28,4
6,29,4
6,30,4
7,0,1
7,1,1
7,2,1
7,3,1
7,4,1
7,5,3
7,6,3
7,7,3
7,8,3
7,9,3
7,10,3
7,11,3
7,12,3
7,13,1
7,14,1
7,15,3
7,16,3
7,17,3
7,18,3
7,19,3
7,20,4
7,21,4
7,22,4
7,23,4
7,24,4
7,25,4
7,26,4
7,27,4
7,28,4
7,29,4
7,30,4
8,0,1
8,1,1
8,2,2
8,3,2
8,4,2
8,5,3
8,6,3
8,7,3
8,8,3
8,9,3
8,10,3
8,11,1
8,12,1
8,13,1
8,14,1
8,15,1
8,16,1
8,17,3
8,18,3
8,19,3
8,20,3
8,21,4
8,22,4
8,23,4
8,24,4
8,25,2
8,26,2
8,27,4
8,28,4
8,29,3
8,30,3
9,0,2
9,1,2
9,2,2
9,3,2
9,4,2
9,5,2
9,6,3
9,7,3
9,8,3
9,9,3
9,10,1
9,11,1
9,12,1
9,13,1
9,14,1
9,15,1
9,16,1
9,17,1
9,18,3
9,19,3
9,20,3
9,21,3
9,22,4
9,23,4
9,24,2
9,25,2
9,26,2
9,27,2
9,28,3
9,29,3
9,30,3
10,0,2
10,1,2
10,2,2
10,3,2
10,4,2
10,5,2
10,6,2
10,7,2
10,8,2
10,9,2
10,10,1
10,11,1
10,12,1
10,13,1
10,14,1
10,15,1
10,16,1
10,17,1
10,18,3
10,19,3
10,20,3
10,21,3
10,22,1
10,23,1
10,24,2
10,25,2
10,26,2
10,27,2
10,28,3
10,29,3
10,30,3
11,0,2
11,1,2
11,2,2
11,3,2
11,4,2
11,5,2
11,6,2
11,7,2
11,8,2
11,9,2
11,10,2
11,11,1
11,12,1
11,13,1
11,14,1
11,15,1
11,16,1
11,17,1
11,18,1
11,19,3
11,20,3
11,21,1
11,22,1
11,23,1
11,24,1
11,25,2
11,26,2
11,27,3
11,28,3
11,29,3
11,30,3
12,0,2
12,1,2
12,2,2
12,3,2
12,4,2
12,5,3
12,6,3
12,7,2
12,8,2
12,9,2
12,10,2
12,11,2
12,12,1
12,13,1
12,14,1
12,15,1
12,16,1
12,17,1
12,18,1
12,19,1
12,20,1
12,21,1
12,22,1
12,23,1
12,24,1
12,25,4
12,26,4
12,27,3
12,28,3
12,29,3
12,30,3
13,0,2
13,1,2
13,2,2
13,3,2
13,4,3
13,5,3
13,6,3
13,7,3
13,8,2
13,9,2
13,10,2
13,11,2
13,12,1
13,13,1
13,14,1
13,15,1
13,16,1
13,17,1
13,18,1
13,19,1
13,20,1
13,21,1
13,22,1
13,23,1
13,24,4
13,25,4
13,26,4
13,27,4
13,28,3
13,29,3
13,30,3
14,0,2
14,1,2
14,2,2
14,3,2
14,4,3
14,5,3
14,6,3
14,7,3
14,8,3
14,9,2
14,10,2
14,11,1
14,12,1
14,13,1
14,14,1
14,15,1
14,16,1
14,17,1
14,18,1
14,19,1
14,20,1
14,21,1
14,22,1
14,23,1
14,24,4
14,25,4
14,26,4
14,27,4
14,28,2
14,29,2
14,30,2
15,0,2
15,1,2
15,2,2
15,3,2
15,4,2
15,5,3
15,6,3
15,7,3
15,8,3
15,9,4
15,10,4
15,11,1
15,12,1
15,13,1
15,14,1
15,15,2
15,16,2
15,17,2
15,18,2
15,19,2
15,20,1
15,21,1
15,22,1
15,23,2
15,24,2
15,25,4
15,26,4
15,27,2
15,28,2
15,29,2
15,30,2
16,0,2
16,1,2
16,2,2
16,3,2
16,4,2
16,5,2
16,6,3
16,7,3
16,8,4
16,9,4
16,10,4
16,11,4
16,12,1
16,13,1
16,14,2
16,15,2
16,16,2
16,17,2
16,18,2
16,19,2
16,20,2
16,21,2
16,22,2
16,23,2
16,24,2
16,25,2
16,26,2
16,27,2
16,28,2
16,29,2
16,30,2
17,0,2
17,1,2
17,2,2
17,3,2
17,4,2
17,5,2
17,6,4
17,7,4
17,8,4
17,9,4
17,10,4
17,11,4
17,12,3
17,13,3
17,14,2
17,15,2
17,16,2
17,17,2
17,18,2
17,19,2
17,20,2
17,21,2
17,22,2
17,23,2
17,24,2
17,25,2
17,26,2
17,27,2
17,28,2
17,29,2
17,30,2
18,0,2
18,1,2
18,2,2
18,3,2
18,4,2
18,5,4
18,6,4
18,7,4
18,8,4
18,9,4
18,10,4
18,11,3
18,12,3
18,13,3
18,14,3
18,15,2
18,16,2
18,17,2
18,18,2
18,19,2
18,20,2
18,21,4
18,22,4
18,23,4
18,24,4
18,25,4
18,26,2
18,27,2
18,28,2
18,29,4
18,30,4
19,0,2
19,1,2
19,2,2
19,3,2
19,4,2
19,5,4
19,6,4
19,7,4
19,8,4
19,9,1
19,10,1
19,11,3
19,12,3
19,13,3
19,14,3
19,15,2
19,16,2
19,17,2
19,18,2
19,19,2
19,20,4
19,21,4
19,22,4
19,23,4
19,24,4
19,25,4
19,26,4
19,27,4
19,28,4
19,29,4
19,30,4
20,0,2
20,1,2
20,2,2
20,3,2
20,4,1
20,5,1
20,6,4
20,7,4
20,8,1
20,9,1
20,10,1
20,11,1
20,12,3
20,13,3
20,14,4
20,15,4
20,16,2
20,17,2
20,18,2
20,19,2
20,20,4
20,21,4
20,22,4
20,23,4
20,24,4
20,25,4
20,26,4
20,27,4
20,28,4
20,29,4
20,30,4
21,0,2
21,1,2
21,2,1
21,3,1
21,4,1
21,5,1
21,6,1
21,7,1
21,8,1
21,9,1
21,10,1
21,11,1
21,12,1
21,13,4
21,14,4
21,15,4
21,16,4
21,17,2
21,18,2
21,19,4
21,20,4
21,21,4
21,22,4
21,23,4
21,24,1
21,25,1
21,26,4
21,27,4
21,28,4
21,29,4
21,30,4
22,0,1
22,1,1
22,2,1
22,3,1
22,4,1
22,5,1
22,6,1
22,7,1
22,8,1
22,9,1
22,10,1
22,11,1
22,12,1
22,13,4
22,14,4
22,15,4
22,16,4
22,17,4
22,18,4
22,19,4
22,20,4
22,21,4
22,22,4
22,23,1
22,24,1
22,25,1
22,26,1
22,27,4
22,28,4
22,29,4
22,30,4
23,0,1
23,1,1
23,2,1
23,3,1
23,4,4
23,5,4
23,6,1
23,7,1
23,8,1
23,9,1
23,10,1
23,11,1
23,12,1
23,13,4
23,14,4
23,15,4
23,16,4
23,17,4
23,18,4
23,19,4
23,20,4
23,21,4
23,22,4
23,23,1
23,24,1
23,25,1
23,26,1
23,27,4
23,28,4
23,29,4
23,30,4
24,0,4
24,1,4
24,2,4
24,3,4
24,4,4
24,5,4
24,6,4
24,7,1
24,8,1
24,9,1
24,10,1
24,11,1
24,12,3
24,13,3
24,14,4
24,15,4
24,16,4
24,17,4
24,18,4
24,19,4
24,20,4
24,21,4
24,22,4
24,23,4
24,24,1
24,25,1
24,26,2
24,27,2
24,28,4
24,29,4
24,30,4
25,0,4
25,1,4
25,2,4
25,3,4
25,4,4
25,5,4
25,6,4
25,7,4
25,8,1
25,9,1
25,10,3
25,11,3
25,12,3
25,13,3
25,14,3
25,15,4
25,16,4
25,17,4
25,18,4
25,19,4
25,20,4
25,21,4
25,22,4
25,23,4
25,24,4
25,25,2
25,26,2
25,27,2
25,28,2
25,29,2
25,30,2
26,0,4
26,1,4
26,2,4
26,3,2
26,4,2
26,5,4
26,6,4
26,7,4
26,8,4
26,9,3
26,10,3
26,11,3
26,12,3
26,13,3
26,14,3
26,15,3
26,16,4
26,17,4
26,18,2
26,19,2
26,20,4
26,21,4
26,22,4
26,23,4
26,24,4
26,25,2
26,26,2
26,27,2
26,28,2
26,29,2
26,30,2
27,0,4
27,1,4
27,2,2
27,3,2
27,4,2
27,5,2
27,6,4
27,7,4
27,8,4
27,9,3
27,10,3
27,11,3
27,12,3
27,13,3
27,14,3
27,15,3
27,16,3
27,17,2
27,18,2
27,19,2
27,20,2
27,21,4
27,22,4
27,23,4
27,24,2
27,25,2
27,26,2
27,27,2
27,28,2
27,29,2
27,30,2
28,0,3
28,1,3
28,2,2
28,3,2
28,4,2
28,5,2
28,6,2
28,7,4
28,8,4
28,9,3
28,10,3
28,11,3
28,12,3
28,13,3
28,14,3
28,15,3
28,16,3
28,17,2
28,18,2
28,19,2
28,20,2
28,21,1
28,22,1
28,23,1
28,24,2
28,25,2
28,26,2
28,27,2
28,28,2
28,29,2
28,30,2
29,0,3
29,1,3
29,2,3
29,3,2
29,4,2
29,5,2
29,6,2
29,7,4
29,8,4
29,9,3
29,10,3
29,11,3
29,12,3
29,13,3
29,14,3
29,15,3
29,16,2
29,17,2
29,18,2
29,19,2
29,20,1
29,21,1
29,22,1
29,23,1
29,24,1
29,25,2
29,26,2
29,27,2
29,28,2
29,29,2
29,30,2
30,0,3
30,1,3
30,2,3
30,3,2
30,4,2
30,5,2
30,6,2
30,7,4
30,8,4
30,9,3
30,10,3
30,11,3
30,12,3
30,13,3
30,14,3
30,15,3
30,16,2
30,17,2
30,18,2
30,19,2
30,20,1
30,21,1
30,22,1
30,23,1
30,24,1
30,25,2
30,26,2
30,27,2
30,28,2
30,29,2
30,30,2