6
8
5
1
2,2
2,12
2,22
12,22
22,2
22,22
0,1,1
1,2,1
1,3,1
0,4,1
0,5,3
4,5,1
3,5,1
2,3,1
0,0,4
0,1,4
0,2,4
0,3,4
0,4,4
0,5,3
0,6,3
0,7,3
0,8,3
0,9,3
0,10,3
0,11,3
0,12,3
0,13,3
0,14,3
0,15,1
0,16,1
0,17,4
0,18,4
0,19,4
0,20,4
0,21,4
0,22,4
0,23,4
0,24,4
0,25,2
0,26,2
0,27,3
0,28,3
0,29,3
0,30,3
1,0,4
1,1,4
1,2,4
1,3,4
1,4,4
1,5,3
1,6,3
1,7,3
1,8,3
1,9,3
1,10,3
1,11,3
1,12,3
1,13,3
1,14,3
1,15,1
1,16,1
1,17,4
1,18,4
1,19,4
1,20,4
1,21,4
1,22,4
1,23,4
1,24,4
1,25,2
1,26,2
1,27,3
1,28,3
1,29,3
1,30,3
2,0,4
2,1,4
2,2,4
2,3,4
2,4,4
2,5,3
2,6,3
2,7,3
2,8,3
2,9,3
2,10,3
2,11,3
2,12,3
2,13,3
2,14,3
2,15,1
2,16,1
2,17,4
2,18,4
2,19,4
2,20,4
2,21,4
2,22,4
2,23,4
2,24,4
2,25,2
2,26,2
2,27,2
2,28,3
2,29,3
2,30,3
3,0,4
3,1,4
3,2,4
3,3,4
3,4,4
3,5,4
3,6,3
3,7,3
3,8,3
3,9,3
3,10,3
3,11,3
3,12,3
3,13,3
3,14,3
3,15,1
3,16,1
3,17,1
3,18,4
3,19,4
3,20,4
3,21,4
3,22,4
3,23,4
3,24,4
3,25,2
3,26,2
3,27,2
3,28,2
3,29,2
3,30,2
4,0,4
4,1,4
4,2,4
4,3,4
4,4,4
4,5,4
4,6,2
4,7,2
4,8,2
4,9,3
4,10,3
4,11,3
4,12,3
4,13,3
4,14,3
4,15,1
4,16,1
4,17,1
4,18,3
4,19,3
4,20,4
4,21,4
4,22,4
4,23,4
4,24,4
4,25,4
4,26,2
4,27,2
4,28,2
4,29,2
4,30,2
5,0,4
5,1,4
5,2,4
5,3,4
5,4,4
5,5,2
5,6,2
5,7,2
5,8,2
5,9,2
5,10,3
5,11,3
5,12,3
5,13,3
5,14,3
5,15,1
5,16,1
5,17,3
5,18,3
5,19,3
5,20,3
5,21,4
5,22,4
5,23,4
5,24,4
5,25,4
5,26,4
5,27,4
5,28,4
5,29,4
5,30,4
6,0,2
6,1,2
6,2,4
6,3,4
6,4,4
6,5,2
6,6,2
6,7,2
6,8,2
6,9,2
6,10,2
6,11,3
6,12,3
6,13,3
6,14,1
6,15,1
6,16,1
6,17,3
6,18,3
6,19,3
6,20,3
6,21,3
6,22,4
6,23,4
6,24,4
6,25,4
6,26,4
6,27,4
6,28,4
6,29,4
6,30,4
7,0,2
7,1,2
7,2,2
7,3,4
7,4,4
7,5,4
7,6,2
7,7,2
7,8,2
7,9,2
7,10,2
7,11,3
7,12,3
7,13,3
7,14,1
7,15,1
7,16,1
7,17,1
7,18,3
7,19,3
7,20,3
7,21,3
7,22,4
7,23,4
7,24,4
7,25,4
7,26,4
7,27,4
7,28,4
7,29,3
7,30,3
8,0,2
8,1,2
8,2,2
8,3,4
8,4,4
8,5,4
8,6,4
8,7,4
8,8,2
8,9,2
8,10,3
8,11,3
8,12,3
8,13,3
8,14,1
8,15,1
8,16,1
8,17,1
8,18,1
8,19,3
8,20,3
8,21,1
8,22,1
8,23,4
8,24,4
8,25,4
8,26,4
8,27,3
8,28,3
8,29,3
8,30,3
9,0,2
9,1,2
9,2,2
9,3,4
9,4,4
9,5,4
9,6,4
9,7,4
9,8,4
9,9,4
9,10,3
9,11,3
9,12,3
9,13,3
9,14,3
9,15,1
9,16,1
9,17,1
9,18,1
9,19,1
9,20,1
9,21,1
9,22,1
9,23,1
9,24,4
9,25,4
9,26,3
9,27,3
9,28,3
9,29,3
9,30,3
10,0,2
10,1,2
10,2,4
10,3,4
10,4,4
10,5,4
10,6,4
10,7,4
10,8,4
10,9,4
10,10,4
10,11,3
10,12,3
10,13,3
10,14,3
10,15,3
10,16,1
10,17,1
10,18,1
10,19,1
10,20,1
10,21,1
10,22,1
10,23,1
10,24,1
10,25,3
10,26,3
10,27,3
10,28,3
10,29,2
10,30,2
11,0,3
11,1,3
11,2,4
11,3,4
11,4,4
11,5,4
11,6,2
11,7,2
11,8,4
11,9,4
11,10,4
11,11,4
11,12,3
11,13,3
11,14,3
11,15,3
11,16,1
11,17,1
11,18,1
11,19,1
11,20,1
11,21,1
11,22,1
11,23,1
11,24,1
11,25,3
11,26,3
11,27,3
11,28,2
11,29,2
11,30,2
12,0,3
12,1,3
12,2,3
12,3,4
12,4,4
12,5,2
12,6,2
12,7,2
12,8,2
12,9,4
12,10,4
12,11,4
12,12,4
12,13,3
12,14,3
12,15,3
12,16,3
12,17,1
12,18,1
12,19,1
12,20,1
12,21,1
12,22,1
12,23,1
12,24,1
12,25,1
12,26,3
12,27,3
12,28,2
12,29,2
12,30,2
13,0,3
13,1,3
13,2,3
13,3,3
13,4,3
13,5,2
13,6,2
13,7,2
13,8,2
13,9,4
13,10,4
13,11,4
13,12,4
13,13,3
13,14,3
13,15,3
13,16,3
13,17,3
13,18,3
13,19,1
13,20,1
13,21,1
13,22,1
13,23,1
13,24,1
13,25,1
13,26,3
13,27,3
13,28,2
13,29,2
13,30,2
14,0,3
14,1,3
14,2,3
14,3,3
14,4,3
14,5,3
14,6,2
14,7,2
14,8,4
14,9,4
14,10,4
14,11,4
14,12,1
14,13,1
14,14,3
14,15,3
14,16,3
14,17,3
14,18,3
14,19,3
14,20,1
14,21,1
14,22,1
14,23,1
14,24,1
14,25,3
14,26,3
14,27,3
14,28,3
14,29,2
14,30,2
15,0,1
15,1,1
15,2,3
15,3,3
15,4,3
15,5,3
15,6,4
15,7,4
15,8,4
15,9,4
15,10,4
15,11,1
15,12,1
15,13,1
15,14,1
15,15,3
15,16,3
15,17,3
15,18,3
15,19,3
15,20,3
15,21,1
15,22,1
15,23,2
15,24,2
15,25,3
15,26,3
15,27,3
15,28,3
15,29,1
15,30,1
16,0,1
16,1,1
16,2,1
16,3,3
16,4,3
16,5,4
16,6,4
16,7,4
16,8,4
16,9,4
16,10,1
16,11,1
16,12,1
16,13,1
16,14,1
16,15,4
16,16,4
16,17,3
16,18,3
16,19,3
16,20,3
16,21,2
16,22,2
16,23,2
16,24,2
16,25,2
16,26,3
16,27,3
16,28,1
16,29,1
16,30,1
17,0,1
17,1,1
17,2,1
17,3,4
17,4,4
17,5,4
17,6,4
17,7,4
17,8,1
17,9,1
17,10,1
17,11,1
17,12,1
17,13,1
17,14,4
17,15,4
17,16,4
17,17,4
17,18,3
17,19,3
17,20,2
17,21,2
17,22,2
17,23,2
17,24,2
17,25,2
17,26,4
17,27,4
17,28,1
17,29,1
17,30,1
18,0,1
18,1,1
18,2,4
18,3,4
18,4,4
18,5,4
18,6,4
18,7,1
18,8,1
18,9,1
18,10,1
18,11,1
18,12,1
18,13,4
18,14,4
18,15,4
18,16,4
18,17,4
18,18,2
18,19,2
18,20,2
18,21,2
18,22,2
18,23,2
18,24,2
18,25,4
18,26,4
18,27,4
18,28,4
18,29,1
18,30,1
19,0,4
19,1,4
19,2,4
19,3,4
19,4,4
19,5,4
19,6,4
19,7,1
19,8,1
19,9,1
19,10,2
19,11,2
19,12,2
19,13,4
19,14,4
19,15,4
19,16,4
19,17,2
19,18,2
19,19,2
19,20,2
19,21,2
19,22,1
19,23,1
19,24,1
19,25,4
19,26,4
19,27,4
19,28,4
19,29,2
19,30,2
20,0,4
20,1,4
20,2,4
20,3,4
20,4,4
20,5,4
20,6,1
20,7,1
20,8,1
20,9,2
20,10,2
20,11,2
20,12,2
20,13,2
20,14,4
20,15,4
20,16,2
20,17,2
20,18,2
20,19,2
20,20,1
20,21,1
20,22,1
20,23,1
20,24,1
20,25,1
20,26,4
20,27,4
20,28,2
20,29,2
20,30,2
21,0,4
21,1,4
21,2,4
21,3,4
21,4,4
21,5,1
21,6,1
21,7,1
21,8,1
21,9,2
21,10,2
21,11,2
21,12,2
21,13,2
21,14,3
21,15,3
21,16,2
21,17,2
21,18,2
21,19,1
21,20,1
21,21,1
21,22,1
21,23,1
21,24,1
21,25,1
21,26,4
21,27,4
21,28,2
21,29,2
21,30,2
22,0,4
22,1,4
22,2,4
22,3,4
22,4,4
22,5,1
22,6,1
22,7,1
22,8,1
22,9,2
22,10,2
22,11,2
22,12,2
22,13,3
22,14,3
22,15,3
22,16,3
22,17,2
22,18,2
22,19,1
22,20,1
22,21,1
22,22,1
22,23,1
22,24,1
22,25,1
22,26,4
22,27,4
22,28,4
22,29,2
22,30,2
23,0,4
23,1,4
23,2,4
23,3,4
23,4,4
23,5,1
23,6,1
23,7,1
23,8,1
23,9,2
23,10,2
23,11,2
23,12,2
23,13,3
23,14,3
23,15,3
23,16,3
23,17,2
23,18,2
23,19,1
23,20,1
23,21,1
23,22,1
23,23,1
23,24,1
23,25,1
23,26,4
23,27,4
23,28,4
23,29,4
23,30,4
24,0,4
24,1,4
24,2,4
24,3,4
24,4,4
24,5,4
24,6,1
24,7,1
24,8,3
24,9,3
24,10,2
24,11,2
24,12,1
24,13,1
24,14,3
24,15,3
24,16,2
24,17,2
24,18,2
24,19,1
24,20,1
24,21,1
24,22,1
24,23,1
24,24,1
24,25,4
24,26,4
24,27,4
24,28,4
24,29,4
24,30,4
25,0,4
25,1,4
25,2,4
25,3,4
25,4,4
25,5,4
25,6,4
25,7,3
25,8,3
25,9,3
25,10,3
25,11,1
25,12,1
25,13,1
25,14,1
25,15,2
25,16,2
25,17,2
25,18,2
25,19,2
25,20,1
25,21,1
25,22,1
25,23,4
25,24,4
25,25,4
25,26,4
25,27,4
25,28,4
25,29,4
25,30,4
26,0,4
26,1,4
26,2,4
26,3,4
26,4,4
26,5,4
26,6,4
26,7,3
26,8,3
26,9,3
26,10,3
26,11,1
26,12,1
26,13,1
26,14,1
26,15,2
26,16,2
26,17,2
26,18,2
26,19,2
26,20,1
26,21,1
26,22,4
26,23,4
26,24,4
26,25,4
26,26,4
26,27,4
26,28,4
26,29,4
26,30,4
27,0,4
27,1,4
27,2,4
27,3,4
27,4,4
27,5,4
27,6,3
27,7,3
27,8,3
27,9,3
27,10,1
27,11,1
27,12,1
27,13,1
27,14,4
27,15,4
27,16,2
27,17,2
27,18,2
27,19,1
27,20,1
27,21,1
27,22,4
27,23,4
27,24,4
27,25,4
27,26,4
27,27,4
27,28,4
27,29,4
27,30,4
28,0,4
28,1,4
28,2,4
28,3,4
28,4,1
28,5,1
28,6,3
28,7,3
28,8,3
28,9,3
28,10,1
28,11,1
28,12,1
28,13,4
28,14,4
28,15,4
28,16,4
28,17,4
28,18,4
28,19,1
28,20,1
28,21,1
28,22,4
28,23,4
28,24,4
28,25,4
28,26,1
28,27,1
28,28,4
28,29,4
28,30,4
29,0,1
29,1,1
29,2,1
29,3,1
29,4,1
29,5,1
29,6,1
29,7,3
29,8,3
29,9,1
29,10,1
29,11,1
29,12,4
29,13,4
29,14,4
29,15,4
29,16,4
29,17,4
29,18,4
29,19,4
29,20,1
29,21,1
29,22,4
29,23,4
29,24,4
29,25,1
29,26,1
29,27,1
29,28,1
29,29,4
29,30,4
30,0,1
30,1,1
30,2,1
30,3,1
30,4,1
30,5,1
30,6,1
30,7,3
30,8,3
30,9,1
30,10,1
30,11,1
30,12,4
30,13,4
30,14,4
30,15,4
30,16,4
30,17,4
30,18,4
30,19,4
30,20,1
30,21,1
30,22,4
30,23,4
30,24,4
30,25,1
30,26,1
30,27,1
30,28,1
30,29,4
30,30,4