5
6
9
2
2,12
2,27
12,27
27,12
27,27
2,3,4
2,4,3
1,2,1
0,3,4
3,4,2
0,1,3
0,0,4
0,1,4
0,2,4
0,3,4
0,4,4
0,5,4
0,6,4
0,7,1
0,8,1
0,9,4
0,10,4
0,11,4
0,12,4
0,13,4
0,14,4
0,15,4
0,16,4
0,17,4
0,18,4
0,19,3
0,20,3
0,21,4
0,22,4
0,23,4
0,24,4
0,25,2
0,26,2
0,27,2
0,28,2
0,29,2
0,30,2
1,0,4
1,1,4
1,2,4
1,3,4
1,4,4
1,5,4
1,6,4
1,7,1
1,8,1
1,9,4
1,10,4
1,11,4
1,12,4
1,13,4
1,14,4
1,15,4
1,16,4
1,17,4
1,18,4
1,19,3
1,20,3
1,21,4
1,22,4
1,23,4
1,24,4
1,25,2
1,26,2
1,27,2
1,28,2
1,29,2
1,30,2
2,0,4
2,1,4
2,2,2
2,3,2
2,4,4
2,5,4
2,6,1
2,7,1
2,8,1
2,9,4
2,10,4
2,11,4
2,12,4
2,13,4
2,14,4
2,15,4
2,16,4
2,17,4
2,18,4
2,19,3
2,20,3
2,21,4
2,22,4
2,23,4
2,24,2
2,25,2
2,26,2
2,27,2
2,28,2
2,29,2
2,30,2
3,0,2
3,1,2
3,2,2
3,3,2
3,4,2
3,5,1
3,6,1
3,7,1
3,8,1
3,9,4
3,10,4
3,11,4
3,12,4
3,13,4
3,14,4
3,15,4
3,16,4
3,17,4
3,18,4
3,19,3
3,20,3
3,21,4
3,22,4
3,23,2
3,24,2
3,25,2
3,26,2
3,27,2
3,28,2
3,29,2
3,30,2
4,0,2
4,1,2
4,2,2
4,3,2
4,4,2
4,5,1
4,6,1
4,7,1
4,8,3
4,9,3
4,10,4
4,11,4
4,12,4
4,13,4
4,14,4
4,15,4
4,16,4
4,17,4
4,18,3
4,19,3
4,20,3
4,21,4
4,22,4
4,23,2
4,24,2
4,25,2
4,26,2
4,27,2
4,28,2
4,29,2
4,30,2
5,0,2
5,1,2
5,2,2
5,3,2
5,4,1
5,5,1
5,6,1
5,7,3
5,8,3
5,9,3
5,10,3
5,11,4
5,12,4
5,13,4
5,14,4
5,15,4
5,16,4
5,17,3
5,18,3
5,19,3
5,20,3
5,21,4
5,22,4
5,23,4
5,24,2
5,25,2
5,26,2
5,27,2
5,28,2
5,29,2
5,30,2
6,0,2
6,1,2
6,2,4
6,3,4
6,4,1
6,5,1
6,6,1
6,7,3
6,8,3
6,9,3
6,10,3
6,11,3
6,12,4
6,13,4
6,14,4
6,15,1
6,16,1
6,17,3
6,18,3
6,19,3
6,20,3
6,21,4
6,22,4
6,23,4
6,24,3
6,25,3
6,26,2
6,27,2
6,28,4
6,29,4
6,30,4
7,0,4
7,1,4
7,2,4
7,3,4
7,4,4
7,5,1
7,6,1
7,7,1
7,8,3
7,9,3
7,10,3
7,11,3
7,12,1
7,13,1
7,14,1
7,15,1
7,16,1
7,17,1
7,18,3
7,19,3
7,20,4
7,21,4
7,22,4
7,23,3
7,24,3
7,25,3
7,26,3
7,27,4
7,28,4
7,29,4
7,30,4
8,0,4
8,1,4
8,2,4
8,3,4
8,4,4
8,5,1
8,6,1
8,7,1
8,8,1
8,9,3
8,10,3
8,11,1
8,12,1
8,13,1
8,14,1
8,15,1
8,16,1
8,17,1
8,18,1
8,19,1
8,20,4
8,21,4
8,22,4
8,23,3
8,24,3
8,25,3
8,26,3
8,27,4
8,28,4
8,29,4
8,30,4
9,0,2
9,1,2
9,2,4
9,3,4
9,4,3
9,5,3
9,6,1
9,7,1
9,8,1
9,9,1
9,10,1
9,11,1
9,12,1
9,13,1
9,14,2
9,15,2
9,16,1
9,17,1
9,18,1
9,19,1
9,20,1
9,21,4
9,22,4
9,23,4
9,24,3
9,25,3
9,26,4
9,27,4
9,28,4
9,29,4
9,30,4
10,0,2
10,1,2
10,2,2
10,3,3
10,4,3
10,5,3
10,6,3
10,7,1
10,8,1
10,9,1
10,10,1
10,11,1
10,12,1
10,13,2
10,14,2
10,15,2
10,16,2
10,17,1
10,18,1
10,19,1
10,20,1
10,21,4
10,22,4
10,23,4
10,24,4
10,25,4
10,26,4
10,27,4
10,28,4
10,29,4
10,30,4
11,0,2
11,1,2
11,2,2
11,3,3
11,4,3
11,5,3
11,6,3
11,7,4
11,8,4
11,9,4
11,10,1
11,11,1
11,12,1
11,13,2
11,14,2
11,15,2
11,16,2
11,17,1
11,18,1
11,19,1
11,20,2
11,21,2
11,22,4
11,23,4
11,24,4
11,25,4
11,26,4
11,27,4
11,28,4
11,29,4
11,30,4
12,0,2
12,1,2
12,2,3
12,3,3
12,4,3
12,5,3
12,6,4
12,7,4
12,8,4
12,9,4
12,10,4
12,11,1
12,12,1
12,13,1
12,14,2
12,15,2
12,16,1
12,17,1
12,18,1
12,19,2
12,20,2
12,21,2
12,22,2
12,23,4
12,24,4
12,25,4
12,26,4
12,27,4
12,28,4
12,29,4
12,30,4
13,0,2
13,1,2
13,2,3
13,3,3
13,4,3
13,5,3
13,6,4
13,7,4
13,8,4
13,9,4
13,10,4
13,11,1
13,12,1
13,13,1
13,14,1
13,15,1
13,16,1
13,17,1
13,18,1
13,19,2
13,20,2
13,21,2
13,22,2
13,23,4
13,24,4
13,25,4
13,26,4
13,27,4
13,28,4
13,29,4
13,30,4
14,0,2
14,1,2
14,2,2
14,3,3
14,4,3
14,5,1
14,6,1
14,7,4
14,8,4
14,9,4
14,10,4
14,11,4
14,12,1
14,13,1
14,14,1
14,15,1
14,16,1
14,17,1
14,18,4
14,19,4
14,20,2
14,21,2
14,22,2
14,23,2
14,24,4
14,25,4
14,26,4
14,27,4
14,28,4
14,29,4
14,30,4
15,0,2
15,1,2
15,2,2
15,3,2
15,4,1
15,5,1
15,6,1
15,7,1
15,8,4
15,9,4
15,10,4
15,11,4
15,12,1
15,13,1
15,14,1
15,15,4
15,16,4
15,17,4
15,18,4
15,19,4
15,20,4
15,21,2
15,22,2
15,23,2
15,24,2
15,25,2
15,26,4
15,27,4
15,28,4
15,29,4
15,30,4
16,0,2
16,1,2
16,2,2
16,3,2
16,4,1
16,5,1
16,6,1
16,7,1
16,8,1
16,9,4
16,10,4
16,11,1
16,12,1
16,13,1
16,14,4
16,15,4
16,16,4
16,17,4
16,18,4
16,19,4
16,20,4
16,21,4
16,22,2
16,23,2
16,24,2
16,25,2
16,26,2
16,27,4
16,28,4
16,29,4
16,30,4
17,0,2
17,1,2
17,2,2
17,3,3
17,4,3
17,5,1
17,6,1
17,7,1
17,8,1
17,9,1
17,10,1
17,11,1
17,12,1
17,13,1
17,14,4
17,15,4
17,16,4
17,17,1
17,18,1
17,19,4
17,20,4
17,21,4
17,22,4
17,23,2
17,24,2
17,25,2
17,26,2
17,27,4
17,28,4
17,29,4
17,30,4
18,0,3
18,1,3
18,2,3
18,3,3
18,4,3
18,5,3
18,6,1
18,7,1
18,8,1
18,9,1
18,10,1
18,11,1
18,12,1
18,13,4
18,14,4
18,15,4
18,16,1
18,17,1
18,18,1
18,19,1
18,20,4
18,21,4
18,22,4
18,23,2
18,24,2
18,25,2
18,26,4
18,27,4
18,28,4
18,29,4
18,30,4
19,0,3
19,1,3
19,2,3
19,3,3
19,4,3
19,5,3
19,6,1
19,7,1
19,8,1
19,9,1
19,10,1
19,11,1
19,12,1
19,13,4
19,14,4
19,15,4
19,16,1
19,17,1
19,18,1
19,19,1
19,20,4
19,21,4
19,22,4
19,23,2
19,24,2
19,25,4
19,26,4
19,27,4
19,28,4
19,29,3
19,30,3
20,0,3
20,1,3
20,2,3
20,3,3
20,4,3
20,5,3
20,6,1
20,7,1
20,8,1
20,9,1
20,10,1
20,11,1
20,12,1
20,13,4
20,14,4
20,15,4
20,16,1
20,17,1
20,18,1
20,19,1
20,20,1
20,21,4
20,22,4
20,23,2
20,24,2
20,25,4
20,26,4
20,27,4
20,28,3
20,29,3
20,30,3
21,0,1
21,1,1
21,2,1
21,3,3
21,4,3
21,5,1
21,6,1
21,7,1
21,8,1
21,9,1
21,10,1
21,11,1
21,12,1
21,13,4
21,14,4
21,15,1
21,16,1
21,17,1
21,18,1
21,19,1
21,20,1
21,21,4
21,22,4
21,23,2
21,24,2
21,25,2
21,26,4
21,27,4
21,28,3
21,29,3
21,30,3
22,0,1
22,1,1
22,2,1
22,3,1
22,4,1
22,5,1
22,6,1
22,7,1
22,8,1
22,9,1
22,10,1
22,11,1
22,12,1
22,13,4
22,14,4
22,15,1
22,16,1
22,17,1
22,18,1
22,19,1
22,20,4
22,21,4
22,22,4
22,23,2
22,24,2
22,25,2
22,26,4
22,27,4
22,28,3
22,29,3
22,30,3
23,0,1
23,1,1
23,2,1
23,3,1
23,4,1
23,5,1
23,6,1
23,7,4
23,8,4
23,9,4
23,10,1
23,11,1
23,12,4
23,13,4
23,14,4
23,15,4
23,16,1
23,17,1
23,18,3
23,19,3
23,20,4
23,21,4
23,22,4
23,23,2
23,24,2
23,25,4
23,26,4
23,27,4
23,28,3
23,29,3
23,30,3
24,0,1
24,1,1
24,2,1
24,3,4
24,4,4
24,5,4
24,6,4
24,7,4
24,8,4
24,9,4
24,10,4
24,11,4
24,12,4
24,13,4
24,14,4
24,15,4
24,16,3
24,17,3
24,18,3
24,19,3
24,20,3
24,21,4
24,22,4
24,23,2
24,24,2
24,25,4
24,26,4
24,27,4
24,28,4
24,29,3
24,30,3
25,0,4
25,1,4
25,2,4
25,3,4
25,4,4
25,5,4
25,6,4
25,7,4
25,8,4
25,9,4
25,10,4
25,11,4
25,12,4
25,13,4
25,14,4
25,15,3
25,16,3
25,17,3
25,18,3
25,19,3
25,20,3
25,21,4
25,22,4
25,23,2
25,24,2
25,25,4
25,26,4
25,27,4
25,28,4
25,29,4
25,30,4
26,0,4
26,1,4
26,2,4
26,3,4
26,4,4
26,5,2
26,6,2
26,7,4
26,8,4
26,9,4
26,10,4
26,11,4
26,12,4
26,13,4
26,14,4
26,15,3
26,16,3
26,17,3
26,18,3
26,19,3
26,20,4
26,21,4
26,22,4
26,23,2
26,24,2
26,25,4
26,26,4
26,27,4
26,28,4
26,29,4
26,30,4
27,0,4
27,1,4
27,2,4
27,3,4
27,4,2
27,5,2
27,6,2
27,7,2
27,8,4
27,9,4
27,10,4
27,11,4
27,12,4
27,13,4
27,14,4
27,15,3
27,16,3
27,17,3
27,18,3
27,19,4
27,20,4
27,21,4
27,22,4
27,23,2
27,24,2
27,25,4
27,26,4
27,27,4
27,28,4
27,29,4
27,30,4
28,0,4
28,1,4
28,2,4
28,3,4
28,4,2
28,5,2
28,6,2
28,7,2
28,8,4
28,9,4
28,10,4
28,11,4
28,12,4
28,13,4
28,14,4
28,15,4
28,16,3
28,17,3
28,18,4
28,19,4
28,20,4
28,21,4
28,22,2
28,23,2
28,24,2
28,25,4
28,26,4
28,27,4
28,28,4
28,29,4
28,30,4
29,0,4
29,1,4
29,2,4
29,3,4
29,4,4
29,5,2
29,6,2
29,7,4
29,8,4
29,9,4
29,10,4
29,11,4
29,12,4
29,13,4
29,14,4
29,15,4
29,16,4
29,17,4
29,18,4
29,19,4
29,20,4
29,21,2
29,22,2
29,23,2
29,24,2
29,25,4
29,26,4
29,27,4
29,28,4
29,29,4
29,30,4
30,0,4
30,1,4
30,2,4
30,3,4
30,4,4
30,5,2
30,6,2
30,7,4
30,8,4
30,9,4
30,10,4
30,11,4
30,12,4
30,13,4
30,14,4
30,15,4
30,16,4
30,17,4
30,18,4
30,19,4
30,20,4
30,21,2
30,22,2
30,23,2
30,24,2
30,25,4
30,26,4
30,27,4
30,28,4
30,29,4
30,30,4