5
6
6
2
7,12
7,22
17,22
27,12
27,22
0,2,2
1,2,2
2,4,1
2,3,1
0,3,4
3,4,2
0,0,4
0,1,4
0,2,4
0,3,2
0,4,2
0,5,3
0,6,3
0,7,3
0,8,3
0,9,3
0,10,3
0,11,2
0,12,2
0,13,2
0,14,2
0,15,2
0,16,2
0,17,3
0,18,3
0,19,2
0,20,2
0,21,2
0,22,2
0,23,4
0,24,4
0,25,1
0,26,1
0,27,1
0,28,1
0,29,3
0,30,3
1,0,4
1,1,4
1,2,4
1,3,2
1,4,2
1,5,3
1,6,3
1,7,3
1,8,3
1,9,3
1,10,3
1,11,2
1,12,2
1,13,2
1,14,2
1,15,2
1,16,2
1,17,3
1,18,3
1,19,2
1,20,2
1,21,2
1,22,2
1,23,4
1,24,4
1,25,1
1,26,1
1,27,1
1,28,1
1,29,3
1,30,3
2,0,4
2,1,4
2,2,2
2,3,2
2,4,2
2,5,2
2,6,3
2,7,3
2,8,3
2,9,3
2,10,2
2,11,2
2,12,2
2,13,2
2,14,2
2,15,2
2,16,3
2,17,3
2,18,3
2,19,3
2,20,2
2,21,2
2,22,4
2,23,4
2,24,4
2,25,4
2,26,1
2,27,1
2,28,3
2,29,3
2,30,3
3,0,3
3,1,3
3,2,2
3,3,2
3,4,2
3,5,2
3,6,2
3,7,2
3,8,2
3,9,2
3,10,2
3,11,2
3,12,2
3,13,1
3,14,1
3,15,1
3,16,3
3,17,3
3,18,3
3,19,3
3,20,3
3,21,4
3,22,4
3,23,4
3,24,4
3,25,4
3,26,1
3,27,1
3,28,3
3,29,3
3,30,3
4,0,3
4,1,3
4,2,3
4,3,2
4,4,2
4,5,2
4,6,2
4,7,2
4,8,2
4,9,2
4,10,2
4,11,2
4,12,1
4,13,1
4,14,1
4,15,1
4,16,1
4,17,3
4,18,3
4,19,3
4,20,3
4,21,4
4,22,4
4,23,4
4,24,4
4,25,1
4,26,1
4,27,1
4,28,1
4,29,3
4,30,3
5,0,3
5,1,3
5,2,3
5,3,1
5,4,1
5,5,1
5,6,1
5,7,1
5,8,1
5,9,1
5,10,1
5,11,1
5,12,1
5,13,1
5,14,1
5,15,1
5,16,1
5,17,3
5,18,3
5,19,3
5,20,4
5,21,4
5,22,4
5,23,4
5,24,4
5,25,1
5,26,1
5,27,1
5,28,1
5,29,2
5,30,2
6,0,3
6,1,3
6,2,1
6,3,1
6,4,1
6,5,1
6,6,1
6,7,1
6,8,1
6,9,1
6,10,1
6,11,1
6,12,1
6,13,1
6,14,1
6,15,1
6,16,3
6,17,3
6,18,3
6,19,3
6,20,4
6,21,4
6,22,4
6,23,4
6,24,4
6,25,4
6,26,1
6,27,1
6,28,2
6,29,2
6,30,2
7,0,1
7,1,1
7,2,1
7,3,1
7,4,1
7,5,1
7,6,1
7,7,1
7,8,1
7,9,1
7,10,1
7,11,1
7,12,1
7,13,1
7,14,1
7,15,1
7,16,3
7,17,3
7,18,3
7,19,3
7,20,4
7,21,4
7,22,4
7,23,4
7,24,4
7,25,4
7,26,4
7,27,2
7,28,2
7,29,2
7,30,2
8,0,1
8,1,1
8,2,1
8,3,1
8,4,1
8,5,1
8,6,1
8,7,2
8,8,2
8,9,1
8,10,1
8,11,1
8,12,1
8,13,1
8,14,1
8,15,1
8,16,3
8,17,3
8,18,3
8,19,4
8,20,4
8,21,4
8,22,4
8,23,4
8,24,4
8,25,4
8,26,4
8,27,2
8,28,2
8,29,2
8,30,2
9,0,4
9,1,4
9,2,4
9,3,1
9,4,1
9,5,2
9,6,2
9,7,2
9,8,2
9,9,2
9,10,1
9,11,1
9,12,1
9,13,1
9,14,1
9,15,1
9,16,3
9,17,3
9,18,3
9,19,4
9,20,4
9,21,4
9,22,4
9,23,4
9,24,4
9,25,4
9,26,3
9,27,3
9,28,2
9,29,2
9,30,2
10,0,4
10,1,4
10,2,4
10,3,4
10,4,2
10,5,2
10,6,2
10,7,2
10,8,2
10,9,2
10,10,3
10,11,3
10,12,3
10,13,1
10,14,1
10,15,3
10,16,3
10,17,3
10,18,3
10,19,3
10,20,4
10,21,4
10,22,4
10,23,3
10,24,3
10,25,3
10,26,3
10,27,3
10,28,3
10,29,3
10,30,3
11,0,4
11,1,4
11,2,4
11,3,4
11,4,2
11,5,2
11,6,2
11,7,2
11,8,2
11,9,3
11,10,3
11,11,3
11,12,3
11,13,3
11,14,3
11,15,3
11,16,3
11,17,3
11,18,3
11,19,3
11,20,3
11,21,3
11,22,3
11,23,3
11,24,3
11,25,3
11,26,3
11,27,3
11,28,3
11,29,3
11,30,3
12,0,4
12,1,4
12,2,4
12,3,2
12,4,2
12,5,2
12,6,2
12,7,2
12,8,3
12,9,3
12,10,3
12,11,3
12,12,3
12,13,3
12,14,3
12,15,3
12,16,3
12,17,3
12,18,3
12,19,3
12,20,3
12,21,3
12,22,3
12,23,3
12,24,3
12,25,4
12,26,4
12,27,4
12,28,4
12,29,4
12,30,4
13,0,4
13,1,4
13,2,2
13,3,2
13,4,2
13,5,2
13,6,2
13,7,3
13,8,3
13,9,3
13,10,3
13,11,3
13,12,3
13,13,3
13,14,1
13,15,1
13,16,3
13,17,3
13,18,3
13,19,3
13,20,3
13,21,4
13,22,4
13,23,4
13,24,4
13,25,4
13,26,4
13,27,4
13,28,4
13,29,4
13,30,4
14,0,2
14,1,2
14,2,2
14,3,2
14,4,2
14,5,2
14,6,3
14,7,3
14,8,3
14,9,3
14,10,3
14,11,3
14,12,3
14,13,1
14,14,1
14,15,1
14,16,1
14,17,3
14,18,3
14,19,3
14,20,4
14,21,4
14,22,4
14,23,4
14,24,4
14,25,4
14,26,4
14,27,4
14,28,4
14,29,4
14,30,4
15,0,2
15,1,2
15,2,2
15,3,2
15,4,4
15,5,4
15,6,3
15,7,3
15,8,3
15,9,3
15,10,3
15,11,3
15,12,3
15,13,1
15,14,1
15,15,1
15,16,1
15,17,3
15,18,3
15,19,3
15,20,4
15,21,4
15,22,4
15,23,4
15,24,4
15,25,4
15,26,4
15,27,4
15,28,4
15,29,4
15,30,4
16,0,2
16,1,2
16,2,2
16,3,4
16,4,4
16,5,4
16,6,4
16,7,3
16,8,3
16,9,3
16,10,3
16,11,3
16,12,3
16,13,3
16,14,1
16,15,1
16,16,3
16,17,3
16,18,3
16,19,3
16,20,4
16,21,4
16,22,4
16,23,4
16,24,4
16,25,4
16,26,4
16,27,4
16,28,2
16,29,2
16,30,2
17,0,2
17,1,2
17,2,2
17,3,4
17,4,4
17,5,4
17,6,4
17,7,3
17,8,3
17,9,3
17,10,3
17,11,3
17,12,3
17,13,3
17,14,3
17,15,3
17,16,3
17,17,3
17,18,3
17,19,3
17,20,4
17,21,4
17,22,4
17,23,4
17,24,4
17,25,4
17,26,4
17,27,2
17,28,2
17,29,2
17,30,2
18,0,2
18,1,2
18,2,2
18,3,4
18,4,4
18,5,4
18,6,1
18,7,1
18,8,3
18,9,3
18,10,3
18,11,3
18,12,3
18,13,3
18,14,3
18,15,3
18,16,3
18,17,3
18,18,3
18,19,3
18,20,4
18,21,4
18,22,4
18,23,4
18,24,4
18,25,4
18,26,4
18,27,2
18,28,2
18,29,2
18,30,2
19,0,2
19,1,2
19,2,4
19,3,4
19,4,4
19,5,1
19,6,1
19,7,1
19,8,1
19,9,3
19,10,3
19,11,3
19,12,3
19,13,3
19,14,3
19,15,1
19,16,1
19,17,3
19,18,3
19,19,4
19,20,4
19,21,4
19,22,4
19,23,4
19,24,4
19,25,4
19,26,4
19,27,4
19,28,2
19,29,2
19,30,2
20,0,1
20,1,1
20,2,4
20,3,4
20,4,4
20,5,1
20,6,1
20,7,1
20,8,1
20,9,3
20,10,3
20,11,3
20,12,3
20,13,3
20,14,1
20,15,1
20,16,1
20,17,1
20,18,1
20,19,4
20,20,4
20,21,4
20,22,4
20,23,4
20,24,4
20,25,4
20,26,4
20,27,4
20,28,4
20,29,4
20,30,4
21,0,1
21,1,1
21,2,1
21,3,4
21,4,4
21,5,4
21,6,1
21,7,1
21,8,3
21,9,3
21,10,3
21,11,3
21,12,4
21,13,4
21,14,1
21,15,1
21,16,1
21,17,1
21,18,1
21,19,1
21,20,4
21,21,4
21,22,4
21,23,4
21,24,4
21,25,4
21,26,4
21,27,4
21,28,4
21,29,4
21,30,4
22,0,1
22,1,1
22,2,1
22,3,4
22,4,4
22,5,4
22,6,4
22,7,3
22,8,3
22,9,3
22,10,3
22,11,4
22,12,4
22,13,4
22,14,4
22,15,1
22,16,1
22,17,1
22,18,1
22,19,1
22,20,1
22,21,4
22,22,4
22,23,4
22,24,4
22,25,4
22,26,4
22,27,4
22,28,4
22,29,1
22,30,1
23,0,1
23,1,1
23,2,1
23,3,4
23,4,4
23,5,4
23,6,4
23,7,3
23,8,3
23,9,3
23,10,3
23,11,4
23,12,4
23,13,4
23,14,4
23,15,4
23,16,4
23,17,4
23,18,1
23,19,1
23,20,1
23,21,4
23,22,4
23,23,4
23,24,4
23,25,4
23,26,4
23,27,1
23,28,1
23,29,1
23,30,1
24,0,1
24,1,1
24,2,4
24,3,4
24,4,4
24,5,4
24,6,3
24,7,3
24,8,3
24,9,3
24,10,3
24,11,3
24,12,4
24,13,4
24,14,4
24,15,4
24,16,4
24,17,4
24,18,4
24,19,1
24,20,1
24,21,1
24,22,4
24,23,4
24,24,4
24,25,4
24,26,1
24,27,1
24,28,1
24,29,1
24,30,1
25,0,4
25,1,4
25,2,4
25,3,4
25,4,4
25,5,3
25,6,3
25,7,3
25,8,3
25,9,3
25,10,3
25,11,3
25,12,3
25,13,3
25,14,3
25,15,4
25,16,4
25,17,4
25,18,4
25,19,1
25,20,1
25,21,1
25,22,1
25,23,1
25,24,1
25,25,1
25,26,1
25,27,1
25,28,1
25,29,1
25,30,1
26,0,4
26,1,4
26,2,4
26,3,4
26,4,4
26,5,3
26,6,3
26,7,3
26,8,3
26,9,3
26,10,3
26,11,3
26,12,3
26,13,3
26,14,3
26,15,3
26,16,4
26,17,4
26,18,4
26,19,1
26,20,1
26,21,1
26,22,1
26,23,1
26,24,1
26,25,1
26,26,1
26,27,1
26,28,1
26,29,4
26,30,4
27,0,2
27,1,2
27,2,4
27,3,4
27,4,2
27,5,2
27,6,3
27,7,3
27,8,3
27,9,3
27,10,3
27,11,3
27,12,3
27,13,3
27,14,3
27,15,3
27,16,4
27,17,4
27,18,4
27,19,1
27,20,1
27,21,1
27,22,1
27,23,1
27,24,1
27,25,1
27,26,1
27,27,1
27,28,4
27,29,4
27,30,4
28,0,2
28,1,2
28,2,2
28,3,2
28,4,2
28,5,2
28,6,2
28,7,3
28,8,3
28,9,3
28,10,3
28,11,3
28,12,3
28,13,3
28,14,3
28,15,3
28,16,4
28,17,4
28,18,1
28,19,1
28,20,1
28,21,1
28,22,1
28,23,1
28,24,1
28,25,1
28,26,1
28,27,1
28,28,4
28,29,4
28,30,4
29,0,2
29,1,2
29,2,2
29,3,2
29,4,2
29,5,2
29,6,2
29,7,3
29,8,3
29,9,3
29,10,3
29,11,3
29,12,3
29,13,3
29,14,3
29,15,4
29,16,4
29,17,4
29,18,1
29,19,1
29,20,1
29,21,1
29,22,1
29,23,1
29,24,1
29,25,1
29,26,1
29,27,1
29,28,1
29,29,4
29,30,4
30,0,2
30,1,2
30,2,2
30,3,2
30,4,2
30,5,2
30,6,2
30,7,3
30,8,3
30,9,3
30,10,3
30,11,3
30,12,3
30,13,3
30,14,3
30,15,4
30,16,4
30,17,4
30,18,1
30,19,1
30,20,1
30,21,1
30,22,1
30,23,1
30,24,1
30,25,1
30,26,1
30,27,1
30,28,1
30,29,4
30,30,4