5
6
6
4
2,17
17,7
17,17
27,7
27,27
3,4,2
2,4,2
2,3,2
1,3,1
0,2,2
1,2,1
0,0,4
0,1,4
0,2,4
0,3,4
0,4,4
0,5,4
0,6,4
0,7,4
0,8,4
0,9,4
0,10,4
0,11,1
0,12,1
0,13,1
0,14,1
0,15,1
0,16,1
0,17,1
0,18,1
0,19,1
0,20,3
0,21,3
0,22,4
0,23,4
0,24,4
0,25,4
0,26,4
0,27,3
0,28,3
0,29,4
0,30,4
1,0,4
1,1,4
1,2,4
1,3,4
1,4,4
1,5,4
1,6,4
1,7,4
1,8,4
1,9,4
1,10,4
1,11,1
1,12,1
1,13,1
1,14,1
1,15,1
1,16,1
1,17,1
1,18,1
1,19,1
1,20,3
1,21,3
1,22,4
1,23,4
1,24,4
1,25,4
1,26,4
1,27,3
1,28,3
1,29,4
1,30,4
2,0,1
2,1,1
2,2,4
2,3,4
2,4,4
2,5,4
2,6,4
2,7,4
2,8,4
2,9,4
2,10,1
2,11,1
2,12,1
2,13,1
2,14,1
2,15,1
2,16,1
2,17,1
2,18,1
2,19,1
2,20,3
2,21,3
2,22,4
2,23,4
2,24,4
2,25,4
2,26,3
2,27,3
2,28,3
2,29,4
2,30,4
3,0,1
3,1,1
3,2,1
3,3,4
3,4,4
3,5,4
3,6,4
3,7,4
3,8,4
3,9,1
3,10,1
3,11,1
3,12,1
3,13,1
3,14,1
3,15,1
3,16,1
3,17,1
3,18,1
3,19,1
3,20,3
3,21,3
3,22,3
3,23,4
3,24,4
3,25,3
3,26,3
3,27,3
3,28,3
3,29,4
3,30,4
4,0,1
4,1,1
4,2,1
4,3,2
4,4,2
4,5,4
4,6,4
4,7,4
4,8,1
4,9,1
4,10,1
4,11,1
4,12,1
4,13,1
4,14,1
4,15,1
4,16,1
4,17,1
4,18,1
4,19,1
4,20,3
4,21,3
4,22,3
4,23,3
4,24,3
4,25,3
4,26,3
4,27,3
4,28,4
4,29,4
4,30,4
5,0,1
5,1,1
5,2,2
5,3,2
5,4,2
5,5,2
5,6,4
5,7,4
5,8,1
5,9,1
5,10,1
5,11,1
5,12,1
5,13,1
5,14,1
5,15,1
5,16,1
5,17,1
5,18,1
5,19,1
5,20,1
5,21,3
5,22,3
5,23,3
5,24,3
5,25,3
5,26,3
5,27,4
5,28,4
5,29,4
5,30,4
6,0,2
6,1,2
6,2,2
6,3,2
6,4,2
6,5,2
6,6,4
6,7,4
6,8,4
6,9,1
6,10,1
6,11,1
6,12,2
6,13,2
6,14,1
6,15,1
6,16,1
6,17,1
6,18,1
6,19,1
6,20,1
6,21,1
6,22,1
6,23,1
6,24,3
6,25,3
6,26,3
6,27,4
6,28,4
6,29,4
6,30,4
7,0,2
7,1,2
7,2,2
7,3,2
7,4,2
7,5,2
7,6,4
7,7,4
7,8,4
7,9,1
7,10,1
7,11,2
7,12,2
7,13,2
7,14,2
7,15,1
7,16,1
7,17,1
7,18,1
7,19,1
7,20,1
7,21,1
7,22,1
7,23,1
7,24,1
7,25,3
7,26,3
7,27,3
7,28,4
7,29,4
7,30,4
8,0,4
8,1,4
8,2,2
8,3,2
8,4,2
8,5,2
8,6,2
8,7,4
8,8,4
8,9,1
8,10,1
8,11,2
8,12,2
8,13,2
8,14,2
8,15,4
8,16,4
8,17,4
8,18,4
8,19,4
8,20,4
8,21,1
8,22,1
8,23,1
8,24,1
8,25,3
8,26,3
8,27,3
8,28,3
8,29,3
8,30,3
9,0,4
9,1,4
9,2,4
9,3,2
9,4,2
9,5,2
9,6,2
9,7,4
9,8,4
9,9,1
9,10,1
9,11,2
9,12,2
9,13,2
9,14,4
9,15,4
9,16,4
9,17,4
9,18,4
9,19,4
9,20,4
9,21,4
9,22,1
9,23,1
9,24,2
9,25,2
9,26,3
9,27,3
9,28,3
9,29,3
9,30,3
10,0,4
10,1,4
10,2,4
10,3,4
10,4,2
10,5,2
10,6,4
10,7,4
10,8,4
10,9,1
10,10,1
10,11,1
10,12,2
10,13,2
10,14,4
10,15,4
10,16,4
10,17,4
10,18,4
10,19,4
10,20,4
10,21,4
10,22,2
10,23,2
10,24,2
10,25,2
10,26,2
10,27,2
10,28,3
10,29,3
10,30,3
11,0,4
11,1,4
11,2,4
11,3,4
11,4,1
11,5,1
11,6,4
11,7,4
11,8,4
11,9,1
11,10,1
11,11,1
11,12,2
11,13,2
11,14,2
11,15,4
11,16,4
11,17,4
11,18,4
11,19,4
11,20,4
11,21,2
11,22,2
11,23,2
11,24,2
11,25,2
11,26,2
11,27,2
11,28,2
11,29,2
11,30,2
12,0,4
12,1,4
12,2,4
12,3,1
12,4,1
12,5,1
12,6,1
12,7,4
12,8,4
12,9,4
12,10,1
12,11,1
12,12,2
12,13,2
12,14,2
12,15,2
12,16,2
12,17,2
12,18,2
12,19,2
12,20,2
12,21,2
12,22,2
12,23,2
12,24,1
12,25,1
12,26,2
12,27,2
12,28,2
12,29,2
12,30,2
13,0,2
13,1,2
13,2,2
13,3,1
13,4,1
13,5,1
13,6,1
13,7,4
13,8,4
13,9,4
13,10,1
13,11,1
13,12,1
13,13,2
13,14,2
13,15,2
13,16,2
13,17,2
13,18,2
13,19,2
13,20,2
13,21,2
13,22,2
13,23,1
13,24,1
13,25,1
13,26,1
13,27,1
13,28,1
13,29,1
13,30,1
14,0,2
14,1,2
14,2,2
14,3,2
14,4,1
14,5,1
14,6,4
14,7,4
14,8,4
14,9,4
14,10,1
14,11,1
14,12,1
14,13,4
14,14,4
14,15,2
14,16,2
14,17,4
14,18,4
14,19,2
14,20,2
14,21,1
14,22,1
14,23,1
14,24,1
14,25,1
14,26,1
14,27,1
14,28,1
14,29,1
14,30,1
15,0,2
15,1,2
15,2,2
15,3,2
15,4,4
15,5,4
15,6,4
15,7,4
15,8,4
15,9,4
15,10,1
15,11,1
15,12,4
15,13,4
15,14,4
15,15,4
15,16,4
15,17,4
15,18,4
15,19,4
15,20,1
15,21,1
15,22,1
15,23,1
15,24,1
15,25,1
15,26,1
15,27,2
15,28,2
15,29,1
15,30,1
16,0,2
16,1,2
16,2,2
16,3,4
16,4,4
16,5,4
16,6,4
16,7,4
16,8,4
16,9,4
16,10,1
16,11,1
16,12,4
16,13,4
16,14,4
16,15,4
16,16,4
16,17,4
16,18,4
16,19,4
16,20,1
16,21,1
16,22,1
16,23,1
16,24,1
16,25,1
16,26,2
16,27,2
16,28,2
16,29,2
16,30,2
17,0,2
17,1,2
17,2,2
17,3,4
17,4,4
17,5,4
17,6,4
17,7,4
17,8,4
17,9,4
17,10,1
17,11,1
17,12,1
17,13,4
17,14,4
17,15,4
17,16,4
17,17,4
17,18,4
17,19,4
17,20,1
17,21,1
17,22,1
17,23,1
17,24,3
17,25,3
17,26,2
17,27,2
17,28,2
17,29,2
17,30,2
18,0,2
18,1,2
18,2,2
18,3,2
18,4,4
18,5,4
18,6,4
18,7,4
18,8,4
18,9,4
18,10,1
18,11,1
18,12,1
18,13,1
18,14,4
18,15,4
18,16,4
18,17,4
18,18,4
18,19,4
18,20,4
18,21,1
18,22,1
18,23,3
18,24,3
18,25,3
18,26,3
18,27,2
18,28,2
18,29,2
18,30,2
19,0,2
19,1,2
19,2,2
19,3,2
19,4,2
19,5,4
19,6,4
19,7,4
19,8,4
19,9,4
19,10,1
19,11,1
19,12,1
19,13,1
19,14,1
19,15,4
19,16,4
19,17,4
19,18,4
19,19,4
19,20,4
19,21,2
19,22,2
19,23,3
19,24,3
19,25,3
19,26,3
19,27,2
19,28,2
19,29,2
19,30,2
20,0,2
20,1,2
20,2,2
20,3,2
20,4,2
20,5,2
20,6,4
20,7,4
20,8,4
20,9,4
20,10,1
20,11,1
20,12,1
20,13,1
20,14,1
20,15,2
20,16,2
20,17,4
20,18,4
20,19,4
20,20,2
20,21,2
20,22,2
20,23,2
20,24,3
20,25,3
20,26,2
20,27,2
20,28,2
20,29,2
20,30,2
21,0,2
21,1,2
21,2,2
21,3,2
21,4,2
21,5,2
21,6,2
21,7,4
21,8,4
21,9,1
21,10,1
21,11,1
21,12,1
21,13,1
21,14,2
21,15,2
21,16,2
21,17,2
21,18,2
21,19,2
21,20,2
21,21,2
21,22,2
21,23,2
21,24,4
21,25,4
21,26,2
21,27,2
21,28,2
21,29,2
21,30,2
22,0,3
22,1,3
22,2,2
22,3,2
22,4,2
22,5,2
22,6,2
22,7,3
22,8,3
22,9,1
22,10,1
22,11,1
22,12,1
22,13,1
22,14,2
22,15,2
22,16,2
22,17,2
22,18,2
22,19,2
22,20,2
22,21,2
22,22,2
22,23,4
22,24,4
22,25,4
22,26,4
22,27,2
22,28,2
22,29,4
22,30,4
23,0,3
23,1,3
23,2,3
23,3,2
23,4,2
23,5,2
23,6,3
23,7,3
23,8,3
23,9,3
23,10,1
23,11,1
23,12,1
23,13,3
23,14,3
23,15,2
23,16,2
23,17,2
23,18,2
23,19,2
23,20,2
23,21,2
23,22,2
23,23,4
23,24,4
23,25,4
23,26,4
23,27,4
23,28,4
23,29,4
23,30,4
24,0,3
24,1,3
24,2,3
24,3,3
24,4,3
24,5,3
24,6,3
24,7,3
24,8,3
24,9,3
24,10,3
24,11,3
24,12,3
24,13,3
24,14,3
24,15,3
24,16,3
24,17,3
24,18,3
24,19,3
24,20,2
24,21,2
24,22,2
24,23,4
24,24,4
24,25,4
24,26,4
24,27,4
24,28,4
24,29,4
24,30,4
25,0,3
25,1,3
25,2,3
25,3,3
25,4,3
25,5,3
25,6,3
25,7,3
25,8,3
25,9,3
25,10,3
25,11,3
25,12,3
25,13,3
25,14,3
25,15,3
25,16,3
25,17,3
25,18,3
25,19,3
25,20,3
25,21,2
25,22,2
25,23,4
25,24,4
25,25,4
25,26,4
25,27,4
25,28,4
25,29,4
25,30,4
26,0,2
26,1,2
26,2,2
26,3,2
26,4,3
26,5,3
26,6,3
26,7,3
26,8,3
26,9,3
26,10,3
26,11,3
26,12,3
26,13,3
26,14,3
26,15,3
26,16,3
26,17,3
26,18,3
26,19,3
26,20,3
26,21,2
26,22,2
26,23,4
26,24,4
26,25,4
26,26,4
26,27,4
26,28,4
26,29,4
26,30,4
27,0,2
27,1,2
27,2,2
27,3,2
27,4,2
27,5,3
27,6,3
27,7,3
27,8,3
27,9,3
27,10,3
27,11,1
27,12,1
27,13,1
27,14,3
27,15,3
27,16,3
27,17,3
27,18,3
27,19,3
27,20,2
27,21,2
27,22,2
27,23,4
27,24,4
27,25,4
27,26,4
27,27,4
27,28,4
27,29,4
27,30,4
28,0,4
28,1,4
28,2,2
28,3,2
28,4,2
28,5,3
28,6,3
28,7,3
28,8,3
28,9,3
28,10,1
28,11,1
28,12,1
28,13,1
28,14,1
28,15,3
28,16,3
28,17,3
28,18,4
28,19,4
28,20,2
28,21,2
28,22,2
28,23,2
28,24,4
28,25,4
28,26,4
28,27,4
28,28,4
28,29,4
28,30,4
29,0,4
29,1,4
29,2,4
29,3,2
29,4,2
29,5,3
29,6,3
29,7,3
29,8,3
29,9,3
29,10,1
29,11,1
29,12,1
29,13,1
29,14,1
29,15,3
29,16,3
29,17,4
29,18,4
29,19,4
29,20,4
29,21,2
29,22,2
29,23,2
29,24,2
29,25,4
29,26,4
29,27,4
29,28,4
29,29,4
29,30,4
30,0,4
30,1,4
30,2,4
30,3,2
30,4,2
30,5,3
30,6,3
30,7,3
30,8,3
30,9,3
30,10,1
30,11,1
30,12,1
30,13,1
30,14,1
30,15,3
30,16,3
30,17,4
30,18,4
30,19,4
30,20,4
30,21,2
30,22,2
30,23,2
30,24,2
30,25,4
30,26,4
30,27,4
30,28,4
30,29,4
30,30,4