5
6
8
4
2,7
17,2
17,22
27,12
27,22
2,4,2
3,4,2
2,3,1
1,2,2
0,2,3
1,3,2
0,0,1
0,1,1
0,2,1
0,3,1
0,4,1
0,5,1
0,6,1
0,7,1
0,8,1
0,9,1
0,10,4
0,11,4
0,12,4
0,13,4
0,14,1
0,15,1
0,16,1
0,17,1
0,18,4
0,19,4
0,20,4
0,21,4
0,22,1
0,23,1
0,24,1
0,25,4
0,26,4
0,27,4
0,28,4
0,29,4
0,30,4
1,0,1
1,1,1
1,2,1
1,3,1
1,4,1
1,5,1
1,6,1
1,7,1
1,8,1
1,9,1
1,10,4
1,11,4
1,12,4
1,13,4
1,14,1
1,15,1
1,16,1
1,17,1
1,18,4
1,19,4
1,20,4
1,21,4
1,22,1
1,23,1
1,24,1
1,25,4
1,26,4
1,27,4
1,28,4
1,29,4
1,30,4
2,0,4
2,1,4
2,2,1
2,3,1
2,4,1
2,5,1
2,6,1
2,7,1
2,8,1
2,9,1
2,10,1
2,11,4
2,12,4
2,13,4
2,14,4
2,15,1
2,16,1
2,17,4
2,18,4
2,19,4
2,20,4
2,21,4
2,22,4
2,23,1
2,24,1
2,25,4
2,26,4
2,27,4
2,28,4
2,29,4
2,30,4
3,0,4
3,1,4
3,2,4
3,3,1
3,4,1
3,5,1
3,6,1
3,7,1
3,8,1
3,9,1
3,10,1
3,11,1
3,12,4
3,13,4
3,14,4
3,15,4
3,16,4
3,17,4
3,18,4
3,19,4
3,20,4
3,21,4
3,22,4
3,23,1
3,24,1
3,25,1
3,26,4
3,27,4
3,28,4
3,29,1
3,30,1
4,0,4
4,1,4
4,2,4
4,3,4
4,4,1
4,5,1
4,6,1
4,7,1
4,8,1
4,9,1
4,10,1
4,11,1
4,12,1
4,13,4
4,14,4
4,15,4
4,16,4
4,17,4
4,18,4
4,19,4
4,20,4
4,21,4
4,22,1
4,23,1
4,24,1
4,25,1
4,26,1
4,27,1
4,28,1
4,29,1
4,30,1
5,0,4
5,1,4
5,2,4
5,3,4
5,4,2
5,5,2
5,6,2
5,7,2
5,8,2
5,9,2
5,10,1
5,11,1
5,12,1
5,13,1
5,14,1
5,15,1
5,16,1
5,17,1
5,18,1
5,19,1
5,20,1
5,21,1
5,22,1
5,23,1
5,24,1
5,25,1
5,26,1
5,27,1
5,28,1
5,29,1
5,30,1
6,0,4
6,1,4
6,2,4
6,3,2
6,4,2
6,5,2
6,6,2
6,7,2
6,8,2
6,9,2
6,10,2
6,11,1
6,12,1
6,13,1
6,14,1
6,15,1
6,16,1
6,17,1
6,18,1
6,19,1
6,20,1
6,21,1
6,22,1
6,23,1
6,24,2
6,25,2
6,26,2
6,27,2
6,28,2
6,29,2
6,30,2
7,0,4
7,1,4
7,2,4
7,3,2
7,4,2
7,5,2
7,6,1
7,7,1
7,8,2
7,9,2
7,10,2
7,11,2
7,12,2
7,13,2
7,14,2
7,15,2
7,16,2
7,17,2
7,18,2
7,19,2
7,20,2
7,21,2
7,22,2
7,23,2
7,24,2
7,25,2
7,26,2
7,27,2
7,28,2
7,29,2
7,30,2
8,0,4
8,1,4
8,2,4
8,3,2
8,4,2
8,5,1
8,6,1
8,7,1
8,8,1
8,9,2
8,10,2
8,11,2
8,12,2
8,13,2
8,14,2
8,15,2
8,16,2
8,17,2
8,18,2
8,19,2
8,20,2
8,21,2
8,22,2
8,23,2
8,24,2
8,25,2
8,26,3
8,27,3
8,28,3
8,29,3
8,30,3
9,0,4
9,1,4
9,2,4
9,3,2
9,4,2
9,5,1
9,6,1
9,7,1
9,8,1
9,9,3
9,10,3
9,11,3
9,12,3
9,13,3
9,14,3
9,15,3
9,16,3
9,17,3
9,18,3
9,19,3
9,20,3
9,21,3
9,22,3
9,23,3
9,24,3
9,25,3
9,26,3
9,27,3
9,28,3
9,29,3
9,30,3
10,0,4
10,1,4
10,2,4
10,3,2
10,4,2
10,5,2
10,6,1
10,7,1
10,8,3
10,9,3
10,10,3
10,11,3
10,12,3
10,13,3
10,14,3
10,15,3
10,16,3
10,17,3
10,18,3
10,19,3
10,20,3
10,21,3
10,22,3
10,23,3
10,24,3
10,25,3
10,26,3
10,27,3
10,28,1
10,29,1
10,30,1
11,0,4
11,1,4
11,2,2
11,3,2
11,4,2
11,5,2
11,6,3
11,7,3
11,8,3
11,9,3
11,10,3
11,11,1
11,12,1
11,13,1
11,14,1
11,15,1
11,16,1
11,17,1
11,18,1
11,19,1
11,20,1
11,21,1
11,22,1
11,23,1
11,24,1
11,25,1
11,26,1
11,27,1
11,28,1
11,29,1
11,30,1
12,0,2
12,1,2
12,2,2
12,3,2
12,4,2
12,5,3
12,6,3
12,7,3
12,8,3
12,9,3
12,10,1
12,11,1
12,12,1
12,13,1
12,14,1
12,15,1
12,16,1
12,17,1
12,18,1
12,19,1
12,20,1
12,21,1
12,22,1
12,23,1
12,24,1
12,25,1
12,26,1
12,27,1
12,28,1
12,29,1
12,30,1
13,0,2
13,1,2
13,2,2
13,3,2
13,4,3
13,5,3
13,6,3
13,7,3
13,8,3
13,9,3
13,10,1
13,11,1
13,12,1
13,13,1
13,14,3
13,15,3
13,16,3
13,17,3
13,18,3
13,19,3
13,20,3
13,21,3
13,22,3
13,23,3
13,24,3
13,25,3
13,26,3
13,27,3
13,28,3
13,29,3
13,30,3
14,0,2
14,1,2
14,2,1
14,3,1
14,4,3
14,5,3
14,6,3
14,7,3
14,8,3
14,9,4
14,10,4
14,11,1
14,12,1
14,13,3
14,14,3
14,15,3
14,16,3
14,17,3
14,18,3
14,19,3
14,20,3
14,21,3
14,22,3
14,23,3
14,24,3
14,25,3
14,26,3
14,27,3
14,28,3
14,29,3
14,30,3
15,0,1
15,1,1
15,2,1
15,3,1
15,4,1
15,5,3
15,6,3
15,7,4
15,8,4
15,9,4
15,10,4
15,11,4
15,12,3
15,13,3
15,14,3
15,15,3
15,16,1
15,17,1
15,18,3
15,19,3
15,20,4
15,21,4
15,22,4
15,23,4
15,24,4
15,25,4
15,26,4
15,27,4
15,28,3
15,29,3
15,30,3
16,0,1
16,1,1
16,2,1
16,3,1
16,4,1
16,5,1
16,6,4
16,7,4
16,8,4
16,9,4
16,10,4
16,11,4
16,12,3
16,13,3
16,14,3
16,15,1
16,16,1
16,17,1
16,18,1
16,19,4
16,20,4
16,21,4
16,22,4
16,23,4
16,24,4
16,25,4
16,26,4
16,27,4
16,28,4
16,29,3
16,30,3
17,0,1
17,1,1
17,2,1
17,3,1
17,4,1
17,5,1
17,6,4
17,7,4
17,8,4
17,9,4
17,10,4
17,11,3
17,12,3
17,13,3
17,14,1
17,15,1
17,16,1
17,17,1
17,18,1
17,19,4
17,20,4
17,21,4
17,22,4
17,23,4
17,24,4
17,25,4
17,26,4
17,27,4
17,28,4
17,29,1
17,30,1
18,0,1
18,1,1
18,2,1
18,3,1
18,4,1
18,5,1
18,6,1
18,7,4
18,8,4
18,9,4
18,10,4
18,11,3
18,12,3
18,13,3
18,14,1
18,15,1
18,16,1
18,17,1
18,18,1
18,19,4
18,20,4
18,21,4
18,22,4
18,23,4
18,24,4
18,25,4
18,26,4
18,27,4
18,28,1
18,29,1
18,30,1
19,0,1
19,1,1
19,2,1
19,3,1
19,4,1
19,5,1
19,6,1
19,7,1
19,8,4
19,9,4
19,10,3
19,11,3
19,12,3
19,13,3
19,14,1
19,15,1
19,16,1
19,17,1
19,18,4
19,19,4
19,20,4
19,21,4
19,22,4
19,23,4
19,24,4
19,25,2
19,26,2
19,27,2
19,28,1
19,29,1
19,30,1
20,0,2
20,1,2
20,2,2
20,3,2
20,4,2
20,5,1
20,6,1
20,7,1
20,8,1
20,9,1
20,10,3
20,11,3
20,12,3
20,13,3
20,14,3
20,15,1
20,16,1
20,17,4
20,18,4
20,19,4
20,20,4
20,21,4
20,22,4
20,23,2
20,24,2
20,25,2
20,26,2
20,27,2
20,28,2
20,29,1
20,30,1
21,0,2
21,1,2
21,2,2
21,3,2
21,4,2
21,5,2
21,6,1
21,7,1
21,8,1
21,9,1
21,10,1
21,11,3
21,12,3
21,13,3
21,14,3
21,15,1
21,16,1
21,17,4
21,18,4
21,19,4
21,20,2
21,21,2
21,22,2
21,23,2
21,24,2
21,25,2
21,26,2
21,27,2
21,28,2
21,29,2
21,30,2
22,0,1
22,1,1
22,2,2
22,3,2
22,4,2
22,5,2
22,6,1
22,7,1
22,8,1
22,9,1
22,10,1
22,11,1
22,12,3
22,13,3
22,14,1
22,15,1
22,16,1
22,17,4
22,18,4
22,19,2
22,20,2
22,21,2
22,22,2
22,23,2
22,24,2
22,25,4
22,26,4
22,27,2
22,28,2
22,29,2
22,30,2
23,0,1
23,1,1
23,2,1
23,3,2
23,4,2
23,5,4
23,6,4
23,7,1
23,8,1
23,9,1
23,10,1
23,11,1
23,12,3
23,13,3
23,14,1
23,15,1
23,16,1
23,17,4
23,18,4
23,19,2
23,20,2
23,21,2
23,22,2
23,23,2
23,24,4
23,25,4
23,26,4
23,27,4
23,28,4
23,29,4
23,30,4
24,0,1
24,1,1
24,2,1
24,3,4
24,4,4
24,5,4
24,6,4
24,7,4
24,8,4
24,9,1
24,10,1
24,11,3
24,12,3
24,13,3
24,14,3
24,15,1
24,16,1
24,17,4
24,18,4
24,19,4
24,20,2
24,21,2
24,22,1
24,23,1
24,24,4
24,25,4
24,26,4
24,27,4
24,28,4
24,29,4
24,30,4
25,0,1
25,1,1
25,2,4
25,3,4
25,4,4
25,5,4
25,6,4
25,7,4
25,8,4
25,9,4
25,10,3
25,11,3
25,12,3
25,13,3
25,14,3
25,15,1
25,16,1
25,17,4
25,18,4
25,19,4
25,20,1
25,21,1
25,22,1
25,23,1
25,24,1
25,25,4
25,26,4
25,27,4
25,28,4
25,29,4
25,30,4
26,0,1
26,1,1
26,2,4
26,3,4
26,4,4
26,5,3
26,6,3
26,7,4
26,8,4
26,9,4
26,10,3
26,11,3
26,12,3
26,13,3
26,14,3
26,15,1
26,16,1
26,17,4
26,18,4
26,19,1
26,20,1
26,21,1
26,22,1
26,23,1
26,24,1
26,25,4
26,26,4
26,27,4
26,28,4
26,29,3
26,30,3
27,0,1
27,1,1
27,2,4
27,3,4
27,4,3
27,5,3
27,6,3
27,7,3
27,8,4
27,9,4
27,10,3
27,11,3
27,12,3
27,13,3
27,14,3
27,15,1
27,16,1
27,17,4
27,18,4
27,19,1
27,20,1
27,21,1
27,22,1
27,23,1
27,24,1
27,25,1
27,26,4
27,27,4
27,28,3
27,29,3
27,30,3
28,0,1
28,1,1
28,2,4
28,3,4
28,4,3
28,5,3
28,6,3
28,7,3
28,8,4
28,9,4
28,10,3
28,11,3
28,12,3
28,13,3
28,14,3
28,15,1
28,16,1
28,17,4
28,18,4
28,19,4
28,20,1
28,21,1
28,22,1
28,23,1
28,24,1
28,25,1
28,26,1
28,27,1
28,28,3
28,29,3
28,30,3
29,0,1
29,1,1
29,2,4
29,3,4
29,4,3
29,5,3
29,6,3
29,7,3
29,8,4
29,9,4
29,10,3
29,11,3
29,12,3
29,13,3
29,14,3
29,15,1
29,16,1
29,17,4
29,18,4
29,19,4
29,20,1
29,21,1
29,22,1
29,23,1
29,24,1
29,25,1
29,26,1
29,27,1
29,28,1
29,29,3
29,30,3
30,0,1
30,1,1
30,2,4
30,3,4
30,4,3
30,5,3
30,6,3
30,7,3
30,8,4
30,9,4
30,10,3
30,11,3
30,12,3
30,13,3
30,14,3
30,15,1
30,16,1
30,17,4
30,18,4
30,19,4
30,20,1
30,21,1
30,22,1
30,23,1
30,24,1
30,25,1
30,26,1
30,27,1
30,28,1
30,29,3
30,30,3