6
8
7
2
2,2
2,12
12,2
12,12
12,22
27,17
0,2,2
2,5,3
2,3,1
0,1,2
0,3,1
1,4,1
3,4,1
1,3,1
0,0,4
0,1,4
0,2,4
0,3,4
0,4,4
0,5,4
0,6,3
0,7,3
0,8,3
0,9,3
0,10,2
0,11,2
0,12,2
0,13,2
0,14,2
0,15,1
0,16,1
0,17,1
0,18,1
0,19,1
0,20,4
0,21,4
0,22,4
0,23,4
0,24,4
0,25,4
0,26,4
0,27,1
0,28,1
0,29,1
0,30,1
1,0,4
1,1,4
1,2,4
1,3,4
1,4,4
1,5,4
1,6,3
1,7,3
1,8,3
1,9,3
1,10,2
1,11,2
1,12,2
1,13,2
1,14,2
1,15,1
1,16,1
1,17,1
1,18,1
1,19,1
1,20,4
1,21,4
1,22,4
1,23,4
1,24,4
1,25,4
1,26,4
1,27,1
1,28,1
1,29,1
1,30,1
2,0,4
2,1,4
2,2,4
2,3,4
2,4,4
2,5,4
2,6,4
2,7,3
2,8,3
2,9,2
2,10,2
2,11,2
2,12,2
2,13,2
2,14,2
2,15,2
2,16,1
2,17,1
2,18,1
2,19,2
2,20,2
2,21,4
2,22,4
2,23,4
2,24,4
2,25,4
2,26,2
2,27,2
2,28,1
2,29,1
2,30,1
3,0,4
3,1,4
3,2,4
3,3,4
3,4,4
3,5,4
3,6,4
3,7,4
3,8,2
3,9,2
3,10,2
3,11,2
3,12,2
3,13,2
3,14,2
3,15,2
3,16,2
3,17,2
3,18,2
3,19,2
3,20,2
3,21,2
3,22,2
3,23,2
3,24,2
3,25,2
3,26,2
3,27,2
3,28,2
3,29,1
3,30,1
4,0,4
4,1,4
4,2,4
4,3,4
4,4,4
4,5,4
4,6,4
4,7,4
4,8,2
4,9,2
4,10,2
4,11,2
4,12,2
4,13,2
4,14,2
4,15,2
4,16,2
4,17,2
4,18,2
4,19,2
4,20,2
4,21,2
4,22,2
4,23,2
4,24,2
4,25,2
4,26,2
4,27,2
4,28,2
4,29,1
4,30,1
5,0,4
5,1,4
5,2,4
5,3,4
5,4,4
5,5,4
5,6,4
5,7,4
5,8,4
5,9,2
5,10,2
5,11,4
5,12,4
5,13,4
5,14,4
5,15,4
5,16,4
5,17,4
5,18,4
5,19,4
5,20,4
5,21,4
5,22,4
5,23,4
5,24,4
5,25,4
5,26,2
5,27,2
5,28,1
5,29,1
5,30,1
6,0,4
6,1,4
6,2,4
6,3,4
6,4,4
6,5,4
6,6,4
6,7,4
6,8,4
6,9,4
6,10,4
6,11,4
6,12,4
6,13,4
6,14,4
6,15,4
6,16,4
6,17,4
6,18,4
6,19,4
6,20,4
6,21,4
6,22,4
6,23,4
6,24,4
6,25,4
6,26,4
6,27,1
6,28,1
6,29,1
6,30,1
7,0,4
7,1,4
7,2,4
7,3,4
7,4,2
7,5,2
7,6,2
7,7,4
7,8,4
7,9,4
7,10,4
7,11,4
7,12,4
7,13,4
7,14,4
7,15,2
7,16,2
7,17,4
7,18,4
7,19,1
7,20,1
7,21,4
7,22,4
7,23,4
7,24,4
7,25,4
7,26,4
7,27,1
7,28,1
7,29,1
7,30,1
8,0,2
8,1,2
8,2,2
8,3,2
8,4,2
8,5,2
8,6,2
8,7,2
8,8,2
8,9,2
8,10,2
8,11,2
8,12,2
8,13,2
8,14,2
8,15,2
8,16,2
8,17,2
8,18,1
8,19,1
8,20,1
8,21,1
8,22,4
8,23,4
8,24,4
8,25,4
8,26,4
8,27,4
8,28,1
8,29,1
8,30,1
9,0,2
9,1,2
9,2,2
9,3,2
9,4,2
9,5,2
9,6,2
9,7,2
9,8,2
9,9,2
9,10,2
9,11,2
9,12,2
9,13,2
9,14,2
9,15,2
9,16,2
9,17,2
9,18,1
9,19,1
9,20,1
9,21,1
9,22,1
9,23,1
9,24,1
9,25,4
9,26,4
9,27,4
9,28,4
9,29,4
9,30,4
10,0,4
10,1,4
10,2,4
10,3,4
10,4,4
10,5,4
10,6,2
10,7,2
10,8,2
10,9,2
10,10,1
10,11,1
10,12,1
10,13,1
10,14,1
10,15,2
10,16,2
10,17,3
10,18,3
10,19,1
10,20,1
10,21,1
10,22,1
10,23,1
10,24,1
10,25,1
10,26,4
10,27,4
10,28,4
10,29,4
10,30,4
11,0,4
11,1,4
11,2,4
11,3,4
11,4,4
11,5,4
11,6,4
11,7,2
11,8,2
11,9,1
11,10,1
11,11,1
11,12,1
11,13,1
11,14,1
11,15,1
11,16,3
11,17,3
11,18,3
11,19,3
11,20,1
11,21,1
11,22,1
11,23,1
11,24,1
11,25,1
11,26,2
11,27,2
11,28,4
11,29,4
11,30,4
12,0,4
12,1,4
12,2,4
12,3,4
12,4,4
12,5,4
12,6,4
12,7,2
12,8,2
12,9,1
12,10,1
12,11,1
12,12,1
12,13,1
12,14,1
12,15,1
12,16,3
12,17,3
12,18,3
12,19,3
12,20,1
12,21,1
12,22,1
12,23,1
12,24,1
12,25,2
12,26,2
12,27,2
12,28,2
12,29,4
12,30,4
13,0,4
13,1,4
13,2,4
13,3,4
13,4,4
13,5,4
13,6,4
13,7,2
13,8,2
13,9,1
13,10,1
13,11,1
13,12,1
13,13,1
13,14,1
13,15,3
13,16,3
13,17,3
13,18,3
13,19,3
13,20,1
13,21,1
13,22,1
13,23,1
13,24,1
13,25,2
13,26,2
13,27,2
13,28,2
13,29,1
13,30,1
14,0,4
14,1,4
14,2,4
14,3,4
14,4,4
14,5,4
14,6,4
14,7,2
14,8,2
14,9,2
14,10,1
14,11,1
14,12,1
14,13,1
14,14,1
14,15,3
14,16,3
14,17,3
14,18,3
14,19,3
14,20,1
14,21,1
14,22,1
14,23,1
14,24,1
14,25,1
14,26,2
14,27,2
14,28,1
14,29,1
14,30,1
15,0,4
15,1,4
15,2,1
15,3,1
15,4,4
15,5,4
15,6,2
15,7,2
15,8,2
15,9,2
15,10,1
15,11,1
15,12,1
15,13,1
15,14,1
15,15,1
15,16,3
15,17,3
15,18,3
15,19,1
15,20,1
15,21,1
15,22,1
15,23,1
15,24,1
15,25,1
15,26,2
15,27,2
15,28,1
15,29,1
15,30,1
16,0,1
16,1,1
16,2,1
16,3,1
16,4,1
16,5,2
16,6,2
16,7,2
16,8,2
16,9,4
16,10,4
16,11,1
16,12,1
16,13,1
16,14,1
16,15,1
16,16,1
16,17,1
16,18,1
16,19,1
16,20,1
16,21,1
16,22,1
16,23,1
16,24,1
16,25,2
16,26,2
16,27,2
16,28,1
16,29,1
16,30,1
17,0,1
17,1,1
17,2,1
17,3,1
17,4,1
17,5,2
17,6,2
17,7,2
17,8,4
17,9,4
17,10,4
17,11,4
17,12,1
17,13,1
17,14,1
17,15,1
17,16,1
17,17,1
17,18,1
17,19,1
17,20,1
17,21,1
17,22,2
17,23,2
17,24,2
17,25,2
17,26,2
17,27,2
17,28,1
17,29,1
17,30,1
18,0,1
18,1,1
18,2,1
18,3,1
18,4,2
18,5,2
18,6,2
18,7,2
18,8,4
18,9,4
18,10,4
18,11,4
18,12,4
18,13,1
18,14,1
18,15,1
18,16,1
18,17,1
18,18,1
18,19,1
18,20,1
18,21,2
18,22,2
18,23,2
18,24,2
18,25,2
18,26,2
18,27,1
18,28,1
18,29,1
18,30,1
19,0,2
19,1,2
19,2,2
19,3,2
19,4,2
19,5,2
19,6,2
19,7,3
19,8,3
19,9,4
19,10,4
19,11,4
19,12,4
19,13,1
19,14,1
19,15,1
19,16,2
19,17,2
19,18,1
19,19,1
19,20,1
19,21,2
19,22,2
19,23,2
19,24,2
19,25,2
19,26,2
19,27,1
19,28,1
19,29,1
19,30,1
20,0,2
20,1,2
20,2,2
20,3,2
20,4,2
20,5,2
20,6,3
20,7,3
20,8,3
20,9,3
20,10,4
20,11,4
20,12,1
20,13,1
20,14,1
20,15,2
20,16,2
20,17,2
20,18,2
20,19,1
20,20,1
20,21,1
20,22,2
20,23,2
20,24,2
20,25,2
20,26,4
20,27,4
20,28,1
20,29,1
20,30,1
21,0,2
21,1,2
21,2,2
21,3,3
21,4,3
21,5,3
21,6,3
21,7,3
21,8,3
21,9,3
21,10,2
21,11,2
21,12,1
21,13,1
21,14,1
21,15,2
21,16,2
21,17,2
21,18,2
21,19,1
21,20,1
21,21,1
21,22,4
21,23,4
21,24,4
21,25,4
21,26,4
21,27,4
21,28,4
21,29,4
21,30,4
22,0,3
22,1,3
22,2,3
22,3,3
22,4,3
22,5,3
22,6,3
22,7,3
22,8,3
22,9,2
22,10,2
22,11,2
22,12,2
22,13,1
22,14,1
22,15,1
22,16,2
22,17,2
22,18,1
22,19,1
22,20,1
22,21,4
22,22,4
22,23,4
22,24,4
22,25,4
22,26,4
22,27,4
22,28,4
22,29,4
22,30,4
23,0,3
23,1,3
23,2,3
23,3,3
23,4,3
23,5,1
23,6,1
23,7,1
23,8,1
23,9,2
23,10,2
23,11,2
23,12,2
23,13,1
23,14,1
23,15,1
23,16,1
23,17,1
23,18,1
23,19,1
23,20,1
23,21,4
23,22,4
23,23,4
23,24,3
23,25,3
23,26,3
23,27,3
23,28,3
23,29,3
23,30,3
24,0,1
24,1,1
24,2,1
24,3,1
24,4,1
24,5,1
24,6,1
24,7,1
24,8,1
24,9,1
24,10,2
24,11,2
24,12,2
24,13,2
24,14,1
24,15,1
24,16,1
24,17,1
24,18,1
24,19,1
24,20,4
24,21,4
24,22,4
24,23,3
24,24,3
24,25,3
24,26,3
24,27,3
24,28,3
24,29,3
24,30,3
25,0,1
25,1,1
25,2,1
25,3,1
25,4,1
25,5,1
25,6,1
25,7,1
25,8,1
25,9,1
25,10,2
25,11,2
25,12,2
25,13,2
25,14,4
25,15,4
25,16,4
25,17,4
25,18,4
25,19,4
25,20,4
25,21,4
25,22,4
25,23,3
25,24,3
25,25,3
25,26,1
25,27,1
25,28,3
25,29,3
25,30,3
26,0,2
26,1,2
26,2,2
26,3,2
26,4,2
26,5,2
26,6,1
26,7,1
26,8,1
26,9,1
26,10,2
26,11,2
26,12,2
26,13,4
26,14,4
26,15,4
26,16,4
26,17,4
26,18,4
26,19,4
26,20,4
26,21,4
26,22,3
26,23,3
26,24,3
26,25,1
26,26,1
26,27,1
26,28,1
26,29,3
26,30,3
27,0,2
27,1,2
27,2,2
27,3,2
27,4,2
27,5,2
27,6,2
27,7,1
27,8,1
27,9,2
27,10,2
27,11,2
27,12,4
27,13,4
27,14,4
27,15,4
27,16,4
27,17,4
27,18,4
27,19,4
27,20,4
27,21,4
27,22,3
27,23,3
27,24,3
27,25,1
27,26,1
27,27,1
27,28,1
27,29,1
27,30,1
28,0,4
28,1,4
28,2,4
28,3,2
28,4,2
28,5,2
28,6,2
28,7,4
28,8,4
28,9,2
28,10,2
28,11,2
28,12,4
28,13,4
28,14,4
28,15,4
28,16,4
28,17,4
28,18,4
28,19,4
28,20,4
28,21,4
28,22,4
28,23,3
28,24,3
28,25,1
28,26,1
28,27,1
28,28,1
28,29,1
28,30,1
29,0,4
29,1,4
29,2,4
29,3,4
29,4,2
29,5,2
29,6,4
29,7,4
29,8,4
29,9,4
29,10,2
29,11,2
29,12,4
29,13,4
29,14,4
29,15,4
29,16,4
29,17,4
29,18,4
29,19,4
29,20,4
29,21,4
29,22,4
29,23,3
29,24,3
29,25,3
29,26,1
29,27,1
29,28,1
29,29,1
29,30,1
30,0,4
30,1,4
30,2,4
30,3,4
30,4,2
30,5,2
30,6,4
30,7,4
30,8,4
30,9,4
30,10,2
30,11,2
30,12,4
30,13,4
30,14,4
30,15,4
30,16,4
30,17,4
30,18,4
30,19,4
30,20,4
30,21,4
30,22,4
30,23,3
30,24,3
30,25,3
30,26,1
30,27,1
30,28,1
30,29,1
30,30,1