6
8
9
1
2,2
2,27
7,12
17,2
17,12
17,27
1,4,4
0,1,2
1,5,2
4,5,4
2,4,1
3,4,2
0,3,3
2,3,1
0,0,4
0,1,4
0,2,4
0,3,4
0,4,4
0,5,3
0,6,3
0,7,4
0,8,4
0,9,1
0,10,1
0,11,1
0,12,1
0,13,4
0,14,4
0,15,4
0,16,4
0,17,4
0,18,4
0,19,4
0,20,3
0,21,3
0,22,2
0,23,2
0,24,2
0,25,4
0,26,4
0,27,4
0,28,4
0,29,4
0,30,4
1,0,4
1,1,4
1,2,4
1,3,4
1,4,4
1,5,3
1,6,3
1,7,4
1,8,4
1,9,1
1,10,1
1,11,1
1,12,1
1,13,4
1,14,4
1,15,4
1,16,4
1,17,4
1,18,4
1,19,4
1,20,3
1,21,3
1,22,2
1,23,2
1,24,2
1,25,4
1,26,4
1,27,4
1,28,4
1,29,4
1,30,4
2,0,4
2,1,4
2,2,4
2,3,4
2,4,4
2,5,3
2,6,3
2,7,4
2,8,4
2,9,4
2,10,1
2,11,1
2,12,2
2,13,2
2,14,4
2,15,4
2,16,4
2,17,4
2,18,4
2,19,4
2,20,3
2,21,3
2,22,2
2,23,2
2,24,4
2,25,4
2,26,4
2,27,4
2,28,4
2,29,4
2,30,4
3,0,4
3,1,4
3,2,4
3,3,4
3,4,4
3,5,3
3,6,3
3,7,4
3,8,4
3,9,4
3,10,2
3,11,2
3,12,2
3,13,2
3,14,2
3,15,4
3,16,4
3,17,4
3,18,4
3,19,4
3,20,3
3,21,3
3,22,2
3,23,2
3,24,4
3,25,4
3,26,4
3,27,4
3,28,4
3,29,4
3,30,4
4,0,4
4,1,4
4,2,4
4,3,4
4,4,4
4,5,3
4,6,3
4,7,4
4,8,4
4,9,2
4,10,2
4,11,2
4,12,2
4,13,2
4,14,2
4,15,2
4,16,4
4,17,4
4,18,4
4,19,3
4,20,3
4,21,3
4,22,2
4,23,2
4,24,4
4,25,4
4,26,4
4,27,4
4,28,4
4,29,4
4,30,4
5,0,4
5,1,4
5,2,4
5,3,4
5,4,3
5,5,3
5,6,3
5,7,4
5,8,4
5,9,2
5,10,2
5,11,2
5,12,2
5,13,2
5,14,2
5,15,2
5,16,3
5,17,3
5,18,3
5,19,3
5,20,3
5,21,3
5,22,2
5,23,2
5,24,2
5,25,4
5,26,4
5,27,4
5,28,4
5,29,4
5,30,4
6,0,3
6,1,3
6,2,3
6,3,3
6,4,3
6,5,3
6,6,3
6,7,4
6,8,4
6,9,2
6,10,2
6,11,2
6,12,2
6,13,2
6,14,2
6,15,3
6,16,3
6,17,3
6,18,3
6,19,3
6,20,3
6,21,3
6,22,2
6,23,2
6,24,2
6,25,4
6,26,4
6,27,4
6,28,4
6,29,3
6,30,3
7,0,3
7,1,3
7,2,3
7,3,3
7,4,3
7,5,3
7,6,4
7,7,4
7,8,4
7,9,2
7,10,2
7,11,2
7,12,2
7,13,2
7,14,2
7,15,3
7,16,3
7,17,3
7,18,3
7,19,3
7,20,3
7,21,2
7,22,2
7,23,2
7,24,4
7,25,4
7,26,4
7,27,4
7,28,3
7,29,3
7,30,3
8,0,1
8,1,1
8,2,1
8,3,1
8,4,1
8,5,1
8,6,4
8,7,4
8,8,4
8,9,2
8,10,2
8,11,2
8,12,2
8,13,2
8,14,2
8,15,3
8,16,3
8,17,3
8,18,3
8,19,4
8,20,4
8,21,2
8,22,2
8,23,2
8,24,4
8,25,4
8,26,4
8,27,4
8,28,3
8,29,3
8,30,3
9,0,1
9,1,1
9,2,1
9,3,1
9,4,1
9,5,1
9,6,1
9,7,4
9,8,4
9,9,4
9,10,2
9,11,2
9,12,2
9,13,2
9,14,2
9,15,2
9,16,3
9,17,3
9,18,4
9,19,4
9,20,4
9,21,4
9,22,2
9,23,2
9,24,4
9,25,4
9,26,4
9,27,4
9,28,3
9,29,3
9,30,3
10,0,1
10,1,1
10,2,3
10,3,3
10,4,1
10,5,1
10,6,1
10,7,4
10,8,4
10,9,4
10,10,4
10,11,4
10,12,4
10,13,2
10,14,2
10,15,2
10,16,2
10,17,2
10,18,4
10,19,4
10,20,4
10,21,4
10,22,2
10,23,2
10,24,4
10,25,4
10,26,4
10,27,4
10,28,4
10,29,3
10,30,3
11,0,3
11,1,3
11,2,3
11,3,3
11,4,3
11,5,1
11,6,1
11,7,1
11,8,4
11,9,4
11,10,4
11,11,4
11,12,4
11,13,4
11,14,2
11,15,2
11,16,2
11,17,2
11,18,2
11,19,4
11,20,4
11,21,2
11,22,2
11,23,2
11,24,2
11,25,4
11,26,4
11,27,4
11,28,4
11,29,4
11,30,4
12,0,3
12,1,3
12,2,3
12,3,3
12,4,3
12,5,1
12,6,1
12,7,1
12,8,1
12,9,4
12,10,4
12,11,4
12,12,4
12,13,4
12,14,2
12,15,2
12,16,2
12,17,2
12,18,2
12,19,4
12,20,4
12,21,2
12,22,2
12,23,2
12,24,2
12,25,1
12,26,1
12,27,4
12,28,4
12,29,4
12,30,4
13,0,3
13,1,3
13,2,3
13,3,3
13,4,3
13,5,1
13,6,1
13,7,1
13,8,1
13,9,4
13,10,4
13,11,4
13,12,4
13,13,2
13,14,2
13,15,2
13,16,2
13,17,2
13,18,4
13,19,4
13,20,4
13,21,4
13,22,2
13,23,2
13,24,1
13,25,1
13,26,1
13,27,1
13,28,4
13,29,4
13,30,4
14,0,3
14,1,3
14,2,3
14,3,3
14,4,3
14,5,3
14,6,1
14,7,1
14,8,2
14,9,2
14,10,4
14,11,4
14,12,2
14,13,2
14,14,2
14,15,2
14,16,3
14,17,3
14,18,4
14,19,4
14,20,4
14,21,4
14,22,4
14,23,4
14,24,1
14,25,1
14,26,1
14,27,1
14,28,1
14,29,1
14,30,1
15,0,3
15,1,3
15,2,3
15,3,3
15,4,3
15,5,3
15,6,2
15,7,2
15,8,2
15,9,2
15,10,2
15,11,2
15,12,2
15,13,2
15,14,2
15,15,3
15,16,3
15,17,3
15,18,3
15,19,4
15,20,4
15,21,4
15,22,4
15,23,4
15,24,4
15,25,1
15,26,1
15,27,1
15,28,1
15,29,1
15,30,1
16,0,3
16,1,3
16,2,3
16,3,3
16,4,3
16,5,2
16,6,2
16,7,2
16,8,2
16,9,2
16,10,2
16,11,2
16,12,2
16,13,2
16,14,2
16,15,3
16,16,3
16,17,3
16,18,3
16,19,3
16,20,3
16,21,3
16,22,4
16,23,4
16,24,4
16,25,1
16,26,1
16,27,1
16,28,1
16,29,1
16,30,1
17,0,3
17,1,3
17,2,3
17,3,3
17,4,3
17,5,2
17,6,2
17,7,2
17,8,2
17,9,2
17,10,2
17,11,2
17,12,2
17,13,2
17,14,2
17,15,3
17,16,3
17,17,3
17,18,3
17,19,3
17,20,3
17,21,3
17,22,3
17,23,4
17,24,4
17,25,1
17,26,1
17,27,1
17,28,1
17,29,1
17,30,1
18,0,3
18,1,3
18,2,3
18,3,3
18,4,3
18,5,2
18,6,2
18,7,2
18,8,2
18,9,2
18,10,2
18,11,2
18,12,2
18,13,2
18,14,2
18,15,3
18,16,3
18,17,3
18,18,2
18,19,2
18,20,3
18,21,3
18,22,3
18,23,4
18,24,4
18,25,1
18,26,1
18,27,1
18,28,1
18,29,1
18,30,1
19,0,3
19,1,3
19,2,3
19,3,3
19,4,3
19,5,3
19,6,2
19,7,2
19,8,2
19,9,2
19,10,2
19,11,2
19,12,2
19,13,2
19,14,2
19,15,3
19,16,3
19,17,2
19,18,2
19,19,2
19,20,2
19,21,3
19,22,3
19,23,4
19,24,4
19,25,1
19,26,1
19,27,1
19,28,1
19,29,1
19,30,1
20,0,4
20,1,4
20,2,3
20,3,3
20,4,3
20,5,3
20,6,4
20,7,4
20,8,2
20,9,2
20,10,4
20,11,4
20,12,2
20,13,2
20,14,3
20,15,3
20,16,3
20,17,2
20,18,2
20,19,2
20,20,2
20,21,3
20,22,3
20,23,4
20,24,4
20,25,1
20,26,1
20,27,1
20,28,1
20,29,1
20,30,1
21,0,4
21,1,4
21,2,4
21,3,3
21,4,3
21,5,4
21,6,4
21,7,4
21,8,4
21,9,4
21,10,4
21,11,4
21,12,4
21,13,3
21,14,3
21,15,3
21,16,3
21,17,2
21,18,2
21,19,2
21,20,2
21,21,3
21,22,3
21,23,4
21,24,4
21,25,1
21,26,1
21,27,1
21,28,1
21,29,1
21,30,1
22,0,4
22,1,4
22,2,4
22,3,4
22,4,4
22,5,4
22,6,4
22,7,4
22,8,4
22,9,4
22,10,4
22,11,4
22,12,4
22,13,3
22,14,3
22,15,3
22,16,4
22,17,4
22,18,2
22,19,2
22,20,3
22,21,3
22,22,3
22,23,4
22,24,4
22,25,4
22,26,1
22,27,1
22,28,1
22,29,1
22,30,1
23,0,4
23,1,4
23,2,4
23,3,4
23,4,4
23,5,4
23,6,4
23,7,4
23,8,1
23,9,1
23,10,4
23,11,4
23,12,3
23,13,3
23,14,3
23,15,4
23,16,4
23,17,4
23,18,4
23,19,3
23,20,3
23,21,3
23,22,3
23,23,4
23,24,4
23,25,4
23,26,2
23,27,2
23,28,1
23,29,1
23,30,1
24,0,4
24,1,4
24,2,4
24,3,4
24,4,4
24,5,4
24,6,4
24,7,1
24,8,1
24,9,1
24,10,1
24,11,3
24,12,3
24,13,3
24,14,3
24,15,4
24,16,4
24,17,4
24,18,4
24,19,3
24,20,3
24,21,3
24,22,4
24,23,4
24,24,4
24,25,2
24,26,2
24,27,2
24,28,2
24,29,1
24,30,1
25,0,4
25,1,4
25,2,4
25,3,4
25,4,4
25,5,4
25,6,4
25,7,1
25,8,1
25,9,1
25,10,1
25,11,3
25,12,3
25,13,3
25,14,4
25,15,4
25,16,4
25,17,4
25,18,4
25,19,3
25,20,3
25,21,4
25,22,4
25,23,4
25,24,4
25,25,2
25,26,2
25,27,2
25,28,2
25,29,1
25,30,1
26,0,4
26,1,4
26,2,4
26,3,4
26,4,4
26,5,4
26,6,4
26,7,4
26,8,1
26,9,1
26,10,3
26,11,3
26,12,3
26,13,3
26,14,4
26,15,4
26,16,4
26,17,4
26,18,3
26,19,3
26,20,3
26,21,4
26,22,4
26,23,4
26,24,4
26,25,2
26,26,2
26,27,2
26,28,2
26,29,1
26,30,1
27,0,4
27,1,4
27,2,4
27,3,4
27,4,4
27,5,4
27,6,4
27,7,4
27,8,1
27,9,1
27,10,3
27,11,3
27,12,3
27,13,3
27,14,3
27,15,4
27,16,4
27,17,3
27,18,3
27,19,3
27,20,3
27,21,3
27,22,4
27,23,4
27,24,4
27,25,4
27,26,2
27,27,2
27,28,1
27,29,1
27,30,1
28,0,1
28,1,1
28,2,4
28,3,4
28,4,4
28,5,4
28,6,4
28,7,4
28,8,1
28,9,1
28,10,3
28,11,3
28,12,3
28,13,3
28,14,3
28,15,4
28,16,4
28,17,3
28,18,3
28,19,3
28,20,3
28,21,3
28,22,3
28,23,4
28,24,4
28,25,4
28,26,3
28,27,3
28,28,1
28,29,1
28,30,1
29,0,1
29,1,1
29,2,1
29,3,4
29,4,4
29,5,4
29,6,4
29,7,4
29,8,1
29,9,1
29,10,3
29,11,3
29,12,3
29,13,3
29,14,4
29,15,4
29,16,4
29,17,4
29,18,3
29,19,3
29,20,3
29,21,3
29,22,3
29,23,4
29,24,4
29,25,3
29,26,3
29,27,3
29,28,3
29,29,1
29,30,1
30,0,1
30,1,1
30,2,1
30,3,4
30,4,4
30,5,4
30,6,4
30,7,4
30,8,1
30,9,1
30,10,3
30,11,3
30,12,3
30,13,3
30,14,4
30,15,4
30,16,4
30,17,4
30,18,3
30,19,3
30,20,3
30,21,3
30,22,3
30,23,4
30,24,4
30,25,3
30,26,3
30,27,3
30,28,3
30,29,1
30,30,1