5
6
8
2
2,12
12,2
12,22
22,12
27,22
2,4,4
0,2,2
2,3,2
0,1,1
1,3,2
0,3,1
0,0,2
0,1,2
0,2,2
0,3,2
0,4,2
0,5,2
0,6,3
0,7,3
0,8,3
0,9,3
0,10,4
0,11,4
0,12,4
0,13,4
0,14,4
0,15,4
0,16,4
0,17,4
0,18,3
0,19,3
0,20,3
0,21,3
0,22,4
0,23,4
0,24,3
0,25,3
0,26,3
0,27,3
0,28,3
0,29,3
0,30,3
1,0,2
1,1,2
1,2,2
1,3,2
1,4,2
1,5,2
1,6,3
1,7,3
1,8,3
1,9,3
1,10,4
1,11,4
1,12,4
1,13,4
1,14,4
1,15,4
1,16,4
1,17,4
1,18,3
1,19,3
1,20,3
1,21,3
1,22,4
1,23,4
1,24,3
1,25,3
1,26,3
1,27,3
1,28,3
1,29,3
1,30,3
2,0,3
2,1,3
2,2,3
2,3,2
2,4,2
2,5,4
2,6,4
2,7,3
2,8,3
2,9,4
2,10,4
2,11,4
2,12,4
2,13,4
2,14,4
2,15,4
2,16,4
2,17,4
2,18,3
2,19,3
2,20,3
2,21,3
2,22,4
2,23,4
2,24,4
2,25,3
2,26,3
2,27,3
2,28,3
2,29,3
2,30,3
3,0,3
3,1,3
3,2,3
3,3,3
3,4,4
3,5,4
3,6,4
3,7,4
3,8,4
3,9,4
3,10,4
3,11,4
3,12,4
3,13,4
3,14,4
3,15,4
3,16,4
3,17,1
3,18,1
3,19,3
3,20,3
3,21,4
3,22,4
3,23,4
3,24,4
3,25,4
3,26,3
3,27,3
3,28,3
3,29,3
3,30,3
4,0,3
4,1,3
4,2,3
4,3,3
4,4,4
4,5,4
4,6,4
4,7,4
4,8,4
4,9,4
4,10,4
4,11,4
4,12,4
4,13,4
4,14,4
4,15,4
4,16,1
4,17,1
4,18,1
4,19,1
4,20,4
4,21,4
4,22,4
4,23,4
4,24,4
4,25,4
4,26,1
4,27,1
4,28,3
4,29,3
4,30,3
5,0,3
5,1,3
5,2,3
5,3,3
5,4,3
5,5,4
5,6,4
5,7,4
5,8,4
5,9,2
5,10,2
5,11,2
5,12,2
5,13,2
5,14,2
5,15,2
5,16,1
5,17,1
5,18,1
5,19,1
5,20,4
5,21,4
5,22,4
5,23,4
5,24,4
5,25,1
5,26,1
5,27,1
5,28,1
5,29,3
5,30,3
6,0,4
6,1,4
6,2,3
6,3,3
6,4,3
6,5,3
6,6,4
6,7,4
6,8,2
6,9,2
6,10,2
6,11,2
6,12,2
6,13,2
6,14,2
6,15,2
6,16,2
6,17,1
6,18,1
6,19,4
6,20,4
6,21,4
6,22,4
6,23,3
6,24,3
6,25,1
6,26,1
6,27,1
6,28,1
6,29,1
6,30,1
7,0,4
7,1,4
7,2,4
7,3,3
7,4,3
7,5,3
7,6,3
7,7,3
7,8,2
7,9,2
7,10,2
7,11,2
7,12,2
7,13,2
7,14,2
7,15,2
7,16,2
7,17,1
7,18,1
7,19,4
7,20,4
7,21,4
7,22,3
7,23,3
7,24,3
7,25,3
7,26,1
7,27,1
7,28,1
7,29,1
7,30,1
8,0,4
8,1,4
8,2,4
8,3,3
8,4,3
8,5,3
8,6,3
8,7,3
8,8,3
8,9,2
8,10,2
8,11,2
8,12,2
8,13,2
8,14,2
8,15,2
8,16,2
8,17,1
8,18,1
8,19,4
8,20,4
8,21,4
8,22,3
8,23,3
8,24,3
8,25,3
8,26,3
8,27,3
8,28,3
8,29,3
8,30,3
9,0,4
9,1,4
9,2,2
9,3,2
9,4,3
9,5,3
9,6,3
9,7,3
9,8,3
9,9,3
9,10,2
9,11,2
9,12,2
9,13,2
9,14,2
9,15,2
9,16,1
9,17,1
9,18,1
9,19,1
9,20,4
9,21,4
9,22,4
9,23,3
9,24,3
9,25,3
9,26,3
9,27,3
9,28,3
9,29,3
9,30,3
10,0,2
10,1,2
10,2,2
10,3,2
10,4,2
10,5,2
10,6,3
10,7,3
10,8,3
10,9,3
10,10,2
10,11,2
10,12,2
10,13,4
10,14,4
10,15,4
10,16,1
10,17,1
10,18,1
10,19,1
10,20,4
10,21,4
10,22,4
10,23,4
10,24,4
10,25,4
10,26,3
10,27,3
10,28,3
10,29,3
10,30,3
11,0,2
11,1,2
11,2,2
11,3,2
11,4,2
11,5,2
11,6,2
11,7,3
11,8,3
11,9,3
11,10,2
11,11,2
11,12,4
11,13,4
11,14,4
11,15,4
11,16,4
11,17,1
11,18,1
11,19,4
11,20,4
11,21,4
11,22,4
11,23,4
11,24,4
11,25,4
11,26,4
11,27,3
11,28,3
11,29,2
11,30,2
12,0,2
12,1,2
12,2,2
12,3,2
12,4,2
12,5,2
12,6,2
12,7,3
12,8,3
12,9,3
12,10,2
12,11,2
12,12,4
12,13,4
12,14,4
12,15,4
12,16,4
12,17,4
12,18,4
12,19,4
12,20,4
12,21,4
12,22,4
12,23,4
12,24,4
12,25,4
12,26,4
12,27,4
12,28,2
12,29,2
12,30,2
13,0,2
13,1,2
13,2,2
13,3,2
13,4,2
13,5,2
13,6,2
13,7,2
13,8,3
13,9,3
13,10,2
13,11,2
13,12,2
13,13,4
13,14,4
13,15,4
13,16,4
13,17,4
13,18,4
13,19,4
13,20,4
13,21,4
13,22,4
13,23,4
13,24,4
13,25,4
13,26,4
13,27,4
13,28,2
13,29,2
13,30,2
14,0,2
14,1,2
14,2,2
14,3,2
14,4,2
14,5,2
14,6,2
14,7,2
14,8,3
14,9,3
14,10,2
14,11,2
14,12,2
14,13,2
14,14,4
14,15,4
14,16,4
14,17,4
14,18,4
14,19,4
14,20,4
14,21,4
14,22,4
14,23,4
14,24,4
14,25,4
14,26,4
14,27,2
14,28,2
14,29,2
14,30,2
15,0,1
15,1,1
15,2,2
15,3,2
15,4,2
15,5,2
15,6,2
15,7,2
15,8,3
15,9,3
15,10,2
15,11,2
15,12,2
15,13,2
15,14,4
15,15,4
15,16,4
15,17,4
15,18,4
15,19,1
15,20,1
15,21,4
15,22,4
15,23,4
15,24,4
15,25,4
15,26,2
15,27,2
15,28,2
15,29,2
15,30,2
16,0,1
16,1,1
16,2,1
16,3,2
16,4,2
16,5,2
16,6,2
16,7,3
16,8,3
16,9,3
16,10,3
16,11,2
16,12,2
16,13,4
16,14,4
16,15,4
16,16,4
16,17,4
16,18,1
16,19,1
16,20,1
16,21,1
16,22,4
16,23,4
16,24,4
16,25,2
16,26,2
16,27,2
16,28,2
16,29,2
16,30,2
17,0,1
17,1,1
17,2,1
17,3,1
17,4,2
17,5,2
17,6,2
17,7,3
17,8,3
17,9,3
17,10,3
17,11,4
17,12,4
17,13,4
17,14,4
17,15,4
17,16,4
17,17,1
17,18,1
17,19,1
17,20,1
17,21,1
17,22,4
17,23,4
17,24,4
17,25,2
17,26,2
17,27,2
17,28,2
17,29,4
17,30,4
18,0,1
18,1,1
18,2,1
18,3,1
18,4,1
18,5,2
18,6,2
18,7,2
18,8,3
18,9,3
18,10,4
18,11,4
18,12,4
18,13,4
18,14,4
18,15,4
18,16,4
18,17,1
18,18,1
18,19,1
18,20,1
18,21,1
18,22,4
18,23,4
18,24,4
18,25,4
18,26,2
18,27,2
18,28,4
18,29,4
18,30,4
19,0,3
19,1,3
19,2,1
19,3,1
19,4,1
19,5,2
19,6,2
19,7,2
19,8,2
19,9,4
19,10,4
19,11,4
19,12,4
19,13,4
19,14,4
19,15,4
19,16,4
19,17,1
19,18,1
19,19,1
19,20,1
19,21,4
19,22,4
19,23,4
19,24,4
19,25,4
19,26,1
19,27,1
19,28,4
19,29,4
19,30,4
20,0,3
20,1,3
20,2,3
20,3,1
20,4,1
20,5,2
20,6,2
20,7,2
20,8,2
20,9,4
20,10,4
20,11,4
20,12,4
20,13,4
20,14,4
20,15,4
20,16,2
20,17,2
20,18,1
20,19,1
20,20,4
20,21,4
20,22,4
20,23,4
20,24,4
20,25,1
20,26,1
20,27,1
20,28,1
20,29,4
20,30,4
21,0,3
21,1,3
21,2,3
21,3,1
21,4,1
21,5,1
21,6,2
21,7,2
21,8,4
21,9,4
21,10,4
21,11,4
21,12,4
21,13,4
21,14,4
21,15,2
21,16,2
21,17,2
21,18,2
21,19,2
21,20,4
21,21,4
21,22,4
21,23,4
21,24,4
21,25,1
21,26,1
21,27,1
21,28,1
21,29,2
21,30,2
22,0,3
22,1,3
22,2,3
22,3,1
22,4,1
22,5,1
22,6,3
22,7,3
22,8,4
22,9,4
22,10,4
22,11,4
22,12,4
22,13,4
22,14,4
22,15,2
22,16,2
22,17,2
22,18,2
22,19,2
22,20,2
22,21,4
22,22,4
22,23,4
22,24,2
22,25,2
22,26,1
22,27,1
22,28,2
22,29,2
22,30,2
23,0,3
23,1,3
23,2,3
23,3,1
23,4,1
23,5,3
23,6,3
23,7,3
23,8,3
23,9,4
23,10,4
23,11,4
23,12,4
23,13,4
23,14,4
23,15,4
23,16,2
23,17,2
23,18,2
23,19,2
23,20,2
23,21,2
23,22,2
23,23,2
23,24,2
23,25,2
23,26,2
23,27,2
23,28,2
23,29,2
23,30,2
24,0,3
24,1,3
24,2,1
24,3,1
24,4,1
24,5,3
24,6,3
24,7,3
24,8,3
24,9,4
24,10,4
24,11,4
24,12,4
24,13,4
24,14,4
24,15,4
24,16,2
24,17,2
24,18,2
24,19,2
24,20,2
24,21,2
24,22,2
24,23,2
24,24,2
24,25,2
24,26,2
24,27,2
24,28,2
24,29,2
24,30,2
25,0,1
25,1,1
25,2,1
25,3,1
25,4,1
25,5,1
25,6,3
25,7,3
25,8,4
25,9,4
25,10,4
25,11,4
25,12,4
25,13,4
25,14,4
25,15,4
25,16,4
25,17,2
25,18,2
25,19,2
25,20,3
25,21,3
25,22,3
25,23,3
25,24,3
25,25,2
25,26,2
25,27,3
25,28,3
25,29,2
25,30,2
26,0,1
26,1,1
26,2,1
26,3,1
26,4,1
26,5,1
26,6,2
26,7,2
26,8,4
26,9,4
26,10,4
26,11,4
26,12,4
26,13,4
26,14,4
26,15,4
26,16,4
26,17,2
26,18,2
26,19,3
26,20,3
26,21,3
26,22,3
26,23,3
26,24,3
26,25,3
26,26,3
26,27,3
26,28,3
26,29,3
26,30,3
27,0,1
27,1,1
27,2,1
27,3,1
27,4,1
27,5,2
27,6,2
27,7,2
27,8,2
27,9,4
27,10,4
27,11,4
27,12,3
27,13,3
27,14,4
27,15,4
27,16,2
27,17,2
27,18,2
27,19,3
27,20,3
27,21,3
27,22,3
27,23,3
27,24,3
27,25,3
27,26,3
27,27,3
27,28,3
27,29,3
27,30,3
28,0,1
28,1,1
28,2,1
28,3,1
28,4,2
28,5,2
28,6,2
28,7,2
28,8,2
28,9,4
28,10,4
28,11,3
28,12,3
28,13,3
28,14,3
28,15,3
28,16,2
28,17,2
28,18,2
28,19,3
28,20,3
28,21,3
28,22,3
28,23,3
28,24,3
28,25,3
28,26,2
28,27,2
28,28,3
28,29,3
28,30,3
29,0,1
29,1,1
29,2,1
29,3,2
29,4,2
29,5,2
29,6,2
29,7,2
29,8,2
29,9,4
29,10,4
29,11,3
29,12,3
29,13,3
29,14,3
29,15,3
29,16,3
29,17,2
29,18,2
29,19,3
29,20,3
29,21,3
29,22,3
29,23,3
29,24,3
29,25,2
29,26,2
29,27,2
29,28,2
29,29,2
29,30,2
30,0,1
30,1,1
30,2,1
30,3,2
30,4,2
30,5,2
30,6,2
30,7,2
30,8,2
30,9,4
30,10,4
30,11,3
30,12,3
30,13,3
30,14,3
30,15,3
30,16,3
30,17,2
30,18,2
30,19,3
30,20,3
30,21,3
30,22,3
30,23,3
30,24,3
30,25,2
30,26,2
30,27,2
30,28,2
30,29,2
30,30,2