5
6
4
0
2,12
12,2
12,12
12,22
22,2
0,1,2
0,3,1
1,2,1
1,4,1
2,3,1
2,4,1
0,0,1
0,1,1
0,2,4
0,3,4
0,4,1
0,5,1
0,6,1
0,7,1
0,8,4
0,9,4
0,10,1
0,11,1
0,12,1
0,13,1
0,14,1
0,15,1
0,16,1
0,17,2
0,18,2
0,19,2
0,20,2
0,21,4
0,22,4
0,23,3
0,24,3
0,25,3
0,26,3
0,27,3
0,28,2
0,29,2
0,30,2
1,0,1
1,1,1
1,2,4
1,3,4
1,4,1
1,5,1
1,6,1
1,7,1
1,8,4
1,9,4
1,10,1
1,11,1
1,12,1
1,13,1
1,14,1
1,15,1
1,16,1
1,17,2
1,18,2
1,19,2
1,20,2
1,21,4
1,22,4
1,23,3
1,24,3
1,25,3
1,26,3
1,27,3
1,28,2
1,29,2
1,30,2
2,0,1
2,1,1
2,2,4
2,3,4
2,4,4
2,5,1
2,6,1
2,7,4
2,8,4
2,9,4
2,10,1
2,11,1
2,12,1
2,13,1
2,14,1
2,15,1
2,16,4
2,17,4
2,18,2
2,19,2
2,20,4
2,21,4
2,22,4
2,23,4
2,24,3
2,25,3
2,26,3
2,27,1
2,28,1
2,29,2
2,30,2
3,0,1
3,1,1
3,2,4
3,3,4
3,4,4
3,5,4
3,6,4
3,7,4
3,8,4
3,9,4
3,10,1
3,11,1
3,12,1
3,13,1
3,14,1
3,15,4
3,16,4
3,17,4
3,18,4
3,19,4
3,20,4
3,21,4
3,22,4
3,23,4
3,24,1
3,25,1
3,26,1
3,27,1
3,28,1
3,29,1
3,30,1
4,0,1
4,1,1
4,2,1
4,3,4
4,4,4
4,5,4
4,6,4
4,7,4
4,8,4
4,9,4
4,10,1
4,11,1
4,12,1
4,13,1
4,14,1
4,15,4
4,16,4
4,17,4
4,18,4
4,19,4
4,20,4
4,21,4
4,22,4
4,23,1
4,24,1
4,25,1
4,26,1
4,27,1
4,28,1
4,29,1
4,30,1
5,0,1
5,1,1
5,2,1
5,3,2
5,4,2
5,5,4
5,6,4
5,7,4
5,8,4
5,9,1
5,10,1
5,11,1
5,12,1
5,13,1
5,14,1
5,15,4
5,16,4
5,17,4
5,18,4
5,19,3
5,20,3
5,21,3
5,22,3
5,23,1
5,24,1
5,25,1
5,26,1
5,27,1
5,28,1
5,29,1
5,30,1
6,0,1
6,1,1
6,2,2
6,3,2
6,4,2
6,5,2
6,6,4
6,7,4
6,8,1
6,9,1
6,10,1
6,11,1
6,12,1
6,13,1
6,14,1
6,15,4
6,16,4
6,17,4
6,18,3
6,19,3
6,20,3
6,21,3
6,22,3
6,23,3
6,24,1
6,25,1
6,26,1
6,27,1
6,28,1
6,29,4
6,30,4
7,0,4
7,1,4
7,2,2
7,3,2
7,4,2
7,5,2
7,6,1
7,7,1
7,8,1
7,9,1
7,10,1
7,11,1
7,12,1
7,13,1
7,14,4
7,15,4
7,16,4
7,17,4
7,18,3
7,19,3
7,20,3
7,21,3
7,22,3
7,23,3
7,24,3
7,25,1
7,26,1
7,27,1
7,28,4
7,29,4
7,30,4
8,0,4
8,1,4
8,2,4
8,3,2
8,4,2
8,5,1
8,6,1
8,7,1
8,8,1
8,9,1
8,10,1
8,11,1
8,12,1
8,13,1
8,14,4
8,15,4
8,16,4
8,17,4
8,18,3
8,19,3
8,20,3
8,21,3
8,22,3
8,23,3
8,24,3
8,25,3
8,26,3
8,27,3
8,28,4
8,29,4
8,30,4
9,0,4
9,1,4
9,2,4
9,3,4
9,4,4
9,5,1
9,6,1
9,7,1
9,8,1
9,9,1
9,10,1
9,11,1
9,12,1
9,13,1
9,14,1
9,15,4
9,16,4
9,17,4
9,18,3
9,19,3
9,20,3
9,21,2
9,22,2
9,23,3
9,24,3
9,25,3
9,26,3
9,27,3
9,28,3
9,29,4
9,30,4
10,0,4
10,1,4
10,2,4
10,3,4
10,4,4
10,5,4
10,6,1
10,7,1
10,8,1
10,9,1
10,10,1
10,11,1
10,12,1
10,13,1
10,14,1
10,15,4
10,16,4
10,17,3
10,18,3
10,19,3
10,20,2
10,21,2
10,22,2
10,23,2
10,24,2
10,25,2
10,26,3
10,27,3
10,28,3
10,29,3
10,30,3
11,0,4
11,1,4
11,2,4
11,3,4
11,4,4
11,5,4
11,6,1
11,7,1
11,8,1
11,9,1
11,10,1
11,11,1
11,12,1
11,13,1
11,14,1
11,15,4
11,16,4
11,17,3
11,18,3
11,19,3
11,20,2
11,21,2
11,22,2
11,23,2
11,24,2
11,25,2
11,26,2
11,27,3
11,28,3
11,29,3
11,30,3
12,0,4
12,1,4
12,2,4
12,3,4
12,4,4
12,5,4
12,6,1
12,7,1
12,8,1
12,9,1
12,10,1
12,11,1
12,12,1
12,13,1
12,14,1
12,15,4
12,16,4
12,17,3
12,18,3
12,19,3
12,20,2
12,21,2
12,22,2
12,23,2
12,24,2
12,25,2
12,26,2
12,27,2
12,28,2
12,29,2
12,30,2
13,0,4
13,1,4
13,2,4
13,3,4
13,4,4
13,5,4
13,6,4
13,7,1
13,8,1
13,9,1
13,10,1
13,11,1
13,12,1
13,13,1
13,14,1
13,15,4
13,16,4
13,17,3
13,18,3
13,19,2
13,20,2
13,21,2
13,22,2
13,23,2
13,24,2
13,25,2
13,26,2
13,27,2
13,28,2
13,29,2
13,30,2
14,0,4
14,1,4
14,2,4
14,3,4
14,4,4
14,5,4
14,6,4
14,7,3
14,8,3
14,9,3
14,10,1
14,11,1
14,12,1
14,13,1
14,14,1
14,15,4
14,16,4
14,17,3
14,18,3
14,19,2
14,20,2
14,21,2
14,22,2
14,23,2
14,24,2
14,25,3
14,26,3
14,27,3
14,28,3
14,29,3
14,30,3
15,0,4
15,1,4
15,2,4
15,3,4
15,4,4
15,5,4
15,6,3
15,7,3
15,8,3
15,9,3
15,10,3
15,11,1
15,12,1
15,13,1
15,14,4
15,15,4
15,16,4
15,17,3
15,18,3
15,19,3
15,20,2
15,21,2
15,22,3
15,23,3
15,24,3
15,25,3
15,26,3
15,27,3
15,28,3
15,29,3
15,30,3
16,0,4
16,1,4
16,2,4
16,3,4
16,4,4
16,5,4
16,6,3
16,7,3
16,8,3
16,9,3
16,10,3
16,11,1
16,12,1
16,13,1
16,14,4
16,15,4
16,16,4
16,17,3
16,18,3
16,19,3
16,20,3
16,21,3
16,22,3
16,23,3
16,24,3
16,25,3
16,26,3
16,27,3
16,28,3
16,29,4
16,30,4
17,0,4
17,1,4
17,2,4
17,3,4
17,4,4
17,5,4
17,6,4
17,7,3
17,8,3
17,9,3
17,10,3
17,11,1
17,12,1
17,13,1
17,14,1
17,15,4
17,16,4
17,17,3
17,18,3
17,19,3
17,20,3
17,21,3
17,22,3
17,23,3
17,24,3
17,25,3
17,26,3
17,27,3
17,28,4
17,29,4
17,30,4
18,0,4
18,1,4
18,2,4
18,3,4
18,4,4
18,5,4
18,6,4
18,7,4
18,8,3
18,9,3
18,10,2
18,11,2
18,12,1
18,13,1
18,14,1
18,15,4
18,16,4
18,17,3
18,18,3
18,19,3
18,20,3
18,21,4
18,22,4
18,23,3
18,24,3
18,25,1
18,26,1
18,27,1
18,28,4
18,29,4
18,30,4
19,0,4
19,1,4
19,2,3
19,3,3
19,4,4
19,5,4
19,6,4
19,7,4
19,8,4
19,9,2
19,10,2
19,11,2
19,12,2
19,13,1
19,14,1
19,15,4
19,16,4
19,17,4
19,18,3
19,19,3
19,20,4
19,21,4
19,22,4
19,23,4
19,24,1
19,25,1
19,26,1
19,27,1
19,28,1
19,29,4
19,30,4
20,0,3
20,1,3
20,2,3
20,3,3
20,4,3
20,5,4
20,6,4
20,7,4
20,8,4
20,9,2
20,10,2
20,11,2
20,12,2
20,13,1
20,14,1
20,15,4
20,16,4
20,17,4
20,18,4
20,19,4
20,20,4
20,21,4
20,22,4
20,23,4
20,24,1
20,25,1
20,26,1
20,27,1
20,28,1
20,29,2
20,30,2
21,0,3
21,1,3
21,2,3
21,3,3
21,4,3
21,5,3
21,6,4
21,7,4
21,8,4
21,9,4
21,10,2
21,11,2
21,12,2
21,13,1
21,14,1
21,15,1
21,16,4
21,17,4
21,18,4
21,19,4
21,20,4
21,21,4
21,22,4
21,23,1
21,24,1
21,25,1
21,26,1
21,27,1
21,28,2
21,29,2
21,30,2
22,0,3
22,1,3
22,2,3
22,3,3
22,4,3
22,5,3
22,6,4
22,7,4
22,8,4
22,9,4
22,10,2
22,11,2
22,12,2
22,13,1
22,14,1
22,15,1
22,16,1
22,17,1
22,18,1
22,19,4
22,20,4
22,21,4
22,22,1
22,23,1
22,24,1
22,25,1
22,26,3
22,27,3
22,28,2
22,29,2
22,30,2
23,0,3
23,1,3
23,2,3
23,3,3
23,4,3
23,5,3
23,6,3
23,7,4
23,8,4
23,9,2
23,10,2
23,11,2
23,12,1
23,13,1
23,14,1
23,15,1
23,16,1
23,17,1
23,18,1
23,19,1
23,20,1
23,21,1
23,22,1
23,23,1
23,24,1
23,25,3
23,26,3
23,27,3
23,28,3
23,29,2
23,30,2
24,0,3
24,1,3
24,2,3
24,3,3
24,4,3
24,5,3
24,6,3
24,7,2
24,8,2
24,9,2
24,10,2
24,11,2
24,12,1
24,13,1
24,14,1
24,15,2
24,16,2
24,17,1
24,18,1
24,19,1
24,20,1
24,21,1
24,22,1
24,23,1
24,24,3
24,25,3
24,26,3
24,27,3
24,28,3
24,29,1
24,30,1
25,0,3
25,1,3
25,2,3
25,3,3
25,4,3
25,5,3
25,6,2
25,7,2
25,8,2
25,9,2
25,10,2
25,11,1
25,12,1
25,13,1
25,14,2
25,15,2
25,16,2
25,17,2
25,18,2
25,19,2
25,20,2
25,21,2
25,22,2
25,23,2
25,24,3
25,25,3
25,26,3
25,27,3
25,28,1
25,29,1
25,30,1
26,0,2
26,1,2
26,2,2
26,3,2
26,4,2
26,5,2
26,6,2
26,7,2
26,8,2
26,9,4
26,10,4
26,11,1
26,12,1
26,13,1
26,14,2
26,15,2
26,16,2
26,17,2
26,18,2
26,19,2
26,20,2
26,21,2
26,22,2
26,23,2
26,24,2
26,25,3
26,26,3
26,27,1
26,28,1
26,29,1
26,30,1
27,0,2
27,1,2
27,2,2
27,3,2
27,4,2
27,5,2
27,6,2
27,7,2
27,8,4
27,9,4
27,10,4
27,11,4
27,12,1
27,13,1
27,14,2
27,15,2
27,16,2
27,17,4
27,18,4
27,19,4
27,20,4
27,21,4
27,22,2
27,23,2
27,24,2
27,25,2
27,26,2
27,27,1
27,28,1
27,29,1
27,30,1
28,0,4
28,1,4
28,2,4
28,3,4
28,4,4
28,5,2
28,6,2
28,7,4
28,8,4
28,9,4
28,10,4
28,11,4
28,12,1
28,13,1
28,14,2
28,15,2
28,16,4
28,17,4
28,18,4
28,19,4
28,20,4
28,21,4
28,22,4
28,23,2
28,24,2
28,25,2
28,26,2
28,27,2
28,28,1
28,29,1
28,30,1
29,0,4
29,1,4
29,2,4
29,3,4
29,4,4
29,5,4
29,6,4
29,7,4
29,8,4
29,9,4
29,10,4
29,11,4
29,12,1
29,13,1
29,14,2
29,15,2
29,16,4
29,17,4
29,18,4
29,19,4
29,20,4
29,21,4
29,22,4
29,23,4
29,24,2
29,25,2
29,26,2
29,27,2
29,28,2
29,29,1
29,30,1
30,0,4
30,1,4
30,2,4
30,3,4
30,4,4
30,5,4
30,6,4
30,7,4
30,8,4
30,9,4
30,10,4
30,11,4
30,12,1
30,13,1
30,14,2
30,15,2
30,16,4
30,17,4
30,18,4
30,19,4
30,20,4
30,21,4
30,22,4
30,23,4
30,24,2
30,25,2
30,26,2
30,27,2
30,28,2
30,29,1
30,30,1