6
8
7
3
2,2
12,2
12,12
27,2
27,12
27,27
3,4,2
1,3,4
2,4,3
4,5,1
1,2,1
2,5,1
0,2,2
0,1,2
0,0,1
0,1,1
0,2,1
0,3,1
0,4,1
0,5,2
0,6,2
0,7,2
0,8,3
0,9,3
0,10,3
0,11,3
0,12,3
0,13,4
0,14,4
0,15,4
0,16,3
0,17,3
0,18,1
0,19,1
0,20,1
0,21,1
0,22,1
0,23,1
0,24,1
0,25,3
0,26,3
0,27,3
0,28,4
0,29,4
0,30,4
1,0,1
1,1,1
1,2,1
1,3,1
1,4,1
1,5,2
1,6,2
1,7,2
1,8,3
1,9,3
1,10,3
1,11,3
1,12,3
1,13,4
1,14,4
1,15,4
1,16,3
1,17,3
1,18,1
1,19,1
1,20,1
1,21,1
1,22,1
1,23,1
1,24,1
1,25,3
1,26,3
1,27,3
1,28,4
1,29,4
1,30,4
2,0,1
2,1,1
2,2,1
2,3,1
2,4,1
2,5,2
2,6,2
2,7,3
2,8,3
2,9,3
2,10,3
2,11,3
2,12,4
2,13,4
2,14,4
2,15,4
2,16,3
2,17,3
2,18,3
2,19,1
2,20,1
2,21,1
2,22,1
2,23,1
2,24,1
2,25,3
2,26,3
2,27,4
2,28,4
2,29,4
2,30,4
3,0,1
3,1,1
3,2,1
3,3,1
3,4,1
3,5,2
3,6,2
3,7,3
3,8,3
3,9,3
3,10,3
3,11,3
3,12,4
3,13,4
3,14,4
3,15,4
3,16,3
3,17,3
3,18,3
3,19,1
3,20,1
3,21,1
3,22,1
3,23,1
3,24,3
3,25,3
3,26,3
3,27,4
3,28,4
3,29,4
3,30,4
4,0,1
4,1,1
4,2,1
4,3,1
4,4,1
4,5,2
4,6,2
4,7,2
4,8,3
4,9,3
4,10,3
4,11,4
4,12,4
4,13,4
4,14,4
4,15,4
4,16,3
4,17,3
4,18,3
4,19,3
4,20,1
4,21,1
4,22,3
4,23,3
4,24,3
4,25,3
4,26,3
4,27,3
4,28,4
4,29,4
4,30,4
5,0,1
5,1,1
5,2,1
5,3,1
5,4,2
5,5,2
5,6,2
5,7,2
5,8,1
5,9,1
5,10,1
5,11,4
5,12,4
5,13,4
5,14,4
5,15,4
5,16,3
5,17,3
5,18,3
5,19,3
5,20,3
5,21,3
5,22,3
5,23,3
5,24,3
5,25,3
5,26,3
5,27,3
5,28,3
5,29,3
5,30,3
6,0,2
6,1,2
6,2,2
6,3,2
6,4,2
6,5,2
6,6,2
6,7,1
6,8,1
6,9,1
6,10,1
6,11,1
6,12,4
6,13,4
6,14,4
6,15,4
6,16,3
6,17,3
6,18,3
6,19,3
6,20,3
6,21,3
6,22,3
6,23,3
6,24,2
6,25,2
6,26,3
6,27,3
6,28,3
6,29,3
6,30,3
7,0,2
7,1,2
7,2,2
7,3,2
7,4,2
7,5,2
7,6,1
7,7,1
7,8,1
7,9,1
7,10,1
7,11,1
7,12,4
7,13,4
7,14,4
7,15,4
7,16,4
7,17,3
7,18,3
7,19,1
7,20,1
7,21,3
7,22,3
7,23,2
7,24,2
7,25,2
7,26,2
7,27,3
7,28,3
7,29,1
7,30,1
8,0,4
8,1,4
8,2,4
8,3,4
8,4,4
8,5,4
8,6,1
8,7,1
8,8,1
8,9,1
8,10,1
8,11,4
8,12,4
8,13,4
8,14,4
8,15,4
8,16,4
8,17,1
8,18,1
8,19,1
8,20,1
8,21,1
8,22,2
8,23,2
8,24,2
8,25,2
8,26,2
8,27,2
8,28,1
8,29,1
8,30,1
9,0,4
9,1,4
9,2,4
9,3,4
9,4,4
9,5,4
9,6,4
9,7,1
9,8,1
9,9,1
9,10,4
9,11,4
9,12,4
9,13,4
9,14,4
9,15,4
9,16,1
9,17,1
9,18,1
9,19,1
9,20,1
9,21,1
9,22,2
9,23,2
9,24,2
9,25,2
9,26,2
9,27,2
9,28,1
9,29,1
9,30,1
10,0,4
10,1,4
10,2,4
10,3,4
10,4,4
10,5,4
10,6,4
10,7,4
10,8,1
10,9,1
10,10,4
10,11,4
10,12,4
10,13,4
10,14,4
10,15,1
10,16,1
10,17,1
10,18,1
10,19,1
10,20,1
10,21,2
10,22,2
10,23,2
10,24,2
10,25,2
10,26,2
10,27,3
10,28,3
10,29,1
10,30,1
11,0,4
11,1,4
11,2,4
11,3,4
11,4,4
11,5,4
11,6,4
11,7,4
11,8,1
11,9,1
11,10,4
11,11,4
11,12,4
11,13,4
11,14,4
11,15,1
11,16,1
11,17,1
11,18,1
11,19,1
11,20,2
11,21,2
11,22,2
11,23,2
11,24,2
11,25,3
11,26,3
11,27,3
11,28,3
11,29,3
11,30,3
12,0,4
12,1,4
12,2,4
12,3,4
12,4,4
12,5,4
12,6,4
12,7,4
12,8,1
12,9,1
12,10,4
12,11,4
12,12,4
12,13,4
12,14,4
12,15,4
12,16,1
12,17,1
12,18,1
12,19,1
12,20,2
12,21,2
12,22,2
12,23,2
12,24,3
12,25,3
12,26,3
12,27,3
12,28,3
12,29,3
12,30,3
13,0,4
13,1,4
13,2,4
13,3,4
13,4,4
13,5,4
13,6,4
13,7,4
13,8,1
13,9,1
13,10,4
13,11,4
13,12,4
13,13,4
13,14,4
13,15,4
13,16,4
13,17,1
13,18,1
13,19,3
13,20,3
13,21,2
13,22,2
13,23,2
13,24,3
13,25,3
13,26,3
13,27,4
13,28,4
13,29,4
13,30,4
14,0,4
14,1,4
14,2,4
14,3,4
14,4,4
14,5,4
14,6,4
14,7,4
14,8,1
14,9,1
14,10,4
14,11,4
14,12,4
14,13,4
14,14,4
14,15,4
14,16,4
14,17,4
14,18,3
14,19,3
14,20,3
14,21,3
14,22,2
14,23,2
14,24,3
14,25,3
14,26,4
14,27,4
14,28,4
14,29,4
14,30,4
15,0,4
15,1,4
15,2,4
15,3,4
15,4,4
15,5,4
15,6,4
15,7,1
15,8,1
15,9,1
15,10,1
15,11,4
15,12,4
15,13,4
15,14,4
15,15,4
15,16,4
15,17,4
15,18,3
15,19,3
15,20,3
15,21,3
15,22,2
15,23,2
15,24,3
15,25,3
15,26,4
15,27,4
15,28,4
15,29,4
15,30,4
16,0,4
16,1,4
16,2,4
16,3,4
16,4,4
16,5,3
16,6,3
16,7,1
16,8,1
16,9,1
16,10,1
16,11,4
16,12,4
16,13,4
16,14,4
16,15,4
16,16,4
16,17,2
16,18,2
16,19,3
16,20,3
16,21,2
16,22,2
16,23,2
16,24,3
16,25,3
16,26,4
16,27,4
16,28,4
16,29,4
16,30,4
17,0,2
17,1,2
17,2,4
17,3,4
17,4,3
17,5,3
17,6,3
17,7,3
17,8,1
17,9,1
17,10,4
17,11,4
17,12,4
17,13,4
17,14,4
17,15,2
17,16,2
17,17,2
17,18,2
17,19,2
17,20,2
17,21,2
17,22,2
17,23,2
17,24,3
17,25,3
17,26,3
17,27,4
17,28,4
17,29,4
17,30,4
18,0,2
18,1,2
18,2,2
18,3,3
18,4,3
18,5,3
18,6,3
18,7,3
18,8,4
18,9,4
18,10,4
18,11,4
18,12,4
18,13,4
18,14,2
18,15,2
18,16,2
18,17,2
18,18,2
18,19,2
18,20,2
18,21,2
18,22,2
18,23,3
18,24,3
18,25,3
18,26,3
18,27,1
18,28,1
18,29,4
18,30,4
19,0,2
19,1,2
19,2,2
19,3,3
19,4,3
19,5,3
19,6,3
19,7,4
19,8,4
19,9,4
19,10,4
19,11,4
19,12,4
19,13,4
19,14,2
19,15,2
19,16,2
19,17,2
19,18,2
19,19,2
19,20,2
19,21,2
19,22,2
19,23,3
19,24,3
19,25,3
19,26,1
19,27,1
19,28,1
19,29,1
19,30,1
20,0,2
20,1,2
20,2,2
20,3,3
20,4,3
20,5,3
20,6,4
20,7,4
20,8,4
20,9,4
20,10,4
20,11,4
20,12,4
20,13,4
20,14,2
20,15,2
20,16,2
20,17,2
20,18,4
20,19,4
20,20,2
20,21,2
20,22,3
20,23,3
20,24,3
20,25,1
20,26,1
20,27,1
20,28,1
20,29,1
20,30,1
21,0,2
21,1,2
21,2,3
21,3,3
21,4,3
21,5,3
21,6,4
21,7,4
21,8,4
21,9,4
21,10,4
21,11,4
21,12,4
21,13,4
21,14,2
21,15,2
21,16,2
21,17,4
21,18,4
21,19,4
21,20,4
21,21,3
21,22,3
21,23,3
21,24,3
21,25,1
21,26,1
21,27,1
21,28,3
21,29,3
21,30,3
22,0,3
22,1,3
22,2,3
22,3,3
22,4,3
22,5,1
22,6,1
22,7,4
22,8,4
22,9,4
22,10,4
22,11,4
22,12,4
22,13,2
22,14,2
22,15,2
22,16,2
22,17,4
22,18,4
22,19,4
22,20,4
22,21,3
22,22,3
22,23,3
22,24,1
22,25,1
22,26,1
22,27,3
22,28,3
22,29,3
22,30,3
23,0,3
23,1,3
23,2,3
23,3,3
23,4,1
23,5,1
23,6,1
23,7,1
23,8,4
23,9,4
23,10,4
23,11,4
23,12,4
23,13,2
23,14,2
23,15,2
23,16,2
23,17,4
23,18,4
23,19,4
23,20,3
23,21,3
23,22,3
23,23,1
23,24,1
23,25,1
23,26,1
23,27,3
23,28,3
23,29,3
23,30,3
24,0,3
24,1,3
24,2,4
24,3,4
24,4,1
24,5,1
24,6,1
24,7,1
24,8,4
24,9,4
24,10,4
24,11,4
24,12,4
24,13,4
24,14,2
24,15,2
24,16,4
24,17,4
24,18,4
24,19,4
24,20,3
24,21,3
24,22,3
24,23,1
24,24,1
24,25,1
24,26,4
24,27,4
24,28,3
24,29,3
24,30,3
25,0,4
25,1,4
25,2,4
25,3,4
25,4,4
25,5,1
25,6,1
25,7,1
25,8,1
25,9,4
25,10,4
25,11,4
25,12,4
25,13,4
25,14,4
25,15,4
25,16,4
25,17,4
25,18,4
25,19,4
25,20,3
25,21,3
25,22,3
25,23,1
25,24,1
25,25,4
25,26,4
25,27,4
25,28,4
25,29,4
25,30,4
26,0,4
26,1,4
26,2,4
26,3,4
26,4,4
26,5,1
26,6,1
26,7,1
26,8,1
26,9,4
26,10,4
26,11,4
26,12,4
26,13,4
26,14,4
26,15,4
26,16,4
26,17,4
26,18,4
26,19,3
26,20,3
26,21,3
26,22,3
26,23,1
26,24,1
26,25,4
26,26,4
26,27,4
26,28,4
26,29,4
26,30,4
27,0,4
27,1,4
27,2,4
27,3,4
27,4,4
27,5,4
27,6,1
27,7,1
27,8,4
27,9,4
27,10,4
27,11,4
27,12,4
27,13,4
27,14,4
27,15,4
27,16,4
27,17,4
27,18,3
27,19,3
27,20,3
27,21,3
27,22,1
27,23,1
27,24,1
27,25,4
27,26,4
27,27,4
27,28,4
27,29,4
27,30,4
28,0,4
28,1,4
28,2,4
28,3,4
28,4,4
28,5,4
28,6,3
28,7,3
28,8,4
28,9,4
28,10,4
28,11,4
28,12,4
28,13,4
28,14,4
28,15,4
28,16,1
28,17,1
28,18,3
28,19,3
28,20,3
28,21,3
28,22,1
28,23,1
28,24,1
28,25,4
28,26,4
28,27,4
28,28,4
28,29,4
28,30,4
29,0,4
29,1,4
29,2,4
29,3,4
29,4,4
29,5,3
29,6,3
29,7,3
29,8,3
29,9,4
29,10,4
29,11,4
29,12,4
29,13,4
29,14,4
29,15,1
29,16,1
29,17,1
29,18,1
29,19,3
29,20,3
29,21,3
29,22,1
29,23,1
29,24,4
29,25,4
29,26,4
29,27,4
29,28,4
29,29,4
29,30,4
30,0,4
30,1,4
30,2,4
30,3,4
30,4,4
30,5,3
30,6,3
30,7,3
30,8,3
30,9,4
30,10,4
30,11,4
30,12,4
30,13,4
30,14,4
30,15,1
30,16,1
30,17,1
30,18,1
30,19,3
30,20,3
30,21,3
30,22,1
30,23,1
30,24,4
30,25,4
30,26,4
30,27,4
30,28,4
30,29,4
30,30,4