6
8
9
4
2,12
2,27
17,12
17,27
27,12
27,27
4,5,3
2,4,2
1,2,3
1,3,1
0,1,4
3,5,1
2,3,2
0,2,3
0,0,4
0,1,4
0,2,4
0,3,4
0,4,3
0,5,3
0,6,3
0,7,3
0,8,2
0,9,2
0,10,2
0,11,2
0,12,2
0,13,2
0,14,2
0,15,2
0,16,1
0,17,1
0,18,1
0,19,1
0,20,1
0,21,1
0,22,1
0,23,1
0,24,1
0,25,4
0,26,4
0,27,4
0,28,4
0,29,4
0,30,4
1,0,4
1,1,4
1,2,4
1,3,4
1,4,3
1,5,3
1,6,3
1,7,3
1,8,2
1,9,2
1,10,2
1,11,2
1,12,2
1,13,2
1,14,2
1,15,2
1,16,1
1,17,1
1,18,1
1,19,1
1,20,1
1,21,1
1,22,1
1,23,1
1,24,1
1,25,4
1,26,4
1,27,4
1,28,4
1,29,4
1,30,4
2,0,4
2,1,4
2,2,4
2,3,2
2,4,2
2,5,3
2,6,3
2,7,2
2,8,2
2,9,2
2,10,2
2,11,2
2,12,2
2,13,2
2,14,2
2,15,2
2,16,1
2,17,1
2,18,1
2,19,1
2,20,2
2,21,2
2,22,1
2,23,1
2,24,4
2,25,4
2,26,4
2,27,4
2,28,4
2,29,4
2,30,4
3,0,2
3,1,2
3,2,2
3,3,2
3,4,2
3,5,2
3,6,2
3,7,2
3,8,2
3,9,2
3,10,2
3,11,2
3,12,2
3,13,2
3,14,2
3,15,2
3,16,2
3,17,1
3,18,1
3,19,2
3,20,2
3,21,2
3,22,2
3,23,4
3,24,4
3,25,4
3,26,4
3,27,4
3,28,4
3,29,4
3,30,4
4,0,2
4,1,2
4,2,2
4,3,2
4,4,2
4,5,2
4,6,2
4,7,2
4,8,2
4,9,2
4,10,2
4,11,2
4,12,2
4,13,2
4,14,2
4,15,2
4,16,2
4,17,2
4,18,2
4,19,2
4,20,2
4,21,2
4,22,2
4,23,4
4,24,4
4,25,4
4,26,4
4,27,4
4,28,4
4,29,4
4,30,4
5,0,2
5,1,2
5,2,4
5,3,4
5,4,4
5,5,4
5,6,4
5,7,4
5,8,4
5,9,4
5,10,4
5,11,2
5,12,2
5,13,1
5,14,1
5,15,2
5,16,2
5,17,2
5,18,2
5,19,2
5,20,2
5,21,2
5,22,2
5,23,4
5,24,4
5,25,4
5,26,4
5,27,4
5,28,3
5,29,3
5,30,3
6,0,4
6,1,4
6,2,4
6,3,4
6,4,4
6,5,4
6,6,4
6,7,4
6,8,4
6,9,4
6,10,4
6,11,4
6,12,1
6,13,1
6,14,1
6,15,1
6,16,1
6,17,1
6,18,1
6,19,2
6,20,2
6,21,2
6,22,4
6,23,4
6,24,4
6,25,4
6,26,4
6,27,3
6,28,3
6,29,3
6,30,3
7,0,4
7,1,4
7,2,4
7,3,4
7,4,1
7,5,1
7,6,1
7,7,4
7,8,4
7,9,4
7,10,4
7,11,4
7,12,1
7,13,1
7,14,1
7,15,1
7,16,1
7,17,1
7,18,1
7,19,1
7,20,1
7,21,1
7,22,4
7,23,4
7,24,4
7,25,4
7,26,4
7,27,3
7,28,3
7,29,3
7,30,3
8,0,4
8,1,4
8,2,4
8,3,1
8,4,1
8,5,1
8,6,1
8,7,1
8,8,4
8,9,4
8,10,4
8,11,4
8,12,4
8,13,1
8,14,1
8,15,4
8,16,4
8,17,1
8,18,1
8,19,1
8,20,1
8,21,1
8,22,1
8,23,4
8,24,4
8,25,4
8,26,4
8,27,4
8,28,3
8,29,3
8,30,3
9,0,2
9,1,2
9,2,2
9,3,1
9,4,1
9,5,1
9,6,1
9,7,1
9,8,4
9,9,4
9,10,4
9,11,4
9,12,4
9,13,4
9,14,4
9,15,4
9,16,4
9,17,4
9,18,1
9,19,1
9,20,1
9,21,1
9,22,1
9,23,1
9,24,4
9,25,4
9,26,4
9,27,4
9,28,4
9,29,4
9,30,4
10,0,2
10,1,2
10,2,2
10,3,2
10,4,1
10,5,1
10,6,1
10,7,2
10,8,2
10,9,4
10,10,4
10,11,4
10,12,4
10,13,4
10,14,4
10,15,4
10,16,4
10,17,4
10,18,3
10,19,3
10,20,1
10,21,1
10,22,1
10,23,1
10,24,2
10,25,2
10,26,4
10,27,4
10,28,4
10,29,4
10,30,4
11,0,2
11,1,2
11,2,2
11,3,2
11,4,2
11,5,2
11,6,2
11,7,2
11,8,2
11,9,2
11,10,2
11,11,2
11,12,4
11,13,4
11,14,4
11,15,4
11,16,4
11,17,3
11,18,3
11,19,3
11,20,3
11,21,1
11,22,1
11,23,2
11,24,2
11,25,2
11,26,2
11,27,4
11,28,4
11,29,4
11,30,4
12,0,1
12,1,1
12,2,2
12,3,2
12,4,2
12,5,2
12,6,2
12,7,2
12,8,2
12,9,2
12,10,2
12,11,2
12,12,2
12,13,2
12,14,2
12,15,2
12,16,2
12,17,3
12,18,3
12,19,3
12,20,3
12,21,4
12,22,4
12,23,2
12,24,2
12,25,2
12,26,2
12,27,4
12,28,4
12,29,4
12,30,4
13,0,1
13,1,1
13,2,1
13,3,1
13,4,1
13,5,2
13,6,2
13,7,1
13,8,1
13,9,2
13,10,2
13,11,2
13,12,2
13,13,2
13,14,2
13,15,2
13,16,2
13,17,2
13,18,3
13,19,3
13,20,4
13,21,4
13,22,4
13,23,4
13,24,2
13,25,2
13,26,3
13,27,3
13,28,4
13,29,4
13,30,4
14,0,1
14,1,1
14,2,1
14,3,1
14,4,1
14,5,1
14,6,1
14,7,1
14,8,1
14,9,1
14,10,2
14,11,2
14,12,1
14,13,1
14,14,1
14,15,2
14,16,2
14,17,2
14,18,3
14,19,3
14,20,4
14,21,4
14,22,4
14,23,4
14,24,4
14,25,3
14,26,3
14,27,3
14,28,3
14,29,4
14,30,4
15,0,1
15,1,1
15,2,1
15,3,1
15,4,1
15,5,1
15,6,1
15,7,1
15,8,1
15,9,1
15,10,1
15,11,1
15,12,1
15,13,1
15,14,1
15,15,1
15,16,2
15,17,2
15,18,3
15,19,3
15,20,3
15,21,4
15,22,4
15,23,4
15,24,4
15,25,3
15,26,3
15,27,3
15,28,3
15,29,3
15,30,3
16,0,3
16,1,3
16,2,1
16,3,1
16,4,3
16,5,3
16,6,3
16,7,3
16,8,1
16,9,1
16,10,1
16,11,1
16,12,1
16,13,1
16,14,1
16,15,1
16,16,2
16,17,2
16,18,3
16,19,3
16,20,3
16,21,4
16,22,4
16,23,4
16,24,4
16,25,3
16,26,3
16,27,3
16,28,3
16,29,3
16,30,3
17,0,3
17,1,3
17,2,3
17,3,3
17,4,3
17,5,3
17,6,3
17,7,3
17,8,3
17,9,1
17,10,1
17,11,1
17,12,1
17,13,1
17,14,1
17,15,1
17,16,2
17,17,2
17,18,3
17,19,3
17,20,3
17,21,3
17,22,4
17,23,4
17,24,3
17,25,3
17,26,3
17,27,3
17,28,3
17,29,3
17,30,3
18,0,3
18,1,3
18,2,3
18,3,3
18,4,3
18,5,3
18,6,3
18,7,3
18,8,3
18,9,3
18,10,1
18,11,1
18,12,1
18,13,1
18,14,1
18,15,2
18,16,2
18,17,2
18,18,3
18,19,3
18,20,3
18,21,3
18,22,3
18,23,3
18,24,3
18,25,3
18,26,3
18,27,3
18,28,3
18,29,3
18,30,3
19,0,4
19,1,4
19,2,4
19,3,4
19,4,4
19,5,4
19,6,3
19,7,3
19,8,3
19,9,3
19,10,1
19,11,1
19,12,1
19,13,1
19,14,1
19,15,2
19,16,2
19,17,2
19,18,2
19,19,3
19,20,3
19,21,3
19,22,3
19,23,3
19,24,3
19,25,3
19,26,3
19,27,3
19,28,3
19,29,3
19,30,3
20,0,4
20,1,4
20,2,4
20,3,4
20,4,4
20,5,4
20,6,4
20,7,3
20,8,3
20,9,4
20,10,4
20,11,1
20,12,1
20,13,1
20,14,4
20,15,4
20,16,2
20,17,2
20,18,2
20,19,2
20,20,3
20,21,3
20,22,1
20,23,1
20,24,1
20,25,1
20,26,1
20,27,1
20,28,1
20,29,1
20,30,1
21,0,1
21,1,1
21,2,1
21,3,1
21,4,4
21,5,4
21,6,4
21,7,4
21,8,4
21,9,4
21,10,4
21,11,4
21,12,4
21,13,4
21,14,4
21,15,4
21,16,4
21,17,2
21,18,2
21,19,2
21,20,2
21,21,1
21,22,1
21,23,1
21,24,1
21,25,1
21,26,1
21,27,1
21,28,1
21,29,1
21,30,1
22,0,1
22,1,1
22,2,1
22,3,1
22,4,1
22,5,4
22,6,4
22,7,4
22,8,4
22,9,4
22,10,4
22,11,4
22,12,4
22,13,4
22,14,4
22,15,4
22,16,4
22,17,2
22,18,2
22,19,2
22,20,2
22,21,1
22,22,1
22,23,1
22,24,3
22,25,3
22,26,3
22,27,3
22,28,3
22,29,3
22,30,3
23,0,1
23,1,1
23,2,1
23,3,1
23,4,1
23,5,1
23,6,4
23,7,4
23,8,1
23,9,1
23,10,4
23,11,4
23,12,4
23,13,4
23,14,4
23,15,4
23,16,4
23,17,4
23,18,2
23,19,2
23,20,1
23,21,1
23,22,1
23,23,3
23,24,3
23,25,3
23,26,3
23,27,3
23,28,3
23,29,3
23,30,3
24,0,4
24,1,4
24,2,4
24,3,1
24,4,1
24,5,1
24,6,1
24,7,1
24,8,1
24,9,1
24,10,1
24,11,4
24,12,4
24,13,4
24,14,4
24,15,4
24,16,4
24,17,4
24,18,3
24,19,3
24,20,1
24,21,1
24,22,1
24,23,3
24,24,3
24,25,3
24,26,4
24,27,4
24,28,4
24,29,4
24,30,4
25,0,4
25,1,4
25,2,4
25,3,4
25,4,1
25,5,1
25,6,1
25,7,1
25,8,1
25,9,1
25,10,1
25,11,1
25,12,1
25,13,1
25,14,1
25,15,4
25,16,4
25,17,3
25,18,3
25,19,3
25,20,3
25,21,1
25,22,1
25,23,3
25,24,3
25,25,4
25,26,4
25,27,4
25,28,4
25,29,4
25,30,4
26,0,4
26,1,4
26,2,4
26,3,4
26,4,3
26,5,3
26,6,1
26,7,1
26,8,1
26,9,1
26,10,1
26,11,1
26,12,1
26,13,1
26,14,1
26,15,1
26,16,1
26,17,3
26,18,3
26,19,3
26,20,3
26,21,1
26,22,1
26,23,3
26,24,3
26,25,4
26,26,4
26,27,4
26,28,4
26,29,4
26,30,4
27,0,4
27,1,4
27,2,4
27,3,3
27,4,3
27,5,3
27,6,3
27,7,1
27,8,1
27,9,1
27,10,1
27,11,1
27,12,1
27,13,1
27,14,1
27,15,1
27,16,1
27,17,1
27,18,3
27,19,3
27,20,3
27,21,1
27,22,1
27,23,3
27,24,3
27,25,4
27,26,4
27,27,4
27,28,4
27,29,4
27,30,4
28,0,1
28,1,1
28,2,1
28,3,3
28,4,3
28,5,3
28,6,3
28,7,4
28,8,4
28,9,1
28,10,1
28,11,1
28,12,1
28,13,1
28,14,1
28,15,1
28,16,1
28,17,1
28,18,3
28,19,3
28,20,1
28,21,1
28,22,1
28,23,3
28,24,3
28,25,4
28,26,4
28,27,4
28,28,4
28,29,4
28,30,4
29,0,1
29,1,1
29,2,1
29,3,1
29,4,3
29,5,3
29,6,4
29,7,4
29,8,4
29,9,4
29,10,1
29,11,1
29,12,1
29,13,1
29,14,1
29,15,1
29,16,1
29,17,3
29,18,3
29,19,3
29,20,1
29,21,1
29,22,1
29,23,3
29,24,3
29,25,4
29,26,4
29,27,4
29,28,4
29,29,4
29,30,4
30,0,1
30,1,1
30,2,1
30,3,1
30,4,3
30,5,3
30,6,4
30,7,4
30,8,4
30,9,4
30,10,1
30,11,1
30,12,1
30,13,1
30,14,1
30,15,1
30,16,1
30,17,3
30,18,3
30,19,3
30,20,1
30,21,1
30,22,1
30,23,3
30,24,3
30,25,4
30,26,4
30,27,4
30,28,4
30,29,4
30,30,4