5
6
9
0
2,27
12,17
12,27
27,2
27,27
0,1,2
0,2,1
1,3,4
3,4,3
1,2,1
2,4,4
0,0,4
0,1,4
0,2,4
0,3,3
0,4,3
0,5,4
0,6,4
0,7,3
0,8,3
0,9,1
0,10,1
0,11,1
0,12,1
0,13,1
0,14,2
0,15,2
0,16,2
0,17,2
0,18,3
0,19,3
0,20,4
0,21,4
0,22,4
0,23,4
0,24,4
0,25,4
0,26,4
0,27,4
0,28,4
0,29,4
0,30,4
1,0,4
1,1,4
1,2,4
1,3,3
1,4,3
1,5,4
1,6,4
1,7,3
1,8,3
1,9,1
1,10,1
1,11,1
1,12,1
1,13,1
1,14,2
1,15,2
1,16,2
1,17,2
1,18,3
1,19,3
1,20,4
1,21,4
1,22,4
1,23,4
1,24,4
1,25,4
1,26,4
1,27,4
1,28,4
1,29,4
1,30,4
2,0,4
2,1,4
2,2,3
2,3,3
2,4,3
2,5,4
2,6,4
2,7,3
2,8,3
2,9,3
2,10,1
2,11,1
2,12,1
2,13,3
2,14,3
2,15,2
2,16,2
2,17,3
2,18,3
2,19,3
2,20,3
2,21,4
2,22,4
2,23,4
2,24,4
2,25,4
2,26,4
2,27,4
2,28,4
2,29,4
2,30,4
3,0,3
3,1,3
3,2,3
3,3,3
3,4,3
3,5,4
3,6,4
3,7,3
3,8,3
3,9,3
3,10,3
3,11,3
3,12,3
3,13,3
3,14,3
3,15,3
3,16,3
3,17,3
3,18,3
3,19,3
3,20,3
3,21,1
3,22,1
3,23,4
3,24,4
3,25,4
3,26,4
3,27,4
3,28,4
3,29,4
3,30,4
4,0,3
4,1,3
4,2,3
4,3,3
4,4,3
4,5,4
4,6,4
4,7,4
4,8,3
4,9,3
4,10,3
4,11,3
4,12,3
4,13,3
4,14,3
4,15,3
4,16,3
4,17,3
4,18,3
4,19,3
4,20,1
4,21,1
4,22,1
4,23,1
4,24,4
4,25,4
4,26,4
4,27,4
4,28,4
4,29,4
4,30,4
5,0,3
5,1,3
5,2,3
5,3,3
5,4,3
5,5,4
5,6,4
5,7,4
5,8,4
5,9,3
5,10,3
5,11,3
5,12,3
5,13,2
5,14,2
5,15,2
5,16,3
5,17,3
5,18,4
5,19,4
5,20,1
5,21,1
5,22,1
5,23,1
5,24,1
5,25,4
5,26,4
5,27,4
5,28,4
5,29,4
5,30,4
6,0,3
6,1,3
6,2,3
6,3,3
6,4,4
6,5,4
6,6,4
6,7,4
6,8,4
6,9,2
6,10,2
6,11,2
6,12,2
6,13,2
6,14,2
6,15,2
6,16,2
6,17,4
6,18,4
6,19,4
6,20,4
6,21,1
6,22,1
6,23,1
6,24,1
6,25,4
6,26,4
6,27,4
6,28,4
6,29,4
6,30,4
7,0,3
7,1,3
7,2,2
7,3,2
7,4,4
7,5,4
7,6,4
7,7,4
7,8,2
7,9,2
7,10,2
7,11,2
7,12,2
7,13,2
7,14,2
7,15,2
7,16,2
7,17,4
7,18,4
7,19,4
7,20,4
7,21,4
7,22,1
7,23,1
7,24,3
7,25,3
7,26,4
7,27,4
7,28,4
7,29,4
7,30,4
8,0,2
8,1,2
8,2,2
8,3,2
8,4,2
8,5,4
8,6,4
8,7,2
8,8,2
8,9,2
8,10,2
8,11,2
8,12,3
8,13,3
8,14,2
8,15,2
8,16,3
8,17,3
8,18,4
8,19,4
8,20,4
8,21,4
8,22,3
8,23,3
8,24,3
8,25,3
8,26,3
8,27,3
8,28,3
8,29,3
8,30,3
9,0,2
9,1,2
9,2,2
9,3,2
9,4,2
9,5,2
9,6,2
9,7,2
9,8,2
9,9,2
9,10,2
9,11,3
9,12,3
9,13,3
9,14,3
9,15,3
9,16,3
9,17,3
9,18,3
9,19,4
9,20,4
9,21,3
9,22,3
9,23,3
9,24,3
9,25,3
9,26,3
9,27,3
9,28,3
9,29,3
9,30,3
10,0,1
10,1,1
10,2,1
10,3,2
10,4,2
10,5,2
10,6,2
10,7,2
10,8,2
10,9,2
10,10,2
10,11,3
10,12,3
10,13,3
10,14,3
10,15,3
10,16,3
10,17,3
10,18,3
10,19,3
10,20,3
10,21,3
10,22,3
10,23,3
10,24,3
10,25,4
10,26,4
10,27,4
10,28,4
10,29,4
10,30,4
11,0,1
11,1,1
11,2,1
11,3,1
11,4,1
11,5,2
11,6,2
11,7,2
11,8,2
11,9,2
11,10,4
11,11,4
11,12,3
11,13,3
11,14,3
11,15,3
11,16,3
11,17,3
11,18,3
11,19,3
11,20,3
11,21,3
11,22,3
11,23,4
11,24,4
11,25,4
11,26,4
11,27,4
11,28,4
11,29,4
11,30,4
12,0,1
12,1,1
12,2,1
12,3,1
12,4,1
12,5,1
12,6,1
12,7,2
12,8,2
12,9,4
12,10,4
12,11,4
12,12,4
12,13,4
12,14,3
12,15,3
12,16,3
12,17,3
12,18,3
12,19,3
12,20,3
12,21,3
12,22,4
12,23,4
12,24,4
12,25,4
12,26,4
12,27,4
12,28,4
12,29,4
12,30,4
13,0,4
13,1,4
13,2,4
13,3,1
13,4,1
13,5,1
13,6,1
13,7,1
13,8,1
13,9,4
13,10,4
13,11,4
13,12,4
13,13,4
13,14,4
13,15,3
13,16,3
13,17,3
13,18,3
13,19,3
13,20,3
13,21,3
13,22,4
13,23,4
13,24,4
13,25,4
13,26,4
13,27,4
13,28,4
13,29,4
13,30,4
14,0,4
14,1,4
14,2,4
14,3,4
14,4,1
14,5,1
14,6,1
14,7,1
14,8,1
14,9,1
14,10,4
14,11,4
14,12,4
14,13,4
14,14,4
14,15,3
14,16,3
14,17,3
14,18,3
14,19,3
14,20,3
14,21,3
14,22,3
14,23,4
14,24,4
14,25,4
14,26,4
14,27,4
14,28,4
14,29,4
14,30,4
15,0,4
15,1,4
15,2,4
15,3,4
15,4,1
15,5,1
15,6,1
15,7,1
15,8,1
15,9,1
15,10,4
15,11,4
15,12,4
15,13,4
15,14,4
15,15,4
15,16,3
15,17,3
15,18,3
15,19,3
15,20,3
15,21,3
15,22,3
15,23,3
15,24,4
15,25,4
15,26,4
15,27,4
15,28,4
15,29,4
15,30,4
16,0,4
16,1,4
16,2,4
16,3,4
16,4,4
16,5,1
16,6,1
16,7,1
16,8,1
16,9,1
16,10,4
16,11,4
16,12,4
16,13,4
16,14,4
16,15,4
16,16,2
16,17,2
16,18,2
16,19,2
16,20,3
16,21,3
16,22,3
16,23,3
16,24,4
16,25,4
16,26,4
16,27,4
16,28,4
16,29,4
16,30,4
17,0,3
17,1,3
17,2,4
17,3,4
17,4,4
17,5,4
17,6,1
17,7,1
17,8,1
17,9,1
17,10,4
17,11,4
17,12,4
17,13,4
17,14,4
17,15,2
17,16,2
17,17,2
17,18,2
17,19,2
17,20,2
17,21,3
17,22,3
17,23,4
17,24,4
17,25,4
17,26,4
17,27,4
17,28,4
17,29,4
17,30,4
18,0,3
18,1,3
18,2,3
18,3,4
18,4,4
18,5,4
18,6,1
18,7,1
18,8,1
18,9,1
18,10,4
18,11,4
18,12,4
18,13,4
18,14,4
18,15,2
18,16,2
18,17,2
18,18,2
18,19,2
18,20,2
18,21,4
18,22,4
18,23,4
18,24,4
18,25,4
18,26,4
18,27,1
18,28,1
18,29,4
18,30,4
19,0,3
19,1,3
19,2,3
19,3,4
19,4,4
19,5,1
19,6,1
19,7,1
19,8,1
19,9,1
19,10,1
19,11,4
19,12,4
19,13,4
19,14,4
19,15,4
19,16,2
19,17,2
19,18,2
19,19,2
19,20,4
19,21,4
19,22,4
19,23,4
19,24,4
19,25,4
19,26,1
19,27,1
19,28,1
19,29,1
19,30,1
20,0,3
20,1,3
20,2,4
20,3,4
20,4,4
20,5,1
20,6,1
20,7,1
20,8,1
20,9,1
20,10,1
20,11,3
20,12,3
20,13,4
20,14,4
20,15,4
20,16,4
20,17,4
20,18,4
20,19,4
20,20,4
20,21,4
20,22,4
20,23,4
20,24,2
20,25,2
20,26,1
20,27,1
20,28,1
20,29,1
20,30,1
21,0,4
21,1,4
21,2,4
21,3,4
21,4,4
21,5,4
21,6,1
21,7,1
21,8,1
21,9,1
21,10,3
21,11,3
21,12,3
21,13,3
21,14,4
21,15,4
21,16,4
21,17,4
21,18,4
21,19,4
21,20,4
21,21,4
21,22,2
21,23,2
21,24,2
21,25,2
21,26,2
21,27,1
21,28,1
21,29,2
21,30,2
22,0,4
22,1,4
22,2,4
22,3,4
22,4,4
22,5,4
22,6,1
22,7,1
22,8,1
22,9,1
22,10,3
22,11,3
22,12,3
22,13,3
22,14,3
22,15,3
22,16,3
22,17,4
22,18,4
22,19,4
22,20,4
22,21,2
22,22,2
22,23,2
22,24,2
22,25,2
22,26,2
22,27,2
22,28,2
22,29,2
22,30,2
23,0,2
23,1,2
23,2,2
23,3,4
23,4,4
23,5,4
23,6,4
23,7,1
23,8,1
23,9,3
23,10,3
23,11,3
23,12,3
23,13,3
23,14,3
23,15,3
23,16,3
23,17,3
23,18,3
23,19,3
23,20,3
23,21,2
23,22,2
23,23,2
23,24,2
23,25,2
23,26,2
23,27,2
23,28,2
23,29,2
23,30,2
24,0,2
24,1,2
24,2,2
24,3,2
24,4,4
24,5,4
24,6,4
24,7,4
24,8,4
24,9,3
24,10,3
24,11,3
24,12,3
24,13,3
24,14,3
24,15,3
24,16,3
24,17,3
24,18,3
24,19,3
24,20,3
24,21,3
24,22,2
24,23,2
24,24,2
24,25,2
24,26,2
24,27,2
24,28,2
24,29,2
24,30,2
25,0,2
25,1,2
25,2,2
25,3,2
25,4,2
25,5,4
25,6,4
25,7,4
25,8,4
25,9,4
25,10,3
25,11,3
25,12,4
25,13,4
25,14,4
25,15,4
25,16,4
25,17,4
25,18,3
25,19,3
25,20,3
25,21,3
25,22,3
25,23,3
25,24,2
25,25,2
25,26,2
25,27,2
25,28,2
25,29,2
25,30,2
26,0,2
26,1,2
26,2,2
26,3,2
26,4,2
26,5,2
26,6,4
26,7,4
26,8,4
26,9,4
26,10,4
26,11,4
26,12,4
26,13,4
26,14,4
26,15,4
26,16,4
26,17,4
26,18,4
26,19,3
26,20,3
26,21,3
26,22,3
26,23,3
26,24,3
26,25,2
26,26,2
26,27,2
26,28,2
26,29,2
26,30,2
27,0,2
27,1,2
27,2,2
27,3,2
27,4,2
27,5,2
27,6,4
27,7,4
27,8,4
27,9,4
27,10,4
27,11,4
27,12,4
27,13,4
27,14,3
27,15,3
27,16,4
27,17,4
27,18,4
27,19,4
27,20,4
27,21,4
27,22,3
27,23,3
27,24,3
27,25,2
27,26,2
27,27,2
27,28,2
27,29,2
27,30,2
28,0,2
28,1,2
28,2,2
28,3,2
28,4,2
28,5,4
28,6,4
28,7,4
28,8,4
28,9,4
28,10,4
28,11,4
28,12,3
28,13,3
28,14,3
28,15,3
28,16,3
28,17,4
28,18,4
28,19,4
28,20,4
28,21,4
28,22,4
28,23,3
28,24,3
28,25,2
28,26,2
28,27,2
28,28,2
28,29,2
28,30,2
29,0,2
29,1,2
29,2,2
29,3,2
29,4,2
29,5,4
29,6,4
29,7,4
29,8,4
29,9,4
29,10,4
29,11,3
29,12,3
29,13,3
29,14,3
29,15,3
29,16,3
29,17,4
29,18,4
29,19,4
29,20,4
29,21,4
29,22,4
29,23,3
29,24,3
29,25,2
29,26,2
29,27,2
29,28,2
29,29,2
29,30,2
30,0,2
30,1,2
30,2,2
30,3,2
30,4,2
30,5,4
30,6,4
30,7,4
30,8,4
30,9,4
30,10,4
30,11,3
30,12,3
30,13,3
30,14,3
30,15,3
30,16,3
30,17,4
30,18,4
30,19,4
30,20,4
30,21,4
30,22,4
30,23,3
30,24,3
30,25,2
30,26,2
30,27,2
30,28,2
30,29,2
30,30,2