6
8
6
3
2,7
2,17
12,17
12,27
22,7
22,17
2,3,2
1,3,2
3,5,1
1,2,2
2,4,1
0,1,2
0,4,1
4,5,1
0,0,4
0,1,4
0,2,4
0,3,4
0,4,4
0,5,4
0,6,4
0,7,4
0,8,4
0,9,4
0,10,4
0,11,3
0,12,3
0,13,3
0,14,3
0,15,4
0,16,4
0,17,4
0,18,4
0,19,4
0,20,4
0,21,4
0,22,4
0,23,4
0,24,4
0,25,4
0,26,4
0,27,3
0,28,3
0,29,3
0,30,3
1,0,4
1,1,4
1,2,4
1,3,4
1,4,4
1,5,4
1,6,4
1,7,4
1,8,4
1,9,4
1,10,4
1,11,3
1,12,3
1,13,3
1,14,3
1,15,4
1,16,4
1,17,4
1,18,4
1,19,4
1,20,4
1,21,4
1,22,4
1,23,4
1,24,4
1,25,4
1,26,4
1,27,3
1,28,3
1,29,3
1,30,3
2,0,4
2,1,4
2,2,3
2,3,3
2,4,4
2,5,4
2,6,4
2,7,4
2,8,4
2,9,4
2,10,4
2,11,3
2,12,3
2,13,3
2,14,4
2,15,4
2,16,4
2,17,4
2,18,4
2,19,4
2,20,4
2,21,1
2,22,1
2,23,4
2,24,4
2,25,4
2,26,4
2,27,3
2,28,3
2,29,3
2,30,3
3,0,3
3,1,3
3,2,3
3,3,3
3,4,3
3,5,4
3,6,4
3,7,4
3,8,4
3,9,4
3,10,4
3,11,3
3,12,3
3,13,3
3,14,4
3,15,4
3,16,4
3,17,4
3,18,4
3,19,4
3,20,1
3,21,1
3,22,1
3,23,1
3,24,4
3,25,4
3,26,3
3,27,3
3,28,3
3,29,3
3,30,3
4,0,3
4,1,3
4,2,3
4,3,3
4,4,3
4,5,4
4,6,4
4,7,4
4,8,4
4,9,4
4,10,4
4,11,3
4,12,3
4,13,3
4,14,3
4,15,4
4,16,4
4,17,4
4,18,4
4,19,4
4,20,1
4,21,1
4,22,1
4,23,1
4,24,1
4,25,3
4,26,3
4,27,3
4,28,3
4,29,3
4,30,3
5,0,4
5,1,4
5,2,3
5,3,3
5,4,1
5,5,1
5,6,4
5,7,4
5,8,4
5,9,4
5,10,4
5,11,3
5,12,3
5,13,3
5,14,3
5,15,4
5,16,4
5,17,4
5,18,4
5,19,2
5,20,2
5,21,1
5,22,1
5,23,1
5,24,1
5,25,3
5,26,3
5,27,3
5,28,3
5,29,3
5,30,3
6,0,4
6,1,4
6,2,4
6,3,1
6,4,1
6,5,1
6,6,1
6,7,4
6,8,4
6,9,4
6,10,4
6,11,3
6,12,3
6,13,3
6,14,3
6,15,4
6,16,4
6,17,4
6,18,2
6,19,2
6,20,2
6,21,2
6,22,1
6,23,1
6,24,4
6,25,4
6,26,3
6,27,3
6,28,4
6,29,4
6,30,4
7,0,4
7,1,4
7,2,4
7,3,1
7,4,1
7,5,1
7,6,1
7,7,4
7,8,4
7,9,4
7,10,4
7,11,4
7,12,3
7,13,3
7,14,3
7,15,4
7,16,4
7,17,4
7,18,2
7,19,2
7,20,2
7,21,2
7,22,2
7,23,4
7,24,4
7,25,4
7,26,4
7,27,4
7,28,4
7,29,4
7,30,4
8,0,4
8,1,4
8,2,4
8,3,1
8,4,1
8,5,1
8,6,1
8,7,4
8,8,4
8,9,4
8,10,4
8,11,4
8,12,4
8,13,3
8,14,3
8,15,4
8,16,4
8,17,4
8,18,4
8,19,2
8,20,2
8,21,2
8,22,2
8,23,4
8,24,4
8,25,4
8,26,4
8,27,4
8,28,4
8,29,4
8,30,4
9,0,4
9,1,4
9,2,1
9,3,1
9,4,1
9,5,1
9,6,3
9,7,3
9,8,4
9,9,4
9,10,4
9,11,4
9,12,4
9,13,3
9,14,3
9,15,4
9,16,4
9,17,4
9,18,4
9,19,4
9,20,2
9,21,2
9,22,3
9,23,3
9,24,4
9,25,4
9,26,4
9,27,4
9,28,4
9,29,4
9,30,4
10,0,1
10,1,1
10,2,1
10,3,1
10,4,1
10,5,3
10,6,3
10,7,3
10,8,3
10,9,4
10,10,4
10,11,4
10,12,4
10,13,3
10,14,3
10,15,4
10,16,4
10,17,4
10,18,4
10,19,4
10,20,4
10,21,3
10,22,3
10,23,3
10,24,3
10,25,3
10,26,3
10,27,3
10,28,3
10,29,3
10,30,3
11,0,1
11,1,1
11,2,1
11,3,1
11,4,1
11,5,3
11,6,3
11,7,3
11,8,3
11,9,4
11,10,4
11,11,4
11,12,4
11,13,3
11,14,3
11,15,4
11,16,4
11,17,4
11,18,4
11,19,4
11,20,4
11,21,3
11,22,3
11,23,3
11,24,3
11,25,3
11,26,3
11,27,3
11,28,3
11,29,3
11,30,3
12,0,4
12,1,4
12,2,1
12,3,1
12,4,1
12,5,1
12,6,3
12,7,3
12,8,1
12,9,1
12,10,4
12,11,4
12,12,3
12,13,3
12,14,3
12,15,4
12,16,4
12,17,4
12,18,4
12,19,4
12,20,4
12,21,4
12,22,3
12,23,3
12,24,3
12,25,3
12,26,3
12,27,3
12,28,3
12,29,3
12,30,3
13,0,4
13,1,4
13,2,4
13,3,1
13,4,1
13,5,1
13,6,1
13,7,1
13,8,1
13,9,1
13,10,1
13,11,3
13,12,3
13,13,3
13,14,3
13,15,4
13,16,4
13,17,4
13,18,4
13,19,4
13,20,4
13,21,4
13,22,4
13,23,3
13,24,3
13,25,3
13,26,3
13,27,3
13,28,3
13,29,3
13,30,3
14,0,4
14,1,4
14,2,4
14,3,4
14,4,1
14,5,1
14,6,1
14,7,1
14,8,1
14,9,1
14,10,1
14,11,3
14,12,3
14,13,3
14,14,4
14,15,4
14,16,4
14,17,4
14,18,4
14,19,4
14,20,4
14,21,4
14,22,4
14,23,3
14,24,3
14,25,3
14,26,3
14,27,3
14,28,3
14,29,3
14,30,3
15,0,4
15,1,4
15,2,4
15,3,4
15,4,4
15,5,4
15,6,4
15,7,4
15,8,1
15,9,1
15,10,3
15,11,3
15,12,3
15,13,4
15,14,4
15,15,4
15,16,4
15,17,4
15,18,4
15,19,4
15,20,4
15,21,4
15,22,2
15,23,2
15,24,3
15,25,3
15,26,3
15,27,3
15,28,3
15,29,4
15,30,4
16,0,2
16,1,2
16,2,4
16,3,4
16,4,4
16,5,4
16,6,4
16,7,4
16,8,4
16,9,4
16,10,3
16,11,3
16,12,3
16,13,4
16,14,4
16,15,4
16,16,4
16,17,2
16,18,2
16,19,4
16,20,4
16,21,2
16,22,2
16,23,2
16,24,2
16,25,2
16,26,3
16,27,3
16,28,4
16,29,4
16,30,4
17,0,2
17,1,2
17,2,2
17,3,4
17,4,4
17,5,4
17,6,4
17,7,4
17,8,4
17,9,4
17,10,4
17,11,3
17,12,3
17,13,3
17,14,4
17,15,4
17,16,2
17,17,2
17,18,2
17,19,2
17,20,2
17,21,2
17,22,2
17,23,2
17,24,2
17,25,2
17,26,2
17,27,4
17,28,4
17,29,4
17,30,4
18,0,2
18,1,2
18,2,2
18,3,1
18,4,1
18,5,4
18,6,4
18,7,4
18,8,4
18,9,4
18,10,4
18,11,3
18,12,3
18,13,3
18,14,3
18,15,3
18,16,2
18,17,2
18,18,2
18,19,2
18,20,2
18,21,2
18,22,2
18,23,2
18,24,2
18,25,2
18,26,2
18,27,4
18,28,4
18,29,4
18,30,4
19,0,2
19,1,2
19,2,1
19,3,1
19,4,1
19,5,1
19,6,1
19,7,4
19,8,4
19,9,4
19,10,1
19,11,1
19,12,3
19,13,3
19,14,3
19,15,3
19,16,3
19,17,2
19,18,2
19,19,3
19,20,3
19,21,2
19,22,2
19,23,2
19,24,2
19,25,2
19,26,4
19,27,4
19,28,4
19,29,4
19,30,4
20,0,4
20,1,4
20,2,1
20,3,1
20,4,1
20,5,1
20,6,1
20,7,1
20,8,1
20,9,1
20,10,1
20,11,1
20,12,1
20,13,3
20,14,3
20,15,3
20,16,3
20,17,3
20,18,3
20,19,3
20,20,3
20,21,3
20,22,2
20,23,2
20,24,1
20,25,1
20,26,4
20,27,4
20,28,4
20,29,4
20,30,4
21,0,4
21,1,4
21,2,4
21,3,1
21,4,1
21,5,1
21,6,1
21,7,1
21,8,1
21,9,1
21,10,1
21,11,1
21,12,1
21,13,3
21,14,3
21,15,3
21,16,3
21,17,3
21,18,3
21,19,3
21,20,3
21,21,3
21,22,1
21,23,1
21,24,1
21,25,1
21,26,1
21,27,4
21,28,4
21,29,4
21,30,4
22,0,4
22,1,4
22,2,4
22,3,1
22,4,1
22,5,1
22,6,1
22,7,1
22,8,1
22,9,1
22,10,1
22,11,1
22,12,3
22,13,3
22,14,3
22,15,3
22,16,3
22,17,3
22,18,3
22,19,3
22,20,3
22,21,1
22,22,1
22,23,1
22,24,1
22,25,1
22,26,1
22,27,4
22,28,4
22,29,4
22,30,4
23,0,4
23,1,4
23,2,3
23,3,3
23,4,1
23,5,1
23,6,1
23,7,1
23,8,1
23,9,1
23,10,1
23,11,3
23,12,3
23,13,3
23,14,3
23,15,3
23,16,3
23,17,3
23,18,3
23,19,3
23,20,3
23,21,1
23,22,1
23,23,1
23,24,1
23,25,1
23,26,1
23,27,1
23,28,4
23,29,4
23,30,4
24,0,3
24,1,3
24,2,3
24,3,3
24,4,3
24,5,1
24,6,1
24,7,1
24,8,1
24,9,1
24,10,3
24,11,3
24,12,3
24,13,3
24,14,3
24,15,3
24,16,3
24,17,3
24,18,3
24,19,3
24,20,3
24,21,3
24,22,1
24,23,1
24,24,1
24,25,1
24,26,1
24,27,1
24,28,4
24,29,4
24,30,4
25,0,3
25,1,3
25,2,3
25,3,3
25,4,3
25,5,3
25,6,1
25,7,1
25,8,1
25,9,3
25,10,3
25,11,3
25,12,3
25,13,3
25,14,3
25,15,3
25,16,3
25,17,3
25,18,3
25,19,3
25,20,3
25,21,3
25,22,1
25,23,1
25,24,1
25,25,1
25,26,1
25,27,1
25,28,1
25,29,4
25,30,4
26,0,3
26,1,3
26,2,3
26,3,3
26,4,3
26,5,3
26,6,3
26,7,3
26,8,3
26,9,3
26,10,3
26,11,3
26,12,2
26,13,2
26,14,2
26,15,3
26,16,3
26,17,4
26,18,4
26,19,3
26,20,3
26,21,1
26,22,1
26,23,1
26,24,1
26,25,1
26,26,1
26,27,1
26,28,1
26,29,1
26,30,1
27,0,3
27,1,3
27,2,3
27,3,3
27,4,3
27,5,3
27,6,3
27,7,3
27,8,3
27,9,3
27,10,3
27,11,2
27,12,2
27,13,2
27,14,2
27,15,2
27,16,4
27,17,4
27,18,4
27,19,4
27,20,1
27,21,1
27,22,1
27,23,1
27,24,1
27,25,4
27,26,4
27,27,1
27,28,1
27,29,1
27,30,1
28,0,3
28,1,3
28,2,2
28,3,2
28,4,3
28,5,3
28,6,4
28,7,4
28,8,4
28,9,4
28,10,4
28,11,2
28,12,2
28,13,2
28,14,2
28,15,2
28,16,4
28,17,4
28,18,4
28,19,4
28,20,1
28,21,1
28,22,1
28,23,1
28,24,4
28,25,4
28,26,4
28,27,4
28,28,1
28,29,1
28,30,1
29,0,2
29,1,2
29,2,2
29,3,2
29,4,2
29,5,4
29,6,4
29,7,4
29,8,4
29,9,4
29,10,4
29,11,4
29,12,2
29,13,2
29,14,2
29,15,4
29,16,4
29,17,4
29,18,4
29,19,4
29,20,1
29,21,1
29,22,1
29,23,4
29,24,4
29,25,4
29,26,4
29,27,4
29,28,4
29,29,1
29,30,1
30,0,2
30,1,2
30,2,2
30,3,2
30,4,2
30,5,4
30,6,4
30,7,4
30,8,4
30,9,4
30,10,4
30,11,4
30,12,2
30,13,2
30,14,2
30,15,4
30,16,4
30,17,4
30,18,4
30,19,4
30,20,1
30,21,1
30,22,1
30,23,4
30,24,4
30,25,4
30,26,4
30,27,4
30,28,4
30,29,1
30,30,1