6
8
7
0
2,7
7,27
12,17
22,7
22,17
22,27
0,2,2
0,3,4
2,5,2
4,5,2
1,5,1
2,4,1
2,3,1
3,4,1
0,0,4
0,1,4
0,2,4
0,3,2
0,4,2
0,5,4
0,6,4
0,7,4
0,8,4
0,9,4
0,10,4
0,11,4
0,12,4
0,13,4
0,14,1
0,15,1
0,16,2
0,17,2
0,18,2
0,19,2
0,20,2
0,21,4
0,22,4
0,23,4
0,24,1
0,25,1
0,26,3
0,27,3
0,28,2
0,29,2
0,30,2
1,0,4
1,1,4
1,2,4
1,3,2
1,4,2
1,5,4
1,6,4
1,7,4
1,8,4
1,9,4
1,10,4
1,11,4
1,12,4
1,13,4
1,14,1
1,15,1
1,16,2
1,17,2
1,18,2
1,19,2
1,20,2
1,21,4
1,22,4
1,23,4
1,24,1
1,25,1
1,26,3
1,27,3
1,28,2
1,29,2
1,30,2
2,0,4
2,1,4
2,2,4
2,3,2
2,4,2
2,5,4
2,6,4
2,7,4
2,8,4
2,9,4
2,10,4
2,11,4
2,12,4
2,13,1
2,14,1
2,15,1
2,16,1
2,17,2
2,18,2
2,19,2
2,20,4
2,21,4
2,22,4
2,23,1
2,24,1
2,25,1
2,26,3
2,27,3
2,28,3
2,29,2
2,30,2
3,0,4
3,1,4
3,2,2
3,3,2
3,4,2
3,5,4
3,6,4
3,7,4
3,8,4
3,9,4
3,10,4
3,11,4
3,12,4
3,13,1
3,14,1
3,15,1
3,16,1
3,17,1
3,18,1
3,19,1
3,20,4
3,21,4
3,22,4
3,23,1
3,24,1
3,25,1
3,26,3
3,27,3
3,28,3
3,29,3
3,30,3
4,0,1
4,1,1
4,2,2
4,3,2
4,4,2
4,5,4
4,6,4
4,7,4
4,8,4
4,9,4
4,10,4
4,11,4
4,12,4
4,13,4
4,14,1
4,15,1
4,16,1
4,17,1
4,18,1
4,19,1
4,20,1
4,21,4
4,22,4
4,23,1
4,24,1
4,25,1
4,26,1
4,27,3
4,28,3
4,29,3
4,30,3
5,0,1
5,1,1
5,2,1
5,3,2
5,4,2
5,5,4
5,6,4
5,7,4
5,8,4
5,9,4
5,10,4
5,11,4
5,12,4
5,13,4
5,14,4
5,15,4
5,16,4
5,17,4
5,18,1
5,19,1
5,20,1
5,21,4
5,22,4
5,23,4
5,24,1
5,25,1
5,26,1
5,27,1
5,28,1
5,29,1
5,30,1
6,0,1
6,1,1
6,2,1
6,3,2
6,4,2
6,5,4
6,6,4
6,7,4
6,8,4
6,9,4
6,10,3
6,11,3
6,12,4
6,13,4
6,14,4
6,15,4
6,16,4
6,17,4
6,18,4
6,19,1
6,20,1
6,21,4
6,22,4
6,23,4
6,24,4
6,25,1
6,26,1
6,27,1
6,28,1
6,29,1
6,30,1
7,0,1
7,1,1
7,2,2
7,3,2
7,4,2
7,5,4
7,6,4
7,7,4
7,8,4
7,9,3
7,10,3
7,11,3
7,12,3
7,13,4
7,14,4
7,15,4
7,16,4
7,17,4
7,18,4
7,19,1
7,20,1
7,21,4
7,22,4
7,23,4
7,24,4
7,25,1
7,26,1
7,27,1
7,28,1
7,29,1
7,30,1
8,0,2
8,1,2
8,2,2
8,3,2
8,4,2
8,5,4
8,6,4
8,7,4
8,8,4
8,9,3
8,10,3
8,11,3
8,12,3
8,13,4
8,14,4
8,15,4
8,16,4
8,17,4
8,18,4
8,19,1
8,20,1
8,21,1
8,22,4
8,23,4
8,24,1
8,25,1
8,26,1
8,27,1
8,28,1
8,29,1
8,30,1
9,0,2
9,1,2
9,2,2
9,3,2
9,4,4
9,5,4
9,6,4
9,7,4
9,8,1
9,9,1
9,10,3
9,11,3
9,12,4
9,13,4
9,14,4
9,15,4
9,16,4
9,17,4
9,18,4
9,19,1
9,20,1
9,21,1
9,22,1
9,23,1
9,24,1
9,25,1
9,26,1
9,27,1
9,28,1
9,29,1
9,30,1
10,0,4
10,1,4
10,2,4
10,3,4
10,4,4
10,5,4
10,6,4
10,7,1
10,8,1
10,9,1
10,10,1
10,11,4
10,12,4
10,13,4
10,14,4
10,15,4
10,16,4
10,17,4
10,18,4
10,19,4
10,20,1
10,21,1
10,22,1
10,23,1
10,24,1
10,25,1
10,26,4
10,27,4
10,28,1
10,29,1
10,30,1
11,0,4
11,1,4
11,2,4
11,3,4
11,4,4
11,5,4
11,6,4
11,7,1
11,8,1
11,9,1
11,10,1
11,11,4
11,12,4
11,13,4
11,14,4
11,15,4
11,16,4
11,17,4
11,18,4
11,19,4
11,20,4
11,21,4
11,22,4
11,23,4
11,24,4
11,25,4
11,26,4
11,27,4
11,28,4
11,29,1
11,30,1
12,0,4
12,1,4
12,2,4
12,3,4
12,4,4
12,5,4
12,6,4
12,7,4
12,8,1
12,9,1
12,10,4
12,11,4
12,12,4
12,13,4
12,14,4
12,15,4
12,16,4
12,17,4
12,18,4
12,19,4
12,20,4
12,21,4
12,22,4
12,23,4
12,24,4
12,25,4
12,26,4
12,27,4
12,28,4
12,29,3
12,30,3
13,0,1
13,1,1
13,2,4
13,3,4
13,4,4
13,5,4
13,6,4
13,7,4
13,8,3
13,9,3
13,10,4
13,11,4
13,12,4
13,13,4
13,14,4
13,15,4
13,16,4
13,17,4
13,18,4
13,19,4
13,20,4
13,21,4
13,22,4
13,23,4
13,24,4
13,25,4
13,26,4
13,27,4
13,28,3
13,29,3
13,30,3
14,0,1
14,1,1
14,2,1
14,3,4
14,4,4
14,5,4
14,6,4
14,7,3
14,8,3
14,9,3
14,10,3
14,11,4
14,12,4
14,13,4
14,14,4
14,15,4
14,16,4
14,17,4
14,18,4
14,19,4
14,20,4
14,21,4
14,22,4
14,23,3
14,24,3
14,25,4
14,26,4
14,27,4
14,28,3
14,29,3
14,30,3
15,0,1
15,1,1
15,2,1
15,3,4
15,4,4
15,5,4
15,6,4
15,7,3
15,8,3
15,9,3
15,10,3
15,11,4
15,12,4
15,13,4
15,14,4
15,15,4
15,16,1
15,17,1
15,18,4
15,19,4
15,20,4
15,21,4
15,22,3
15,23,3
15,24,3
15,25,3
15,26,4
15,27,4
15,28,4
15,29,3
15,30,3
16,0,1
16,1,1
16,2,2
16,3,2
16,4,4
16,5,4
16,6,2
16,7,2
16,8,3
16,9,3
16,10,4
16,11,4
16,12,4
16,13,4
16,14,4
16,15,1
16,16,1
16,17,1
16,18,1
16,19,4
16,20,4
16,21,4
16,22,3
16,23,3
16,24,3
16,25,3
16,26,4
16,27,4
16,28,4
16,29,4
16,30,4
17,0,2
17,1,2
17,2,2
17,3,2
17,4,2
17,5,2
17,6,2
17,7,2
17,8,2
17,9,4
17,10,4
17,11,4
17,12,4
17,13,2
17,14,2
17,15,1
17,16,1
17,17,1
17,18,1
17,19,4
17,20,4
17,21,4
17,22,4
17,23,3
17,24,3
17,25,4
17,26,4
17,27,4
17,28,4
17,29,4
17,30,4
18,0,2
18,1,2
18,2,2
18,3,2
18,4,2
18,5,2
18,6,2
18,7,2
18,8,2
18,9,4
18,10,4
18,11,4
18,12,2
18,13,2
18,14,2
18,15,2
18,16,1
18,17,1
18,18,1
18,19,4
18,20,4
18,21,4
18,22,4
18,23,4
18,24,4
18,25,4
18,26,4
18,27,4
18,28,4
18,29,4
18,30,4
19,0,1
19,1,1
19,2,1
19,3,1
19,4,2
19,5,2
19,6,2
19,7,2
19,8,2
19,9,2
19,10,4
19,11,4
19,12,2
19,13,2
19,14,2
19,15,2
19,16,1
19,17,1
19,18,1
19,19,4
19,20,4
19,21,4
19,22,4
19,23,4
19,24,4
19,25,4
19,26,4
19,27,4
19,28,4
19,29,4
19,30,4
20,0,1
20,1,1
20,2,1
20,3,1
20,4,1
20,5,2
20,6,2
20,7,2
20,8,2
20,9,2
20,10,4
20,11,4
20,12,4
20,13,2
20,14,2
20,15,1
20,16,1
20,17,1
20,18,1
20,19,1
20,20,4
20,21,4
20,22,4
20,23,4
20,24,4
20,25,1
20,26,1
20,27,1
20,28,1
20,29,1
20,30,1
21,0,2
21,1,2
21,2,1
21,3,1
21,4,1
21,5,2
21,6,2
21,7,2
21,8,2
21,9,2
21,10,4
21,11,4
21,12,4
21,13,4
21,14,1
21,15,1
21,16,1
21,17,1
21,18,1
21,19,1
21,20,4
21,21,4
21,22,4
21,23,4
21,24,1
21,25,1
21,26,1
21,27,1
21,28,1
21,29,1
21,30,1
22,0,2
22,1,2
22,2,2
22,3,1
22,4,1
22,5,2
22,6,2
22,7,2
22,8,2
22,9,2
22,10,4
22,11,4
22,12,4
22,13,4
22,14,1
22,15,1
22,16,1
22,17,1
22,18,1
22,19,1
22,20,1
22,21,4
22,22,4
22,23,4
22,24,1
22,25,1
22,26,1
22,27,1
22,28,1
22,29,1
22,30,1
23,0,2
23,1,2
23,2,2
23,3,1
23,4,1
23,5,2
23,6,2
23,7,2
23,8,2
23,9,2
23,10,2
23,11,4
23,12,4
23,13,4
23,14,1
23,15,1
23,16,1
23,17,1
23,18,1
23,19,1
23,20,1
23,21,4
23,22,4
23,23,4
23,24,4
23,25,1
23,26,1
23,27,1
23,28,1
23,29,1
23,30,1
24,0,2
24,1,2
24,2,2
24,3,1
24,4,1
24,5,2
24,6,2
24,7,2
24,8,2
24,9,2
24,10,2
24,11,4
24,12,4
24,13,4
24,14,4
24,15,1
24,16,1
24,17,1
24,18,1
24,19,1
24,20,4
24,21,4
24,22,4
24,23,4
24,24,4
24,25,1
24,26,1
24,27,1
24,28,1
24,29,1
24,30,1
25,0,2
25,1,2
25,2,1
25,3,1
25,4,1
25,5,1
25,6,2
25,7,2
25,8,2
25,9,2
25,10,3
25,11,3
25,12,4
25,13,4
25,14,4
25,15,4
25,16,4
25,17,4
25,18,4
25,19,4
25,20,4
25,21,4
25,22,4
25,23,4
25,24,1
25,25,1
25,26,1
25,27,1
25,28,1
25,29,1
25,30,1
26,0,1
26,1,1
26,2,1
26,3,1
26,4,1
26,5,1
26,6,3
26,7,3
26,8,3
26,9,3
26,10,3
26,11,3
26,12,3
26,13,4
26,14,4
26,15,4
26,16,4
26,17,4
26,18,4
26,19,4
26,20,4
26,21,4
26,22,1
26,23,1
26,24,1
26,25,1
26,26,1
26,27,1
26,28,1
26,29,1
26,30,1
27,0,1
27,1,1
27,2,1
27,3,1
27,4,1
27,5,3
27,6,3
27,7,3
27,8,3
27,9,3
27,10,3
27,11,3
27,12,3
27,13,3
27,14,4
27,15,4
27,16,3
27,17,3
27,18,4
27,19,4
27,20,1
27,21,1
27,22,1
27,23,1
27,24,1
27,25,1
27,26,1
27,27,1
27,28,1
27,29,2
27,30,2
28,0,1
28,1,1
28,2,1
28,3,2
28,4,2
28,5,3
28,6,3
28,7,3
28,8,3
28,9,1
28,10,1
28,11,3
28,12,3
28,13,3
28,14,3
28,15,3
28,16,3
28,17,3
28,18,3
28,19,1
28,20,1
28,21,1
28,22,1
28,23,1
28,24,2
28,25,2
28,26,1
28,27,1
28,28,2
28,29,2
28,30,2
29,0,2
29,1,2
29,2,2
29,3,2
29,4,2
29,5,2
29,6,3
29,7,3
29,8,1
29,9,1
29,10,1
29,11,1
29,12,3
29,13,3
29,14,3
29,15,3
29,16,3
29,17,3
29,18,3
29,19,1
29,20,1
29,21,1
29,22,1
29,23,2
29,24,2
29,25,2
29,26,2
29,27,2
29,28,2
29,29,2
29,30,2
30,0,2
30,1,2
30,2,2
30,3,2
30,4,2
30,5,2
30,6,3
30,7,3
30,8,1
30,9,1
30,10,1
30,11,1
30,12,3
30,13,3
30,14,3
30,15,3
30,16,3
30,17,3
30,18,3
30,19,1
30,20,1
30,21,1
30,22,1
30,23,2
30,24,2
30,25,2
30,26,2
30,27,2
30,28,2
30,29,2
30,30,2