6
8
6
0
2,2
12,2
12,12
22,2
22,12
22,22
0,1,1
0,2,2
3,4,2
2,3,1
4,5,1
2,4,1
1,2,2
2,5,2
0,0,4
0,1,4
0,2,4
0,3,4
0,4,4
0,5,1
0,6,1
0,7,1
0,8,1
0,9,4
0,10,4
0,11,4
0,12,3
0,13,3
0,14,3
0,15,4
0,16,4
0,17,2
0,18,2
0,19,2
0,20,2
0,21,3
0,22,3
0,23,3
0,24,4
0,25,4
0,26,4
0,27,4
0,28,4
0,29,4
0,30,4
1,0,4
1,1,4
1,2,4
1,3,4
1,4,4
1,5,1
1,6,1
1,7,1
1,8,1
1,9,4
1,10,4
1,11,4
1,12,3
1,13,3
1,14,3
1,15,4
1,16,4
1,17,2
1,18,2
1,19,2
1,20,2
1,21,3
1,22,3
1,23,3
1,24,4
1,25,4
1,26,4
1,27,4
1,28,4
1,29,4
1,30,4
2,0,4
2,1,4
2,2,4
2,3,4
2,4,4
2,5,1
2,6,1
2,7,1
2,8,1
2,9,4
2,10,4
2,11,4
2,12,4
2,13,3
2,14,3
2,15,4
2,16,4
2,17,4
2,18,2
2,19,2
2,20,3
2,21,3
2,22,3
2,23,3
2,24,4
2,25,4
2,26,4
2,27,1
2,28,1
2,29,1
2,30,1
3,0,4
3,1,4
3,2,4
3,3,4
3,4,4
3,5,4
3,6,1
3,7,1
3,8,2
3,9,2
3,10,4
3,11,4
3,12,4
3,13,3
3,14,3
3,15,4
3,16,4
3,17,4
3,18,4
3,19,4
3,20,3
3,21,3
3,22,3
3,23,3
3,24,4
3,25,4
3,26,1
3,27,1
3,28,1
3,29,1
3,30,1
4,0,4
4,1,4
4,2,4
4,3,4
4,4,4
4,5,4
4,6,2
4,7,2
4,8,2
4,9,2
4,10,2
4,11,4
4,12,4
4,13,3
4,14,3
4,15,3
4,16,4
4,17,4
4,18,4
4,19,4
4,20,4
4,21,3
4,22,3
4,23,4
4,24,4
4,25,4
4,26,1
4,27,1
4,28,1
4,29,1
4,30,1
5,0,4
5,1,4
5,2,4
5,3,4
5,4,4
5,5,2
5,6,2
5,7,2
5,8,2
5,9,2
5,10,2
5,11,4
5,12,4
5,13,3
5,14,3
5,15,3
5,16,3
5,17,4
5,18,4
5,19,4
5,20,4
5,21,4
5,22,4
5,23,4
5,24,4
5,25,4
5,26,1
5,27,1
5,28,1
5,29,1
5,30,1
6,0,4
6,1,4
6,2,4
6,3,1
6,4,1
6,5,2
6,6,2
6,7,2
6,8,2
6,9,2
6,10,4
6,11,4
6,12,4
6,13,4
6,14,3
6,15,3
6,16,3
6,17,3
6,18,3
6,19,4
6,20,4
6,21,4
6,22,4
6,23,4
6,24,4
6,25,2
6,26,2
6,27,1
6,28,1
6,29,4
6,30,4
7,0,4
7,1,4
7,2,1
7,3,1
7,4,1
7,5,1
7,6,2
7,7,2
7,8,2
7,9,2
7,10,4
7,11,4
7,12,4
7,13,4
7,14,3
7,15,3
7,16,3
7,17,3
7,18,3
7,19,3
7,20,4
7,21,4
7,22,4
7,23,4
7,24,2
7,25,2
7,26,2
7,27,2
7,28,4
7,29,4
7,30,4
8,0,2
8,1,2
8,2,1
8,3,1
8,4,1
8,5,1
8,6,1
8,7,2
8,8,2
8,9,2
8,10,2
8,11,4
8,12,4
8,13,2
8,14,2
8,15,3
8,16,3
8,17,3
8,18,3
8,19,3
8,20,4
8,21,4
8,22,4
8,23,4
8,24,2
8,25,2
8,26,2
8,27,2
8,28,4
8,29,4
8,30,4
9,0,2
9,1,2
9,2,2
9,3,1
9,4,1
9,5,1
9,6,1
9,7,1
9,8,2
9,9,2
9,10,2
9,11,2
9,12,2
9,13,2
9,14,2
9,15,2
9,16,3
9,17,3
9,18,3
9,19,4
9,20,4
9,21,4
9,22,4
9,23,2
9,24,2
9,25,2
9,26,2
9,27,2
9,28,4
9,29,4
9,30,4
10,0,2
10,1,2
10,2,2
10,3,2
10,4,2
10,5,1
10,6,1
10,7,1
10,8,1
10,9,2
10,10,2
10,11,2
10,12,2
10,13,2
10,14,2
10,15,2
10,16,4
10,17,4
10,18,4
10,19,4
10,20,4
10,21,4
10,22,2
10,23,2
10,24,2
10,25,2
10,26,2
10,27,2
10,28,4
10,29,4
10,30,4
11,0,2
11,1,2
11,2,2
11,3,2
11,4,2
11,5,2
11,6,1
11,7,1
11,8,1
11,9,1
11,10,2
11,11,2
11,12,2
11,13,2
11,14,2
11,15,4
11,16,4
11,17,4
11,18,4
11,19,4
11,20,4
11,21,2
11,22,2
11,23,2
11,24,2
11,25,2
11,26,2
11,27,1
11,28,1
11,29,4
11,30,4
12,0,2
12,1,2
12,2,2
12,3,2
12,4,2
12,5,2
12,6,1
12,7,1
12,8,1
12,9,1
12,10,2
12,11,2
12,12,2
12,13,2
12,14,2
12,15,4
12,16,4
12,17,4
12,18,4
12,19,4
12,20,4
12,21,2
12,22,2
12,23,2
12,24,2
12,25,2
12,26,1
12,27,1
12,28,1
12,29,1
12,30,1
13,0,2
13,1,2
13,2,2
13,3,2
13,4,2
13,5,2
13,6,2
13,7,1
13,8,1
13,9,2
13,10,2
13,11,2
13,12,2
13,13,2
13,14,2
13,15,4
13,16,4
13,17,4
13,18,4
13,19,4
13,20,2
13,21,2
13,22,2
13,23,2
13,24,2
13,25,1
13,26,1
13,27,1
13,28,1
13,29,1
13,30,1
14,0,2
14,1,2
14,2,2
14,3,2
14,4,2
14,5,2
14,6,2
14,7,4
14,8,4
14,9,2
14,10,2
14,11,2
14,12,2
14,13,2
14,14,2
14,15,2
14,16,4
14,17,4
14,18,1
14,19,1
14,20,2
14,21,2
14,22,2
14,23,2
14,24,2
14,25,1
14,26,1
14,27,1
14,28,1
14,29,1
14,30,1
15,0,2
15,1,2
15,2,2
15,3,2
15,4,2
15,5,2
15,6,4
15,7,4
15,8,4
15,9,4
15,10,2
15,11,2
15,12,2
15,13,2
15,14,2
15,15,2
15,16,1
15,17,1
15,18,1
15,19,1
15,20,1
15,21,2
15,22,2
15,23,2
15,24,2
15,25,2
15,26,1
15,27,1
15,28,1
15,29,1
15,30,1
16,0,3
16,1,3
16,2,2
16,3,2
16,4,1
16,5,1
16,6,4
16,7,4
16,8,4
16,9,4
16,10,2
16,11,2
16,12,2
16,13,2
16,14,2
16,15,1
16,16,1
16,17,1
16,18,1
16,19,1
16,20,1
16,21,4
16,22,4
16,23,2
16,24,2
16,25,2
16,26,2
16,27,2
16,28,2
16,29,1
16,30,1
17,0,3
17,1,3
17,2,3
17,3,1
17,4,1
17,5,1
17,6,1
17,7,4
17,8,4
17,9,2
17,10,2
17,11,2
17,12,2
17,13,2
17,14,2
17,15,1
17,16,1
17,17,1
17,18,1
17,19,1
17,20,4
17,21,4
17,22,4
17,23,4
17,24,2
17,25,2
17,26,2
17,27,2
17,28,2
17,29,2
17,30,2
18,0,3
18,1,3
18,2,3
18,3,1
18,4,1
18,5,1
18,6,1
18,7,1
18,8,2
18,9,2
18,10,2
18,11,2
18,12,2
18,13,2
18,14,4
18,15,4
18,16,1
18,17,1
18,18,1
18,19,1
18,20,4
18,21,4
18,22,4
18,23,4
18,24,4
18,25,4
18,26,4
18,27,2
18,28,2
18,29,2
18,30,2
19,0,3
19,1,3
19,2,4
19,3,4
19,4,1
19,5,1
19,6,1
19,7,1
19,8,2
19,9,2
19,10,2
19,11,4
19,12,4
19,13,4
19,14,4
19,15,4
19,16,4
19,17,1
19,18,1
19,19,1
19,20,1
19,21,4
19,22,4
19,23,4
19,24,4
19,25,4
19,26,4
19,27,4
19,28,2
19,29,2
19,30,2
20,0,4
20,1,4
20,2,4
20,3,4
20,4,4
20,5,1
20,6,1
20,7,2
20,8,2
20,9,2
20,10,4
20,11,4
20,12,4
20,13,4
20,14,4
20,15,4
20,16,4
20,17,1
20,18,1
20,19,1
20,20,1
20,21,1
20,22,1
20,23,1
20,24,1
20,25,4
20,26,4
20,27,4
20,28,4
20,29,2
20,30,2
21,0,4
21,1,4
21,2,4
21,3,4
21,4,4
21,5,4
21,6,2
21,7,2
21,8,2
21,9,2
21,10,4
21,11,4
21,12,4
21,13,4
21,14,4
21,15,4
21,16,4
21,17,1
21,18,1
21,19,1
21,20,1
21,21,1
21,22,1
21,23,1
21,24,1
21,25,1
21,26,4
21,27,4
21,28,4
21,29,2
21,30,2
22,0,4
22,1,4
22,2,4
22,3,4
22,4,4
22,5,4
22,6,2
22,7,2
22,8,2
22,9,4
22,10,4
22,11,4
22,12,4
22,13,4
22,14,4
22,15,4
22,16,4
22,17,1
22,18,1
22,19,1
22,20,1
22,21,1
22,22,1
22,23,1
22,24,1
22,25,1
22,26,1
22,27,4
22,28,4
22,29,2
22,30,2
23,0,4
23,1,4
23,2,4
23,3,4
23,4,4
23,5,4
23,6,4
23,7,2
23,8,2
23,9,4
23,10,4
23,11,4
23,12,4
23,13,4
23,14,4
23,15,4
23,16,1
23,17,1
23,18,1
23,19,1
23,20,1
23,21,1
23,22,1
23,23,1
23,24,1
23,25,1
23,26,1
23,27,4
23,28,4
23,29,2
23,30,2
24,0,4
24,1,4
24,2,4
24,3,4
24,4,4
24,5,4
24,6,4
24,7,2
24,8,2
24,9,4
24,10,4
24,11,4
24,12,4
24,13,4
24,14,4
24,15,1
24,16,1
24,17,1
24,18,1
24,19,1
24,20,1
24,21,1
24,22,1
24,23,1
24,24,1
24,25,1
24,26,4
24,27,4
24,28,4
24,29,2
24,30,2
25,0,3
25,1,3
25,2,4
25,3,4
25,4,4
25,5,4
25,6,4
25,7,2
25,8,2
25,9,4
25,10,4
25,11,4
25,12,4
25,13,4
25,14,1
25,15,1
25,16,1
25,17,1
25,18,3
25,19,3
25,20,3
25,21,1
25,22,1
25,23,2
25,24,2
25,25,2
25,26,4
25,27,4
25,28,4
25,29,2
25,30,2
26,0,3
26,1,3
26,2,3
26,3,4
26,4,4
26,5,4
26,6,2
26,7,2
26,8,2
26,9,2
26,10,4
26,11,4
26,12,4
26,13,4
26,14,1
26,15,1
26,16,1
26,17,3
26,18,3
26,19,3
26,20,3
26,21,3
26,22,2
26,23,2
26,24,2
26,25,2
26,26,2
26,27,4
26,28,4
26,29,2
26,30,2
27,0,3
27,1,3
27,2,3
27,3,1
27,4,1
27,5,1
27,6,2
27,7,2
27,8,2
27,9,2
27,10,4
27,11,4
27,12,4
27,13,1
27,14,1
27,15,1
27,16,1
27,17,3
27,18,3
27,19,3
27,20,3
27,21,3
27,22,2
27,23,2
27,24,2
27,25,2
27,26,2
27,27,4
27,28,4
27,29,2
27,30,2
28,0,3
28,1,3
28,2,1
28,3,1
28,4,1
28,5,1
28,6,1
28,7,2
28,8,2
28,9,4
28,10,4
28,11,4
28,12,4
28,13,1
28,14,1
28,15,1
28,16,2
28,17,2
28,18,3
28,19,3
28,20,3
28,21,3
28,22,3
28,23,2
28,24,2
28,25,2
28,26,4
28,27,4
28,28,4
28,29,2
28,30,2
29,0,1
29,1,1
29,2,1
29,3,1
29,4,1
29,5,1
29,6,1
29,7,1
29,8,4
29,9,4
29,10,4
29,11,4
29,12,4
29,13,1
29,14,1
29,15,2
29,16,2
29,17,2
29,18,2
29,19,3
29,20,3
29,21,3
29,22,3
29,23,2
29,24,2
29,25,4
29,26,4
29,27,4
29,28,4
29,29,2
29,30,2
30,0,1
30,1,1
30,2,1
30,3,1
30,4,1
30,5,1
30,6,1
30,7,1
30,8,4
30,9,4
30,10,4
30,11,4
30,12,4
30,13,1
30,14,1
30,15,2
30,16,2
30,17,2
30,18,2
30,19,3
30,20,3
30,21,3
30,22,3
30,23,2
30,24,2
30,25,4
30,26,4
30,27,4
30,28,4
30,29,2
30,30,2