5
6
6
4
12,2
12,17
27,2
27,17
27,27
3,4,1
0,2,2
2,3,4
1,2,2
0,1,4
1,3,1
0,0,4
0,1,4
0,2,2
0,3,2
0,4,4
0,5,4
0,6,4
0,7,4
0,8,1
0,9,1
0,10,1
0,11,1
0,12,3
0,13,3
0,14,4
0,15,4
0,16,4
0,17,4
0,18,4
0,19,4
0,20,4
0,21,4
0,22,4
0,23,4
0,24,4
0,25,4
0,26,4
0,27,4
0,28,4
0,29,4
0,30,4
1,0,4
1,1,4
1,2,2
1,3,2
1,4,4
1,5,4
1,6,4
1,7,4
1,8,1
1,9,1
1,10,1
1,11,1
1,12,3
1,13,3
1,14,4
1,15,4
1,16,4
1,17,4
1,18,4
1,19,4
1,20,4
1,21,4
1,22,4
1,23,4
1,24,4
1,25,4
1,26,4
1,27,4
1,28,4
1,29,4
1,30,4
2,0,4
2,1,4
2,2,2
2,3,2
2,4,2
2,5,4
2,6,4
2,7,3
2,8,3
2,9,1
2,10,1
2,11,3
2,12,3
2,13,3
2,14,3
2,15,4
2,16,4
2,17,2
2,18,2
2,19,4
2,20,4
2,21,4
2,22,4
2,23,4
2,24,4
2,25,4
2,26,3
2,27,3
2,28,4
2,29,4
2,30,4
3,0,4
3,1,4
3,2,2
3,3,2
3,4,2
3,5,2
3,6,3
3,7,3
3,8,3
3,9,3
3,10,3
3,11,3
3,12,3
3,13,3
3,14,3
3,15,3
3,16,2
3,17,2
3,18,2
3,19,2
3,20,4
3,21,4
3,22,4
3,23,4
3,24,4
3,25,3
3,26,3
3,27,3
3,28,3
3,29,4
3,30,4
4,0,4
4,1,4
4,2,4
4,3,2
4,4,2
4,5,2
4,6,3
4,7,3
4,8,3
4,9,3
4,10,3
4,11,3
4,12,3
4,13,3
4,14,3
4,15,3
4,16,2
4,17,2
4,18,2
4,19,2
4,20,4
4,21,4
4,22,4
4,23,4
4,24,4
4,25,3
4,26,3
4,27,3
4,28,3
4,29,1
4,30,1
5,0,4
5,1,4
5,2,4
5,3,4
5,4,2
5,5,2
5,6,2
5,7,3
5,8,3
5,9,3
5,10,4
5,11,4
5,12,3
5,13,3
5,14,3
5,15,3
5,16,3
5,17,2
5,18,2
5,19,3
5,20,3
5,21,4
5,22,4
5,23,4
5,24,3
5,25,3
5,26,3
5,27,3
5,28,1
5,29,1
5,30,1
6,0,4
6,1,4
6,2,4
6,3,4
6,4,2
6,5,2
6,6,2
6,7,4
6,8,4
6,9,4
6,10,4
6,11,4
6,12,4
6,13,3
6,14,3
6,15,3
6,16,3
6,17,3
6,18,3
6,19,3
6,20,3
6,21,3
6,22,3
6,23,3
6,24,3
6,25,3
6,26,3
6,27,3
6,28,1
6,29,1
6,30,1
7,0,4
7,1,4
7,2,4
7,3,2
7,4,2
7,5,2
7,6,4
7,7,4
7,8,4
7,9,4
7,10,4
7,11,4
7,12,4
7,13,2
7,14,2
7,15,3
7,16,3
7,17,3
7,18,3
7,19,3
7,20,3
7,21,3
7,22,3
7,23,3
7,24,3
7,25,3
7,26,3
7,27,1
7,28,1
7,29,1
7,30,1
8,0,2
8,1,2
8,2,2
8,3,2
8,4,2
8,5,2
8,6,4
8,7,4
8,8,4
8,9,4
8,10,4
8,11,4
8,12,2
8,13,2
8,14,2
8,15,2
8,16,2
8,17,2
8,18,2
8,19,2
8,20,2
8,21,2
8,22,2
8,23,2
8,24,2
8,25,2
8,26,2
8,27,1
8,28,1
8,29,1
8,30,1
9,0,2
9,1,2
9,2,2
9,3,2
9,4,2
9,5,4
9,6,4
9,7,4
9,8,4
9,9,4
9,10,4
9,11,2
9,12,2
9,13,2
9,14,2
9,15,2
9,16,2
9,17,2
9,18,2
9,19,2
9,20,2
9,21,2
9,22,2
9,23,2
9,24,2
9,25,2
9,26,2
9,27,2
9,28,1
9,29,1
9,30,1
10,0,4
10,1,4
10,2,4
10,3,4
10,4,4
10,5,4
10,6,4
10,7,4
10,8,2
10,9,2
10,10,2
10,11,2
10,12,2
10,13,2
10,14,3
10,15,3
10,16,3
10,17,3
10,18,3
10,19,3
10,20,3
10,21,3
10,22,3
10,23,3
10,24,3
10,25,2
10,26,2
10,27,2
10,28,2
10,29,2
10,30,2
11,0,4
11,1,4
11,2,4
11,3,4
11,4,4
11,5,4
11,6,4
11,7,2
11,8,2
11,9,2
11,10,2
11,11,2
11,12,2
11,13,3
11,14,3
11,15,3
11,16,3
11,17,3
11,18,3
11,19,3
11,20,3
11,21,3
11,22,3
11,23,3
11,24,3
11,25,3
11,26,2
11,27,2
11,28,2
11,29,2
11,30,2
12,0,4
12,1,4
12,2,4
12,3,4
12,4,4
12,5,4
12,6,4
12,7,2
12,8,2
12,9,2
12,10,2
12,11,4
12,12,4
12,13,3
12,14,3
12,15,3
12,16,3
12,17,3
12,18,3
12,19,3
12,20,3
12,21,3
12,22,3
12,23,3
12,24,3
12,25,3
12,26,4
12,27,4
12,28,4
12,29,4
12,30,4
13,0,4
13,1,4
13,2,4
13,3,4
13,4,4
13,5,4
13,6,2
13,7,2
13,8,2
13,9,2
13,10,4
13,11,4
13,12,4
13,13,4
13,14,3
13,15,3
13,16,3
13,17,3
13,18,3
13,19,3
13,20,3
13,21,3
13,22,3
13,23,3
13,24,3
13,25,4
13,26,4
13,27,4
13,28,4
13,29,4
13,30,4
14,0,4
14,1,4
14,2,4
14,3,4
14,4,4
14,5,2
14,6,2
14,7,2
14,8,2
14,9,4
14,10,4
14,11,4
14,12,4
14,13,4
14,14,3
14,15,3
14,16,3
14,17,3
14,18,3
14,19,3
14,20,3
14,21,3
14,22,3
14,23,3
14,24,3
14,25,4
14,26,4
14,27,4
14,28,4
14,29,4
14,30,4
15,0,4
15,1,4
15,2,4
15,3,4
15,4,4
15,5,2
15,6,2
15,7,2
15,8,2
15,9,4
15,10,4
15,11,4
15,12,4
15,13,4
15,14,3
15,15,3
15,16,3
15,17,3
15,18,3
15,19,3
15,20,3
15,21,3
15,22,3
15,23,3
15,24,4
15,25,4
15,26,4
15,27,4
15,28,4
15,29,4
15,30,4
16,0,4
16,1,4
16,2,4
16,3,4
16,4,4
16,5,2
16,6,2
16,7,2
16,8,2
16,9,4
16,10,4
16,11,4
16,12,4
16,13,4
16,14,3
16,15,3
16,16,3
16,17,3
16,18,3
16,19,2
16,20,2
16,21,2
16,22,2
16,23,2
16,24,4
16,25,4
16,26,4
16,27,4
16,28,4
16,29,4
16,30,4
17,0,4
17,1,4
17,2,4
17,3,4
17,4,4
17,5,2
17,6,2
17,7,2
17,8,3
17,9,3
17,10,4
17,11,4
17,12,4
17,13,4
17,14,4
17,15,3
17,16,3
17,17,3
17,18,2
17,19,2
17,20,2
17,21,2
17,22,2
17,23,2
17,24,2
17,25,4
17,26,4
17,27,4
17,28,4
17,29,1
17,30,1
18,0,4
18,1,4
18,2,4
18,3,4
18,4,2
18,5,2
18,6,2
18,7,3
18,8,3
18,9,3
18,10,3
18,11,4
18,12,4
18,13,4
18,14,4
18,15,4
18,16,4
18,17,4
18,18,2
18,19,2
18,20,2
18,21,2
18,22,2
18,23,2
18,24,2
18,25,2
18,26,4
18,27,4
18,28,1
18,29,1
18,30,1
19,0,4
19,1,4
19,2,4
19,3,2
19,4,2
19,5,2
19,6,2
19,7,3
19,8,3
19,9,3
19,10,3
19,11,3
19,12,4
19,13,4
19,14,4
19,15,4
19,16,4
19,17,4
19,18,4
19,19,2
19,20,2
19,21,1
19,22,1
19,23,2
19,24,2
19,25,2
19,26,2
19,27,2
19,28,1
19,29,1
19,30,1
20,0,4
20,1,4
20,2,4
20,3,2
20,4,2
20,5,2
20,6,2
20,7,3
20,8,3
20,9,3
20,10,3
20,11,3
20,12,1
20,13,1
20,14,1
20,15,1
20,16,4
20,17,4
20,18,4
20,19,4
20,20,1
20,21,1
20,22,1
20,23,1
20,24,2
20,25,2
20,26,2
20,27,2
20,28,2
20,29,1
20,30,1
21,0,4
21,1,4
21,2,1
21,3,1
21,4,2
21,5,2
21,6,3
21,7,3
21,8,3
21,9,3
21,10,3
21,11,1
21,12,1
21,13,1
21,14,1
21,15,1
21,16,1
21,17,4
21,18,4
21,19,4
21,20,1
21,21,1
21,22,1
21,23,1
21,24,2
21,25,2
21,26,2
21,27,2
21,28,2
21,29,1
21,30,1
22,0,1
22,1,1
22,2,1
22,3,1
22,4,1
22,5,1
22,6,3
22,7,3
22,8,3
22,9,3
22,10,3
22,11,1
22,12,1
22,13,1
22,14,1
22,15,1
22,16,1
22,17,4
22,18,4
22,19,4
22,20,1
22,21,1
22,22,1
22,23,1
22,24,1
22,25,2
22,26,2
22,27,2
22,28,1
22,29,1
22,30,1
23,0,1
23,1,1
23,2,1
23,3,1
23,4,1
23,5,1
23,6,1
23,7,3
23,8,3
23,9,3
23,10,3
23,11,3
23,12,1
23,13,1
23,14,1
23,15,1
23,16,4
23,17,4
23,18,4
23,19,4
23,20,4
23,21,1
23,22,1
23,23,1
23,24,1
23,25,1
23,26,1
23,27,1
23,28,1
23,29,1
23,30,1
24,0,1
24,1,1
24,2,1
24,3,1
24,4,1
24,5,1
24,6,1
24,7,1
24,8,3
24,9,3
24,10,3
24,11,3
24,12,4
24,13,4
24,14,4
24,15,4
24,16,4
24,17,4
24,18,4
24,19,4
24,20,4
24,21,1
24,22,1
24,23,1
24,24,1
24,25,1
24,26,1
24,27,1
24,28,1
24,29,1
24,30,1
25,0,1
25,1,1
25,2,1
25,3,1
25,4,1
25,5,1
25,6,1
25,7,1
25,8,3
25,9,3
25,10,3
25,11,4
25,12,4
25,13,4
25,14,4
25,15,4
25,16,4
25,17,4
25,18,4
25,19,4
25,20,1
25,21,1
25,22,1
25,23,1
25,24,1
25,25,2
25,26,2
25,27,2
25,28,2
25,29,2
25,30,2
26,0,1
26,1,1
26,2,1
26,3,1
26,4,1
26,5,1
26,6,1
26,7,1
26,8,3
26,9,3
26,10,3
26,11,4
26,12,4
26,13,4
26,14,4
26,15,4
26,16,4
26,17,4
26,18,4
26,19,4
26,20,1
26,21,1
26,22,1
26,23,1
26,24,2
26,25,2
26,26,2
26,27,2
26,28,2
26,29,2
26,30,2
27,0,1
27,1,1
27,2,1
27,3,1
27,4,1
27,5,1
27,6,1
27,7,1
27,8,3
27,9,3
27,10,3
27,11,3
27,12,4
27,13,4
27,14,4
27,15,4
27,16,4
27,17,4
27,18,4
27,19,4
27,20,4
27,21,1
27,22,1
27,23,2
27,24,2
27,25,2
27,26,2
27,27,2
27,28,2
27,29,2
27,30,2
28,0,1
28,1,1
28,2,1
28,3,1
28,4,1
28,5,1
28,6,1
28,7,1
28,8,1
28,9,3
28,10,3
28,11,3
28,12,4
28,13,4
28,14,4
28,15,4
28,16,4
28,17,4
28,18,4
28,19,4
28,20,4
28,21,4
28,22,4
28,23,2
28,24,2
28,25,2
28,26,2
28,27,2
28,28,2
28,29,2
28,30,2
29,0,1
29,1,1
29,2,1
29,3,1
29,4,1
29,5,1
29,6,1
29,7,1
29,8,1
29,9,3
29,10,3
29,11,4
29,12,4
29,13,4
29,14,4
29,15,4
29,16,4
29,17,4
29,18,4
29,19,4
29,20,4
29,21,4
29,22,4
29,23,4
29,24,2
29,25,2
29,26,2
29,27,2
29,28,2
29,29,2
29,30,2
30,0,1
30,1,1
30,2,1
30,3,1
30,4,1
30,5,1
30,6,1
30,7,1
30,8,1
30,9,3
30,10,3
30,11,4
30,12,4
30,13,4
30,14,4
30,15,4
30,16,4
30,17,4
30,18,4
30,19,4
30,20,4
30,21,4
30,22,4
30,23,4
30,24,2
30,25,2
30,26,2
30,27,2
30,28,2
30,29,2
30,30,2