5
6
8
4
2,7
2,22
17,7
17,22
27,22
3,4,2
1,3,4
1,2,1
0,1,3
2,3,4
0,2,1
0,0,4
0,1,4
0,2,4
0,3,2
0,4,2
0,5,4
0,6,4
0,7,4
0,8,4
0,9,4
0,10,4
0,11,4
0,12,4
0,13,1
0,14,1
0,15,2
0,16,2
0,17,2
0,18,4
0,19,4
0,20,4
0,21,4
0,22,4
0,23,4
0,24,4
0,25,4
0,26,4
0,27,3
0,28,3
0,29,3
0,30,3
1,0,4
1,1,4
1,2,4
1,3,2
1,4,2
1,5,4
1,6,4
1,7,4
1,8,4
1,9,4
1,10,4
1,11,4
1,12,4
1,13,1
1,14,1
1,15,2
1,16,2
1,17,2
1,18,4
1,19,4
1,20,4
1,21,4
1,22,4
1,23,4
1,24,4
1,25,4
1,26,4
1,27,3
1,28,3
1,29,3
1,30,3
2,0,4
2,1,4
2,2,4
2,3,2
2,4,2
2,5,4
2,6,4
2,7,4
2,8,4
2,9,4
2,10,4
2,11,4
2,12,4
2,13,1
2,14,1
2,15,2
2,16,2
2,17,2
2,18,4
2,19,4
2,20,4
2,21,4
2,22,4
2,23,4
2,24,4
2,25,4
2,26,4
2,27,4
2,28,3
2,29,3
2,30,3
3,0,4
3,1,4
3,2,2
3,3,2
3,4,2
3,5,4
3,6,4
3,7,4
3,8,4
3,9,4
3,10,4
3,11,4
3,12,1
3,13,1
3,14,1
3,15,2
3,16,2
3,17,4
3,18,4
3,19,4
3,20,4
3,21,4
3,22,4
3,23,4
3,24,4
3,25,4
3,26,4
3,27,4
3,28,4
3,29,4
3,30,4
4,0,2
4,1,2
4,2,2
4,3,2
4,4,2
4,5,4
4,6,4
4,7,4
4,8,4
4,9,4
4,10,4
4,11,1
4,12,1
4,13,1
4,14,1
4,15,2
4,16,2
4,17,4
4,18,4
4,19,4
4,20,4
4,21,4
4,22,4
4,23,4
4,24,4
4,25,4
4,26,4
4,27,4
4,28,4
4,29,4
4,30,4
5,0,2
5,1,2
5,2,2
5,3,2
5,4,1
5,5,1
5,6,4
5,7,4
5,8,4
5,9,4
5,10,4
5,11,1
5,12,1
5,13,1
5,14,1
5,15,2
5,16,2
5,17,2
5,18,4
5,19,4
5,20,3
5,21,3
5,22,3
5,23,3
5,24,3
5,25,3
5,26,3
5,27,3
5,28,3
5,29,3
5,30,3
6,0,1
6,1,1
6,2,1
6,3,1
6,4,1
6,5,1
6,6,1
6,7,1
6,8,4
6,9,4
6,10,2
6,11,2
6,12,1
6,13,1
6,14,2
6,15,2
6,16,2
6,17,2
6,18,3
6,19,3
6,20,3
6,21,3
6,22,3
6,23,3
6,24,3
6,25,3
6,26,3
6,27,3
6,28,3
6,29,3
6,30,3
7,0,1
7,1,1
7,2,1
7,3,1
7,4,1
7,5,1
7,6,1
7,7,1
7,8,1
7,9,2
7,10,2
7,11,2
7,12,2
7,13,2
7,14,2
7,15,2
7,16,2
7,17,3
7,18,3
7,19,3
7,20,3
7,21,3
7,22,1
7,23,1
7,24,1
7,25,1
7,26,1
7,27,1
7,28,1
7,29,1
7,30,1
8,0,1
8,1,1
8,2,1
8,3,1
8,4,1
8,5,1
8,6,1
8,7,1
8,8,1
8,9,2
8,10,2
8,11,2
8,12,2
8,13,2
8,14,2
8,15,2
8,16,3
8,17,3
8,18,3
8,19,3
8,20,1
8,21,1
8,22,1
8,23,1
8,24,1
8,25,1
8,26,1
8,27,1
8,28,1
8,29,1
8,30,1
9,0,1
9,1,1
9,2,1
9,3,3
9,4,3
9,5,1
9,6,1
9,7,1
9,8,3
9,9,3
9,10,2
9,11,2
9,12,2
9,13,2
9,14,2
9,15,3
9,16,3
9,17,3
9,18,3
9,19,1
9,20,1
9,21,1
9,22,1
9,23,1
9,24,1
9,25,1
9,26,1
9,27,1
9,28,1
9,29,2
9,30,2
10,0,1
10,1,1
10,2,3
10,3,3
10,4,3
10,5,3
10,6,3
10,7,3
10,8,3
10,9,3
10,10,3
10,11,3
10,12,3
10,13,3
10,14,3
10,15,3
10,16,3
10,17,3
10,18,1
10,19,1
10,20,1
10,21,1
10,22,1
10,23,3
10,24,3
10,25,3
10,26,1
10,27,1
10,28,2
10,29,2
10,30,2
11,0,1
11,1,1
11,2,3
11,3,3
11,4,3
11,5,3
11,6,3
11,7,3
11,8,3
11,9,3
11,10,3
11,11,3
11,12,3
11,13,3
11,14,3
11,15,3
11,16,3
11,17,3
11,18,1
11,19,1
11,20,1
11,21,1
11,22,3
11,23,3
11,24,3
11,25,3
11,26,3
11,27,2
11,28,2
11,29,2
11,30,2
12,0,1
12,1,1
12,2,1
12,3,3
12,4,3
12,5,4
12,6,4
12,7,4
12,8,4
12,9,4
12,10,4
12,11,3
12,12,3
12,13,1
12,14,1
12,15,3
12,16,3
12,17,4
12,18,4
12,19,1
12,20,1
12,21,1
12,22,3
12,23,3
12,24,3
12,25,3
12,26,3
12,27,2
12,28,2
12,29,2
12,30,2
13,0,1
13,1,1
13,2,1
13,3,4
13,4,4
13,5,4
13,6,4
13,7,4
13,8,4
13,9,4
13,10,4
13,11,4
13,12,1
13,13,1
13,14,1
13,15,1
13,16,4
13,17,4
13,18,4
13,19,4
13,20,1
13,21,1
13,22,1
13,23,3
13,24,3
13,25,3
13,26,1
13,27,1
13,28,2
13,29,2
13,30,2
14,0,1
14,1,1
14,2,4
14,3,4
14,4,4
14,5,4
14,6,4
14,7,3
14,8,3
14,9,4
14,10,4
14,11,4
14,12,1
14,13,1
14,14,1
14,15,1
14,16,4
14,17,4
14,18,4
14,19,4
14,20,1
14,21,1
14,22,1
14,23,1
14,24,1
14,25,1
14,26,1
14,27,1
14,28,1
14,29,2
14,30,2
15,0,4
15,1,4
15,2,4
15,3,4
15,4,4
15,5,3
15,6,3
15,7,3
15,8,3
15,9,3
15,10,4
15,11,4
15,12,4
15,13,1
15,14,1
15,15,3
15,16,3
15,17,4
15,18,4
15,19,1
15,20,1
15,21,1
15,22,1
15,23,1
15,24,1
15,25,1
15,26,1
15,27,1
15,28,1
15,29,3
15,30,3
16,0,4
16,1,4
16,2,4
16,3,4
16,4,3
16,5,3
16,6,3
16,7,3
16,8,3
16,9,3
16,10,4
16,11,4
16,12,4
16,13,4
16,14,3
16,15,3
16,16,3
16,17,3
16,18,3
16,19,1
16,20,1
16,21,1
16,22,1
16,23,1
16,24,1
16,25,1
16,26,1
16,27,1
16,28,3
16,29,3
16,30,3
17,0,4
17,1,4
17,2,4
17,3,4
17,4,3
17,5,3
17,6,3
17,7,3
17,8,3
17,9,3
17,10,3
17,11,4
17,12,4
17,13,4
17,14,3
17,15,3
17,16,3
17,17,3
17,18,3
17,19,3
17,20,1
17,21,1
17,22,1
17,23,1
17,24,1
17,25,1
17,26,1
17,27,1
17,28,3
17,29,3
17,30,3
18,0,4
18,1,4
18,2,4
18,3,3
18,4,3
18,5,3
18,6,3
18,7,3
18,8,3
18,9,3
18,10,3
18,11,3
18,12,4
18,13,4
18,14,4
18,15,3
18,16,3
18,17,3
18,18,3
18,19,3
18,20,1
18,21,1
18,22,1
18,23,1
18,24,1
18,25,1
18,26,1
18,27,1
18,28,1
18,29,3
18,30,3
19,0,3
19,1,3
19,2,3
19,3,3
19,4,3
19,5,3
19,6,3
19,7,3
19,8,3
19,9,3
19,10,3
19,11,3
19,12,4
19,13,4
19,14,4
19,15,3
19,16,3
19,17,3
19,18,3
19,19,3
19,20,1
19,21,1
19,22,1
19,23,1
19,24,1
19,25,1
19,26,1
19,27,1
19,28,1
19,29,3
19,30,3
20,0,3
20,1,3
20,2,3
20,3,3
20,4,3
20,5,3
20,6,3
20,7,3
20,8,3
20,9,3
20,10,3
20,11,3
20,12,4
20,13,4
20,14,4
20,15,3
20,16,3
20,17,3
20,18,3
20,19,4
20,20,4
20,21,1
20,22,1
20,23,4
20,24,4
20,25,4
20,26,1
20,27,1
20,28,3
20,29,3
20,30,3
21,0,2
21,1,2
21,2,3
21,3,3
21,4,3
21,5,3
21,6,3
21,7,3
21,8,3
21,9,3
21,10,3
21,11,4
21,12,4
21,13,4
21,14,4
21,15,4
21,16,3
21,17,3
21,18,4
21,19,4
21,20,4
21,21,4
21,22,4
21,23,4
21,24,4
21,25,4
21,26,4
21,27,3
21,28,3
21,29,3
21,30,3
22,0,2
22,1,2
22,2,2
22,3,3
22,4,3
22,5,3
22,6,3
22,7,3
22,8,4
22,9,4
22,10,4
22,11,4
22,12,4
22,13,4
22,14,4
22,15,4
22,16,3
22,17,3
22,18,4
22,19,4
22,20,4
22,21,4
22,22,4
22,23,4
22,24,4
22,25,4
22,26,4
22,27,3
22,28,3
22,29,3
22,30,3
23,0,2
23,1,2
23,2,2
23,3,3
23,4,3
23,5,3
23,6,3
23,7,4
23,8,4
23,9,4
23,10,4
23,11,4
23,12,4
23,13,4
23,14,4
23,15,3
23,16,3
23,17,3
23,18,4
23,19,4
23,20,4
23,21,4
23,22,3
23,23,3
23,24,4
23,25,4
23,26,1
23,27,1
23,28,3
23,29,3
23,30,3
24,0,2
24,1,2
24,2,3
24,3,3
24,4,3
24,5,3
24,6,3
24,7,4
24,8,4
24,9,4
24,10,4
24,11,4
24,12,4
24,13,2
24,14,2
24,15,3
24,16,3
24,17,3
24,18,3
24,19,4
24,20,4
24,21,3
24,22,3
24,23,3
24,24,3
24,25,1
24,26,1
24,27,1
24,28,1
24,29,3
24,30,3
25,0,4
25,1,4
25,2,3
25,3,3
25,4,3
25,5,3
25,6,2
25,7,2
25,8,4
25,9,4
25,10,2
25,11,2
25,12,2
25,13,2
25,14,2
25,15,2
25,16,3
25,17,3
25,18,3
25,19,3
25,20,3
25,21,3
25,22,3
25,23,3
25,24,3
25,25,1
25,26,1
25,27,1
25,28,1
25,29,2
25,30,2
26,0,4
26,1,4
26,2,4
26,3,3
26,4,3
26,5,2
26,6,2
26,7,2
26,8,2
26,9,2
26,10,2
26,11,2
26,12,2
26,13,2
26,14,2
26,15,2
26,16,2
26,17,3
26,18,3
26,19,3
26,20,3
26,21,3
26,22,3
26,23,3
26,24,3
26,25,3
26,26,1
26,27,1
26,28,2
26,29,2
26,30,2
27,0,4
27,1,4
27,2,4
27,3,2
27,4,2
27,5,2
27,6,2
27,7,2
27,8,2
27,9,2
27,10,2
27,11,2
27,12,4
27,13,4
27,14,2
27,15,2
27,16,2
27,17,2
27,18,2
27,19,3
27,20,3
27,21,3
27,22,3
27,23,3
27,24,3
27,25,3
27,26,4
27,27,4
27,28,2
27,29,2
27,30,2
28,0,4
28,1,4
28,2,2
28,3,2
28,4,2
28,5,2
28,6,2
28,7,3
28,8,3
28,9,2
28,10,2
28,11,4
28,12,4
28,13,4
28,14,4
28,15,2
28,16,2
28,17,2
28,18,2
28,19,2
28,20,3
28,21,3
28,22,3
28,23,3
28,24,3
28,25,4
28,26,4
28,27,4
28,28,4
28,29,2
28,30,2
29,0,4
29,1,4
29,2,2
29,3,2
29,4,2
29,5,2
29,6,3
29,7,3
29,8,3
29,9,3
29,10,4
29,11,4
29,12,4
29,13,4
29,14,4
29,15,4
29,16,2
29,17,2
29,18,2
29,19,2
29,20,3
29,21,3
29,22,3
29,23,3
29,24,3
29,25,4
29,26,4
29,27,4
29,28,4
29,29,4
29,30,4
30,0,4
30,1,4
30,2,2
30,3,2
30,4,2
30,5,2
30,6,3
30,7,3
30,8,3
30,9,3
30,10,4
30,11,4
30,12,4
30,13,4
30,14,4
30,15,4
30,16,2
30,17,2
30,18,2
30,19,2
30,20,3
30,21,3
30,22,3
30,23,3
30,24,3
30,25,4
30,26,4
30,27,4
30,28,4
30,29,4
30,30,4