6
8
6
0
2,17
17,2
17,12
27,2
27,12
27,22
0,1,2
2,5,1
4,5,1
1,2,2
1,3,1
1,4,1
2,4,1
3,4,2
0,0,4
0,1,4
0,2,1
0,3,1
0,4,1
0,5,4
0,6,4
0,7,4
0,8,4
0,9,4
0,10,4
0,11,4
0,12,4
0,13,4
0,14,4
0,15,4
0,16,4
0,17,4
0,18,4
0,19,4
0,20,1
0,21,1
0,22,4
0,23,4
0,24,4
0,25,4
0,26,4
0,27,2
0,28,2
0,29,2
0,30,2
1,0,4
1,1,4
1,2,1
1,3,1
1,4,1
1,5,4
1,6,4
1,7,4
1,8,4
1,9,4
1,10,4
1,11,4
1,12,4
1,13,4
1,14,4
1,15,4
1,16,4
1,17,4
1,18,4
1,19,4
1,20,1
1,21,1
1,22,4
1,23,4
1,24,4
1,25,4
1,26,4
1,27,2
1,28,2
1,29,2
1,30,2
2,0,4
2,1,4
2,2,4
2,3,1
2,4,1
2,5,1
2,6,4
2,7,4
2,8,1
2,9,1
2,10,4
2,11,4
2,12,2
2,13,2
2,14,4
2,15,4
2,16,4
2,17,4
2,18,4
2,19,4
2,20,1
2,21,1
2,22,4
2,23,4
2,24,4
2,25,4
2,26,4
2,27,4
2,28,2
2,29,2
2,30,2
3,0,4
3,1,4
3,2,4
3,3,1
3,4,1
3,5,1
3,6,1
3,7,1
3,8,1
3,9,1
3,10,1
3,11,2
3,12,2
3,13,2
3,14,2
3,15,4
3,16,4
3,17,4
3,18,4
3,19,4
3,20,1
3,21,1
3,22,4
3,23,4
3,24,4
3,25,4
3,26,4
3,27,4
3,28,1
3,29,1
3,30,1
4,0,4
4,1,4
4,2,2
4,3,2
4,4,1
4,5,1
4,6,1
4,7,1
4,8,1
4,9,1
4,10,1
4,11,2
4,12,2
4,13,2
4,14,2
4,15,4
4,16,4
4,17,4
4,18,4
4,19,4
4,20,1
4,21,1
4,22,1
4,23,4
4,24,4
4,25,4
4,26,4
4,27,1
4,28,1
4,29,1
4,30,1
5,0,2
5,1,2
5,2,2
5,3,2
5,4,2
5,5,2
5,6,1
5,7,1
5,8,1
5,9,1
5,10,1
5,11,1
5,12,2
5,13,2
5,14,2
5,15,2
5,16,4
5,17,4
5,18,4
5,19,4
5,20,1
5,21,1
5,22,1
5,23,3
5,24,3
5,25,3
5,26,3
5,27,1
5,28,1
5,29,1
5,30,1
6,0,2
6,1,2
6,2,2
6,3,2
6,4,2
6,5,2
6,6,2
6,7,2
6,8,1
6,9,1
6,10,1
6,11,1
6,12,2
6,13,2
6,14,2
6,15,2
6,16,4
6,17,4
6,18,4
6,19,4
6,20,1
6,21,1
6,22,3
6,23,3
6,24,3
6,25,3
6,26,3
6,27,3
6,28,1
6,29,1
6,30,1
7,0,3
7,1,3
7,2,3
7,3,3
7,4,2
7,5,2
7,6,2
7,7,2
7,8,2
7,9,1
7,10,1
7,11,3
7,12,3
7,13,2
7,14,2
7,15,1
7,16,1
7,17,4
7,18,4
7,19,4
7,20,1
7,21,1
7,22,3
7,23,3
7,24,3
7,25,3
7,26,3
7,27,3
7,28,4
7,29,4
7,30,4
8,0,3
8,1,3
8,2,3
8,3,3
8,4,3
8,5,3
8,6,2
8,7,2
8,8,2
8,9,2
8,10,3
8,11,3
8,12,3
8,13,3
8,14,1
8,15,1
8,16,1
8,17,1
8,18,4
8,19,4
8,20,1
8,21,1
8,22,1
8,23,3
8,24,3
8,25,3
8,26,3
8,27,4
8,28,4
8,29,4
8,30,4
9,0,2
9,1,2
9,2,3
9,3,3
9,4,3
9,5,3
9,6,3
9,7,2
9,8,2
9,9,2
9,10,3
9,11,3
9,12,3
9,13,3
9,14,1
9,15,1
9,16,1
9,17,1
9,18,4
9,19,4
9,20,1
9,21,1
9,22,1
9,23,1
9,24,1
9,25,1
9,26,1
9,27,4
9,28,4
9,29,4
9,30,4
10,0,2
10,1,2
10,2,2
10,3,2
10,4,3
10,5,3
10,6,3
10,7,3
10,8,2
10,9,2
10,10,2
10,11,3
10,12,3
10,13,1
10,14,1
10,15,1
10,16,1
10,17,4
10,18,4
10,19,4
10,20,4
10,21,1
10,22,1
10,23,1
10,24,1
10,25,1
10,26,1
10,27,1
10,28,4
10,29,4
10,30,4
11,0,2
11,1,2
11,2,2
11,3,2
11,4,2
11,5,3
11,6,3
11,7,3
11,8,2
11,9,2
11,10,2
11,11,2
11,12,1
11,13,1
11,14,1
11,15,1
11,16,1
11,17,4
11,18,4
11,19,4
11,20,4
11,21,4
11,22,4
11,23,4
11,24,1
11,25,1
11,26,1
11,27,1
11,28,1
11,29,4
11,30,4
12,0,2
12,1,2
12,2,2
12,3,2
12,4,2
12,5,3
12,6,3
12,7,2
12,8,2
12,9,2
12,10,2
12,11,2
12,12,1
12,13,1
12,14,1
12,15,1
12,16,1
12,17,4
12,18,4
12,19,4
12,20,4
12,21,4
12,22,4
12,23,4
12,24,4
12,25,1
12,26,1
12,27,1
12,28,1
12,29,1
12,30,1
13,0,4
13,1,4
13,2,2
13,3,2
13,4,3
13,5,3
13,6,3
13,7,2
13,8,2
13,9,2
13,10,2
13,11,2
13,12,1
13,13,1
13,14,1
13,15,1
13,16,1
13,17,1
13,18,4
13,19,4
13,20,4
13,21,4
13,22,4
13,23,4
13,24,4
13,25,1
13,26,1
13,27,1
13,28,1
13,29,1
13,30,1
14,0,4
14,1,4
14,2,4
14,3,4
14,4,3
14,5,3
14,6,3
14,7,3
14,8,2
14,9,2
14,10,2
14,11,2
14,12,2
14,13,1
14,14,1
14,15,1
14,16,1
14,17,1
14,18,3
14,19,3
14,20,4
14,21,4
14,22,4
14,23,4
14,24,4
14,25,1
14,26,1
14,27,1
14,28,1
14,29,4
14,30,4
15,0,4
15,1,4
15,2,4
15,3,4
15,4,4
15,5,3
15,6,3
15,7,3
15,8,3
15,9,2
15,10,2
15,11,2
15,12,2
15,13,2
15,14,2
15,15,1
15,16,1
15,17,3
15,18,3
15,19,3
15,20,3
15,21,4
15,22,4
15,23,4
15,24,4
15,25,4
15,26,1
15,27,1
15,28,4
15,29,4
15,30,4
16,0,4
16,1,4
16,2,4
16,3,4
16,4,4
16,5,3
16,6,3
16,7,3
16,8,3
16,9,3
16,10,2
16,11,2
16,12,2
16,13,2
16,14,2
16,15,2
16,16,3
16,17,3
16,18,3
16,19,3
16,20,3
16,21,4
16,22,4
16,23,4
16,24,4
16,25,4
16,26,4
16,27,4
16,28,4
16,29,4
16,30,4
17,0,4
17,1,4
17,2,4
17,3,4
17,4,4
17,5,3
17,6,3
17,7,3
17,8,3
17,9,3
17,10,2
17,11,2
17,12,2
17,13,2
17,14,2
17,15,2
17,16,3
17,17,3
17,18,3
17,19,3
17,20,3
17,21,3
17,22,4
17,23,4
17,24,4
17,25,4
17,26,4
17,27,4
17,28,4
17,29,4
17,30,4
18,0,4
18,1,4
18,2,4
18,3,4
18,4,4
18,5,4
18,6,3
18,7,3
18,8,3
18,9,2
18,10,2
18,11,2
18,12,2
18,13,2
18,14,2
18,15,2
18,16,3
18,17,3
18,18,3
18,19,3
18,20,3
18,21,3
18,22,3
18,23,3
18,24,4
18,25,4
18,26,4
18,27,3
18,28,3
18,29,4
18,30,4
19,0,4
19,1,4
19,2,4
19,3,4
19,4,4
19,5,4
19,6,1
19,7,1
19,8,1
19,9,2
19,10,2
19,11,2
19,12,2
19,13,2
19,14,2
19,15,4
19,16,4
19,17,3
19,18,3
19,19,3
19,20,3
19,21,3
19,22,3
19,23,3
19,24,3
19,25,3
19,26,3
19,27,3
19,28,3
19,29,3
19,30,3
20,0,4
20,1,4
20,2,4
20,3,4
20,4,4
20,5,1
20,6,1
20,7,1
20,8,1
20,9,1
20,10,2
20,11,2
20,12,4
20,13,4
20,14,4
20,15,4
20,16,4
20,17,4
20,18,3
20,19,3
20,20,1
20,21,1
20,22,3
20,23,3
20,24,3
20,25,3
20,26,3
20,27,3
20,28,3
20,29,3
20,30,3
21,0,4
21,1,4
21,2,4
21,3,4
21,4,4
21,5,1
21,6,1
21,7,1
21,8,1
21,9,1
21,10,4
21,11,4
21,12,4
21,13,4
21,14,4
21,15,4
21,16,4
21,17,4
21,18,1
21,19,1
21,20,1
21,21,1
21,22,1
21,23,3
21,24,3
21,25,1
21,26,1
21,27,3
21,28,3
21,29,3
21,30,3
22,0,4
22,1,4
22,2,4
22,3,4
22,4,4
22,5,4
22,6,1
22,7,1
22,8,1
22,9,4
22,10,4
22,11,4
22,12,4
22,13,4
22,14,4
22,15,4
22,16,4
22,17,1
22,18,1
22,19,1
22,20,1
22,21,1
22,22,1
22,23,1
22,24,1
22,25,1
22,26,1
22,27,1
22,28,3
22,29,3
22,30,3
23,0,4
23,1,4
23,2,4
23,3,4
23,4,4
23,5,4
23,6,1
23,7,1
23,8,4
23,9,4
23,10,4
23,11,4
23,12,4
23,13,4
23,14,4
23,15,4
23,16,4
23,17,1
23,18,1
23,19,1
23,20,1
23,21,1
23,22,1
23,23,1
23,24,1
23,25,1
23,26,1
23,27,1
23,28,1
23,29,1
23,30,1
24,0,4
24,1,4
24,2,4
24,3,4
24,4,4
24,5,1
24,6,1
24,7,1
24,8,4
24,9,4
24,10,4
24,11,2
24,12,2
24,13,2
24,14,4
24,15,4
24,16,4
24,17,4
24,18,1
24,19,1
24,20,1
24,21,1
24,22,1
24,23,1
24,24,1
24,25,1
24,26,1
24,27,1
24,28,1
24,29,1
24,30,1
25,0,2
25,1,2
25,2,2
25,3,2
25,4,2
25,5,1
25,6,1
25,7,1
25,8,4
25,9,4
25,10,2
25,11,2
25,12,2
25,13,2
25,14,2
25,15,4
25,16,4
25,17,4
25,18,4
25,19,1
25,20,1
25,21,1
25,22,1
25,23,1
25,24,1
25,25,1
25,26,1
25,27,3
25,28,3
25,29,1
25,30,1
26,0,2
26,1,2
26,2,2
26,3,2
26,4,2
26,5,2
26,6,1
26,7,1
26,8,4
26,9,4
26,10,2
26,11,2
26,12,2
26,13,2
26,14,2
26,15,4
26,16,4
26,17,4
26,18,4
26,19,1
26,20,1
26,21,1
26,22,1
26,23,1
26,24,1
26,25,1
26,26,3
26,27,3
26,28,3
26,29,3
26,30,3
27,0,2
27,1,2
27,2,2
27,3,2
27,4,2
27,5,2
27,6,1
27,7,1
27,8,4
27,9,4
27,10,2
27,11,2
27,12,2
27,13,2
27,14,2
27,15,4
27,16,4
27,17,4
27,18,4
27,19,1
27,20,1
27,21,1
27,22,1
27,23,1
27,24,1
27,25,3
27,26,3
27,27,3
27,28,3
27,29,3
27,30,3
28,0,2
28,1,2
28,2,2
28,3,2
28,4,2
28,5,1
28,6,1
28,7,1
28,8,4
28,9,4
28,10,2
28,11,2
28,12,2
28,13,2
28,14,2
28,15,4
28,16,4
28,17,4
28,18,1
28,19,1
28,20,1
28,21,1
28,22,1
28,23,1
28,24,1
28,25,3
28,26,3
28,27,3
28,28,3
28,29,1
28,30,1
29,0,2
29,1,2
29,2,2
29,3,2
29,4,2
29,5,1
29,6,1
29,7,1
29,8,4
29,9,4
29,10,2
29,11,2
29,12,2
29,13,2
29,14,2
29,15,4
29,16,4
29,17,1
29,18,1
29,19,1
29,20,1
29,21,1
29,22,1
29,23,1
29,24,1
29,25,3
29,26,3
29,27,3
29,28,1
29,29,1
29,30,1
30,0,2
30,1,2
30,2,2
30,3,2
30,4,2
30,5,1
30,6,1
30,7,1
30,8,4
30,9,4
30,10,2
30,11,2
30,12,2
30,13,2
30,14,2
30,15,4
30,16,4
30,17,1
30,18,1
30,19,1
30,20,1
30,21,1
30,22,1
30,23,1
30,24,1
30,25,3
30,26,3
30,27,3
30,28,1
30,29,1
30,30,1