4
4
8
0
2,7
2,17
12,17
27,7
0,2,2
0,1,2
0,3,4
1,2,2
0,0,4
0,1,4
0,2,4
0,3,4
0,4,4
0,5,4
0,6,4
0,7,4
0,8,4
0,9,4
0,10,4
0,11,2
0,12,2
0,13,3
0,14,3
0,15,4
0,16,4
0,17,4
0,18,4
0,19,4
0,20,2
0,21,2
0,22,1
0,23,1
0,24,1
0,25,1
0,26,1
0,27,1
0,28,4
0,29,4
0,30,4
1,0,4
1,1,4
1,2,4
1,3,4
1,4,4
1,5,4
1,6,4
1,7,4
1,8,4
1,9,4
1,10,4
1,11,2
1,12,2
1,13,3
1,14,3
1,15,4
1,16,4
1,17,4
1,18,4
1,19,4
1,20,2
1,21,2
1,22,1
1,23,1
1,24,1
1,25,1
1,26,1
1,27,1
1,28,4
1,29,4
1,30,4
2,0,4
2,1,4
2,2,4
2,3,4
2,4,4
2,5,4
2,6,4
2,7,4
2,8,4
2,9,4
2,10,4
2,11,2
2,12,2
2,13,3
2,14,3
2,15,4
2,16,4
2,17,4
2,18,4
2,19,4
2,20,2
2,21,2
2,22,2
2,23,1
2,24,1
2,25,1
2,26,1
2,27,1
2,28,4
2,29,4
2,30,4
3,0,4
3,1,4
3,2,1
3,3,1
3,4,4
3,5,4
3,6,4
3,7,4
3,8,4
3,9,4
3,10,4
3,11,2
3,12,2
3,13,3
3,14,3
3,15,4
3,16,4
3,17,4
3,18,4
3,19,4
3,20,2
3,21,2
3,22,2
3,23,4
3,24,4
3,25,1
3,26,1
3,27,2
3,28,2
3,29,4
3,30,4
4,0,1
4,1,1
4,2,1
4,3,1
4,4,1
4,5,4
4,6,4
4,7,4
4,8,4
4,9,4
4,10,2
4,11,2
4,12,2
4,13,3
4,14,3
4,15,4
4,16,4
4,17,4
4,18,4
4,19,4
4,20,2
4,21,2
4,22,4
4,23,4
4,24,4
4,25,4
4,26,2
4,27,2
4,28,2
4,29,2
4,30,2
5,0,1
5,1,1
5,2,1
5,3,1
5,4,1
5,5,1
5,6,1
5,7,1
5,8,1
5,9,1
5,10,2
5,11,2
5,12,2
5,13,3
5,14,3
5,15,4
5,16,4
5,17,4
5,18,4
5,19,2
5,20,2
5,21,2
5,22,4
5,23,4
5,24,4
5,25,4
5,26,2
5,27,2
5,28,2
5,29,2
5,30,2
6,0,4
6,1,4
6,2,4
6,3,1
6,4,1
6,5,1
6,6,1
6,7,1
6,8,1
6,9,1
6,10,1
6,11,2
6,12,2
6,13,3
6,14,3
6,15,3
6,16,4
6,17,4
6,18,2
6,19,2
6,20,2
6,21,2
6,22,4
6,23,4
6,24,4
6,25,4
6,26,4
6,27,2
6,28,2
6,29,1
6,30,1
7,0,4
7,1,4
7,2,4
7,3,4
7,4,4
7,5,4
7,6,4
7,7,4
7,8,1
7,9,1
7,10,1
7,11,2
7,12,2
7,13,3
7,14,3
7,15,3
7,16,4
7,17,4
7,18,2
7,19,2
7,20,2
7,21,2
7,22,4
7,23,4
7,24,4
7,25,4
7,26,4
7,27,4
7,28,1
7,29,1
7,30,1
8,0,4
8,1,4
8,2,4
8,3,4
8,4,4
8,5,4
8,6,4
8,7,4
8,8,4
8,9,1
8,10,1
8,11,2
8,12,2
8,13,3
8,14,3
8,15,4
8,16,4
8,17,4
8,18,2
8,19,2
8,20,2
8,21,2
8,22,4
8,23,4
8,24,4
8,25,4
8,26,4
8,27,4
8,28,1
8,29,1
8,30,1
9,0,4
9,1,4
9,2,4
9,3,4
9,4,4
9,5,4
9,6,4
9,7,4
9,8,4
9,9,1
9,10,1
9,11,2
9,12,2
9,13,3
9,14,3
9,15,4
9,16,4
9,17,4
9,18,4
9,19,2
9,20,2
9,21,4
9,22,4
9,23,4
9,24,4
9,25,4
9,26,4
9,27,1
9,28,1
9,29,1
9,30,1
10,0,4
10,1,4
10,2,4
10,3,4
10,4,4
10,5,4
10,6,4
10,7,4
10,8,4
10,9,1
10,10,1
10,11,2
10,12,2
10,13,3
10,14,3
10,15,4
10,16,4
10,17,4
10,18,4
10,19,4
10,20,4
10,21,4
10,22,4
10,23,4
10,24,2
10,25,2
10,26,2
10,27,1
10,28,1
10,29,1
10,30,1
11,0,4
11,1,4
11,2,4
11,3,3
11,4,3
11,5,4
11,6,4
11,7,4
11,8,1
11,9,1
11,10,1
11,11,2
11,12,2
11,13,3
11,14,3
11,15,4
11,16,4
11,17,4
11,18,4
11,19,4
11,20,4
11,21,4
11,22,4
11,23,2
11,24,2
11,25,2
11,26,2
11,27,2
11,28,1
11,29,1
11,30,1
12,0,4
12,1,4
12,2,3
12,3,3
12,4,3
12,5,3
12,6,4
12,7,4
12,8,1
12,9,1
12,10,1
12,11,2
12,12,2
12,13,3
12,14,3
12,15,4
12,16,4
12,17,4
12,18,4
12,19,4
12,20,4
12,21,4
12,22,4
12,23,2
12,24,2
12,25,2
12,26,2
12,27,2
12,28,2
12,29,2
12,30,2
13,0,4
13,1,4
13,2,3
13,3,3
13,4,3
13,5,3
13,6,4
13,7,4
13,8,1
13,9,1
13,10,2
13,11,2
13,12,2
13,13,3
13,14,3
13,15,4
13,16,4
13,17,4
13,18,4
13,19,4
13,20,4
13,21,4
13,22,3
13,23,3
13,24,2
13,25,2
13,26,2
13,27,2
13,28,2
13,29,2
13,30,2
14,0,4
14,1,4
14,2,4
14,3,3
14,4,3
14,5,4
14,6,4
14,7,4
14,8,1
14,9,1
14,10,2
14,11,2
14,12,2
14,13,3
14,14,3
14,15,4
14,16,4
14,17,4
14,18,4
14,19,4
14,20,4
14,21,3
14,22,3
14,23,3
14,24,3
14,25,2
14,26,2
14,27,2
14,28,2
14,29,4
14,30,4
15,0,4
15,1,4
15,2,4
15,3,2
15,4,2
15,5,4
15,6,4
15,7,4
15,8,1
15,9,1
15,10,2
15,11,2
15,12,3
15,13,3
15,14,3
15,15,4
15,16,4
15,17,4
15,18,4
15,19,4
15,20,4
15,21,3
15,22,3
15,23,3
15,24,3
15,25,3
15,26,2
15,27,2
15,28,4
15,29,4
15,30,4
16,0,4
16,1,4
16,2,2
16,3,2
16,4,2
16,5,2
16,6,4
16,7,4
16,8,1
16,9,1
16,10,2
16,11,2
16,12,3
16,13,3
16,14,3
16,15,4
16,16,4
16,17,4
16,18,4
16,19,4
16,20,2
16,21,2
16,22,3
16,23,3
16,24,3
16,25,3
16,26,1
16,27,1
16,28,4
16,29,4
16,30,4
17,0,4
17,1,4
17,2,2
17,3,2
17,4,2
17,5,2
17,6,4
17,7,4
17,8,1
17,9,1
17,10,2
17,11,2
17,12,2
17,13,3
17,14,3
17,15,3
17,16,4
17,17,4
17,18,4
17,19,2
17,20,2
17,21,2
17,22,2
17,23,3
17,24,3
17,25,1
17,26,1
17,27,1
17,28,1
17,29,4
17,30,4
18,0,4
18,1,4
18,2,4
18,3,2
18,4,2
18,5,4
18,6,4
18,7,4
18,8,1
18,9,1
18,10,2
18,11,2
18,12,2
18,13,3
18,14,3
18,15,3
18,16,3
18,17,3
18,18,3
18,19,2
18,20,2
18,21,2
18,22,2
18,23,3
18,24,3
18,25,1
18,26,1
18,27,1
18,28,1
18,29,1
18,30,1
19,0,4
19,1,4
19,2,4
19,3,4
19,4,4
19,5,4
19,6,4
19,7,4
19,8,1
19,9,1
19,10,1
19,11,2
19,12,2
19,13,2
19,14,3
19,15,3
19,16,3
19,17,3
19,18,3
19,19,3
19,20,2
19,21,2
19,22,3
19,23,3
19,24,3
19,25,3
19,26,1
19,27,1
19,28,1
19,29,1
19,30,1
20,0,4
20,1,4
20,2,4
20,3,4
20,4,4
20,5,4
20,6,4
20,7,1
20,8,1
20,9,1
20,10,1
20,11,2
20,12,2
20,13,2
20,14,2
20,15,2
20,16,2
20,17,3
20,18,3
20,19,3
20,20,3
20,21,3
20,22,3
20,23,3
20,24,3
20,25,3
20,26,1
20,27,1
20,28,1
20,29,1
20,30,1
21,0,4
21,1,4
21,2,4
21,3,4
21,4,4
21,5,4
21,6,4
21,7,1
21,8,1
21,9,1
21,10,1
21,11,1
21,12,2
21,13,2
21,14,2
21,15,2
21,16,2
21,17,2
21,18,3
21,19,3
21,20,3
21,21,3
21,22,3
21,23,3
21,24,3
21,25,2
21,26,2
21,27,1
21,28,1
21,29,1
21,30,1
22,0,4
22,1,4
22,2,4
22,3,4
22,4,4
22,5,4
22,6,4
22,7,4
22,8,1
22,9,1
22,10,1
22,11,1
22,12,1
22,13,1
22,14,2
22,15,2
22,16,2
22,17,2
22,18,3
22,19,3
22,20,3
22,21,3
22,22,3
22,23,3
22,24,2
22,25,2
22,26,2
22,27,2
22,28,1
22,29,1
22,30,1
23,0,4
23,1,4
23,2,4
23,3,4
23,4,4
23,5,4
23,6,4
23,7,4
23,8,2
23,9,2
23,10,1
23,11,1
23,12,1
23,13,1
23,14,1
23,15,2
23,16,2
23,17,3
23,18,3
23,19,3
23,20,3
23,21,1
23,22,1
23,23,1
23,24,2
23,25,2
23,26,2
23,27,2
23,28,1
23,29,1
23,30,1
24,0,4
24,1,4
24,2,4
24,3,4
24,4,4
24,5,4
24,6,4
24,7,2
24,8,2
24,9,2
24,10,2
24,11,1
24,12,1
24,13,1
24,14,1
24,15,1
24,16,3
24,17,3
24,18,3
24,19,3
24,20,1
24,21,1
24,22,1
24,23,1
24,24,1
24,25,2
24,26,2
24,27,2
24,28,2
24,29,1
24,30,1
25,0,4
25,1,4
25,2,4
25,3,4
25,4,4
25,5,2
25,6,2
25,7,2
25,8,2
25,9,2
25,10,2
25,11,4
25,12,4
25,13,1
25,14,1
25,15,1
25,16,3
25,17,3
25,18,3
25,19,3
25,20,1
25,21,1
25,22,1
25,23,1
25,24,1
25,25,2
25,26,2
25,27,2
25,28,2
25,29,2
25,30,2
26,0,2
26,1,2
26,2,2
26,3,2
26,4,2
26,5,2
26,6,2
26,7,2
26,8,2
26,9,2
26,10,4
26,11,4
26,12,4
26,13,4
26,14,1
26,15,1
26,16,1
26,17,3
26,18,3
26,19,4
26,20,4
26,21,1
26,22,1
26,23,1
26,24,1
26,25,2
26,26,2
26,27,2
26,28,2
26,29,2
26,30,2
27,0,2
27,1,2
27,2,2
27,3,2
27,4,2
27,5,2
27,6,2
27,7,2
27,8,2
27,9,2
27,10,4
27,11,4
27,12,4
27,13,4
27,14,1
27,15,1
27,16,1
27,17,4
27,18,4
27,19,4
27,20,4
27,21,4
27,22,1
27,23,1
27,24,4
27,25,4
27,26,2
27,27,2
27,28,4
27,29,4
27,30,4
28,0,2
28,1,2
28,2,4
28,3,4
28,4,2
28,5,2
28,6,2
28,7,2
28,8,2
28,9,2
28,10,2
28,11,4
28,12,4
28,13,4
28,14,1
28,15,1
28,16,4
28,17,4
28,18,4
28,19,4
28,20,4
28,21,4
28,22,4
28,23,4
28,24,4
28,25,4
28,26,4
28,27,4
28,28,4
28,29,4
28,30,4
29,0,4
29,1,4
29,2,4
29,3,4
29,4,4
29,5,2
29,6,2
29,7,2
29,8,2
29,9,2
29,10,2
29,11,4
29,12,4
29,13,4
29,14,1
29,15,1
29,16,4
29,17,4
29,18,4
29,19,4
29,20,4
29,21,4
29,22,4
29,23,4
29,24,4
29,25,4
29,26,4
29,27,4
29,28,4
29,29,4
29,30,4
30,0,4
30,1,4
30,2,4
30,3,4
30,4,4
30,5,2
30,6,2
30,7,2
30,8,2
30,9,2
30,10,2
30,11,4
30,12,4
30,13,4
30,14,1
30,15,1
30,16,4
30,17,4
30,18,4
30,19,4
30,20,4
30,21,4
30,22,4
30,23,4
30,24,4
30,25,4
30,26,4
30,27,4
30,28,4
30,29,4
30,30,4