4
4
4
1
2,22
7,2
27,2
27,22
1,3,3
1,2,1
2,3,1
0,3,2
0,0,2
0,1,2
0,2,2
0,3,2
0,4,2
0,5,2
0,6,2
0,7,2
0,8,2
0,9,2
0,10,4
0,11,4
0,12,4
0,13,4
0,14,4
0,15,4
0,16,4
0,17,4
0,18,4
0,19,3
0,20,3
0,21,3
0,22,3
0,23,3
0,24,3
0,25,1
0,26,1
0,27,1
0,28,1
0,29,4
0,30,4
1,0,2
1,1,2
1,2,2
1,3,2
1,4,2
1,5,2
1,6,2
1,7,2
1,8,2
1,9,2
1,10,4
1,11,4
1,12,4
1,13,4
1,14,4
1,15,4
1,16,4
1,17,4
1,18,4
1,19,3
1,20,3
1,21,3
1,22,3
1,23,3
1,24,3
1,25,1
1,26,1
1,27,1
1,28,1
1,29,4
1,30,4
2,0,4
2,1,4
2,2,4
2,3,4
2,4,4
2,5,4
2,6,4
2,7,2
2,8,2
2,9,1
2,10,1
2,11,4
2,12,4
2,13,1
2,14,1
2,15,1
2,16,4
2,17,4
2,18,3
2,19,3
2,20,3
2,21,3
2,22,3
2,23,3
2,24,3
2,25,3
2,26,1
2,27,1
2,28,1
2,29,4
2,30,4
3,0,4
3,1,4
3,2,4
3,3,4
3,4,4
3,5,4
3,6,4
3,7,4
3,8,1
3,9,1
3,10,1
3,11,1
3,12,1
3,13,1
3,14,1
3,15,1
3,16,1
3,17,1
3,18,3
3,19,3
3,20,3
3,21,3
3,22,3
3,23,3
3,24,3
3,25,3
3,26,1
3,27,1
3,28,1
3,29,4
3,30,4
4,0,4
4,1,4
4,2,4
4,3,3
4,4,3
4,5,4
4,6,4
4,7,4
4,8,1
4,9,1
4,10,1
4,11,1
4,12,1
4,13,1
4,14,1
4,15,1
4,16,1
4,17,1
4,18,1
4,19,3
4,20,3
4,21,3
4,22,3
4,23,3
4,24,3
4,25,1
4,26,1
4,27,1
4,28,1
4,29,4
4,30,4
5,0,3
5,1,3
5,2,3
5,3,3
5,4,3
5,5,3
5,6,4
5,7,4
5,8,4
5,9,1
5,10,1
5,11,1
5,12,1
5,13,3
5,14,3
5,15,1
5,16,1
5,17,1
5,18,1
5,19,3
5,20,3
5,21,3
5,22,3
5,23,3
5,24,3
5,25,1
5,26,1
5,27,1
5,28,1
5,29,4
5,30,4
6,0,3
6,1,3
6,2,3
6,3,3
6,4,3
6,5,3
6,6,4
6,7,4
6,8,4
6,9,4
6,10,1
6,11,1
6,12,3
6,13,3
6,14,3
6,15,3
6,16,1
6,17,1
6,18,3
6,19,3
6,20,3
6,21,3
6,22,3
6,23,3
6,24,3
6,25,3
6,26,1
6,27,1
6,28,4
6,29,4
6,30,4
7,0,3
7,1,3
7,2,3
7,3,3
7,4,3
7,5,3
7,6,3
7,7,4
7,8,4
7,9,4
7,10,4
7,11,3
7,12,3
7,13,3
7,14,3
7,15,3
7,16,3
7,17,3
7,18,3
7,19,3
7,20,3
7,21,3
7,22,3
7,23,3
7,24,3
7,25,3
7,26,4
7,27,4
7,28,4
7,29,4
7,30,4
8,0,3
8,1,3
8,2,3
8,3,3
8,4,3
8,5,3
8,6,3
8,7,4
8,8,4
8,9,4
8,10,4
8,11,3
8,12,3
8,13,3
8,14,3
8,15,3
8,16,3
8,17,3
8,18,3
8,19,3
8,20,3
8,21,1
8,22,1
8,23,3
8,24,3
8,25,4
8,26,4
8,27,4
8,28,4
8,29,4
8,30,4
9,0,3
9,1,3
9,2,3
9,3,3
9,4,3
9,5,3
9,6,2
9,7,2
9,8,4
9,9,4
9,10,1
9,11,1
9,12,3
9,13,3
9,14,3
9,15,3
9,16,3
9,17,3
9,18,3
9,19,3
9,20,1
9,21,1
9,22,1
9,23,1
9,24,1
9,25,4
9,26,4
9,27,4
9,28,4
9,29,1
9,30,1
10,0,4
10,1,4
10,2,4
10,3,3
10,4,3
10,5,2
10,6,2
10,7,2
10,8,2
10,9,1
10,10,1
10,11,1
10,12,1
10,13,1
10,14,1
10,15,1
10,16,1
10,17,1
10,18,1
10,19,1
10,20,1
10,21,1
10,22,1
10,23,1
10,24,1
10,25,1
10,26,4
10,27,4
10,28,1
10,29,1
10,30,1
11,0,4
11,1,4
11,2,4
11,3,4
11,4,4
11,5,2
11,6,2
11,7,2
11,8,2
11,9,1
11,10,1
11,11,1
11,12,1
11,13,1
11,14,1
11,15,1
11,16,1
11,17,1
11,18,1
11,19,1
11,20,1
11,21,1
11,22,1
11,23,1
11,24,1
11,25,1
11,26,4
11,27,4
11,28,1
11,29,1
11,30,1
12,0,4
12,1,4
12,2,4
12,3,4
12,4,4
12,5,4
12,6,2
12,7,2
12,8,4
12,9,4
12,10,1
12,11,1
12,12,4
12,13,4
12,14,1
12,15,1
12,16,2
12,17,2
12,18,1
12,19,1
12,20,1
12,21,1
12,22,1
12,23,1
12,24,1
12,25,4
12,26,4
12,27,4
12,28,4
12,29,1
12,30,1
13,0,3
13,1,3
13,2,3
13,3,4
13,4,4
13,5,4
13,6,4
13,7,4
13,8,4
13,9,4
13,10,4
13,11,4
13,12,4
13,13,4
13,14,4
13,15,2
13,16,2
13,17,2
13,18,2
13,19,2
13,20,2
13,21,2
13,22,2
13,23,2
13,24,2
13,25,4
13,26,4
13,27,4
13,28,4
13,29,1
13,30,1
14,0,3
14,1,3
14,2,3
14,3,3
14,4,4
14,5,4
14,6,4
14,7,4
14,8,4
14,9,4
14,10,4
14,11,4
14,12,4
14,13,4
14,14,4
14,15,2
14,16,2
14,17,2
14,18,2
14,19,2
14,20,2
14,21,2
14,22,2
14,23,2
14,24,2
14,25,2
14,26,4
14,27,4
14,28,1
14,29,1
14,30,1
15,0,3
15,1,3
15,2,3
15,3,3
15,4,4
15,5,4
15,6,4
15,7,4
15,8,4
15,9,4
15,10,4
15,11,4
15,12,4
15,13,4
15,14,3
15,15,3
15,16,2
15,17,2
15,18,2
15,19,2
15,20,3
15,21,3
15,22,2
15,23,2
15,24,2
15,25,2
15,26,1
15,27,1
15,28,1
15,29,1
15,30,1
16,0,3
16,1,3
16,2,3
16,3,4
16,4,4
16,5,4
16,6,4
16,7,4
16,8,4
16,9,4
16,10,4
16,11,4
16,12,4
16,13,3
16,14,3
16,15,3
16,16,3
16,17,2
16,18,2
16,19,3
16,20,3
16,21,3
16,22,3
16,23,2
16,24,2
16,25,1
16,26,1
16,27,1
16,28,1
16,29,1
16,30,1
17,0,4
17,1,4
17,2,4
17,3,4
17,4,4
17,5,4
17,6,4
17,7,4
17,8,4
17,9,4
17,10,4
17,11,1
17,12,1
17,13,3
17,14,3
17,15,3
17,16,3
17,17,4
17,18,4
17,19,3
17,20,3
17,21,3
17,22,3
17,23,2
17,24,2
17,25,1
17,26,1
17,27,1
17,28,1
17,29,1
17,30,1
18,0,4
18,1,4
18,2,4
18,3,4
18,4,4
18,5,4
18,6,4
18,7,4
18,8,4
18,9,4
18,10,1
18,11,1
18,12,1
18,13,1
18,14,3
18,15,3
18,16,4
18,17,4
18,18,4
18,19,4
18,20,3
18,21,3
18,22,2
18,23,2
18,24,2
18,25,1
18,26,1
18,27,1
18,28,1
18,29,1
18,30,1
19,0,4
19,1,4
19,2,4
19,3,1
19,4,1
19,5,1
19,6,4
19,7,4
19,8,4
19,9,4
19,10,1
19,11,1
19,12,1
19,13,1
19,14,4
19,15,4
19,16,4
19,17,4
19,18,4
19,19,4
19,20,2
19,21,2
19,22,2
19,23,2
19,24,2
19,25,1
19,26,1
19,27,1
19,28,1
19,29,3
19,30,3
20,0,1
20,1,1
20,2,1
20,3,1
20,4,1
20,5,1
20,6,1
20,7,4
20,8,4
20,9,1
20,10,1
20,11,1
20,12,1
20,13,4
20,14,4
20,15,4
20,16,4
20,17,4
20,18,4
20,19,2
20,20,2
20,21,2
20,22,2
20,23,2
20,24,3
20,25,3
20,26,1
20,27,1
20,28,3
20,29,3
20,30,3
21,0,1
21,1,1
21,2,1
21,3,1
21,4,1
21,5,1
21,6,1
21,7,4
21,8,4
21,9,1
21,10,1
21,11,1
21,12,1
21,13,4
21,14,4
21,15,4
21,16,4
21,17,4
21,18,2
21,19,2
21,20,2
21,21,2
21,22,2
21,23,3
21,24,3
21,25,3
21,26,3
21,27,3
21,28,3
21,29,3
21,30,3
22,0,1
22,1,1
22,2,2
22,3,2
22,4,1
22,5,1
22,6,4
22,7,4
22,8,4
22,9,1
22,10,1
22,11,1
22,12,1
22,13,4
22,14,4
22,15,4
22,16,4
22,17,2
22,18,2
22,19,2
22,20,2
22,21,1
22,22,1
22,23,3
22,24,3
22,25,3
22,26,3
22,27,3
22,28,3
22,29,3
22,30,3
23,0,2
23,1,2
23,2,2
23,3,2
23,4,2
23,5,4
23,6,4
23,7,4
23,8,4
23,9,1
23,10,1
23,11,1
23,12,1
23,13,1
23,14,4
23,15,4
23,16,2
23,17,2
23,18,2
23,19,2
23,20,1
23,21,1
23,22,1
23,23,1
23,24,3
23,25,3
23,26,1
23,27,1
23,28,1
23,29,1
23,30,1
24,0,2
24,1,2
24,2,2
24,3,2
24,4,2
24,5,4
24,6,4
24,7,4
24,8,2
24,9,2
24,10,1
24,11,1
24,12,1
24,13,1
24,14,2
24,15,2
24,16,2
24,17,2
24,18,2
24,19,1
24,20,1
24,21,1
24,22,1
24,23,1
24,24,1
24,25,1
24,26,1
24,27,1
24,28,1
24,29,1
24,30,1
25,0,2
25,1,2
25,2,2
25,3,2
25,4,2
25,5,4
25,6,4
25,7,2
25,8,2
25,9,2
25,10,2
25,11,1
25,12,1
25,13,2
25,14,2
25,15,2
25,16,2
25,17,2
25,18,2
25,19,1
25,20,1
25,21,1
25,22,1
25,23,1
25,24,1
25,25,1
25,26,1
25,27,1
25,28,3
25,29,3
25,30,3
26,0,2
26,1,2
26,2,2
26,3,2
26,4,2
26,5,4
26,6,4
26,7,2
26,8,2
26,9,2
26,10,2
26,11,4
26,12,4
26,13,2
26,14,2
26,15,2
26,16,2
26,17,2
26,18,1
26,19,1
26,20,1
26,21,1
26,22,1
26,23,1
26,24,1
26,25,1
26,26,1
26,27,3
26,28,3
26,29,3
26,30,3
27,0,2
27,1,2
27,2,2
27,3,2
27,4,2
27,5,4
27,6,4
27,7,4
27,8,2
27,9,2
27,10,4
27,11,4
27,12,4
27,13,4
27,14,2
27,15,2
27,16,4
27,17,4
27,18,1
27,19,1
27,20,1
27,21,1
27,22,1
27,23,1
27,24,1
27,25,1
27,26,1
27,27,3
27,28,3
27,29,3
27,30,3
28,0,2
28,1,2
28,2,2
28,3,2
28,4,2
28,5,4
28,6,4
28,7,4
28,8,1
28,9,1
28,10,4
28,11,4
28,12,4
28,13,4
28,14,4
28,15,4
28,16,4
28,17,4
28,18,4
28,19,1
28,20,1
28,21,1
28,22,1
28,23,1
28,24,1
28,25,1
28,26,2
28,27,2
28,28,3
28,29,3
28,30,3
29,0,2
29,1,2
29,2,2
29,3,2
29,4,2
29,5,4
29,6,4
29,7,1
29,8,1
29,9,1
29,10,1
29,11,4
29,12,4
29,13,4
29,14,4
29,15,4
29,16,4
29,17,4
29,18,4
29,19,4
29,20,1
29,21,1
29,22,1
29,23,1
29,24,1
29,25,2
29,26,2
29,27,2
29,28,2
29,29,3
29,30,3
30,0,2
30,1,2
30,2,2
30,3,2
30,4,2
30,5,4
30,6,4
30,7,1
30,8,1
30,9,1
30,10,1
30,11,4
30,12,4
30,13,4
30,14,4
30,15,4
30,16,4
30,17,4
30,18,4
30,19,4
30,20,1
30,21,1
30,22,1
30,23,1
30,24,1
30,25,2
30,26,2
30,27,2
30,28,2
30,29,3
30,30,3