4
4
6
1
2,7
12,17
17,7
27,17
0,1,2
1,3,2
0,2,4
2,3,2
0,0,4
0,1,4
0,2,4
0,3,4
0,4,3
0,5,3
0,6,3
0,7,3
0,8,3
0,9,3
0,10,4
0,11,4
0,12,4
0,13,1
0,14,1
0,15,1
0,16,1
0,17,1
0,18,1
0,19,3
0,20,3
0,21,3
0,22,3
0,23,1
0,24,1
0,25,4
0,26,4
0,27,4
0,28,4
0,29,4
0,30,4
1,0,4
1,1,4
1,2,4
1,3,4
1,4,3
1,5,3
1,6,3
1,7,3
1,8,3
1,9,3
1,10,4
1,11,4
1,12,4
1,13,1
1,14,1
1,15,1
1,16,1
1,17,1
1,18,1
1,19,3
1,20,3
1,21,3
1,22,3
1,23,1
1,24,1
1,25,4
1,26,4
1,27,4
1,28,4
1,29,4
1,30,4
2,0,4
2,1,4
2,2,4
2,3,3
2,4,3
2,5,3
2,6,3
2,7,3
2,8,3
2,9,3
2,10,4
2,11,4
2,12,4
2,13,4
2,14,1
2,15,1
2,16,1
2,17,1
2,18,1
2,19,3
2,20,3
2,21,3
2,22,3
2,23,1
2,24,1
2,25,1
2,26,4
2,27,4
2,28,1
2,29,1
2,30,1
3,0,4
3,1,4
3,2,3
3,3,3
3,4,3
3,5,3
3,6,3
3,7,3
3,8,3
3,9,3
3,10,4
3,11,4
3,12,4
3,13,4
3,14,3
3,15,3
3,16,1
3,17,1
3,18,4
3,19,4
3,20,3
3,21,3
3,22,1
3,23,1
3,24,1
3,25,1
3,26,1
3,27,1
3,28,1
3,29,1
3,30,1
4,0,2
4,1,2
4,2,3
4,3,3
4,4,3
4,5,3
4,6,3
4,7,3
4,8,3
4,9,3
4,10,3
4,11,4
4,12,4
4,13,3
4,14,3
4,15,3
4,16,3
4,17,4
4,18,4
4,19,4
4,20,4
4,21,4
4,22,1
4,23,1
4,24,1
4,25,1
4,26,1
4,27,1
4,28,1
4,29,1
4,30,1
5,0,2
5,1,2
5,2,2
5,3,3
5,4,3
5,5,4
5,6,4
5,7,3
5,8,3
5,9,3
5,10,3
5,11,4
5,12,4
5,13,3
5,14,3
5,15,3
5,16,3
5,17,4
5,18,4
5,19,4
5,20,4
5,21,4
5,22,4
5,23,1
5,24,1
5,25,4
5,26,4
5,27,4
5,28,1
5,29,1
5,30,1
6,0,2
6,1,2
6,2,2
6,3,4
6,4,4
6,5,4
6,6,4
6,7,4
6,8,3
6,9,3
6,10,4
6,11,4
6,12,4
6,13,4
6,14,3
6,15,3
6,16,1
6,17,1
6,18,4
6,19,4
6,20,4
6,21,4
6,22,4
6,23,4
6,24,4
6,25,4
6,26,4
6,27,4
6,28,4
6,29,1
6,30,1
7,0,2
7,1,2
7,2,4
7,3,4
7,4,4
7,5,4
7,6,4
7,7,4
7,8,2
7,9,2
7,10,4
7,11,4
7,12,4
7,13,4
7,14,1
7,15,1
7,16,1
7,17,1
7,18,1
7,19,1
7,20,1
7,21,4
7,22,4
7,23,4
7,24,4
7,25,4
7,26,4
7,27,4
7,28,4
7,29,4
7,30,4
8,0,4
8,1,4
8,2,4
8,3,4
8,4,4
8,5,4
8,6,4
8,7,2
8,8,2
8,9,2
8,10,2
8,11,4
8,12,4
8,13,1
8,14,1
8,15,1
8,16,1
8,17,1
8,18,1
8,19,1
8,20,1
8,21,1
8,22,1
8,23,1
8,24,1
8,25,1
8,26,1
8,27,4
8,28,4
8,29,4
8,30,4
9,0,4
9,1,4
9,2,4
9,3,4
9,4,4
9,5,4
9,6,4
9,7,2
9,8,2
9,9,2
9,10,2
9,11,1
9,12,1
9,13,1
9,14,1
9,15,1
9,16,4
9,17,4
9,18,4
9,19,1
9,20,1
9,21,1
9,22,1
9,23,1
9,24,1
9,25,1
9,26,1
9,27,1
9,28,1
9,29,1
9,30,1
10,0,3
10,1,3
10,2,4
10,3,4
10,4,4
10,5,4
10,6,2
10,7,2
10,8,2
10,9,2
10,10,1
10,11,1
10,12,1
10,13,1
10,14,1
10,15,4
10,16,4
10,17,4
10,18,4
10,19,4
10,20,4
10,21,4
10,22,4
10,23,4
10,24,4
10,25,1
10,26,1
10,27,1
10,28,1
10,29,1
10,30,1
11,0,3
11,1,3
11,2,3
11,3,4
11,4,4
11,5,2
11,6,2
11,7,2
11,8,2
11,9,2
11,10,1
11,11,1
11,12,1
11,13,1
11,14,4
11,15,4
11,16,4
11,17,4
11,18,4
11,19,4
11,20,4
11,21,4
11,22,4
11,23,4
11,24,4
11,25,4
11,26,1
11,27,1
11,28,3
11,29,3
11,30,3
12,0,3
12,1,3
12,2,3
12,3,4
12,4,4
12,5,2
12,6,2
12,7,2
12,8,2
12,9,2
12,10,1
12,11,1
12,12,1
12,13,4
12,14,4
12,15,4
12,16,4
12,17,4
12,18,4
12,19,4
12,20,4
12,21,4
12,22,4
12,23,4
12,24,4
12,25,4
12,26,4
12,27,3
12,28,3
12,29,3
12,30,3
13,0,3
13,1,3
13,2,4
13,3,4
13,4,4
13,5,4
13,6,2
13,7,2
13,8,2
13,9,1
13,10,1
13,11,1
13,12,4
13,13,4
13,14,4
13,15,4
13,16,4
13,17,4
13,18,4
13,19,4
13,20,4
13,21,4
13,22,4
13,23,4
13,24,4
13,25,4
13,26,4
13,27,3
13,28,3
13,29,3
13,30,3
14,0,2
14,1,2
14,2,4
14,3,4
14,4,4
14,5,4
14,6,3
14,7,3
14,8,3
14,9,1
14,10,1
14,11,1
14,12,4
14,13,4
14,14,4
14,15,4
14,16,4
14,17,4
14,18,4
14,19,4
14,20,4
14,21,4
14,22,4
14,23,4
14,24,4
14,25,4
14,26,2
14,27,2
14,28,3
14,29,3
14,30,3
15,0,2
15,1,2
15,2,2
15,3,4
15,4,4
15,5,3
15,6,3
15,7,3
15,8,3
15,9,3
15,10,1
15,11,1
15,12,1
15,13,4
15,14,4
15,15,4
15,16,4
15,17,4
15,18,4
15,19,4
15,20,4
15,21,4
15,22,4
15,23,4
15,24,4
15,25,2
15,26,2
15,27,2
15,28,2
15,29,2
15,30,2
16,0,2
16,1,2
16,2,2
16,3,2
16,4,3
16,5,3
16,6,3
16,7,3
16,8,3
16,9,3
16,10,1
16,11,1
16,12,1
16,13,3
16,14,3
16,15,3
16,16,4
16,17,4
16,18,1
16,19,1
16,20,4
16,21,4
16,22,4
16,23,4
16,24,4
16,25,2
16,26,2
16,27,2
16,28,2
16,29,2
16,30,2
17,0,2
17,1,2
17,2,2
17,3,2
17,4,3
17,5,3
17,6,3
17,7,3
17,8,3
17,9,3
17,10,1
17,11,1
17,12,3
17,13,3
17,14,3
17,15,3
17,16,3
17,17,1
17,18,1
17,19,1
17,20,1
17,21,4
17,22,4
17,23,4
17,24,4
17,25,2
17,26,2
17,27,2
17,28,2
17,29,2
17,30,2
18,0,2
18,1,2
18,2,2
18,3,3
18,4,3
18,5,3
18,6,3
18,7,3
18,8,3
18,9,3
18,10,1
18,11,1
18,12,3
18,13,3
18,14,3
18,15,3
18,16,3
18,17,1
18,18,1
18,19,1
18,20,1
18,21,4
18,22,4
18,23,4
18,24,4
18,25,4
18,26,2
18,27,2
18,28,4
18,29,4
18,30,4
19,0,3
19,1,3
19,2,3
19,3,3
19,4,3
19,5,3
19,6,3
19,7,3
19,8,3
19,9,3
19,10,1
19,11,1
19,12,3
19,13,3
19,14,3
19,15,3
19,16,4
19,17,4
19,18,1
19,19,1
19,20,1
19,21,4
19,22,4
19,23,4
19,24,4
19,25,4
19,26,4
19,27,4
19,28,4
19,29,4
19,30,4
20,0,3
20,1,3
20,2,3
20,3,3
20,4,3
20,5,3
20,6,3
20,7,3
20,8,3
20,9,1
20,10,1
20,11,1
20,12,1
20,13,3
20,14,3
20,15,4
20,16,4
20,17,4
20,18,4
20,19,1
20,20,1
20,21,1
20,22,4
20,23,4
20,24,4
20,25,4
20,26,4
20,27,4
20,28,4
20,29,4
20,30,4
21,0,3
21,1,3
21,2,3
21,3,3
21,4,3
21,5,3
21,6,3
21,7,4
21,8,4
21,9,1
21,10,1
21,11,1
21,12,1
21,13,3
21,14,3
21,15,4
21,16,4
21,17,4
21,18,4
21,19,1
21,20,1
21,21,1
21,22,1
21,23,4
21,24,4
21,25,4
21,26,4
21,27,4
21,28,1
21,29,1
21,30,1
22,0,1
22,1,1
22,2,1
22,3,1
22,4,3
22,5,3
22,6,4
22,7,4
22,8,4
22,9,4
22,10,1
22,11,1
22,12,3
22,13,3
22,14,3
22,15,3
22,16,4
22,17,4
22,18,2
22,19,2
22,20,1
22,21,1
22,22,1
22,23,1
22,24,1
22,25,1
22,26,1
22,27,1
22,28,1
22,29,1
22,30,1
23,0,1
23,1,1
23,2,1
23,3,1
23,4,1
23,5,1
23,6,4
23,7,4
23,8,4
23,9,4
23,10,2
23,11,2
23,12,3
23,13,3
23,14,3
23,15,3
23,16,2
23,17,2
23,18,2
23,19,2
23,20,2
23,21,1
23,22,1
23,23,1
23,24,1
23,25,1
23,26,1
23,27,1
23,28,1
23,29,1
23,30,1
24,0,4
24,1,4
24,2,1
24,3,1
24,4,1
24,5,1
24,6,1
24,7,4
24,8,4
24,9,2
24,10,2
24,11,2
24,12,2
24,13,3
24,14,3
24,15,2
24,16,2
24,17,2
24,18,2
24,19,2
24,20,2
24,21,1
24,22,1
24,23,1
24,24,1
24,25,1
24,26,3
24,27,3
24,28,1
24,29,1
24,30,1
25,0,4
25,1,4
25,2,4
25,3,1
25,4,1
25,5,1
25,6,1
25,7,1
25,8,2
25,9,2
25,10,2
25,11,2
25,12,2
25,13,2
25,14,2
25,15,2
25,16,2
25,17,2
25,18,2
25,19,2
25,20,1
25,21,1
25,22,1
25,23,1
25,24,1
25,25,3
25,26,3
25,27,3
25,28,3
25,29,3
25,30,3
26,0,4
26,1,4
26,2,4
26,3,3
26,4,3
26,5,1
26,6,1
26,7,1
26,8,2
26,9,2
26,10,2
26,11,2
26,12,2
26,13,2
26,14,2
26,15,2
26,16,2
26,17,2
26,18,2
26,19,2
26,20,1
26,21,1
26,22,1
26,23,1
26,24,1
26,25,3
26,26,3
26,27,3
26,28,3
26,29,3
26,30,3
27,0,4
27,1,4
27,2,3
27,3,3
27,4,3
27,5,3
27,6,1
27,7,1
27,8,1
27,9,2
27,10,2
27,11,3
27,12,3
27,13,2
27,14,2
27,15,2
27,16,2
27,17,2
27,18,2
27,19,2
27,20,2
27,21,1
27,22,1
27,23,1
27,24,1
27,25,1
27,26,3
27,27,3
27,28,1
27,29,1
27,30,1
28,0,4
28,1,4
28,2,3
28,3,3
28,4,3
28,5,3
28,6,1
28,7,1
28,8,1
28,9,1
28,10,3
28,11,3
28,12,3
28,13,3
28,14,2
28,15,2
28,16,2
28,17,2
28,18,2
28,19,2
28,20,2
28,21,2
28,22,2
28,23,1
28,24,1
28,25,1
28,26,1
28,27,1
28,28,1
28,29,1
28,30,1
29,0,4
29,1,4
29,2,4
29,3,3
29,4,3
29,5,1
29,6,1
29,7,1
29,8,1
29,9,1
29,10,3
29,11,3
29,12,3
29,13,3
29,14,2
29,15,2
29,16,2
29,17,2
29,18,2
29,19,2
29,20,2
29,21,2
29,22,2
29,23,2
29,24,1
29,25,1
29,26,1
29,27,1
29,28,1
29,29,1
29,30,1
30,0,4
30,1,4
30,2,4
30,3,3
30,4,3
30,5,1
30,6,1
30,7,1
30,8,1
30,9,1
30,10,3
30,11,3
30,12,3
30,13,3
30,14,2
30,15,2
30,16,2
30,17,2
30,18,2
30,19,2
30,20,2
30,21,2
30,22,2
30,23,2
30,24,1
30,25,1
30,26,1
30,27,1
30,28,1
30,29,1
30,30,1