4
4
7
1
7,2
7,27
22,2
22,27
0,1,3
1,3,3
0,2,1
2,3,3
0,0,3
0,1,3
0,2,3
0,3,3
0,4,3
0,5,3
0,6,3
0,7,3
0,8,3
0,9,3
0,10,2
0,11,2
0,12,2
0,13,2
0,14,2
0,15,2
0,16,1
0,17,1
0,18,1
0,19,1
0,20,1
0,21,1
0,22,2
0,23,2
0,24,2
0,25,3
0,26,3
0,27,3
0,28,4
0,29,4
0,30,4
1,0,3
1,1,3
1,2,3
1,3,3
1,4,3
1,5,3
1,6,3
1,7,3
1,8,3
1,9,3
1,10,2
1,11,2
1,12,2
1,13,2
1,14,2
1,15,2
1,16,1
1,17,1
1,18,1
1,19,1
1,20,1
1,21,1
1,22,2
1,23,2
1,24,2
1,25,3
1,26,3
1,27,3
1,28,4
1,29,4
1,30,4
2,0,4
2,1,4
2,2,4
2,3,4
2,4,4
2,5,4
2,6,4
2,7,3
2,8,3
2,9,2
2,10,2
2,11,2
2,12,2
2,13,2
2,14,2
2,15,2
2,16,2
2,17,1
2,18,1
2,19,1
2,20,1
2,21,1
2,22,2
2,23,2
2,24,2
2,25,3
2,26,3
2,27,3
2,28,3
2,29,4
2,30,4
3,0,4
3,1,4
3,2,4
3,3,4
3,4,4
3,5,4
3,6,4
3,7,4
3,8,2
3,9,2
3,10,2
3,11,2
3,12,2
3,13,2
3,14,2
3,15,2
3,16,2
3,17,2
3,18,2
3,19,1
3,20,1
3,21,1
3,22,1
3,23,2
3,24,2
3,25,2
3,26,3
3,27,3
3,28,3
3,29,3
3,30,3
4,0,4
4,1,4
4,2,3
4,3,3
4,4,4
4,5,4
4,6,4
4,7,4
4,8,2
4,9,2
4,10,2
4,11,2
4,12,2
4,13,1
4,14,1
4,15,2
4,16,2
4,17,2
4,18,2
4,19,2
4,20,1
4,21,1
4,22,1
4,23,2
4,24,2
4,25,2
4,26,2
4,27,3
4,28,3
4,29,3
4,30,3
5,0,3
5,1,3
5,2,3
5,3,3
5,4,3
5,5,4
5,6,4
5,7,4
5,8,4
5,9,2
5,10,2
5,11,2
5,12,1
5,13,1
5,14,1
5,15,1
5,16,2
5,17,2
5,18,2
5,19,2
5,20,1
5,21,1
5,22,1
5,23,1
5,24,2
5,25,2
5,26,2
5,27,2
5,28,2
5,29,2
5,30,2
6,0,3
6,1,3
6,2,3
6,3,3
6,4,3
6,5,4
6,6,4
6,7,4
6,8,4
6,9,1
6,10,1
6,11,1
6,12,1
6,13,1
6,14,1
6,15,1
6,16,2
6,17,2
6,18,2
6,19,2
6,20,2
6,21,1
6,22,1
6,23,1
6,24,1
6,25,2
6,26,2
6,27,2
6,28,2
6,29,2
6,30,2
7,0,3
7,1,3
7,2,3
7,3,3
7,4,3
7,5,4
7,6,4
7,7,4
7,8,1
7,9,1
7,10,1
7,11,1
7,12,1
7,13,1
7,14,1
7,15,4
7,16,4
7,17,2
7,18,2
7,19,2
7,20,2
7,21,1
7,22,1
7,23,1
7,24,1
7,25,2
7,26,2
7,27,2
7,28,2
7,29,2
7,30,2
8,0,3
8,1,3
8,2,3
8,3,3
8,4,3
8,5,3
8,6,4
8,7,4
8,8,1
8,9,1
8,10,1
8,11,1
8,12,1
8,13,1
8,14,4
8,15,4
8,16,4
8,17,4
8,18,2
8,19,2
8,20,2
8,21,2
8,22,1
8,23,1
8,24,2
8,25,2
8,26,2
8,27,2
8,28,2
8,29,2
8,30,2
9,0,3
9,1,3
9,2,3
9,3,3
9,4,3
9,5,3
9,6,4
9,7,4
9,8,1
9,9,1
9,10,1
9,11,1
9,12,3
9,13,3
9,14,4
9,15,4
9,16,4
9,17,4
9,18,4
9,19,2
9,20,2
9,21,2
9,22,2
9,23,2
9,24,2
9,25,2
9,26,2
9,27,2
9,28,2
9,29,2
9,30,2
10,0,3
10,1,3
10,2,3
10,3,3
10,4,3
10,5,4
10,6,4
10,7,4
10,8,4
10,9,1
10,10,1
10,11,3
10,12,3
10,13,3
10,14,3
10,15,4
10,16,4
10,17,4
10,18,4
10,19,2
10,20,2
10,21,2
10,22,2
10,23,2
10,24,2
10,25,2
10,26,4
10,27,4
10,28,4
10,29,4
10,30,4
11,0,3
11,1,3
11,2,3
11,3,2
11,4,2
11,5,4
11,6,4
11,7,4
11,8,4
11,9,4
11,10,4
11,11,3
11,12,3
11,13,3
11,14,3
11,15,3
11,16,4
11,17,4
11,18,1
11,19,1
11,20,2
11,21,2
11,22,2
11,23,2
11,24,2
11,25,4
11,26,4
11,27,4
11,28,4
11,29,4
11,30,4
12,0,3
12,1,3
12,2,2
12,3,2
12,4,2
12,5,2
12,6,4
12,7,4
12,8,4
12,9,4
12,10,4
12,11,4
12,12,3
12,13,3
12,14,3
12,15,3
12,16,3
12,17,1
12,18,1
12,19,1
12,20,1
12,21,2
12,22,2
12,23,2
12,24,2
12,25,4
12,26,4
12,27,4
12,28,4
12,29,4
12,30,4
13,0,3
13,1,3
13,2,2
13,3,2
13,4,2
13,5,2
13,6,3
13,7,3
13,8,4
13,9,4
13,10,4
13,11,4
13,12,1
13,13,1
13,14,3
13,15,3
13,16,3
13,17,1
13,18,1
13,19,1
13,20,1
13,21,2
13,22,2
13,23,2
13,24,2
13,25,4
13,26,4
13,27,4
13,28,4
13,29,4
13,30,4
14,0,3
14,1,3
14,2,3
14,3,2
14,4,2
14,5,3
14,6,3
14,7,3
14,8,3
14,9,4
14,10,4
14,11,1
14,12,1
14,13,1
14,14,1
14,15,3
14,16,3
14,17,3
14,18,1
14,19,1
14,20,3
14,21,3
14,22,2
14,23,2
14,24,2
14,25,4
14,26,4
14,27,4
14,28,4
14,29,3
14,30,3
15,0,3
15,1,3
15,2,3
15,3,3
15,4,3
15,5,3
15,6,3
15,7,3
15,8,3
15,9,1
15,10,1
15,11,1
15,12,1
15,13,1
15,14,1
15,15,3
15,16,3
15,17,3
15,18,3
15,19,3
15,20,3
15,21,3
15,22,3
15,23,2
15,24,2
15,25,4
15,26,4
15,27,4
15,28,3
15,29,3
15,30,3
16,0,3
16,1,3
16,2,3
16,3,3
16,4,3
16,5,3
16,6,3
16,7,3
16,8,1
16,9,1
16,10,1
16,11,1
16,12,1
16,13,1
16,14,3
16,15,3
16,16,3
16,17,3
16,18,3
16,19,3
16,20,3
16,21,3
16,22,3
16,23,2
16,24,2
16,25,4
16,26,4
16,27,4
16,28,3
16,29,3
16,30,3
17,0,3
17,1,3
17,2,3
17,3,1
17,4,1
17,5,1
17,6,1
17,7,1
17,8,1
17,9,1
17,10,1
17,11,1
17,12,1
17,13,3
17,14,3
17,15,3
17,16,3
17,17,3
17,18,3
17,19,3
17,20,3
17,21,3
17,22,2
17,23,2
17,24,2
17,25,4
17,26,4
17,27,4
17,28,4
17,29,3
17,30,3
18,0,1
18,1,1
18,2,1
18,3,1
18,4,1
18,5,1
18,6,1
18,7,1
18,8,1
18,9,1
18,10,1
18,11,1
18,12,1
18,13,3
18,14,3
18,15,3
18,16,3
18,17,3
18,18,3
18,19,3
18,20,3
18,21,2
18,22,2
18,23,2
18,24,2
18,25,4
18,26,4
18,27,4
18,28,4
18,29,1
18,30,1
19,0,1
19,1,1
19,2,1
19,3,1
19,4,1
19,5,1
19,6,1
19,7,1
19,8,3
19,9,3
19,10,1
19,11,1
19,12,1
19,13,3
19,14,3
19,15,3
19,16,3
19,17,3
19,18,2
19,19,2
19,20,2
19,21,2
19,22,2
19,23,2
19,24,1
19,25,1
19,26,4
19,27,4
19,28,1
19,29,1
19,30,1
20,0,3
20,1,3
20,2,3
20,3,3
20,4,3
20,5,3
20,6,3
20,7,3
20,8,3
20,9,3
20,10,3
20,11,1
20,12,1
20,13,1
20,14,3
20,15,3
20,16,2
20,17,2
20,18,2
20,19,2
20,20,2
20,21,2
20,22,2
20,23,1
20,24,1
20,25,1
20,26,1
20,27,1
20,28,1
20,29,1
20,30,1
21,0,3
21,1,3
21,2,3
21,3,3
21,4,3
21,5,3
21,6,3
21,7,3
21,8,3
21,9,3
21,10,3
21,11,1
21,12,1
21,13,1
21,14,1
21,15,2
21,16,2
21,17,2
21,18,2
21,19,2
21,20,1
21,21,1
21,22,1
21,23,1
21,24,1
21,25,1
21,26,1
21,27,1
21,28,1
21,29,1
21,30,1
22,0,3
22,1,3
22,2,3
22,3,3
22,4,3
22,5,3
22,6,1
22,7,1
22,8,3
22,9,3
22,10,2
22,11,2
22,12,1
22,13,1
22,14,1
22,15,2
22,16,2
22,17,2
22,18,2
22,19,1
22,20,1
22,21,1
22,22,1
22,23,1
22,24,1
22,25,1
22,26,1
22,27,1
22,28,1
22,29,1
22,30,1
23,0,3
23,1,3
23,2,3
23,3,3
23,4,3
23,5,1
23,6,1
23,7,1
23,8,1
23,9,2
23,10,2
23,11,2
23,12,2
23,13,1
23,14,1
23,15,1
23,16,2
23,17,2
23,18,1
23,19,1
23,20,1
23,21,1
23,22,1
23,23,1
23,24,1
23,25,1
23,26,1
23,27,1
23,28,1
23,29,1
23,30,1
24,0,3
24,1,3
24,2,3
24,3,3
24,4,3
24,5,1
24,6,1
24,7,1
24,8,1
24,9,2
24,10,2
24,11,2
24,12,2
24,13,1
24,14,1
24,15,1
24,16,4
24,17,4
24,18,1
24,19,1
24,20,1
24,21,1
24,22,1
24,23,1
24,24,1
24,25,1
24,26,1
24,27,1
24,28,1
24,29,1
24,30,1
25,0,3
25,1,3
25,2,3
25,3,3
25,4,3
25,5,1
25,6,1
25,7,1
25,8,1
25,9,1
25,10,2
25,11,2
25,12,1
25,13,1
25,14,1
25,15,4
25,16,4
25,17,4
25,18,4
25,19,1
25,20,1
25,21,1
25,22,1
25,23,1
25,24,2
25,25,2
25,26,1
25,27,1
25,28,2
25,29,2
25,30,2
26,0,3
26,1,3
26,2,3
26,3,3
26,4,3
26,5,1
26,6,1
26,7,1
26,8,1
26,9,1
26,10,1
26,11,1
26,12,1
26,13,1
26,14,1
26,15,4
26,16,4
26,17,4
26,18,4
26,19,4
26,20,1
26,21,1
26,22,2
26,23,2
26,24,2
26,25,2
26,26,2
26,27,2
26,28,2
26,29,2
26,30,2
27,0,4
27,1,4
27,2,3
27,3,3
27,4,4
27,5,4
27,6,1
27,7,1
27,8,1
27,9,1
27,10,1
27,11,1
27,12,1
27,13,1
27,14,3
27,15,3
27,16,4
27,17,4
27,18,4
27,19,4
27,20,2
27,21,2
27,22,2
27,23,2
27,24,2
27,25,2
27,26,2
27,27,2
27,28,2
27,29,2
27,30,2
28,0,4
28,1,4
28,2,4
28,3,4
28,4,4
28,5,4
28,6,4
28,7,1
28,8,1
28,9,1
28,10,1
28,11,1
28,12,1
28,13,3
28,14,3
28,15,3
28,16,3
28,17,4
28,18,4
28,19,2
28,20,2
28,21,2
28,22,2
28,23,2
28,24,1
28,25,1
28,26,1
28,27,1
28,28,1
28,29,1
28,30,1
29,0,4
29,1,4
29,2,4
29,3,4
29,4,4
29,5,4
29,6,4
29,7,1
29,8,1
29,9,1
29,10,1
29,11,1
29,12,1
29,13,3
29,14,3
29,15,3
29,16,3
29,17,3
29,18,2
29,19,2
29,20,2
29,21,2
29,22,2
29,23,1
29,24,1
29,25,1
29,26,1
29,27,1
29,28,1
29,29,1
29,30,1
30,0,4
30,1,4
30,2,4
30,3,4
30,4,4
30,5,4
30,6,4
30,7,1
30,8,1
30,9,1
30,10,1
30,11,1
30,12,1
30,13,3
30,14,3
30,15,3
30,16,3
30,17,3
30,18,2
30,19,2
30,20,2
30,21,2
30,22,2
30,23,1
30,24,1
30,25,1
30,26,1
30,27,1
30,28,1
30,29,1
30,30,1