4
4
4
2
2,27
27,2
27,17
27,27
1,2,2
2,3,2
0,1,1
0,3,1
0,0,4
0,1,4
0,2,4
0,3,4
0,4,2
0,5,2
0,6,4
0,7,4
0,8,4
0,9,4
0,10,4
0,11,2
0,12,2
0,13,2
0,14,4
0,15,4
0,16,4
0,17,4
0,18,3
0,19,3
0,20,4
0,21,4
0,22,4
0,23,4
0,24,4
0,25,4
0,26,4
0,27,4
0,28,4
0,29,4
0,30,4
1,0,4
1,1,4
1,2,4
1,3,4
1,4,2
1,5,2
1,6,4
1,7,4
1,8,4
1,9,4
1,10,4
1,11,2
1,12,2
1,13,2
1,14,4
1,15,4
1,16,4
1,17,4
1,18,3
1,19,3
1,20,4
1,21,4
1,22,4
1,23,4
1,24,4
1,25,4
1,26,4
1,27,4
1,28,4
1,29,4
1,30,4
2,0,4
2,1,4
2,2,4
2,3,2
2,4,2
2,5,2
2,6,4
2,7,4
2,8,4
2,9,4
2,10,2
2,11,2
2,12,2
2,13,4
2,14,4
2,15,4
2,16,4
2,17,4
2,18,3
2,19,3
2,20,4
2,21,4
2,22,4
2,23,4
2,24,4
2,25,4
2,26,4
2,27,4
2,28,4
2,29,4
2,30,4
3,0,2
3,1,2
3,2,2
3,3,2
3,4,2
3,5,2
3,6,2
3,7,4
3,8,4
3,9,2
3,10,2
3,11,2
3,12,2
3,13,4
3,14,4
3,15,4
3,16,4
3,17,4
3,18,3
3,19,3
3,20,4
3,21,4
3,22,4
3,23,4
3,24,4
3,25,4
3,26,4
3,27,4
3,28,4
3,29,4
3,30,4
4,0,2
4,1,2
4,2,2
4,3,2
4,4,2
4,5,2
4,6,2
4,7,1
4,8,1
4,9,2
4,10,2
4,11,2
4,12,2
4,13,2
4,14,4
4,15,4
4,16,4
4,17,3
4,18,3
4,19,3
4,20,3
4,21,4
4,22,4
4,23,4
4,24,4
4,25,4
4,26,4
4,27,4
4,28,4
4,29,4
4,30,4
5,0,2
5,1,2
5,2,2
5,3,2
5,4,2
5,5,2
5,6,1
5,7,1
5,8,1
5,9,1
5,10,2
5,11,2
5,12,2
5,13,2
5,14,2
5,15,2
5,16,2
5,17,3
5,18,3
5,19,3
5,20,3
5,21,2
5,22,2
5,23,4
5,24,4
5,25,3
5,26,3
5,27,4
5,28,4
5,29,1
5,30,1
6,0,2
6,1,2
6,2,2
6,3,2
6,4,2
6,5,1
6,6,1
6,7,1
6,8,1
6,9,1
6,10,4
6,11,4
6,12,2
6,13,2
6,14,2
6,15,2
6,16,2
6,17,2
6,18,3
6,19,3
6,20,2
6,21,2
6,22,2
6,23,2
6,24,3
6,25,3
6,26,3
6,27,3
6,28,1
6,29,1
6,30,1
7,0,3
7,1,3
7,2,3
7,3,3
7,4,3
7,5,1
7,6,1
7,7,1
7,8,1
7,9,4
7,10,4
7,11,4
7,12,4
7,13,2
7,14,2
7,15,2
7,16,2
7,17,2
7,18,1
7,19,1
7,20,2
7,21,2
7,22,2
7,23,2
7,24,3
7,25,3
7,26,3
7,27,3
7,28,1
7,29,1
7,30,1
8,0,3
8,1,3
8,2,3
8,3,3
8,4,3
8,5,3
8,6,1
8,7,1
8,8,4
8,9,4
8,10,4
8,11,4
8,12,4
8,13,1
8,14,1
8,15,2
8,16,2
8,17,1
8,18,1
8,19,1
8,20,1
8,21,2
8,22,2
8,23,2
8,24,3
8,25,3
8,26,3
8,27,3
8,28,1
8,29,1
8,30,1
9,0,4
9,1,4
9,2,4
9,3,3
9,4,3
9,5,3
9,6,3
9,7,4
9,8,4
9,9,4
9,10,4
9,11,4
9,12,1
9,13,1
9,14,1
9,15,1
9,16,1
9,17,1
9,18,1
9,19,1
9,20,1
9,21,2
9,22,2
9,23,2
9,24,2
9,25,3
9,26,3
9,27,3
9,28,3
9,29,1
9,30,1
10,0,4
10,1,4
10,2,4
10,3,4
10,4,3
10,5,3
10,6,3
10,7,4
10,8,4
10,9,4
10,10,3
10,11,3
10,12,1
10,13,1
10,14,1
10,15,1
10,16,1
10,17,1
10,18,1
10,19,1
10,20,2
10,21,2
10,22,2
10,23,2
10,24,2
10,25,3
10,26,3
10,27,3
10,28,3
10,29,1
10,30,1
11,0,4
11,1,4
11,2,4
11,3,4
11,4,3
11,5,3
11,6,3
11,7,4
11,8,4
11,9,3
11,10,3
11,11,3
11,12,3
11,13,1
11,14,1
11,15,1
11,16,1
11,17,2
11,18,2
11,19,2
11,20,2
11,21,2
11,22,2
11,23,2
11,24,3
11,25,3
11,26,3
11,27,3
11,28,1
11,29,1
11,30,1
12,0,4
12,1,4
12,2,4
12,3,3
12,4,3
12,5,3
12,6,4
12,7,4
12,8,4
12,9,3
12,10,3
12,11,3
12,12,3
12,13,1
12,14,1
12,15,1
12,16,2
12,17,2
12,18,2
12,19,2
12,20,2
12,21,2
12,22,3
12,23,3
12,24,3
12,25,3
12,26,3
12,27,3
12,28,1
12,29,1
12,30,1
13,0,3
13,1,3
13,2,3
13,3,3
13,4,3
13,5,3
13,6,4
13,7,4
13,8,4
13,9,3
13,10,3
13,11,3
13,12,3
13,13,1
13,14,1
13,15,1
13,16,2
13,17,2
13,18,2
13,19,2
13,20,2
13,21,3
13,22,3
13,23,3
13,24,3
13,25,3
13,26,3
13,27,3
13,28,1
13,29,1
13,30,1
14,0,3
14,1,3
14,2,3
14,3,3
14,4,3
14,5,4
14,6,4
14,7,4
14,8,3
14,9,3
14,10,3
14,11,3
14,12,1
14,13,1
14,14,1
14,15,1
14,16,1
14,17,2
14,18,2
14,19,4
14,20,4
14,21,3
14,22,3
14,23,3
14,24,3
14,25,3
14,26,3
14,27,3
14,28,1
14,29,1
14,30,1
15,0,3
15,1,3
15,2,3
15,3,3
15,4,3
15,5,4
15,6,4
15,7,4
15,8,3
15,9,3
15,10,3
15,11,3
15,12,1
15,13,1
15,14,1
15,15,1
15,16,1
15,17,1
15,18,4
15,19,4
15,20,4
15,21,4
15,22,3
15,23,3
15,24,3
15,25,3
15,26,3
15,27,1
15,28,1
15,29,1
15,30,1
16,0,3
16,1,3
16,2,3
16,3,3
16,4,3
16,5,3
16,6,4
16,7,4
16,8,4
16,9,3
16,10,3
16,11,2
16,12,2
16,13,1
16,14,1
16,15,1
16,16,1
16,17,1
16,18,4
16,19,4
16,20,4
16,21,4
16,22,4
16,23,3
16,24,3
16,25,3
16,26,3
16,27,1
16,28,1
16,29,1
16,30,1
17,0,3
17,1,3
17,2,3
17,3,3
17,4,3
17,5,3
17,6,4
17,7,4
17,8,4
17,9,4
17,10,2
17,11,2
17,12,2
17,13,2
17,14,1
17,15,1
17,16,1
17,17,4
17,18,4
17,19,4
17,20,4
17,21,4
17,22,4
17,23,4
17,24,3
17,25,3
17,26,4
17,27,4
17,28,1
17,29,1
17,30,1
18,0,3
18,1,3
18,2,3
18,3,3
18,4,3
18,5,3
18,6,3
18,7,4
18,8,4
18,9,4
18,10,2
18,11,2
18,12,2
18,13,2
18,14,4
18,15,4
18,16,4
18,17,4
18,18,4
18,19,4
18,20,4
18,21,4
18,22,4
18,23,4
18,24,4
18,25,4
18,26,4
18,27,4
18,28,4
18,29,4
18,30,4
19,0,3
19,1,3
19,2,1
19,3,1
19,4,3
19,5,3
19,6,3
19,7,3
19,8,4
19,9,4
19,10,2
19,11,2
19,12,2
19,13,4
19,14,4
19,15,4
19,16,4
19,17,4
19,18,4
19,19,4
19,20,4
19,21,4
19,22,4
19,23,4
19,24,4
19,25,4
19,26,4
19,27,4
19,28,4
19,29,4
19,30,4
20,0,1
20,1,1
20,2,1
20,3,1
20,4,1
20,5,3
20,6,3
20,7,3
20,8,4
20,9,4
20,10,2
20,11,2
20,12,4
20,13,4
20,14,4
20,15,4
20,16,4
20,17,4
20,18,3
20,19,3
20,20,3
20,21,4
20,22,4
20,23,4
20,24,4
20,25,4
20,26,4
20,27,4
20,28,4
20,29,4
20,30,4
21,0,1
21,1,1
21,2,1
21,3,1
21,4,1
21,5,3
21,6,3
21,7,3
21,8,4
21,9,4
21,10,2
21,11,2
21,12,4
21,13,4
21,14,4
21,15,4
21,16,3
21,17,3
21,18,3
21,19,3
21,20,3
21,21,3
21,22,4
21,23,4
21,24,4
21,25,2
21,26,2
21,27,4
21,28,4
21,29,1
21,30,1
22,0,1
22,1,1
22,2,1
22,3,1
22,4,3
22,5,3
22,6,3
22,7,3
22,8,4
22,9,4
22,10,2
22,11,2
22,12,2
22,13,4
22,14,4
22,15,3
22,16,3
22,17,3
22,18,3
22,19,3
22,20,3
22,21,3
22,22,4
22,23,4
22,24,2
22,25,2
22,26,2
22,27,2
22,28,1
22,29,1
22,30,1
23,0,4
23,1,4
23,2,4
23,3,4
23,4,3
23,5,3
23,6,3
23,7,4
23,8,4
23,9,4
23,10,2
23,11,2
23,12,2
23,13,2
23,14,2
23,15,3
23,16,3
23,17,3
23,18,3
23,19,3
23,20,3
23,21,4
23,22,4
23,23,4
23,24,2
23,25,2
23,26,2
23,27,2
23,28,1
23,29,1
23,30,1
24,0,4
24,1,4
24,2,4
24,3,4
24,4,4
24,5,3
24,6,3
24,7,4
24,8,4
24,9,4
24,10,4
24,11,2
24,12,2
24,13,2
24,14,2
24,15,2
24,16,3
24,17,3
24,18,3
24,19,3
24,20,4
24,21,4
24,22,4
24,23,4
24,24,4
24,25,2
24,26,2
24,27,3
24,28,3
24,29,1
24,30,1
25,0,4
25,1,4
25,2,4
25,3,4
25,4,4
25,5,3
25,6,3
25,7,3
25,8,4
25,9,4
25,10,4
25,11,4
25,12,4
25,13,2
25,14,2
25,15,2
25,16,2
25,17,2
25,18,2
25,19,2
25,20,4
25,21,4
25,22,4
25,23,4
25,24,4
25,25,3
25,26,3
25,27,3
25,28,3
25,29,3
25,30,3
26,0,4
26,1,4
26,2,4
26,3,4
26,4,4
26,5,3
26,6,3
26,7,3
26,8,3
26,9,4
26,10,4
26,11,4
26,12,4
26,13,4
26,14,2
26,15,2
26,16,2
26,17,2
26,18,2
26,19,2
26,20,2
26,21,4
26,22,4
26,23,4
26,24,3
26,25,3
26,26,3
26,27,3
26,28,3
26,29,3
26,30,3
27,0,4
27,1,4
27,2,4
27,3,4
27,4,4
27,5,3
27,6,3
27,7,3
27,8,3
27,9,4
27,10,4
27,11,4
27,12,4
27,13,4
27,14,4
27,15,2
27,16,2
27,17,2
27,18,2
27,19,2
27,20,2
27,21,1
27,22,1
27,23,1
27,24,3
27,25,3
27,26,3
27,27,3
27,28,3
27,29,3
27,30,3
28,0,4
28,1,4
28,2,4
28,3,4
28,4,4
28,5,4
28,6,3
28,7,3
28,8,4
28,9,4
28,10,4
28,11,4
28,12,4
28,13,4
28,14,4
28,15,2
28,16,2
28,17,2
28,18,2
28,19,2
28,20,1
28,21,1
28,22,1
28,23,1
28,24,1
28,25,3
28,26,3
28,27,3
28,28,3
28,29,3
28,30,3
29,0,4
29,1,4
29,2,4
29,3,4
29,4,4
29,5,4
29,6,4
29,7,4
29,8,4
29,9,4
29,10,4
29,11,4
29,12,4
29,13,4
29,14,4
29,15,2
29,16,2
29,17,2
29,18,2
29,19,2
29,20,1
29,21,1
29,22,1
29,23,1
29,24,1
29,25,3
29,26,3
29,27,3
29,28,3
29,29,3
29,30,3
30,0,4
30,1,4
30,2,4
30,3,4
30,4,4
30,5,4
30,6,4
30,7,4
30,8,4
30,9,4
30,10,4
30,11,4
30,12,4
30,13,4
30,14,4
30,15,2
30,16,2
30,17,2
30,18,2
30,19,2
30,20,1
30,21,1
30,22,1
30,23,1
30,24,1
30,25,3
30,26,3
30,27,3
30,28,3
30,29,3
30,30,3