4
4
9
2
7,7
7,22
22,7
22,22
2,3,4
1,2,3
0,2,4
1,3,2
0,0,4
0,1,4
0,2,4
0,3,4
0,4,4
0,5,2
0,6,2
0,7,1
0,8,1
0,9,1
0,10,1
0,11,1
0,12,1
0,13,1
0,14,4
0,15,4
0,16,4
0,17,4
0,18,4
0,19,4
0,20,4
0,21,4
0,22,3
0,23,3
0,24,2
0,25,2
0,26,2
0,27,4
0,28,4
0,29,4
0,30,4
1,0,4
1,1,4
1,2,4
1,3,4
1,4,4
1,5,2
1,6,2
1,7,1
1,8,1
1,9,1
1,10,1
1,11,1
1,12,1
1,13,1
1,14,4
1,15,4
1,16,4
1,17,4
1,18,4
1,19,4
1,20,4
1,21,4
1,22,3
1,23,3
1,24,2
1,25,2
1,26,2
1,27,4
1,28,4
1,29,4
1,30,4
2,0,4
2,1,4
2,2,4
2,3,4
2,4,2
2,5,2
2,6,2
2,7,1
2,8,1
2,9,1
2,10,1
2,11,1
2,12,1
2,13,4
2,14,4
2,15,4
2,16,4
2,17,4
2,18,4
2,19,4
2,20,4
2,21,3
2,22,3
2,23,3
2,24,3
2,25,2
2,26,2
2,27,2
2,28,4
2,29,4
2,30,4
3,0,4
3,1,4
3,2,4
3,3,2
3,4,2
3,5,2
3,6,2
3,7,1
3,8,1
3,9,1
3,10,1
3,11,2
3,12,2
3,13,4
3,14,4
3,15,4
3,16,4
3,17,4
3,18,4
3,19,4
3,20,4
3,21,3
3,22,3
3,23,3
3,24,3
3,25,2
3,26,2
3,27,2
3,28,2
3,29,2
3,30,2
4,0,4
4,1,4
4,2,2
4,3,2
4,4,2
4,5,2
4,6,4
4,7,4
4,8,1
4,9,1
4,10,2
4,11,2
4,12,2
4,13,2
4,14,4
4,15,4
4,16,4
4,17,4
4,18,4
4,19,4
4,20,4
4,21,4
4,22,3
4,23,3
4,24,4
4,25,4
4,26,2
4,27,2
4,28,2
4,29,2
4,30,2
5,0,2
5,1,2
5,2,2
5,3,2
5,4,2
5,5,4
5,6,4
5,7,4
5,8,4
5,9,4
5,10,2
5,11,2
5,12,2
5,13,2
5,14,2
5,15,4
5,16,4
5,17,4
5,18,4
5,19,4
5,20,4
5,21,4
5,22,4
5,23,4
5,24,4
5,25,4
5,26,4
5,27,2
5,28,2
5,29,1
5,30,1
6,0,2
6,1,2
6,2,2
6,3,2
6,4,4
6,5,4
6,6,4
6,7,4
6,8,4
6,9,4
6,10,4
6,11,2
6,12,2
6,13,2
6,14,2
6,15,4
6,16,4
6,17,4
6,18,4
6,19,4
6,20,4
6,21,4
6,22,4
6,23,4
6,24,4
6,25,4
6,26,4
6,27,4
6,28,1
6,29,1
6,30,1
7,0,1
7,1,1
7,2,1
7,3,1
7,4,4
7,5,4
7,6,4
7,7,4
7,8,4
7,9,4
7,10,4
7,11,4
7,12,2
7,13,2
7,14,4
7,15,4
7,16,4
7,17,4
7,18,4
7,19,4
7,20,4
7,21,4
7,22,4
7,23,4
7,24,4
7,25,4
7,26,4
7,27,4
7,28,1
7,29,1
7,30,1
8,0,1
8,1,1
8,2,1
8,3,1
8,4,1
8,5,4
8,6,4
8,7,4
8,8,4
8,9,4
8,10,4
8,11,4
8,12,4
8,13,4
8,14,4
8,15,4
8,16,4
8,17,1
8,18,1
8,19,4
8,20,4
8,21,4
8,22,4
8,23,4
8,24,4
8,25,4
8,26,4
8,27,4
8,28,4
8,29,1
8,30,1
9,0,4
9,1,4
9,2,1
9,3,1
9,4,1
9,5,4
9,6,4
9,7,4
9,8,4
9,9,4
9,10,4
9,11,4
9,12,4
9,13,4
9,14,4
9,15,4
9,16,1
9,17,1
9,18,1
9,19,1
9,20,4
9,21,4
9,22,4
9,23,4
9,24,4
9,25,4
9,26,4
9,27,4
9,28,4
9,29,4
9,30,4
10,0,4
10,1,4
10,2,4
10,3,1
10,4,1
10,5,1
10,6,4
10,7,4
10,8,4
10,9,4
10,10,4
10,11,4
10,12,4
10,13,4
10,14,4
10,15,1
10,16,1
10,17,1
10,18,1
10,19,1
10,20,4
10,21,4
10,22,4
10,23,1
10,24,1
10,25,4
10,26,4
10,27,4
10,28,4
10,29,4
10,30,4
11,0,4
11,1,4
11,2,4
11,3,1
11,4,1
11,5,1
11,6,1
11,7,1
11,8,1
11,9,4
11,10,4
11,11,4
11,12,4
11,13,4
11,14,1
11,15,1
11,16,1
11,17,1
11,18,1
11,19,4
11,20,4
11,21,4
11,22,1
11,23,1
11,24,1
11,25,1
11,26,4
11,27,4
11,28,4
11,29,4
11,30,4
12,0,4
12,1,4
12,2,4
12,3,4
12,4,1
12,5,1
12,6,1
12,7,1
12,8,1
12,9,1
12,10,1
12,11,1
12,12,1
12,13,1
12,14,1
12,15,1
12,16,1
12,17,4
12,18,4
12,19,4
12,20,4
12,21,4
12,22,1
12,23,1
12,24,1
12,25,1
12,26,3
12,27,3
12,28,4
12,29,4
12,30,4
13,0,4
13,1,4
13,2,4
13,3,4
13,4,2
13,5,2
13,6,2
13,7,1
13,8,1
13,9,1
13,10,1
13,11,1
13,12,1
13,13,1
13,14,1
13,15,1
13,16,4
13,17,4
13,18,4
13,19,4
13,20,4
13,21,2
13,22,2
13,23,1
13,24,1
13,25,3
13,26,3
13,27,3
13,28,3
13,29,4
13,30,4
14,0,4
14,1,4
14,2,4
14,3,2
14,4,2
14,5,2
14,6,2
14,7,2
14,8,2
14,9,2
14,10,2
14,11,2
14,12,1
14,13,1
14,14,3
14,15,3
14,16,4
14,17,4
14,18,4
14,19,4
14,20,2
14,21,2
14,22,2
14,23,2
14,24,3
14,25,3
14,26,3
14,27,3
14,28,3
14,29,4
14,30,4
15,0,2
15,1,2
15,2,2
15,3,2
15,4,2
15,5,2
15,6,2
15,7,2
15,8,2
15,9,2
15,10,2
15,11,2
15,12,2
15,13,3
15,14,3
15,15,3
15,16,3
15,17,4
15,18,4
15,19,2
15,20,2
15,21,2
15,22,2
15,23,2
15,24,3
15,25,3
15,26,3
15,27,3
15,28,3
15,29,4
15,30,4
16,0,2
16,1,2
16,2,2
16,3,2
16,4,2
16,5,4
16,6,4
16,7,4
16,8,4
16,9,4
16,10,2
16,11,2
16,12,2
16,13,3
16,14,3
16,15,3
16,16,3
16,17,1
16,18,1
16,19,2
16,20,2
16,21,2
16,22,2
16,23,2
16,24,2
16,25,3
16,26,3
16,27,3
16,28,4
16,29,4
16,30,4
17,0,4
17,1,4
17,2,4
17,3,4
17,4,4
17,5,4
17,6,4
17,7,4
17,8,4
17,9,4
17,10,4
17,11,2
17,12,2
17,13,2
17,14,3
17,15,3
17,16,1
17,17,1
17,18,1
17,19,1
17,20,2
17,21,2
17,22,2
17,23,2
17,24,2
17,25,2
17,26,2
17,27,2
17,28,4
17,29,4
17,30,4
18,0,4
18,1,4
18,2,4
18,3,4
18,4,4
18,5,4
18,6,4
18,7,4
18,8,4
18,9,4
18,10,4
18,11,2
18,12,2
18,13,2
18,14,2
18,15,2
18,16,1
18,17,1
18,18,1
18,19,1
18,20,1
18,21,2
18,22,2
18,23,2
18,24,2
18,25,2
18,26,2
18,27,2
18,28,2
18,29,4
18,30,4
19,0,4
19,1,4
19,2,4
19,3,4
19,4,4
19,5,4
19,6,4
19,7,4
19,8,4
19,9,4
19,10,2
19,11,2
19,12,2
19,13,2
19,14,2
19,15,2
19,16,2
19,17,1
19,18,1
19,19,1
19,20,1
19,21,1
19,22,1
19,23,1
19,24,2
19,25,2
19,26,2
19,27,2
19,28,2
19,29,4
19,30,4
20,0,2
20,1,2
20,2,4
20,3,4
20,4,4
20,5,2
20,6,2
20,7,2
20,8,2
20,9,2
20,10,2
20,11,2
20,12,2
20,13,2
20,14,2
20,15,2
20,16,2
20,17,1
20,18,1
20,19,1
20,20,1
20,21,1
20,22,1
20,23,1
20,24,1
20,25,1
20,26,2
20,27,2
20,28,2
20,29,4
20,30,4
21,0,2
21,1,2
21,2,2
21,3,2
21,4,2
21,5,2
21,6,2
21,7,2
21,8,2
21,9,2
21,10,2
21,11,2
21,12,4
21,13,4
21,14,2
21,15,2
21,16,3
21,17,3
21,18,1
21,19,1
21,20,1
21,21,1
21,22,1
21,23,1
21,24,1
21,25,1
21,26,1
21,27,2
21,28,2
21,29,4
21,30,4
22,0,2
22,1,2
22,2,2
22,3,2
22,4,2
22,5,2
22,6,2
22,7,2
22,8,2
22,9,2
22,10,2
22,11,4
22,12,4
22,13,4
22,14,4
22,15,3
22,16,3
22,17,3
22,18,3
22,19,1
22,20,1
22,21,1
22,22,1
22,23,1
22,24,1
22,25,1
22,26,1
22,27,2
22,28,2
22,29,4
22,30,4
23,0,4
23,1,4
23,2,4
23,3,4
23,4,2
23,5,2
23,6,2
23,7,2
23,8,2
23,9,2
23,10,2
23,11,4
23,12,4
23,13,4
23,14,4
23,15,3
23,16,3
23,17,3
23,18,3
23,19,3
23,20,1
23,21,1
23,22,1
23,23,1
23,24,1
23,25,1
23,26,1
23,27,2
23,28,2
23,29,4
23,30,4
24,0,4
24,1,4
24,2,4
24,3,4
24,4,4
24,5,2
24,6,2
24,7,2
24,8,2
24,9,2
24,10,3
24,11,3
24,12,4
24,13,4
24,14,3
24,15,3
24,16,3
24,17,3
24,18,3
24,19,3
24,20,1
24,21,1
24,22,1
24,23,1
24,24,1
24,25,1
24,26,2
24,27,2
24,28,2
24,29,4
24,30,4
25,0,3
25,1,3
25,2,4
25,3,4
25,4,4
25,5,4
25,6,4
25,7,2
25,8,2
25,9,3
25,10,3
25,11,3
25,12,3
25,13,3
25,14,3
25,15,3
25,16,3
25,17,3
25,18,3
25,19,3
25,20,3
25,21,1
25,22,1
25,23,1
25,24,1
25,25,1
25,26,2
25,27,2
25,28,2
25,29,4
25,30,4
26,0,3
26,1,3
26,2,3
26,3,4
26,4,4
26,5,4
26,6,4
26,7,4
26,8,3
26,9,3
26,10,3
26,11,3
26,12,3
26,13,3
26,14,3
26,15,3
26,16,3
26,17,3
26,18,3
26,19,3
26,20,3
26,21,4
26,22,4
26,23,1
26,24,1
26,25,2
26,26,2
26,27,2
26,28,4
26,29,4
26,30,4
27,0,3
27,1,3
27,2,3
27,3,4
27,4,4
27,5,4
27,6,4
27,7,4
27,8,3
27,9,3
27,10,3
27,11,3
27,12,3
27,13,3
27,14,3
27,15,3
27,16,3
27,17,3
27,18,3
27,19,3
27,20,4
27,21,4
27,22,4
27,23,4
27,24,2
27,25,2
27,26,2
27,27,2
27,28,4
27,29,4
27,30,4
28,0,3
28,1,3
28,2,2
28,3,2
28,4,4
28,5,4
28,6,4
28,7,4
28,8,4
28,9,3
28,10,3
28,11,4
28,12,4
28,13,4
28,14,3
28,15,3
28,16,4
28,17,4
28,18,4
28,19,4
28,20,4
28,21,4
28,22,4
28,23,4
28,24,2
28,25,2
28,26,2
28,27,1
28,28,1
28,29,4
28,30,4
29,0,2
29,1,2
29,2,2
29,3,2
29,4,2
29,5,4
29,6,4
29,7,4
29,8,4
29,9,4
29,10,4
29,11,4
29,12,4
29,13,4
29,14,4
29,15,4
29,16,4
29,17,4
29,18,4
29,19,4
29,20,4
29,21,4
29,22,4
29,23,4
29,24,2
29,25,2
29,26,1
29,27,1
29,28,1
29,29,1
29,30,1
30,0,2
30,1,2
30,2,2
30,3,2
30,4,2
30,5,4
30,6,4
30,7,4
30,8,4
30,9,4
30,10,4
30,11,4
30,12,4
30,13,4
30,14,4
30,15,4
30,16,4
30,17,4
30,18,4
30,19,4
30,20,4
30,21,4
30,22,4
30,23,4
30,24,2
30,25,2
30,26,1
30,27,1
30,28,1
30,29,1
30,30,1