4
4
3
0
2,12
2,22
17,12
17,22
0,2,2
0,1,1
2,3,1
1,3,1
0,0,4
0,1,4
0,2,4
0,3,4
0,4,4
0,5,3
0,6,3
0,7,4
0,8,4
0,9,3
0,10,3
0,11,3
0,12,3
0,13,3
0,14,3
0,15,1
0,16,1
0,17,3
0,18,3
0,19,3
0,20,1
0,21,1
0,22,1
0,23,1
0,24,1
0,25,1
0,26,1
0,27,1
0,28,2
0,29,2
0,30,2
1,0,4
1,1,4
1,2,4
1,3,4
1,4,4
1,5,3
1,6,3
1,7,4
1,8,4
1,9,3
1,10,3
1,11,3
1,12,3
1,13,3
1,14,3
1,15,1
1,16,1
1,17,3
1,18,3
1,19,3
1,20,1
1,21,1
1,22,1
1,23,1
1,24,1
1,25,1
1,26,1
1,27,1
1,28,2
1,29,2
1,30,2
2,0,3
2,1,3
2,2,4
2,3,4
2,4,3
2,5,3
2,6,3
2,7,4
2,8,4
2,9,3
2,10,3
2,11,3
2,12,3
2,13,3
2,14,3
2,15,1
2,16,1
2,17,3
2,18,3
2,19,1
2,20,1
2,21,1
2,22,1
2,23,1
2,24,1
2,25,1
2,26,1
2,27,1
2,28,2
2,29,2
2,30,2
3,0,3
3,1,3
3,2,3
3,3,3
3,4,3
3,5,3
3,6,3
3,7,4
3,8,4
3,9,3
3,10,3
3,11,3
3,12,3
3,13,3
3,14,3
3,15,1
3,16,1
3,17,3
3,18,3
3,19,1
3,20,1
3,21,1
3,22,1
3,23,1
3,24,1
3,25,1
3,26,1
3,27,1
3,28,2
3,29,2
3,30,2
4,0,3
4,1,3
4,2,3
4,3,3
4,4,3
4,5,3
4,6,4
4,7,4
4,8,4
4,9,4
4,10,3
4,11,3
4,12,3
4,13,3
4,14,3
4,15,1
4,16,1
4,17,3
4,18,3
4,19,3
4,20,1
4,21,1
4,22,1
4,23,1
4,24,1
4,25,1
4,26,1
4,27,3
4,28,3
4,29,2
4,30,2
5,0,4
5,1,4
5,2,3
5,3,3
5,4,2
5,5,2
5,6,4
5,7,4
5,8,4
5,9,4
5,10,4
5,11,4
5,12,3
5,13,3
5,14,1
5,15,1
5,16,1
5,17,3
5,18,3
5,19,3
5,20,3
5,21,3
5,22,3
5,23,3
5,24,3
5,25,3
5,26,3
5,27,3
5,28,3
5,29,3
5,30,3
6,0,4
6,1,4
6,2,4
6,3,2
6,4,2
6,5,2
6,6,2
6,7,4
6,8,4
6,9,4
6,10,4
6,11,4
6,12,4
6,13,1
6,14,1
6,15,1
6,16,1
6,17,3
6,18,3
6,19,3
6,20,3
6,21,3
6,22,3
6,23,3
6,24,3
6,25,3
6,26,3
6,27,3
6,28,3
6,29,3
6,30,3
7,0,4
7,1,4
7,2,4
7,3,2
7,4,2
7,5,2
7,6,2
7,7,4
7,8,4
7,9,4
7,10,4
7,11,4
7,12,4
7,13,1
7,14,1
7,15,1
7,16,2
7,17,2
7,18,3
7,19,3
7,20,4
7,21,4
7,22,3
7,23,3
7,24,1
7,25,1
7,26,1
7,27,3
7,28,3
7,29,4
7,30,4
8,0,4
8,1,4
8,2,1
8,3,1
8,4,2
8,5,2
8,6,1
8,7,1
8,8,4
8,9,4
8,10,4
8,11,4
8,12,4
8,13,1
8,14,1
8,15,2
8,16,2
8,17,2
8,18,2
8,19,4
8,20,4
8,21,4
8,22,4
8,23,1
8,24,1
8,25,1
8,26,1
8,27,1
8,28,4
8,29,4
8,30,4
9,0,1
9,1,1
9,2,1
9,3,1
9,4,1
9,5,1
9,6,1
9,7,1
9,8,1
9,9,4
9,10,4
9,11,4
9,12,1
9,13,1
9,14,1
9,15,2
9,16,2
9,17,2
9,18,2
9,19,4
9,20,4
9,21,4
9,22,4
9,23,1
9,24,1
9,25,1
9,26,1
9,27,1
9,28,4
9,29,4
9,30,4
10,0,1
10,1,1
10,2,1
10,3,1
10,4,1
10,5,1
10,6,1
10,7,1
10,8,1
10,9,1
10,10,1
10,11,1
10,12,1
10,13,1
10,14,1
10,15,2
10,16,2
10,17,2
10,18,4
10,19,4
10,20,4
10,21,4
10,22,4
10,23,4
10,24,1
10,25,1
10,26,1
10,27,4
10,28,4
10,29,4
10,30,4
11,0,4
11,1,4
11,2,4
11,3,1
11,4,1
11,5,1
11,6,1
11,7,1
11,8,1
11,9,1
11,10,1
11,11,1
11,12,1
11,13,1
11,14,2
11,15,2
11,16,2
11,17,2
11,18,4
11,19,4
11,20,4
11,21,4
11,22,4
11,23,4
11,24,4
11,25,4
11,26,4
11,27,4
11,28,4
11,29,4
11,30,4
12,0,4
12,1,4
12,2,4
12,3,4
12,4,1
12,5,1
12,6,1
12,7,1
12,8,3
12,9,3
12,10,1
12,11,1
12,12,4
12,13,4
12,14,2
12,15,2
12,16,2
12,17,2
12,18,4
12,19,4
12,20,4
12,21,4
12,22,4
12,23,4
12,24,4
12,25,4
12,26,4
12,27,4
12,28,4
12,29,4
12,30,4
13,0,4
13,1,4
13,2,4
13,3,4
13,4,4
13,5,1
13,6,1
13,7,3
13,8,3
13,9,3
13,10,3
13,11,4
13,12,4
13,13,4
13,14,4
13,15,2
13,16,2
13,17,2
13,18,2
13,19,4
13,20,4
13,21,4
13,22,4
13,23,4
13,24,1
13,25,1
13,26,4
13,27,4
13,28,2
13,29,2
13,30,2
14,0,4
14,1,4
14,2,4
14,3,4
14,4,4
14,5,2
14,6,2
14,7,3
14,8,3
14,9,3
14,10,3
14,11,4
14,12,4
14,13,4
14,14,4
14,15,2
14,16,2
14,17,2
14,18,2
14,19,2
14,20,4
14,21,4
14,22,4
14,23,1
14,24,1
14,25,1
14,26,1
14,27,2
14,28,2
14,29,2
14,30,2
15,0,3
15,1,3
15,2,4
15,3,4
15,4,2
15,5,2
15,6,2
15,7,2
15,8,3
15,9,3
15,10,4
15,11,4
15,12,4
15,13,4
15,14,4
15,15,2
15,16,2
15,17,2
15,18,2
15,19,2
15,20,1
15,21,1
15,22,1
15,23,1
15,24,1
15,25,1
15,26,1
15,27,2
15,28,2
15,29,2
15,30,2
16,0,3
16,1,3
16,2,3
16,3,3
16,4,2
16,5,2
16,6,2
16,7,2
16,8,3
16,9,3
16,10,4
16,11,4
16,12,4
16,13,4
16,14,4
16,15,2
16,16,2
16,17,2
16,18,2
16,19,1
16,20,1
16,21,1
16,22,1
16,23,1
16,24,1
16,25,1
16,26,4
16,27,4
16,28,2
16,29,2
16,30,2
17,0,3
17,1,3
17,2,3
17,3,3
17,4,3
17,5,2
17,6,2
17,7,3
17,8,3
17,9,3
17,10,4
17,11,4
17,12,4
17,13,4
17,14,4
17,15,2
17,16,2
17,17,2
17,18,2
17,19,1
17,20,1
17,21,1
17,22,1
17,23,1
17,24,1
17,25,4
17,26,4
17,27,4
17,28,4
17,29,4
17,30,4
18,0,4
18,1,4
18,2,3
18,3,3
18,4,3
18,5,3
18,6,3
18,7,3
18,8,3
18,9,3
18,10,4
18,11,4
18,12,4
18,13,4
18,14,4
18,15,2
18,16,2
18,17,2
18,18,1
18,19,1
18,20,1
18,21,1
18,22,1
18,23,1
18,24,1
18,25,4
18,26,4
18,27,4
18,28,4
18,29,4
18,30,4
19,0,4
19,1,4
19,2,4
19,3,3
19,4,3
19,5,3
19,6,3
19,7,3
19,8,3
19,9,4
19,10,4
19,11,4
19,12,4
19,13,4
19,14,4
19,15,2
19,16,2
19,17,2
19,18,1
19,19,1
19,20,1
19,21,1
19,22,1
19,23,1
19,24,1
19,25,1
19,26,4
19,27,4
19,28,4
19,29,4
19,30,4
20,0,4
20,1,4
20,2,4
20,3,1
20,4,1
20,5,3
20,6,3
20,7,1
20,8,1
20,9,4
20,10,4
20,11,4
20,12,4
20,13,4
20,14,4
20,15,2
20,16,2
20,17,2
20,18,1
20,19,1
20,20,1
20,21,1
20,22,1
20,23,1
20,24,1
20,25,1
20,26,4
20,27,4
20,28,4
20,29,4
20,30,4
21,0,4
21,1,4
21,2,1
21,3,1
21,4,1
21,5,1
21,6,1
21,7,1
21,8,1
21,9,1
21,10,4
21,11,4
21,12,4
21,13,4
21,14,4
21,15,2
21,16,2
21,17,1
21,18,1
21,19,1
21,20,1
21,21,3
21,22,3
21,23,1
21,24,1
21,25,1
21,26,1
21,27,4
21,28,4
21,29,3
21,30,3
22,0,1
22,1,1
22,2,1
22,3,1
22,4,1
22,5,1
22,6,1
22,7,1
22,8,1
22,9,1
22,10,4
22,11,4
22,12,4
22,13,4
22,14,2
22,15,2
22,16,2
22,17,1
22,18,1
22,19,1
22,20,3
22,21,3
22,22,3
22,23,3
22,24,1
22,25,1
22,26,1
22,27,1
22,28,3
22,29,3
22,30,3
23,0,1
23,1,1
23,2,1
23,3,1
23,4,1
23,5,1
23,6,1
23,7,1
23,8,1
23,9,4
23,10,4
23,11,4
23,12,4
23,13,4
23,14,2
23,15,2
23,16,2
23,17,2
23,18,1
23,19,1
23,20,3
23,21,3
23,22,3
23,23,3
23,24,1
23,25,1
23,26,1
23,27,1
23,28,3
23,29,3
23,30,3
24,0,1
24,1,1
24,2,1
24,3,1
24,4,2
24,5,2
24,6,1
24,7,1
24,8,4
24,9,4
24,10,4
24,11,4
24,12,4
24,13,1
24,14,1
24,15,2
24,16,2
24,17,2
24,18,1
24,19,1
24,20,1
24,21,3
24,22,3
24,23,3
24,24,3
24,25,1
24,26,1
24,27,3
24,28,3
24,29,3
24,30,3
25,0,1
25,1,1
25,2,1
25,3,2
25,4,2
25,5,2
25,6,2
25,7,4
25,8,4
25,9,4
25,10,4
25,11,4
25,12,1
25,13,1
25,14,1
25,15,1
25,16,2
25,17,2
25,18,1
25,19,1
25,20,1
25,21,1
25,22,3
25,23,3
25,24,3
25,25,3
25,26,3
25,27,3
25,28,3
25,29,3
25,30,3
26,0,3
26,1,3
26,2,3
26,3,2
26,4,2
26,5,2
26,6,2
26,7,4
26,8,4
26,9,4
26,10,3
26,11,3
26,12,1
26,13,1
26,14,1
26,15,1
26,16,2
26,17,2
26,18,2
26,19,1
26,20,1
26,21,1
26,22,3
26,23,3
26,24,3
26,25,3
26,26,3
26,27,3
26,28,3
26,29,3
26,30,3
27,0,3
27,1,3
27,2,3
27,3,3
27,4,2
27,5,2
27,6,4
27,7,4
27,8,4
27,9,3
27,10,3
27,11,3
27,12,3
27,13,1
27,14,1
27,15,1
27,16,2
27,17,2
27,18,2
27,19,1
27,20,1
27,21,3
27,22,3
27,23,3
27,24,3
27,25,1
27,26,1
27,27,3
27,28,3
27,29,4
27,30,4
28,0,3
28,1,3
28,2,3
28,3,3
28,4,4
28,5,4
28,6,4
28,7,4
28,8,4
28,9,3
28,10,3
28,11,3
28,12,3
28,13,1
28,14,1
28,15,1
28,16,1
28,17,2
28,18,2
28,19,1
28,20,1
28,21,3
28,22,3
28,23,3
28,24,1
28,25,1
28,26,1
28,27,1
28,28,4
28,29,4
28,30,4
29,0,3
29,1,3
29,2,3
29,3,4
29,4,4
29,5,4
29,6,4
29,7,4
29,8,4
29,9,4
29,10,3
29,11,3
29,12,3
29,13,3
29,14,1
29,15,1
29,16,1
29,17,2
29,18,2
29,19,1
29,20,1
29,21,3
29,22,3
29,23,3
29,24,1
29,25,1
29,26,1
29,27,1
29,28,4
29,29,4
29,30,4
30,0,3
30,1,3
30,2,3
30,3,4
30,4,4
30,5,4
30,6,4
30,7,4
30,8,4
30,9,4
30,10,3
30,11,3
30,12,3
30,13,3
30,14,1
30,15,1
30,16,1
30,17,2
30,18,2
30,19,1
30,20,1
30,21,3
30,22,3
30,23,3
30,24,1
30,25,1
30,26,1
30,27,1
30,28,4
30,29,4
30,30,4