4
4
5
0
2,12
12,2
12,22
27,7
0,2,1
0,1,2
2,3,2
1,2,2
0,0,4
0,1,4
0,2,4
0,3,4
0,4,1
0,5,1
0,6,1
0,7,4
0,8,4
0,9,4
0,10,4
0,11,4
0,12,4
0,13,4
0,14,4
0,15,4
0,16,4
0,17,1
0,18,1
0,19,1
0,20,1
0,21,1
0,22,1
0,23,1
0,24,1
0,25,1
0,26,1
0,27,1
0,28,1
0,29,1
0,30,1
1,0,4
1,1,4
1,2,4
1,3,4
1,4,1
1,5,1
1,6,1
1,7,4
1,8,4
1,9,4
1,10,4
1,11,4
1,12,4
1,13,4
1,14,4
1,15,4
1,16,4
1,17,1
1,18,1
1,19,1
1,20,1
1,21,1
1,22,1
1,23,1
1,24,1
1,25,1
1,26,1
1,27,1
1,28,1
1,29,1
1,30,1
2,0,4
2,1,4
2,2,4
2,3,1
2,4,1
2,5,1
2,6,1
2,7,4
2,8,4
2,9,4
2,10,4
2,11,4
2,12,4
2,13,4
2,14,4
2,15,4
2,16,4
2,17,4
2,18,1
2,19,1
2,20,3
2,21,3
2,22,3
2,23,3
2,24,3
2,25,3
2,26,3
2,27,3
2,28,3
2,29,3
2,30,3
3,0,4
3,1,4
3,2,1
3,3,1
3,4,1
3,5,1
3,6,1
3,7,4
3,8,4
3,9,4
3,10,4
3,11,4
3,12,4
3,13,4
3,14,4
3,15,4
3,16,4
3,17,4
3,18,3
3,19,3
3,20,3
3,21,3
3,22,3
3,23,3
3,24,3
3,25,3
3,26,3
3,27,3
3,28,3
3,29,3
3,30,3
4,0,1
4,1,1
4,2,1
4,3,1
4,4,1
4,5,1
4,6,3
4,7,3
4,8,4
4,9,4
4,10,4
4,11,4
4,12,4
4,13,4
4,14,4
4,15,4
4,16,4
4,17,3
4,18,3
4,19,3
4,20,3
4,21,3
4,22,2
4,23,2
4,24,3
4,25,3
4,26,1
4,27,1
4,28,3
4,29,3
4,30,3
5,0,1
5,1,1
5,2,1
5,3,1
5,4,3
5,5,3
5,6,3
5,7,3
5,8,3
5,9,3
5,10,3
5,11,3
5,12,3
5,13,3
5,14,3
5,15,3
5,16,3
5,17,3
5,18,3
5,19,3
5,20,3
5,21,2
5,22,2
5,23,2
5,24,2
5,25,1
5,26,1
5,27,1
5,28,1
5,29,3
5,30,3
6,0,1
6,1,1
6,2,1
6,3,3
6,4,3
6,5,3
6,6,3
6,7,3
6,8,3
6,9,3
6,10,3
6,11,3
6,12,3
6,13,3
6,14,3
6,15,3
6,16,3
6,17,3
6,18,3
6,19,4
6,20,4
6,21,2
6,22,2
6,23,2
6,24,2
6,25,1
6,26,1
6,27,1
6,28,1
6,29,1
6,30,1
7,0,1
7,1,1
7,2,1
7,3,3
7,4,3
7,5,3
7,6,4
7,7,4
7,8,3
7,9,3
7,10,2
7,11,2
7,12,3
7,13,3
7,14,3
7,15,3
7,16,3
7,17,4
7,18,4
7,19,4
7,20,4
7,21,4
7,22,2
7,23,2
7,24,2
7,25,2
7,26,1
7,27,1
7,28,1
7,29,1
7,30,1
8,0,1
8,1,1
8,2,1
8,3,3
8,4,3
8,5,4
8,6,4
8,7,4
8,8,4
8,9,2
8,10,2
8,11,2
8,12,2
8,13,3
8,14,3
8,15,3
8,16,4
8,17,4
8,18,4
8,19,4
8,20,4
8,21,4
8,22,2
8,23,2
8,24,2
8,25,2
8,26,2
8,27,1
8,28,1
8,29,4
8,30,4
9,0,1
9,1,1
9,2,3
9,3,3
9,4,3
9,5,4
9,6,4
9,7,4
9,8,4
9,9,2
9,10,2
9,11,2
9,12,2
9,13,4
9,14,4
9,15,4
9,16,4
9,17,4
9,18,4
9,19,4
9,20,4
9,21,2
9,22,2
9,23,2
9,24,2
9,25,2
9,26,2
9,27,2
9,28,4
9,29,4
9,30,4
10,0,3
10,1,3
10,2,3
10,3,3
10,4,3
10,5,3
10,6,4
10,7,4
10,8,2
10,9,2
10,10,2
10,11,2
10,12,4
10,13,4
10,14,4
10,15,4
10,16,4
10,17,4
10,18,4
10,19,4
10,20,2
10,21,2
10,22,2
10,23,2
10,24,2
10,25,2
10,26,2
10,27,2
10,28,4
10,29,4
10,30,4
11,0,3
11,1,3
11,2,3
11,3,3
11,4,3
11,5,3
11,6,1
11,7,1
11,8,2
11,9,2
11,10,2
11,11,4
11,12,4
11,13,4
11,14,4
11,15,4
11,16,4
11,17,4
11,18,4
11,19,4
11,20,2
11,21,2
11,22,2
11,23,2
11,24,2
11,25,2
11,26,2
11,27,2
11,28,4
11,29,4
11,30,4
12,0,3
12,1,3
12,2,3
12,3,3
12,4,3
12,5,1
12,6,1
12,7,1
12,8,1
12,9,2
12,10,2
12,11,4
12,12,4
12,13,4
12,14,4
12,15,4
12,16,4
12,17,4
12,18,4
12,19,2
12,20,2
12,21,2
12,22,2
12,23,2
12,24,2
12,25,2
12,26,2
12,27,3
12,28,3
12,29,4
12,30,4
13,0,3
13,1,3
13,2,3
13,3,3
13,4,3
13,5,1
13,6,1
13,7,1
13,8,1
13,9,2
13,10,2
13,11,4
13,12,4
13,13,4
13,14,4
13,15,4
13,16,4
13,17,4
13,18,4
13,19,2
13,20,2
13,21,2
13,22,2
13,23,2
13,24,2
13,25,2
13,26,3
13,27,3
13,28,3
13,29,3
13,30,3
14,0,3
14,1,3
14,2,3
14,3,3
14,4,3
14,5,1
14,6,1
14,7,1
14,8,1
14,9,2
14,10,2
14,11,4
14,12,4
14,13,4
14,14,1
14,15,1
14,16,4
14,17,4
14,18,3
14,19,3
14,20,2
14,21,2
14,22,2
14,23,2
14,24,2
14,25,3
14,26,3
14,27,3
14,28,3
14,29,3
14,30,3
15,0,3
15,1,3
15,2,3
15,3,3
15,4,1
15,5,1
15,6,1
15,7,1
15,8,2
15,9,2
15,10,2
15,11,4
15,12,4
15,13,1
15,14,1
15,15,1
15,16,1
15,17,3
15,18,3
15,19,3
15,20,3
15,21,3
15,22,2
15,23,2
15,24,3
15,25,3
15,26,3
15,27,3
15,28,4
15,29,4
15,30,4
16,0,1
16,1,1
16,2,1
16,3,1
16,4,1
16,5,1
16,6,1
16,7,1
16,8,2
16,9,2
16,10,2
16,11,4
16,12,4
16,13,1
16,14,1
16,15,1
16,16,1
16,17,3
16,18,3
16,19,3
16,20,3
16,21,3
16,22,3
16,23,3
16,24,3
16,25,3
16,26,3
16,27,4
16,28,4
16,29,4
16,30,4
17,0,1
17,1,1
17,2,1
17,3,1
17,4,1
17,5,1
17,6,1
17,7,2
17,8,2
17,9,2
17,10,4
17,11,4
17,12,4
17,13,1
17,14,1
17,15,1
17,16,3
17,17,3
17,18,3
17,19,3
17,20,3
17,21,3
17,22,3
17,23,3
17,24,3
17,25,3
17,26,4
17,27,4
17,28,4
17,29,4
17,30,4
18,0,4
18,1,4
18,2,1
18,3,1
18,4,3
18,5,3
18,6,3
18,7,2
18,8,2
18,9,2
18,10,4
18,11,4
18,12,4
18,13,4
18,14,1
18,15,1
18,16,3
18,17,3
18,18,3
18,19,3
18,20,3
18,21,3
18,22,3
18,23,3
18,24,3
18,25,4
18,26,4
18,27,4
18,28,4
18,29,4
18,30,4
19,0,4
19,1,4
19,2,4
19,3,3
19,4,3
19,5,3
19,6,3
19,7,3
19,8,2
19,9,2
19,10,4
19,11,4
19,12,4
19,13,4
19,14,1
19,15,1
19,16,3
19,17,3
19,18,3
19,19,3
19,20,1
19,21,1
19,22,3
19,23,3
19,24,4
19,25,4
19,26,4
19,27,4
19,28,4
19,29,4
19,30,4
20,0,4
20,1,4
20,2,4
20,3,3
20,4,3
20,5,3
20,6,3
20,7,3
20,8,2
20,9,2
20,10,2
20,11,4
20,12,4
20,13,1
20,14,1
20,15,1
20,16,1
20,17,3
20,18,3
20,19,1
20,20,1
20,21,1
20,22,1
20,23,4
20,24,4
20,25,4
20,26,4
20,27,4
20,28,4
20,29,4
20,30,4
21,0,4
21,1,4
21,2,4
21,3,3
21,4,3
21,5,3
21,6,3
21,7,3
21,8,2
21,9,2
21,10,2
21,11,2
21,12,2
21,13,1
21,14,1
21,15,1
21,16,1
21,17,4
21,18,4
21,19,1
21,20,1
21,21,1
21,22,1
21,23,4
21,24,4
21,25,4
21,26,4
21,27,4
21,28,4
21,29,2
21,30,2
22,0,4
22,1,4
22,2,4
22,3,3
22,4,3
22,5,3
22,6,3
22,7,3
22,8,3
22,9,2
22,10,2
22,11,2
22,12,2
22,13,2
22,14,1
22,15,1
22,16,4
22,17,4
22,18,4
22,19,4
22,20,1
22,21,1
22,22,1
22,23,1
22,24,4
22,25,4
22,26,4
22,27,4
22,28,2
22,29,2
22,30,2
23,0,4
23,1,4
23,2,1
23,3,1
23,4,3
23,5,3
23,6,3
23,7,3
23,8,3
23,9,1
23,10,1
23,11,2
23,12,2
23,13,2
23,14,2
23,15,4
23,16,4
23,17,4
23,18,4
23,19,4
23,20,1
23,21,1
23,22,1
23,23,1
23,24,4
23,25,4
23,26,4
23,27,4
23,28,2
23,29,2
23,30,2
24,0,1
24,1,1
24,2,1
24,3,1
24,4,1
24,5,3
24,6,3
24,7,3
24,8,1
24,9,1
24,10,1
24,11,1
24,12,2
24,13,2
24,14,2
24,15,4
24,16,4
24,17,4
24,18,4
24,19,4
24,20,4
24,21,1
24,22,1
24,23,2
24,24,2
24,25,4
24,26,4
24,27,2
24,28,2
24,29,2
24,30,2
25,0,1
25,1,1
25,2,1
25,3,1
25,4,1
25,5,1
25,6,1
25,7,1
25,8,1
25,9,1
25,10,1
25,11,1
25,12,2
25,13,2
25,14,2
25,15,2
25,16,4
25,17,4
25,18,4
25,19,4
25,20,4
25,21,2
25,22,2
25,23,2
25,24,2
25,25,2
25,26,2
25,27,2
25,28,2
25,29,2
25,30,2
26,0,4
26,1,4
26,2,1
26,3,1
26,4,1
26,5,1
26,6,1
26,7,1
26,8,1
26,9,1
26,10,1
26,11,1
26,12,2
26,13,2
26,14,2
26,15,2
26,16,3
26,17,3
26,18,4
26,19,4
26,20,2
26,21,2
26,22,2
26,23,2
26,24,2
26,25,2
26,26,2
26,27,2
26,28,2
26,29,3
26,30,3
27,0,4
27,1,4
27,2,4
27,3,1
27,4,1
27,5,1
27,6,1
27,7,1
27,8,1
27,9,1
27,10,1
27,11,3
27,12,3
27,13,2
27,14,2
27,15,3
27,16,3
27,17,3
27,18,3
27,19,2
27,20,2
27,21,2
27,22,2
27,23,1
27,24,1
27,25,2
27,26,2
27,27,3
27,28,3
27,29,3
27,30,3
28,0,4
28,1,4
28,2,4
28,3,1
28,4,1
28,5,1
28,6,1
28,7,1
28,8,1
28,9,1
28,10,3
28,11,3
28,12,3
28,13,3
28,14,3
28,15,3
28,16,3
28,17,3
28,18,3
28,19,2
28,20,2
28,21,2
28,22,1
28,23,1
28,24,1
28,25,1
28,26,3
28,27,3
28,28,3
28,29,3
28,30,3
29,0,4
29,1,4
29,2,1
29,3,1
29,4,1
29,5,1
29,6,1
29,7,1
29,8,1
29,9,1
29,10,3
29,11,3
29,12,3
29,13,3
29,14,3
29,15,3
29,16,3
29,17,3
29,18,3
29,19,3
29,20,2
29,21,2
29,22,1
29,23,1
29,24,1
29,25,1
29,26,3
29,27,3
29,28,3
29,29,3
29,30,3
30,0,4
30,1,4
30,2,1
30,3,1
30,4,1
30,5,1
30,6,1
30,7,1
30,8,1
30,9,1
30,10,3
30,11,3
30,12,3
30,13,3
30,14,3
30,15,3
30,16,3
30,17,3
30,18,3
30,19,3
30,20,2
30,21,2
30,22,1
30,23,1
30,24,1
30,25,1
30,26,3
30,27,3
30,28,3
30,29,3
30,30,3