4
4
6
2
2,22
12,12
12,22
22,12
0,2,2
1,2,2
2,3,2
0,1,2
0,0,4
0,1,4
0,2,4
0,3,4
0,4,4
0,5,4
0,6,4
0,7,4
0,8,4
0,9,3
0,10,3
0,11,3
0,12,3
0,13,2
0,14,2
0,15,2
0,16,2
0,17,2
0,18,4
0,19,4
0,20,4
0,21,4
0,22,4
0,23,4
0,24,4
0,25,4
0,26,4
0,27,4
0,28,4
0,29,4
0,30,4
1,0,4
1,1,4
1,2,4
1,3,4
1,4,4
1,5,4
1,6,4
1,7,4
1,8,4
1,9,3
1,10,3
1,11,3
1,12,3
1,13,2
1,14,2
1,15,2
1,16,2
1,17,2
1,18,4
1,19,4
1,20,4
1,21,4
1,22,4
1,23,4
1,24,4
1,25,4
1,26,4
1,27,4
1,28,4
1,29,4
1,30,4
2,0,4
2,1,4
2,2,4
2,3,2
2,4,2
2,5,4
2,6,4
2,7,4
2,8,4
2,9,3
2,10,3
2,11,3
2,12,2
2,13,2
2,14,2
2,15,2
2,16,2
2,17,2
2,18,2
2,19,4
2,20,4
2,21,4
2,22,4
2,23,4
2,24,4
2,25,4
2,26,1
2,27,1
2,28,1
2,29,4
2,30,4
3,0,4
3,1,4
3,2,2
3,3,2
3,4,2
3,5,2
3,6,4
3,7,4
3,8,3
3,9,3
3,10,3
3,11,2
3,12,2
3,13,2
3,14,2
3,15,2
3,16,2
3,17,2
3,18,2
3,19,4
3,20,4
3,21,4
3,22,4
3,23,4
3,24,4
3,25,1
3,26,1
3,27,1
3,28,1
3,29,1
3,30,1
4,0,4
4,1,4
4,2,2
4,3,2
4,4,2
4,5,2
4,6,4
4,7,4
4,8,3
4,9,3
4,10,3
4,11,2
4,12,2
4,13,2
4,14,4
4,15,4
4,16,2
4,17,2
4,18,1
4,19,1
4,20,4
4,21,4
4,22,4
4,23,4
4,24,4
4,25,1
4,26,1
4,27,1
4,28,1
4,29,1
4,30,1
5,0,4
5,1,4
5,2,4
5,3,2
5,4,2
5,5,4
5,6,4
5,7,4
5,8,3
5,9,3
5,10,3
5,11,2
5,12,2
5,13,4
5,14,4
5,15,4
5,16,4
5,17,1
5,18,1
5,19,1
5,20,1
5,21,1
5,22,4
5,23,4
5,24,3
5,25,3
5,26,1
5,27,1
5,28,2
5,29,2
5,30,2
6,0,4
6,1,4
6,2,4
6,3,4
6,4,4
6,5,4
6,6,4
6,7,4
6,8,3
6,9,3
6,10,2
6,11,2
6,12,2
6,13,4
6,14,4
6,15,4
6,16,4
6,17,1
6,18,1
6,19,1
6,20,1
6,21,1
6,22,1
6,23,3
6,24,3
6,25,3
6,26,3
6,27,2
6,28,2
6,29,2
6,30,2
7,0,4
7,1,4
7,2,4
7,3,4
7,4,4
7,5,4
7,6,4
7,7,3
7,8,3
7,9,3
7,10,2
7,11,2
7,12,2
7,13,2
7,14,4
7,15,4
7,16,2
7,17,2
7,18,1
7,19,1
7,20,1
7,21,1
7,22,1
7,23,3
7,24,3
7,25,3
7,26,3
7,27,2
7,28,2
7,29,2
7,30,2
8,0,3
8,1,3
8,2,3
8,3,3
8,4,3
8,5,3
8,6,3
8,7,3
8,8,3
8,9,3
8,10,2
8,11,2
8,12,2
8,13,2
8,14,2
8,15,2
8,16,2
8,17,2
8,18,2
8,19,2
8,20,1
8,21,1
8,22,2
8,23,2
8,24,3
8,25,3
8,26,4
8,27,4
8,28,2
8,29,2
8,30,2
9,0,3
9,1,3
9,2,3
9,3,3
9,4,3
9,5,3
9,6,3
9,7,3
9,8,3
9,9,4
9,10,4
9,11,2
9,12,2
9,13,2
9,14,2
9,15,2
9,16,2
9,17,2
9,18,2
9,19,2
9,20,2
9,21,2
9,22,2
9,23,2
9,24,2
9,25,4
9,26,4
9,27,4
9,28,4
9,29,4
9,30,4
10,0,3
10,1,3
10,2,3
10,3,2
10,4,2
10,5,2
10,6,3
10,7,3
10,8,4
10,9,4
10,10,4
10,11,4
10,12,4
10,13,4
10,14,4
10,15,2
10,16,2
10,17,2
10,18,2
10,19,2
10,20,2
10,21,2
10,22,2
10,23,2
10,24,2
10,25,4
10,26,4
10,27,4
10,28,4
10,29,4
10,30,4
11,0,3
11,1,3
11,2,2
11,3,2
11,4,2
11,5,2
11,6,2
11,7,4
11,8,4
11,9,4
11,10,4
11,11,4
11,12,4
11,13,4
11,14,4
11,15,4
11,16,2
11,17,2
11,18,2
11,19,2
11,20,2
11,21,2
11,22,2
11,23,2
11,24,2
11,25,2
11,26,4
11,27,4
11,28,4
11,29,4
11,30,4
12,0,4
12,1,4
12,2,2
12,3,2
12,4,2
12,5,2
12,6,2
12,7,4
12,8,4
12,9,4
12,10,4
12,11,4
12,12,4
12,13,4
12,14,4
12,15,4
12,16,2
12,17,2
12,18,2
12,19,2
12,20,2
12,21,2
12,22,2
12,23,2
12,24,2
12,25,2
12,26,2
12,27,2
12,28,2
12,29,2
12,30,2
13,0,4
13,1,4
13,2,4
13,3,2
13,4,2
13,5,2
13,6,2
13,7,2
13,8,4
13,9,4
13,10,4
13,11,4
13,12,4
13,13,4
13,14,4
13,15,2
13,16,2
13,17,2
13,18,2
13,19,2
13,20,2
13,21,2
13,22,2
13,23,2
13,24,2
13,25,2
13,26,2
13,27,2
13,28,2
13,29,2
13,30,2
14,0,4
14,1,4
14,2,4
14,3,3
14,4,3
14,5,2
14,6,2
14,7,2
14,8,2
14,9,2
14,10,4
14,11,4
14,12,4
14,13,4
14,14,4
14,15,2
14,16,2
14,17,2
14,18,2
14,19,2
14,20,2
14,21,2
14,22,2
14,23,2
14,24,2
14,25,2
14,26,1
14,27,1
14,28,1
14,29,1
14,30,1
15,0,4
15,1,4
15,2,3
15,3,3
15,4,3
15,5,3
15,6,2
15,7,2
15,8,2
15,9,2
15,10,2
15,11,2
15,12,4
15,13,4
15,14,2
15,15,2
15,16,2
15,17,2
15,18,2
15,19,2
15,20,2
15,21,1
15,22,1
15,23,1
15,24,1
15,25,1
15,26,1
15,27,1
15,28,1
15,29,1
15,30,1
16,0,3
16,1,3
16,2,3
16,3,3
16,4,3
16,5,3
16,6,4
16,7,4
16,8,2
16,9,2
16,10,2
16,11,2
16,12,2
16,13,2
16,14,2
16,15,2
16,16,2
16,17,2
16,18,2
16,19,2
16,20,1
16,21,1
16,22,1
16,23,1
16,24,1
16,25,1
16,26,1
16,27,1
16,28,1
16,29,1
16,30,1
17,0,3
17,1,3
17,2,3
17,3,3
17,4,3
17,5,4
17,6,4
17,7,4
17,8,4
17,9,2
17,10,2
17,11,2
17,12,2
17,13,2
17,14,2
17,15,2
17,16,2
17,17,2
17,18,2
17,19,2
17,20,1
17,21,1
17,22,1
17,23,4
17,24,4
17,25,1
17,26,1
17,27,1
17,28,1
17,29,1
17,30,1
18,0,4
18,1,4
18,2,4
18,3,4
18,4,4
18,5,4
18,6,4
18,7,4
18,8,4
18,9,4
18,10,4
18,11,4
18,12,4
18,13,4
18,14,4
18,15,4
18,16,4
18,17,2
18,18,2
18,19,1
18,20,1
18,21,1
18,22,4
18,23,4
18,24,4
18,25,4
18,26,1
18,27,1
18,28,1
18,29,1
18,30,1
19,0,4
19,1,4
19,2,4
19,3,4
19,4,4
19,5,4
19,6,4
19,7,4
19,8,4
19,9,4
19,10,4
19,11,4
19,12,4
19,13,4
19,14,4
19,15,4
19,16,4
19,17,4
19,18,4
19,19,1
19,20,1
19,21,1
19,22,4
19,23,4
19,24,4
19,25,4
19,26,1
19,27,1
19,28,1
19,29,1
19,30,1
20,0,4
20,1,4
20,2,4
20,3,4
20,4,4
20,5,4
20,6,4
20,7,4
20,8,2
20,9,2
20,10,2
20,11,2
20,12,2
20,13,2
20,14,2
20,15,4
20,16,4
20,17,4
20,18,4
20,19,4
20,20,1
20,21,1
20,22,1
20,23,4
20,24,4
20,25,1
20,26,1
20,27,1
20,28,1
20,29,4
20,30,4
21,0,4
21,1,4
21,2,4
21,3,2
21,4,2
21,5,4
21,6,4
21,7,2
21,8,2
21,9,2
21,10,2
21,11,2
21,12,2
21,13,2
21,14,2
21,15,2
21,16,4
21,17,4
21,18,4
21,19,4
21,20,1
21,21,1
21,22,1
21,23,1
21,24,1
21,25,1
21,26,1
21,27,1
21,28,4
21,29,4
21,30,4
22,0,4
22,1,4
22,2,2
22,3,2
22,4,2
22,5,2
22,6,2
22,7,2
22,8,2
22,9,2
22,10,2
22,11,2
22,12,2
22,13,2
22,14,2
22,15,2
22,16,2
22,17,4
22,18,4
22,19,2
22,20,2
22,21,1
22,22,1
22,23,1
22,24,1
22,25,1
22,26,1
22,27,4
22,28,4
22,29,4
22,30,4
23,0,2
23,1,2
23,2,2
23,3,2
23,4,2
23,5,2
23,6,2
23,7,2
23,8,2
23,9,2
23,10,2
23,11,2
23,12,2
23,13,2
23,14,2
23,15,2
23,16,2
23,17,2
23,18,2
23,19,2
23,20,2
23,21,2
23,22,2
23,23,2
23,24,2
23,25,2
23,26,2
23,27,4
23,28,4
23,29,4
23,30,4
24,0,2
24,1,2
24,2,2
24,3,2
24,4,2
24,5,2
24,6,2
24,7,2
24,8,2
24,9,2
24,10,2
24,11,2
24,12,2
24,13,2
24,14,2
24,15,2
24,16,2
24,17,2
24,18,2
24,19,2
24,20,2
24,21,2
24,22,2
24,23,2
24,24,2
24,25,2
24,26,2
24,27,2
24,28,4
24,29,4
24,30,4
25,0,2
25,1,2
25,2,2
25,3,1
25,4,1
25,5,2
25,6,2
25,7,4
25,8,4
25,9,2
25,10,2
25,11,3
25,12,3
25,13,2
25,14,2
25,15,4
25,16,4
25,17,4
25,18,4
25,19,4
25,20,4
25,21,4
25,22,4
25,23,2
25,24,2
25,25,2
25,26,2
25,27,2
25,28,4
25,29,4
25,30,4
26,0,1
26,1,1
26,2,1
26,3,1
26,4,1
26,5,1
26,6,4
26,7,4
26,8,4
26,9,4
26,10,3
26,11,3
26,12,3
26,13,3
26,14,4
26,15,4
26,16,4
26,17,4
26,18,4
26,19,4
26,20,4
26,21,4
26,22,4
26,23,4
26,24,2
26,25,2
26,26,2
26,27,4
26,28,4
26,29,4
26,30,4
27,0,1
27,1,1
27,2,1
27,3,1
27,4,1
27,5,1
27,6,4
27,7,4
27,8,4
27,9,4
27,10,3
27,11,3
27,12,3
27,13,3
27,14,4
27,15,4
27,16,4
27,17,4
27,18,4
27,19,4
27,20,4
27,21,4
27,22,4
27,23,4
27,24,3
27,25,3
27,26,3
27,27,4
27,28,4
27,29,4
27,30,4
28,0,4
28,1,4
28,2,4
28,3,1
28,4,1
28,5,2
28,6,2
28,7,4
28,8,4
28,9,3
28,10,3
28,11,3
28,12,3
28,13,4
28,14,4
28,15,4
28,16,4
28,17,4
28,18,1
28,19,1
28,20,4
28,21,4
28,22,4
28,23,3
28,24,3
28,25,3
28,26,3
28,27,3
28,28,4
28,29,4
28,30,4
29,0,4
29,1,4
29,2,4
29,3,4
29,4,2
29,5,2
29,6,2
29,7,2
29,8,3
29,9,3
29,10,3
29,11,3
29,12,4
29,13,4
29,14,4
29,15,4
29,16,4
29,17,1
29,18,1
29,19,1
29,20,1
29,21,4
29,22,4
29,23,3
29,24,3
29,25,3
29,26,3
29,27,3
29,28,4
29,29,4
29,30,4
30,0,4
30,1,4
30,2,4
30,3,4
30,4,2
30,5,2
30,6,2
30,7,2
30,8,3
30,9,3
30,10,3
30,11,3
30,12,4
30,13,4
30,14,4
30,15,4
30,16,4
30,17,1
30,18,1
30,19,1
30,20,1
30,21,4
30,22,4
30,23,3
30,24,3
30,25,3
30,26,3
30,27,3
30,28,4
30,29,4
30,30,4