4
4
9
0
2,2
2,27
22,2
22,27
0,2,3
0,1,4
2,3,4
1,3,2
0,0,4
0,1,4
0,2,4
0,3,4
0,4,4
0,5,4
0,6,4
0,7,4
0,8,1
0,9,1
0,10,1
0,11,1
0,12,3
0,13,3
0,14,3
0,15,3
0,16,3
0,17,3
0,18,4
0,19,4
0,20,4
0,21,4
0,22,4
0,23,1
0,24,1
0,25,1
0,26,1
0,27,1
0,28,1
0,29,1
0,30,1
1,0,4
1,1,4
1,2,4
1,3,4
1,4,4
1,5,4
1,6,4
1,7,4
1,8,1
1,9,1
1,10,1
1,11,1
1,12,3
1,13,3
1,14,3
1,15,3
1,16,3
1,17,3
1,18,4
1,19,4
1,20,4
1,21,4
1,22,4
1,23,1
1,24,1
1,25,1
1,26,1
1,27,1
1,28,1
1,29,1
1,30,1
2,0,4
2,1,4
2,2,4
2,3,4
2,4,4
2,5,4
2,6,4
2,7,2
2,8,2
2,9,1
2,10,1
2,11,1
2,12,3
2,13,3
2,14,3
2,15,3
2,16,3
2,17,4
2,18,4
2,19,4
2,20,4
2,21,4
2,22,4
2,23,4
2,24,1
2,25,1
2,26,1
2,27,1
2,28,1
2,29,1
2,30,1
3,0,4
3,1,4
3,2,4
3,3,4
3,4,4
3,5,4
3,6,2
3,7,2
3,8,2
3,9,2
3,10,1
3,11,1
3,12,3
3,13,3
3,14,3
3,15,3
3,16,3
3,17,4
3,18,4
3,19,4
3,20,4
3,21,4
3,22,4
3,23,4
3,24,1
3,25,1
3,26,1
3,27,1
3,28,1
3,29,1
3,30,1
4,0,4
4,1,4
4,2,4
4,3,4
4,4,4
4,5,4
4,6,2
4,7,2
4,8,2
4,9,2
4,10,1
4,11,1
4,12,3
4,13,3
4,14,3
4,15,3
4,16,3
4,17,4
4,18,4
4,19,4
4,20,4
4,21,4
4,22,4
4,23,2
4,24,2
4,25,1
4,26,1
4,27,1
4,28,1
4,29,1
4,30,1
5,0,4
5,1,4
5,2,4
5,3,4
5,4,4
5,5,1
5,6,1
5,7,2
5,8,2
5,9,1
5,10,1
5,11,1
5,12,1
5,13,3
5,14,3
5,15,3
5,16,2
5,17,2
5,18,4
5,19,4
5,20,4
5,21,4
5,22,2
5,23,2
5,24,2
5,25,2
5,26,2
5,27,2
5,28,2
5,29,2
5,30,2
6,0,1
6,1,1
6,2,1
6,3,1
6,4,1
6,5,1
6,6,1
6,7,1
6,8,1
6,9,1
6,10,1
6,11,1
6,12,1
6,13,2
6,14,2
6,15,2
6,16,2
6,17,2
6,18,2
6,19,2
6,20,2
6,21,2
6,22,2
6,23,2
6,24,2
6,25,2
6,26,2
6,27,2
6,28,2
6,29,2
6,30,2
7,0,1
7,1,1
7,2,1
7,3,1
7,4,1
7,5,1
7,6,1
7,7,1
7,8,1
7,9,1
7,10,1
7,11,1
7,12,2
7,13,2
7,14,2
7,15,2
7,16,2
7,17,2
7,18,2
7,19,2
7,20,2
7,21,2
7,22,2
7,23,2
7,24,4
7,25,4
7,26,4
7,27,4
7,28,4
7,29,4
7,30,4
8,0,3
8,1,3
8,2,3
8,3,3
8,4,3
8,5,3
8,6,3
8,7,1
8,8,1
8,9,2
8,10,2
8,11,2
8,12,2
8,13,2
8,14,2
8,15,2
8,16,2
8,17,3
8,18,3
8,19,3
8,20,2
8,21,2
8,22,4
8,23,4
8,24,4
8,25,4
8,26,4
8,27,4
8,28,4
8,29,4
8,30,4
9,0,3
9,1,3
9,2,3
9,3,3
9,4,3
9,5,3
9,6,3
9,7,3
9,8,2
9,9,2
9,10,2
9,11,2
9,12,2
9,13,2
9,14,2
9,15,2
9,16,3
9,17,3
9,18,3
9,19,3
9,20,3
9,21,4
9,22,4
9,23,4
9,24,4
9,25,4
9,26,4
9,27,4
9,28,4
9,29,4
9,30,4
10,0,4
10,1,4
10,2,4
10,3,4
10,4,4
10,5,3
10,6,3
10,7,3
10,8,2
10,9,2
10,10,2
10,11,2
10,12,1
10,13,1
10,14,1
10,15,1
10,16,3
10,17,3
10,18,3
10,19,3
10,20,3
10,21,4
10,22,4
10,23,4
10,24,1
10,25,1
10,26,4
10,27,4
10,28,4
10,29,4
10,30,4
11,0,4
11,1,4
11,2,4
11,3,4
11,4,4
11,5,4
11,6,3
11,7,3
11,8,3
11,9,2
11,10,2
11,11,1
11,12,1
11,13,1
11,14,1
11,15,1
11,16,1
11,17,3
11,18,3
11,19,3
11,20,4
11,21,4
11,22,4
11,23,1
11,24,1
11,25,1
11,26,1
11,27,4
11,28,4
11,29,4
11,30,4
12,0,2
12,1,2
12,2,2
12,3,4
12,4,4
12,5,4
12,6,3
12,7,3
12,8,3
12,9,3
12,10,3
12,11,1
12,12,1
12,13,1
12,14,1
12,15,1
12,16,1
12,17,3
12,18,3
12,19,3
12,20,4
12,21,4
12,22,4
12,23,1
12,24,1
12,25,1
12,26,1
12,27,4
12,28,4
12,29,4
12,30,4
13,0,2
13,1,2
13,2,2
13,3,2
13,4,4
13,5,4
13,6,3
13,7,3
13,8,3
13,9,3
13,10,3
13,11,3
13,12,1
13,13,1
13,14,1
13,15,1
13,16,3
13,17,3
13,18,3
13,19,3
13,20,4
13,21,4
13,22,4
13,23,4
13,24,1
13,25,1
13,26,1
13,27,1
13,28,4
13,29,4
13,30,4
14,0,2
14,1,2
14,2,2
14,3,2
14,4,4
14,5,4
14,6,3
14,7,3
14,8,3
14,9,3
14,10,3
14,11,3
14,12,3
14,13,3
14,14,3
14,15,3
14,16,3
14,17,3
14,18,3
14,19,2
14,20,2
14,21,4
14,22,4
14,23,4
14,24,1
14,25,1
14,26,1
14,27,1
14,28,4
14,29,4
14,30,4
15,0,2
15,1,2
15,2,2
15,3,4
15,4,4
15,5,4
15,6,4
15,7,3
15,8,3
15,9,3
15,10,3
15,11,3
15,12,3
15,13,3
15,14,3
15,15,3
15,16,3
15,17,3
15,18,2
15,19,2
15,20,2
15,21,2
15,22,4
15,23,4
15,24,4
15,25,1
15,26,1
15,27,4
15,28,4
15,29,4
15,30,4
16,0,1
16,1,1
16,2,1
16,3,4
16,4,4
16,5,4
16,6,4
16,7,2
16,8,2
16,9,2
16,10,2
16,11,2
16,12,2
16,13,2
16,14,3
16,15,3
16,16,2
16,17,2
16,18,2
16,19,2
16,20,2
16,21,2
16,22,4
16,23,4
16,24,4
16,25,4
16,26,4
16,27,4
16,28,4
16,29,4
16,30,4
17,0,1
17,1,1
17,2,1
17,3,1
17,4,4
17,5,4
17,6,2
17,7,2
17,8,2
17,9,2
17,10,2
17,11,2
17,12,2
17,13,2
17,14,2
17,15,2
17,16,2
17,17,2
17,18,2
17,19,2
17,20,2
17,21,4
17,22,4
17,23,4
17,24,4
17,25,4
17,26,4
17,27,4
17,28,4
17,29,4
17,30,4
18,0,1
18,1,1
18,2,1
18,3,1
18,4,1
18,5,2
18,6,2
18,7,2
18,8,2
18,9,4
18,10,4
18,11,4
18,12,2
18,13,2
18,14,2
18,15,2
18,16,2
18,17,2
18,18,2
18,19,4
18,20,4
18,21,4
18,22,4
18,23,4
18,24,4
18,25,4
18,26,4
18,27,4
18,28,4
18,29,4
18,30,4
19,0,1
19,1,1
19,2,1
19,3,1
19,4,1
19,5,2
19,6,2
19,7,2
19,8,4
19,9,4
19,10,4
19,11,4
19,12,4
19,13,4
19,14,4
19,15,2
19,16,2
19,17,4
19,18,4
19,19,4
19,20,4
19,21,4
19,22,4
19,23,4
19,24,4
19,25,4
19,26,4
19,27,4
19,28,4
19,29,4
19,30,4
20,0,1
20,1,1
20,2,1
20,3,1
20,4,1
20,5,2
20,6,2
20,7,2
20,8,4
20,9,4
20,10,4
20,11,4
20,12,4
20,13,4
20,14,4
20,15,4
20,16,4
20,17,4
20,18,4
20,19,4
20,20,4
20,21,4
20,22,1
20,23,1
20,24,4
20,25,4
20,26,4
20,27,4
20,28,4
20,29,4
20,30,4
21,0,1
21,1,1
21,2,1
21,3,1
21,4,1
21,5,2
21,6,2
21,7,2
21,8,2
21,9,4
21,10,4
21,11,1
21,12,1
21,13,4
21,14,4
21,15,4
21,16,4
21,17,4
21,18,4
21,19,4
21,20,4
21,21,1
21,22,1
21,23,1
21,24,1
21,25,4
21,26,4
21,27,4
21,28,4
21,29,4
21,30,4
22,0,1
22,1,1
22,2,1
22,3,1
22,4,1
22,5,1
22,6,2
22,7,2
22,8,2
22,9,1
22,10,1
22,11,1
22,12,1
22,13,1
22,14,4
22,15,4
22,16,4
22,17,4
22,18,4
22,19,4
22,20,4
22,21,1
22,22,1
22,23,1
22,24,1
22,25,4
22,26,4
22,27,4
22,28,4
22,29,4
22,30,4
23,0,1
23,1,1
23,2,1
23,3,1
23,4,1
23,5,1
23,6,2
23,7,2
23,8,1
23,9,1
23,10,1
23,11,1
23,12,1
23,13,1
23,14,2
23,15,2
23,16,4
23,17,4
23,18,4
23,19,4
23,20,4
23,21,4
23,22,1
23,23,1
23,24,1
23,25,4
23,26,4
23,27,4
23,28,4
23,29,4
23,30,4
24,0,1
24,1,1
24,2,1
24,3,1
24,4,1
24,5,1
24,6,2
24,7,2
24,8,1
24,9,1
24,10,1
24,11,1
24,12,1
24,13,2
24,14,2
24,15,2
24,16,2
24,17,4
24,18,4
24,19,4
24,20,4
24,21,4
24,22,1
24,23,1
24,24,1
24,25,4
24,26,4
24,27,4
24,28,4
24,29,4
24,30,4
25,0,4
25,1,4
25,2,4
25,3,1
25,4,1
25,5,2
25,6,2
25,7,2
25,8,2
25,9,1
25,10,1
25,11,1
25,12,1
25,13,2
25,14,2
25,15,2
25,16,2
25,17,2
25,18,2
25,19,4
25,20,4
25,21,1
25,22,1
25,23,1
25,24,1
25,25,1
25,26,4
25,27,4
25,28,4
25,29,3
25,30,3
26,0,4
26,1,4
26,2,4
26,3,4
26,4,4
26,5,2
26,6,2
26,7,2
26,8,2
26,9,2
26,10,1
26,11,1
26,12,2
26,13,2
26,14,2
26,15,2
26,16,2
26,17,2
26,18,2
26,19,2
26,20,1
26,21,1
26,22,1
26,23,1
26,24,1
26,25,1
26,26,4
26,27,4
26,28,3
26,29,3
26,30,3
27,0,4
27,1,4
27,2,4
27,3,4
27,4,4
27,5,4
27,6,2
27,7,2
27,8,2
27,9,2
27,10,2
27,11,2
27,12,2
27,13,2
27,14,2
27,15,4
27,16,4
27,17,2
27,18,2
27,19,2
27,20,1
27,21,1
27,22,1
27,23,1
27,24,1
27,25,4
27,26,4
27,27,4
27,28,3
27,29,3
27,30,3
28,0,2
28,1,2
28,2,4
28,3,4
28,4,4
28,5,4
28,6,4
28,7,4
28,8,2
28,9,2
28,10,2
28,11,2
28,12,2
28,13,2
28,14,4
28,15,4
28,16,4
28,17,4
28,18,2
28,19,2
28,20,1
28,21,1
28,22,1
28,23,3
28,24,3
28,25,4
28,26,4
28,27,4
28,28,4
28,29,3
28,30,3
29,0,2
29,1,2
29,2,2
29,3,4
29,4,4
29,5,4
29,6,4
29,7,4
29,8,4
29,9,4
29,10,4
29,11,4
29,12,4
29,13,4
29,14,4
29,15,4
29,16,4
29,17,4
29,18,2
29,19,2
29,20,1
29,21,1
29,22,3
29,23,3
29,24,3
29,25,3
29,26,4
29,27,4
29,28,4
29,29,3
29,30,3
30,0,2
30,1,2
30,2,2
30,3,4
30,4,4
30,5,4
30,6,4
30,7,4
30,8,4
30,9,4
30,10,4
30,11,4
30,12,4
30,13,4
30,14,4
30,15,4
30,16,4
30,17,4
30,18,2
30,19,2
30,20,1
30,21,1
30,22,3
30,23,3
30,24,3
30,25,3
30,26,4
30,27,4
30,28,4
30,29,3
30,30,3