4
4
7
1
7,17
17,2
17,17
17,27
1,2,4
0,3,2
2,3,1
0,2,2
0,0,4
0,1,4
0,2,4
0,3,4
0,4,4
0,5,1
0,6,1
0,7,3
0,8,3
0,9,3
0,10,3
0,11,1
0,12,1
0,13,1
0,14,1
0,15,4
0,16,4
0,17,4
0,18,4
0,19,4
0,20,4
0,21,4
0,22,2
0,23,2
0,24,4
0,25,4
0,26,4
0,27,4
0,28,4
0,29,4
0,30,4
1,0,4
1,1,4
1,2,4
1,3,4
1,4,4
1,5,1
1,6,1
1,7,3
1,8,3
1,9,3
1,10,3
1,11,1
1,12,1
1,13,1
1,14,1
1,15,4
1,16,4
1,17,4
1,18,4
1,19,4
1,20,4
1,21,4
1,22,2
1,23,2
1,24,4
1,25,4
1,26,4
1,27,4
1,28,4
1,29,4
1,30,4
2,0,1
2,1,1
2,2,4
2,3,4
2,4,1
2,5,1
2,6,1
2,7,3
2,8,3
2,9,3
2,10,3
2,11,3
2,12,1
2,13,1
2,14,4
2,15,4
2,16,4
2,17,4
2,18,4
2,19,4
2,20,4
2,21,2
2,22,2
2,23,2
2,24,2
2,25,4
2,26,4
2,27,1
2,28,1
2,29,1
2,30,1
3,0,1
3,1,1
3,2,1
3,3,1
3,4,1
3,5,1
3,6,1
3,7,3
3,8,3
3,9,3
3,10,3
3,11,3
3,12,3
3,13,3
3,14,4
3,15,4
3,16,4
3,17,4
3,18,4
3,19,4
3,20,4
3,21,2
3,22,2
3,23,2
3,24,2
3,25,2
3,26,1
3,27,1
3,28,1
3,29,1
3,30,1
4,0,1
4,1,1
4,2,1
4,3,1
4,4,1
4,5,1
4,6,3
4,7,3
4,8,3
4,9,3
4,10,3
4,11,3
4,12,3
4,13,3
4,14,3
4,15,4
4,16,4
4,17,4
4,18,4
4,19,4
4,20,3
4,21,3
4,22,2
4,23,2
4,24,2
4,25,2
4,26,1
4,27,1
4,28,1
4,29,2
4,30,2
5,0,3
5,1,3
5,2,1
5,3,1
5,4,1
5,5,1
5,6,3
5,7,3
5,8,3
5,9,3
5,10,2
5,11,2
5,12,3
5,13,3
5,14,3
5,15,3
5,16,3
5,17,3
5,18,3
5,19,3
5,20,3
5,21,3
5,22,3
5,23,2
5,24,2
5,25,2
5,26,1
5,27,1
5,28,2
5,29,2
5,30,2
6,0,3
6,1,3
6,2,3
6,3,1
6,4,1
6,5,4
6,6,4
6,7,3
6,8,3
6,9,2
6,10,2
6,11,2
6,12,2
6,13,3
6,14,3
6,15,3
6,16,3
6,17,3
6,18,3
6,19,3
6,20,3
6,21,3
6,22,3
6,23,2
6,24,2
6,25,2
6,26,1
6,27,1
6,28,2
6,29,2
6,30,2
7,0,3
7,1,3
7,2,3
7,3,3
7,4,4
7,5,4
7,6,4
7,7,4
7,8,2
7,9,2
7,10,2
7,11,2
7,12,2
7,13,2
7,14,3
7,15,3
7,16,3
7,17,3
7,18,3
7,19,3
7,20,3
7,21,3
7,22,2
7,23,2
7,24,2
7,25,2
7,26,1
7,27,1
7,28,1
7,29,2
7,30,2
8,0,3
8,1,3
8,2,3
8,3,3
8,4,4
8,5,4
8,6,4
8,7,4
8,8,2
8,9,2
8,10,2
8,11,2
8,12,2
8,13,2
8,14,3
8,15,3
8,16,3
8,17,3
8,18,3
8,19,3
8,20,3
8,21,3
8,22,2
8,23,2
8,24,2
8,25,2
8,26,1
8,27,1
8,28,1
8,29,1
8,30,1
9,0,3
9,1,3
9,2,3
9,3,1
9,4,1
9,5,4
9,6,4
9,7,2
9,8,2
9,9,2
9,10,2
9,11,2
9,12,2
9,13,2
9,14,3
9,15,3
9,16,3
9,17,3
9,18,3
9,19,3
9,20,3
9,21,4
9,22,4
9,23,2
9,24,2
9,25,4
9,26,4
9,27,1
9,28,1
9,29,1
9,30,1
10,0,3
10,1,3
10,2,1
10,3,1
10,4,1
10,5,1
10,6,2
10,7,2
10,8,2
10,9,2
10,10,2
10,11,2
10,12,2
10,13,4
10,14,4
10,15,3
10,16,3
10,17,3
10,18,3
10,19,3
10,20,4
10,21,4
10,22,4
10,23,4
10,24,4
10,25,4
10,26,4
10,27,4
10,28,1
10,29,1
10,30,1
11,0,1
11,1,1
11,2,1
11,3,1
11,4,1
11,5,1
11,6,2
11,7,2
11,8,2
11,9,4
11,10,4
11,11,4
11,12,4
11,13,4
11,14,4
11,15,4
11,16,3
11,17,3
11,18,2
11,19,2
11,20,4
11,21,4
11,22,4
11,23,4
11,24,4
11,25,4
11,26,4
11,27,4
11,28,4
11,29,1
11,30,1
12,0,1
12,1,1
12,2,1
12,3,1
12,4,1
12,5,2
12,6,2
12,7,2
12,8,4
12,9,4
12,10,4
12,11,4
12,12,4
12,13,4
12,14,4
12,15,4
12,16,4
12,17,2
12,18,2
12,19,2
12,20,2
12,21,4
12,22,4
12,23,4
12,24,4
12,25,4
12,26,4
12,27,4
12,28,4
12,29,4
12,30,4
13,0,4
13,1,4
13,2,1
13,3,1
13,4,2
13,5,2
13,6,2
13,7,2
13,8,4
13,9,4
13,10,4
13,11,4
13,12,1
13,13,1
13,14,4
13,15,4
13,16,4
13,17,2
13,18,2
13,19,2
13,20,2
13,21,2
13,22,4
13,23,4
13,24,4
13,25,4
13,26,4
13,27,4
13,28,4
13,29,4
13,30,4
14,0,4
14,1,4
14,2,4
14,3,4
14,4,2
14,5,2
14,6,2
14,7,2
14,8,2
14,9,4
14,10,4
14,11,1
14,12,1
14,13,1
14,14,1
14,15,4
14,16,4
14,17,4
14,18,2
14,19,2
14,20,2
14,21,2
14,22,2
14,23,4
14,24,4
14,25,1
14,26,1
14,27,4
14,28,4
14,29,1
14,30,1
15,0,4
15,1,4
15,2,4
15,3,4
15,4,4
15,5,2
15,6,2
15,7,2
15,8,2
15,9,1
15,10,1
15,11,1
15,12,1
15,13,1
15,14,1
15,15,4
15,16,4
15,17,4
15,18,4
15,19,4
15,20,2
15,21,2
15,22,2
15,23,2
15,24,1
15,25,1
15,26,1
15,27,1
15,28,1
15,29,1
15,30,1
16,0,4
16,1,4
16,2,4
16,3,4
16,4,4
16,5,4
16,6,2
16,7,2
16,8,1
16,9,1
16,10,1
16,11,1
16,12,1
16,13,1
16,14,4
16,15,4
16,16,4
16,17,4
16,18,4
16,19,4
16,20,4
16,21,2
16,22,2
16,23,2
16,24,1
16,25,1
16,26,1
16,27,1
16,28,1
16,29,1
16,30,1
17,0,4
17,1,4
17,2,4
17,3,4
17,4,4
17,5,4
17,6,4
17,7,4
17,8,1
17,9,1
17,10,1
17,11,1
17,12,1
17,13,4
17,14,4
17,15,4
17,16,4
17,17,4
17,18,4
17,19,4
17,20,4
17,21,2
17,22,2
17,23,2
17,24,1
17,25,1
17,26,1
17,27,1
17,28,1
17,29,1
17,30,1
18,0,4
18,1,4
18,2,4
18,3,4
18,4,4
18,5,4
18,6,4
18,7,4
18,8,4
18,9,1
18,10,1
18,11,1
18,12,4
18,13,4
18,14,4
18,15,4
18,16,4
18,17,4
18,18,4
18,19,4
18,20,4
18,21,2
18,22,2
18,23,2
18,24,1
18,25,1
18,26,1
18,27,1
18,28,1
18,29,1
18,30,1
19,0,4
19,1,4
19,2,4
19,3,4
19,4,4
19,5,4
19,6,4
19,7,4
19,8,4
19,9,3
19,10,3
19,11,3
19,12,4
19,13,4
19,14,4
19,15,4
19,16,4
19,17,4
19,18,4
19,19,4
19,20,2
19,21,2
19,22,2
19,23,2
19,24,2
19,25,1
19,26,1
19,27,1
19,28,1
19,29,1
19,30,1
20,0,4
20,1,4
20,2,4
20,3,2
20,4,2
20,5,4
20,6,4
20,7,4
20,8,3
20,9,3
20,10,3
20,11,3
20,12,3
20,13,4
20,14,4
20,15,2
20,16,2
20,17,2
20,18,2
20,19,2
20,20,2
20,21,2
20,22,2
20,23,2
20,24,2
20,25,1
20,26,1
20,27,1
20,28,2
20,29,2
20,30,2
21,0,4
21,1,4
21,2,2
21,3,2
21,4,2
21,5,2
21,6,2
21,7,2
21,8,3
21,9,3
21,10,3
21,11,3
21,12,3
21,13,3
21,14,2
21,15,2
21,16,2
21,17,2
21,18,2
21,19,2
21,20,2
21,21,2
21,22,2
21,23,2
21,24,1
21,25,1
21,26,1
21,27,2
21,28,2
21,29,2
21,30,2
22,0,3
22,1,3
22,2,2
22,3,2
22,4,2
22,5,2
22,6,2
22,7,2
22,8,2
22,9,3
22,10,3
22,11,3
22,12,3
22,13,3
22,14,2
22,15,2
22,16,2
22,17,2
22,18,2
22,19,2
22,20,2
22,21,2
22,22,2
22,23,1
22,24,1
22,25,1
22,26,1
22,27,2
22,28,2
22,29,2
22,30,2
23,0,3
23,1,3
23,2,3
23,3,2
23,4,2
23,5,2
23,6,2
23,7,2
23,8,2
23,9,2
23,10,3
23,11,3
23,12,3
23,13,4
23,14,4
23,15,2
23,16,2
23,17,1
23,18,1
23,19,2
23,20,2
23,21,4
23,22,4
23,23,1
23,24,1
23,25,1
23,26,1
23,27,2
23,28,2
23,29,2
23,30,2
24,0,3
24,1,3
24,2,3
24,3,3
24,4,2
24,5,2
24,6,2
24,7,2
24,8,2
24,9,2
24,10,4
24,11,4
24,12,4
24,13,4
24,14,4
24,15,4
24,16,1
24,17,1
24,18,1
24,19,1
24,20,4
24,21,4
24,22,4
24,23,4
24,24,1
24,25,1
24,26,3
24,27,3
24,28,2
24,29,2
24,30,2
25,0,3
25,1,3
25,2,3
25,3,3
25,4,2
25,5,2
25,6,2
25,7,2
25,8,2
25,9,4
25,10,4
25,11,4
25,12,4
25,13,4
25,14,4
25,15,4
25,16,1
25,17,1
25,18,1
25,19,1
25,20,4
25,21,4
25,22,4
25,23,4
25,24,3
25,25,3
25,26,3
25,27,3
25,28,3
25,29,3
25,30,3
26,0,3
26,1,3
26,2,3
26,3,2
26,4,2
26,5,2
26,6,2
26,7,4
26,8,4
26,9,4
26,10,4
26,11,4
26,12,4
26,13,4
26,14,4
26,15,4
26,16,1
26,17,1
26,18,1
26,19,1
26,20,1
26,21,4
26,22,4
26,23,3
26,24,3
26,25,3
26,26,3
26,27,3
26,28,3
26,29,3
26,30,3
27,0,1
27,1,1
27,2,1
27,3,2
27,4,2
27,5,2
27,6,4
27,7,4
27,8,4
27,9,4
27,10,4
27,11,3
27,12,3
27,13,4
27,14,4
27,15,2
27,16,2
27,17,1
27,18,1
27,19,1
27,20,1
27,21,1
27,22,3
27,23,3
27,24,3
27,25,3
27,26,1
27,27,1
27,28,1
27,29,3
27,30,3
28,0,1
28,1,1
28,2,1
28,3,1
28,4,2
28,5,2
28,6,4
28,7,4
28,8,4
28,9,4
28,10,3
28,11,3
28,12,3
28,13,3
28,14,2
28,15,2
28,16,2
28,17,2
28,18,2
28,19,1
28,20,1
28,21,1
28,22,3
28,23,3
28,24,3
28,25,1
28,26,1
28,27,1
28,28,1
28,29,1
28,30,1
29,0,1
29,1,1
29,2,1
29,3,1
29,4,2
29,5,2
29,6,2
29,7,4
29,8,4
29,9,4
29,10,3
29,11,3
29,12,3
29,13,3
29,14,2
29,15,2
29,16,2
29,17,2
29,18,2
29,19,2
29,20,1
29,21,1
29,22,3
29,23,3
29,24,3
29,25,1
29,26,1
29,27,1
29,28,1
29,29,1
29,30,1
30,0,1
30,1,1
30,2,1
30,3,1
30,4,2
30,5,2
30,6,2
30,7,4
30,8,4
30,9,4
30,10,3
30,11,3
30,12,3
30,13,3
30,14,2
30,15,2
30,16,2
30,17,2
30,18,2
30,19,2
30,20,1
30,21,1
30,22,3
30,23,3
30,24,3
30,25,1
30,26,1
30,27,1
30,28,1
30,29,1
30,30,1