4
4
7
1
2,2
2,22
12,12
22,22
0,1,4
1,3,4
0,2,2
2,3,1
0,0,3
0,1,3
0,2,3
0,3,3
0,4,3
0,5,3
0,6,1
0,7,1
0,8,1
0,9,2
0,10,2
0,11,2
0,12,2
0,13,2
0,14,2
0,15,2
0,16,1
0,17,1
0,18,1
0,19,1
0,20,4
0,21,4
0,22,4
0,23,4
0,24,4
0,25,4
0,26,4
0,27,4
0,28,4
0,29,2
0,30,2
1,0,3
1,1,3
1,2,3
1,3,3
1,4,3
1,5,3
1,6,1
1,7,1
1,8,1
1,9,2
1,10,2
1,11,2
1,12,2
1,13,2
1,14,2
1,15,2
1,16,1
1,17,1
1,18,1
1,19,1
1,20,4
1,21,4
1,22,4
1,23,4
1,24,4
1,25,4
1,26,4
1,27,4
1,28,4
1,29,2
1,30,2
2,0,3
2,1,3
2,2,3
2,3,3
2,4,3
2,5,1
2,6,1
2,7,1
2,8,1
2,9,1
2,10,2
2,11,2
2,12,2
2,13,2
2,14,2
2,15,2
2,16,1
2,17,1
2,18,1
2,19,1
2,20,4
2,21,4
2,22,4
2,23,4
2,24,4
2,25,4
2,26,4
2,27,4
2,28,2
2,29,2
2,30,2
3,0,3
3,1,3
3,2,3
3,3,3
3,4,3
3,5,1
3,6,1
3,7,1
3,8,1
3,9,1
3,10,2
3,11,2
3,12,2
3,13,2
3,14,2
3,15,4
3,16,4
3,17,1
3,18,1
3,19,4
3,20,4
3,21,4
3,22,4
3,23,4
3,24,4
3,25,4
3,26,2
3,27,2
3,28,2
3,29,2
3,30,2
4,0,3
4,1,3
4,2,3
4,3,3
4,4,3
4,5,3
4,6,1
4,7,1
4,8,1
4,9,1
4,10,2
4,11,2
4,12,2
4,13,2
4,14,4
4,15,4
4,16,4
4,17,4
4,18,4
4,19,4
4,20,4
4,21,4
4,22,4
4,23,4
4,24,4
4,25,2
4,26,2
4,27,2
4,28,2
4,29,2
4,30,2
5,0,3
5,1,3
5,2,3
5,3,3
5,4,3
5,5,3
5,6,3
5,7,1
5,8,1
5,9,2
5,10,2
5,11,2
5,12,2
5,13,2
5,14,4
5,15,4
5,16,4
5,17,4
5,18,4
5,19,4
5,20,4
5,21,4
5,22,4
5,23,4
5,24,4
5,25,2
5,26,2
5,27,2
5,28,1
5,29,1
5,30,1
6,0,3
6,1,3
6,2,3
6,3,3
6,4,3
6,5,3
6,6,3
6,7,3
6,8,3
6,9,2
6,10,2
6,11,2
6,12,2
6,13,3
6,14,3
6,15,4
6,16,4
6,17,4
6,18,4
6,19,4
6,20,4
6,21,4
6,22,4
6,23,4
6,24,4
6,25,2
6,26,2
6,27,1
6,28,1
6,29,1
6,30,1
7,0,3
7,1,3
7,2,3
7,3,1
7,4,1
7,5,3
7,6,3
7,7,3
7,8,3
7,9,3
7,10,2
7,11,2
7,12,3
7,13,3
7,14,3
7,15,3
7,16,3
7,17,4
7,18,4
7,19,1
7,20,1
7,21,4
7,22,4
7,23,4
7,24,4
7,25,2
7,26,2
7,27,1
7,28,1
7,29,1
7,30,1
8,0,3
8,1,3
8,2,1
8,3,1
8,4,1
8,5,1
8,6,3
8,7,3
8,8,3
8,9,3
8,10,4
8,11,4
8,12,3
8,13,3
8,14,3
8,15,3
8,16,3
8,17,3
8,18,1
8,19,1
8,20,1
8,21,1
8,22,4
8,23,4
8,24,4
8,25,2
8,26,2
8,27,1
8,28,1
8,29,1
8,30,1
9,0,3
9,1,3
9,2,1
9,3,1
9,4,1
9,5,1
9,6,1
9,7,3
9,8,3
9,9,4
9,10,4
9,11,4
9,12,4
9,13,3
9,14,3
9,15,3
9,16,3
9,17,3
9,18,1
9,19,1
9,20,1
9,21,1
9,22,4
9,23,4
9,24,2
9,25,2
9,26,2
9,27,2
9,28,1
9,29,1
9,30,1
10,0,3
10,1,3
10,2,1
10,3,1
10,4,1
10,5,1
10,6,1
10,7,1
10,8,4
10,9,4
10,10,4
10,11,4
10,12,4
10,13,4
10,14,4
10,15,3
10,16,3
10,17,3
10,18,3
10,19,1
10,20,1
10,21,4
10,22,4
10,23,4
10,24,2
10,25,2
10,26,2
10,27,2
10,28,3
10,29,3
10,30,3
11,0,3
11,1,3
11,2,1
11,3,1
11,4,1
11,5,1
11,6,1
11,7,1
11,8,4
11,9,4
11,10,4
11,11,4
11,12,4
11,13,4
11,14,4
11,15,4
11,16,3
11,17,3
11,18,3
11,19,2
11,20,2
11,21,4
11,22,4
11,23,4
11,24,4
11,25,2
11,26,2
11,27,3
11,28,3
11,29,3
11,30,3
12,0,3
12,1,3
12,2,3
12,3,1
12,4,1
12,5,1
12,6,1
12,7,1
12,8,4
12,9,4
12,10,4
12,11,4
12,12,4
12,13,4
12,14,4
12,15,4
12,16,3
12,17,3
12,18,2
12,19,2
12,20,2
12,21,2
12,22,4
12,23,4
12,24,4
12,25,4
12,26,4
12,27,3
12,28,3
12,29,3
12,30,3
13,0,3
13,1,3
13,2,3
13,3,4
13,4,4
13,5,1
13,6,1
13,7,3
13,8,3
13,9,4
13,10,4
13,11,4
13,12,4
13,13,4
13,14,4
13,15,4
13,16,3
13,17,3
13,18,2
13,19,2
13,20,2
13,21,2
13,22,4
13,23,4
13,24,4
13,25,4
13,26,4
13,27,4
13,28,3
13,29,3
13,30,3
14,0,3
14,1,3
14,2,4
14,3,4
14,4,4
14,5,4
14,6,3
14,7,3
14,8,3
14,9,3
14,10,4
14,11,4
14,12,4
14,13,4
14,14,4
14,15,4
14,16,3
14,17,3
14,18,2
14,19,2
14,20,2
14,21,2
14,22,4
14,23,4
14,24,4
14,25,4
14,26,4
14,27,4
14,28,3
14,29,3
14,30,3
15,0,4
15,1,4
15,2,4
15,3,4
15,4,4
15,5,4
15,6,3
15,7,3
15,8,3
15,9,3
15,10,4
15,11,4
15,12,4
15,13,4
15,14,4
15,15,4
15,16,3
15,17,3
15,18,2
15,19,2
15,20,2
15,21,1
15,22,1
15,23,4
15,24,4
15,25,4
15,26,4
15,27,1
15,28,1
15,29,3
15,30,3
16,0,4
16,1,4
16,2,4
16,3,4
16,4,4
16,5,4
16,6,3
16,7,3
16,8,3
16,9,4
16,10,4
16,11,4
16,12,4
16,13,4
16,14,4
16,15,4
16,16,3
16,17,3
16,18,2
16,19,2
16,20,1
16,21,1
16,22,1
16,23,1
16,24,1
16,25,1
16,26,1
16,27,1
16,28,1
16,29,1
16,30,1
17,0,4
17,1,4
17,2,4
17,3,4
17,4,4
17,5,3
17,6,3
17,7,3
17,8,3
17,9,4
17,10,4
17,11,4
17,12,4
17,13,4
17,14,4
17,15,4
17,16,3
17,17,3
17,18,2
17,19,2
17,20,1
17,21,1
17,22,1
17,23,1
17,24,1
17,25,1
17,26,1
17,27,1
17,28,1
17,29,1
17,30,1
18,0,4
18,1,4
18,2,4
18,3,4
18,4,4
18,5,3
18,6,3
18,7,3
18,8,3
18,9,3
18,10,4
18,11,4
18,12,4
18,13,4
18,14,4
18,15,3
18,16,3
18,17,3
18,18,2
18,19,2
18,20,2
18,21,1
18,22,1
18,23,1
18,24,3
18,25,3
18,26,3
18,27,3
18,28,3
18,29,3
18,30,3
19,0,4
19,1,4
19,2,4
19,3,4
19,4,4
19,5,4
19,6,3
19,7,3
19,8,3
19,9,3
19,10,3
19,11,3
19,12,4
19,13,4
19,14,3
19,15,3
19,16,3
19,17,3
19,18,2
19,19,2
19,20,2
19,21,3
19,22,3
19,23,3
19,24,3
19,25,3
19,26,3
19,27,3
19,28,3
19,29,3
19,30,3
20,0,4
20,1,4
20,2,4
20,3,4
20,4,4
20,5,4
20,6,3
20,7,3
20,8,3
20,9,3
20,10,3
20,11,3
20,12,3
20,13,3
20,14,3
20,15,3
20,16,3
20,17,2
20,18,2
20,19,2
20,20,3
20,21,3
20,22,3
20,23,3
20,24,3
20,25,3
20,26,2
20,27,2
20,28,3
20,29,3
20,30,3
21,0,4
21,1,4
21,2,4
21,3,4
21,4,4
21,5,2
21,6,2
21,7,3
21,8,3
21,9,3
21,10,3
21,11,3
21,12,3
21,13,3
21,14,3
21,15,3
21,16,2
21,17,2
21,18,2
21,19,2
21,20,3
21,21,3
21,22,3
21,23,3
21,24,3
21,25,2
21,26,2
21,27,2
21,28,2
21,29,3
21,30,3
22,0,1
22,1,1
22,2,4
22,3,4
22,4,2
22,5,2
22,6,2
22,7,2
22,8,2
22,9,2
22,10,2
22,11,2
22,12,2
22,13,2
22,14,2
22,15,2
22,16,2
22,17,2
22,18,2
22,19,3
22,20,3
22,21,3
22,22,3
22,23,3
22,24,3
22,25,2
22,26,2
22,27,2
22,28,2
22,29,1
22,30,1
23,0,1
23,1,1
23,2,1
23,3,2
23,4,2
23,5,2
23,6,2
23,7,2
23,8,2
23,9,2
23,10,2
23,11,2
23,12,2
23,13,2
23,14,2
23,15,2
23,16,2
23,17,2
23,18,2
23,19,3
23,20,3
23,21,3
23,22,3
23,23,3
23,24,3
23,25,2
23,26,2
23,27,2
23,28,1
23,29,1
23,30,1
24,0,1
24,1,1
24,2,1
24,3,2
24,4,2
24,5,2
24,6,4
24,7,4
24,8,4
24,9,4
24,10,4
24,11,4
24,12,4
24,13,4
24,14,4
24,15,4
24,16,2
24,17,2
24,18,2
24,19,2
24,20,3
24,21,3
24,22,3
24,23,3
24,24,3
24,25,2
24,26,2
24,27,2
24,28,1
24,29,1
24,30,1
25,0,1
25,1,1
25,2,2
25,3,2
25,4,2
25,5,4
25,6,4
25,7,4
25,8,4
25,9,4
25,10,4
25,11,4
25,12,4
25,13,4
25,14,4
25,15,4
25,16,4
25,17,2
25,18,2
25,19,2
25,20,1
25,21,1
25,22,3
25,23,3
25,24,2
25,25,2
25,26,2
25,27,2
25,28,2
25,29,1
25,30,1
26,0,1
26,1,1
26,2,2
26,3,2
26,4,2
26,5,4
26,6,4
26,7,4
26,8,3
26,9,3
26,10,3
26,11,3
26,12,3
26,13,3
26,14,4
26,15,4
26,16,4
26,17,2
26,18,2
26,19,1
26,20,1
26,21,1
26,22,1
26,23,2
26,24,2
26,25,2
26,26,2
26,27,2
26,28,2
26,29,2
26,30,2
27,0,1
27,1,1
27,2,2
27,3,2
27,4,4
27,5,4
27,6,4
27,7,3
27,8,3
27,9,3
27,10,3
27,11,3
27,12,3
27,13,3
27,14,3
27,15,4
27,16,4
27,17,2
27,18,2
27,19,1
27,20,1
27,21,1
27,22,1
27,23,2
27,24,2
27,25,2
27,26,2
27,27,2
27,28,2
27,29,2
27,30,2
28,0,1
28,1,1
28,2,2
28,3,2
28,4,4
28,5,4
28,6,4
28,7,3
28,8,3
28,9,3
28,10,1
28,11,1
28,12,3
28,13,3
28,14,3
28,15,4
28,16,4
28,17,2
28,18,2
28,19,1
28,20,1
28,21,1
28,22,2
28,23,2
28,24,2
28,25,2
28,26,2
28,27,4
28,28,4
28,29,4
28,30,4
29,0,1
29,1,1
29,2,2
29,3,2
29,4,4
29,5,4
29,6,3
29,7,3
29,8,3
29,9,1
29,10,1
29,11,1
29,12,1
29,13,3
29,14,3
29,15,4
29,16,4
29,17,2
29,18,2
29,19,1
29,20,1
29,21,1
29,22,2
29,23,2
29,24,2
29,25,2
29,26,4
29,27,4
29,28,4
29,29,4
29,30,4
30,0,1
30,1,1
30,2,2
30,3,2
30,4,4
30,5,4
30,6,3
30,7,3
30,8,3
30,9,1
30,10,1
30,11,1
30,12,1
30,13,3
30,14,3
30,15,4
30,16,4
30,17,2
30,18,2
30,19,1
30,20,1
30,21,1
30,22,2
30,23,2
30,24,2
30,25,2
30,26,4
30,27,4
30,28,4
30,29,4
30,30,4