4
4
3
1
2,2
2,27
27,7
27,27
0,1,2
1,3,1
2,3,1
0,3,1
0,0,1
0,1,1
0,2,1
0,3,1
0,4,1
0,5,1
0,6,1
0,7,1
0,8,2
0,9,2
0,10,3
0,11,3
0,12,4
0,13,4
0,14,1
0,15,1
0,16,1
0,17,3
0,18,3
0,19,3
0,20,3
0,21,3
0,22,1
0,23,1
0,24,1
0,25,4
0,26,4
0,27,4
0,28,4
0,29,4
0,30,4
1,0,1
1,1,1
1,2,1
1,3,1
1,4,1
1,5,1
1,6,1
1,7,1
1,8,2
1,9,2
1,10,3
1,11,3
1,12,4
1,13,4
1,14,1
1,15,1
1,16,1
1,17,3
1,18,3
1,19,3
1,20,3
1,21,3
1,22,1
1,23,1
1,24,1
1,25,4
1,26,4
1,27,4
1,28,4
1,29,4
1,30,4
2,0,1
2,1,1
2,2,1
2,3,1
2,4,1
2,5,1
2,6,1
2,7,1
2,8,2
2,9,2
2,10,3
2,11,3
2,12,4
2,13,4
2,14,1
2,15,1
2,16,1
2,17,1
2,18,3
2,19,3
2,20,3
2,21,1
2,22,1
2,23,1
2,24,1
2,25,4
2,26,4
2,27,4
2,28,4
2,29,4
2,30,4
3,0,1
3,1,1
3,2,1
3,3,1
3,4,1
3,5,1
3,6,1
3,7,1
3,8,2
3,9,2
3,10,3
3,11,3
3,12,4
3,13,4
3,14,4
3,15,1
3,16,1
3,17,1
3,18,1
3,19,1
3,20,1
3,21,1
3,22,1
3,23,1
3,24,1
3,25,4
3,26,4
3,27,4
3,28,4
3,29,4
3,30,4
4,0,1
4,1,1
4,2,1
4,3,1
4,4,1
4,5,1
4,6,1
4,7,1
4,8,2
4,9,2
4,10,3
4,11,3
4,12,4
4,13,4
4,14,4
4,15,4
4,16,1
4,17,1
4,18,1
4,19,1
4,20,1
4,21,1
4,22,1
4,23,1
4,24,1
4,25,4
4,26,4
4,27,4
4,28,4
4,29,4
4,30,4
5,0,1
5,1,1
5,2,1
5,3,1
5,4,1
5,5,1
5,6,1
5,7,1
5,8,2
5,9,2
5,10,3
5,11,3
5,12,4
5,13,4
5,14,4
5,15,4
5,16,4
5,17,1
5,18,1
5,19,1
5,20,1
5,21,1
5,22,1
5,23,1
5,24,4
5,25,4
5,26,4
5,27,4
5,28,4
5,29,2
5,30,2
6,0,1
6,1,1
6,2,1
6,3,3
6,4,3
6,5,1
6,6,1
6,7,2
6,8,2
6,9,2
6,10,3
6,11,3
6,12,4
6,13,4
6,14,4
6,15,4
6,16,4
6,17,1
6,18,1
6,19,1
6,20,1
6,21,1
6,22,2
6,23,2
6,24,4
6,25,4
6,26,4
6,27,4
6,28,2
6,29,2
6,30,2
7,0,1
7,1,1
7,2,3
7,3,3
7,4,3
7,5,3
7,6,2
7,7,2
7,8,2
7,9,2
7,10,3
7,11,3
7,12,4
7,13,4
7,14,4
7,15,4
7,16,3
7,17,3
7,18,1
7,19,1
7,20,2
7,21,2
7,22,2
7,23,2
7,24,2
7,25,4
7,26,4
7,27,4
7,28,2
7,29,2
7,30,2
8,0,4
8,1,4
8,2,3
8,3,3
8,4,3
8,5,3
8,6,2
8,7,2
8,8,2
8,9,3
8,10,3
8,11,3
8,12,3
8,13,4
8,14,4
8,15,3
8,16,3
8,17,3
8,18,3
8,19,2
8,20,2
8,21,2
8,22,2
8,23,2
8,24,2
8,25,4
8,26,4
8,27,4
8,28,4
8,29,2
8,30,2
9,0,4
9,1,4
9,2,4
9,3,3
9,4,3
9,5,3
9,6,2
9,7,2
9,8,3
9,9,3
9,10,3
9,11,3
9,12,3
9,13,2
9,14,2
9,15,3
9,16,3
9,17,3
9,18,3
9,19,2
9,20,2
9,21,2
9,22,2
9,23,2
9,24,4
9,25,4
9,26,4
9,27,4
9,28,4
9,29,4
9,30,4
10,0,4
10,1,4
10,2,4
10,3,4
10,4,3
10,5,3
10,6,2
10,7,2
10,8,3
10,9,3
10,10,3
10,11,3
10,12,2
10,13,2
10,14,2
10,15,2
10,16,3
10,17,3
10,18,3
10,19,2
10,20,2
10,21,2
10,22,2
10,23,4
10,24,4
10,25,4
10,26,4
10,27,4
10,28,4
10,29,4
10,30,4
11,0,4
11,1,4
11,2,4
11,3,4
11,4,3
11,5,3
11,6,2
11,7,2
11,8,2
11,9,3
11,10,3
11,11,3
11,12,2
11,13,2
11,14,2
11,15,2
11,16,3
11,17,3
11,18,3
11,19,3
11,20,2
11,21,2
11,22,4
11,23,4
11,24,4
11,25,4
11,26,4
11,27,4
11,28,4
11,29,1
11,30,1
12,0,4
12,1,4
12,2,4
12,3,3
12,4,3
12,5,3
12,6,2
12,7,2
12,8,2
12,9,2
12,10,3
12,11,3
12,12,3
12,13,2
12,14,2
12,15,3
12,16,3
12,17,3
12,18,3
12,19,3
12,20,2
12,21,2
12,22,4
12,23,4
12,24,4
12,25,4
12,26,4
12,27,4
12,28,1
12,29,1
12,30,1
13,0,3
13,1,3
13,2,3
13,3,3
13,4,3
13,5,3
13,6,3
13,7,2
13,8,2
13,9,2
13,10,3
13,11,3
13,12,3
13,13,3
13,14,3
13,15,3
13,16,3
13,17,3
13,18,3
13,19,3
13,20,2
13,21,2
13,22,4
13,23,4
13,24,4
13,25,4
13,26,4
13,27,4
13,28,1
13,29,1
13,30,1
14,0,3
14,1,3
14,2,3
14,3,3
14,4,3
14,5,3
14,6,3
14,7,3
14,8,2
14,9,2
14,10,2
14,11,3
14,12,3
14,13,3
14,14,3
14,15,3
14,16,3
14,17,3
14,18,3
14,19,2
14,20,2
14,21,2
14,22,4
14,23,4
14,24,4
14,25,4
14,26,4
14,27,4
14,28,4
14,29,1
14,30,1
15,0,4
15,1,4
15,2,4
15,3,4
15,4,3
15,5,3
15,6,3
15,7,3
15,8,2
15,9,2
15,10,2
15,11,2
15,12,2
15,13,3
15,14,3
15,15,2
15,16,2
15,17,2
15,18,2
15,19,2
15,20,2
15,21,2
15,22,4
15,23,4
15,24,4
15,25,4
15,26,4
15,27,4
15,28,4
15,29,4
15,30,4
16,0,4
16,1,4
16,2,4
16,3,4
16,4,4
16,5,3
16,6,3
16,7,4
16,8,4
16,9,2
16,10,2
16,11,2
16,12,2
16,13,2
16,14,2
16,15,2
16,16,2
16,17,2
16,18,2
16,19,2
16,20,2
16,21,4
16,22,4
16,23,4
16,24,4
16,25,4
16,26,4
16,27,4
16,28,4
16,29,4
16,30,4
17,0,4
17,1,4
17,2,4
17,3,4
17,4,4
17,5,4
17,6,4
17,7,4
17,8,4
17,9,4
17,10,4
17,11,2
17,12,2
17,13,2
17,14,2
17,15,2
17,16,2
17,17,4
17,18,4
17,19,4
17,20,4
17,21,4
17,22,4
17,23,4
17,24,4
17,25,4
17,26,4
17,27,4
17,28,4
17,29,4
17,30,4
18,0,4
18,1,4
18,2,4
18,3,4
18,4,4
18,5,4
18,6,4
18,7,4
18,8,4
18,9,4
18,10,4
18,11,4
18,12,4
18,13,4
18,14,4
18,15,4
18,16,4
18,17,4
18,18,4
18,19,4
18,20,4
18,21,4
18,22,4
18,23,4
18,24,4
18,25,2
18,26,2
18,27,4
18,28,4
18,29,4
18,30,4
19,0,2
19,1,2
19,2,2
19,3,4
19,4,4
19,5,4
19,6,4
19,7,2
19,8,2
19,9,4
19,10,4
19,11,4
19,12,4
19,13,4
19,14,4
19,15,4
19,16,4
19,17,4
19,18,4
19,19,4
19,20,4
19,21,4
19,22,4
19,23,4
19,24,2
19,25,2
19,26,2
19,27,2
19,28,4
19,29,4
19,30,4
20,0,2
20,1,2
20,2,2
20,3,2
20,4,4
20,5,4
20,6,2
20,7,2
20,8,2
20,9,2
20,10,2
20,11,2
20,12,4
20,13,4
20,14,1
20,15,1
20,16,1
20,17,1
20,18,4
20,19,4
20,20,4
20,21,4
20,22,4
20,23,4
20,24,2
20,25,2
20,26,2
20,27,2
20,28,4
20,29,4
20,30,4
21,0,2
21,1,2
21,2,2
21,3,2
21,4,1
21,5,1
21,6,2
21,7,2
21,8,2
21,9,2
21,10,2
21,11,2
21,12,2
21,13,1
21,14,1
21,15,1
21,16,1
21,17,1
21,18,1
21,19,1
21,20,4
21,21,4
21,22,4
21,23,2
21,24,2
21,25,2
21,26,2
21,27,4
21,28,4
21,29,4
21,30,4
22,0,2
22,1,2
22,2,2
22,3,1
22,4,1
22,5,1
22,6,1
22,7,2
22,8,2
22,9,2
22,10,2
22,11,2
22,12,2
22,13,1
22,14,1
22,15,1
22,16,1
22,17,1
22,18,1
22,19,1
22,20,1
22,21,4
22,22,4
22,23,2
22,24,2
22,25,2
22,26,2
22,27,4
22,28,4
22,29,4
22,30,4
23,0,2
23,1,2
23,2,1
23,3,1
23,4,1
23,5,1
23,6,1
23,7,1
23,8,1
23,9,2
23,10,2
23,11,2
23,12,2
23,13,1
23,14,1
23,15,1
23,16,1
23,17,1
23,18,1
23,19,1
23,20,1
23,21,4
23,22,4
23,23,4
23,24,2
23,25,2
23,26,1
23,27,1
23,28,4
23,29,4
23,30,4
24,0,4
24,1,4
24,2,1
24,3,1
24,4,1
24,5,1
24,6,1
24,7,1
24,8,1
24,9,1
24,10,2
24,11,2
24,12,3
24,13,3
24,14,1
24,15,1
24,16,1
24,17,1
24,18,1
24,19,1
24,20,4
24,21,4
24,22,4
24,23,4
24,24,4
24,25,1
24,26,1
24,27,1
24,28,1
24,29,4
24,30,4
25,0,4
25,1,4
25,2,4
25,3,1
25,4,1
25,5,1
25,6,1
25,7,1
25,8,1
25,9,1
25,10,1
25,11,3
25,12,3
25,13,3
25,14,3
25,15,1
25,16,1
25,17,1
25,18,1
25,19,1
25,20,4
25,21,4
25,22,4
25,23,4
25,24,4
25,25,1
25,26,1
25,27,1
25,28,1
25,29,1
25,30,1
26,0,4
26,1,4
26,2,4
26,3,1
26,4,1
26,5,1
26,6,1
26,7,1
26,8,1
26,9,1
26,10,1
26,11,3
26,12,3
26,13,3
26,14,3
26,15,1
26,16,1
26,17,1
26,18,1
26,19,3
26,20,3
26,21,4
26,22,4
26,23,4
26,24,1
26,25,1
26,26,1
26,27,1
26,28,1
26,29,1
26,30,1
27,0,4
27,1,4
27,2,4
27,3,1
27,4,1
27,5,1
27,6,1
27,7,1
27,8,1
27,9,1
27,10,1
27,11,1
27,12,3
27,13,3
27,14,3
27,15,1
27,16,1
27,17,1
27,18,3
27,19,3
27,20,3
27,21,3
27,22,4
27,23,4
27,24,1
27,25,1
27,26,1
27,27,1
27,28,1
27,29,1
27,30,1
28,0,4
28,1,4
28,2,4
28,3,1
28,4,1
28,5,1
28,6,1
28,7,1
28,8,1
28,9,1
28,10,1
28,11,1
28,12,1
28,13,3
28,14,3
28,15,3
28,16,1
28,17,1
28,18,3
28,19,3
28,20,3
28,21,3
28,22,4
28,23,4
28,24,1
28,25,1
28,26,1
28,27,1
28,28,1
28,29,1
28,30,1
29,0,4
29,1,4
29,2,1
29,3,1
29,4,1
29,5,1
29,6,1
29,7,1
29,8,1
29,9,1
29,10,1
29,11,1
29,12,1
29,13,3
29,14,3
29,15,3
29,16,1
29,17,1
29,18,3
29,19,3
29,20,3
29,21,4
29,22,4
29,23,4
29,24,1
29,25,1
29,26,1
29,27,1
29,28,1
29,29,1
29,30,1
30,0,4
30,1,4
30,2,1
30,3,1
30,4,1
30,5,1
30,6,1
30,7,1
30,8,1
30,9,1
30,10,1
30,11,1
30,12,1
30,13,3
30,14,3
30,15,3
30,16,1
30,17,1
30,18,3
30,19,3
30,20,3
30,21,4
30,22,4
30,23,4
30,24,1
30,25,1
30,26,1
30,27,1
30,28,1
30,29,1
30,30,1