4
4
6
3
12,2
12,22
22,12
22,22
2,3,1
1,3,2
0,1,4
1,2,1
0,0,1
0,1,1
0,2,1
0,3,1
0,4,1
0,5,1
0,6,1
0,7,1
0,8,2
0,9,2
0,10,2
0,11,2
0,12,4
0,13,4
0,14,4
0,15,4
0,16,4
0,17,4
0,18,2
0,19,2
0,20,2
0,21,2
0,22,2
0,23,3
0,24,3
0,25,3
0,26,3
0,27,1
0,28,1
0,29,1
0,30,1
1,0,1
1,1,1
1,2,1
1,3,1
1,4,1
1,5,1
1,6,1
1,7,1
1,8,2
1,9,2
1,10,2
1,11,2
1,12,4
1,13,4
1,14,4
1,15,4
1,16,4
1,17,4
1,18,2
1,19,2
1,20,2
1,21,2
1,22,2
1,23,3
1,24,3
1,25,3
1,26,3
1,27,1
1,28,1
1,29,1
1,30,1
2,0,4
2,1,4
2,2,4
2,3,4
2,4,4
2,5,1
2,6,1
2,7,2
2,8,2
2,9,2
2,10,2
2,11,2
2,12,2
2,13,4
2,14,4
2,15,4
2,16,4
2,17,4
2,18,2
2,19,2
2,20,2
2,21,2
2,22,3
2,23,3
2,24,3
2,25,3
2,26,2
2,27,2
2,28,1
2,29,1
2,30,1
3,0,4
3,1,4
3,2,4
3,3,4
3,4,4
3,5,4
3,6,2
3,7,2
3,8,2
3,9,2
3,10,2
3,11,2
3,12,2
3,13,2
3,14,2
3,15,4
3,16,4
3,17,3
3,18,3
3,19,2
3,20,2
3,21,3
3,22,3
3,23,3
3,24,3
3,25,2
3,26,2
3,27,2
3,28,2
3,29,1
3,30,1
4,0,4
4,1,4
4,2,4
4,3,4
4,4,4
4,5,4
4,6,2
4,7,2
4,8,2
4,9,3
4,10,3
4,11,2
4,12,2
4,13,2
4,14,2
4,15,2
4,16,3
4,17,3
4,18,3
4,19,3
4,20,3
4,21,3
4,22,3
4,23,3
4,24,2
4,25,2
4,26,2
4,27,2
4,28,2
4,29,3
4,30,3
5,0,4
5,1,4
5,2,4
5,3,4
5,4,4
5,5,2
5,6,2
5,7,2
5,8,3
5,9,3
5,10,3
5,11,3
5,12,2
5,13,2
5,14,2
5,15,2
5,16,3
5,17,3
5,18,3
5,19,3
5,20,3
5,21,3
5,22,3
5,23,2
5,24,2
5,25,2
5,26,2
5,27,2
5,28,3
5,29,3
5,30,3
6,0,2
6,1,2
6,2,2
6,3,2
6,4,2
6,5,2
6,6,2
6,7,2
6,8,3
6,9,3
6,10,3
6,11,3
6,12,3
6,13,2
6,14,2
6,15,1
6,16,1
6,17,3
6,18,3
6,19,3
6,20,3
6,21,3
6,22,2
6,23,2
6,24,2
6,25,2
6,26,1
6,27,1
6,28,3
6,29,3
6,30,3
7,0,2
7,1,2
7,2,2
7,3,2
7,4,2
7,5,2
7,6,2
7,7,1
7,8,1
7,9,3
7,10,3
7,11,3
7,12,3
7,13,1
7,14,1
7,15,1
7,16,1
7,17,1
7,18,3
7,19,3
7,20,3
7,21,2
7,22,2
7,23,2
7,24,2
7,25,1
7,26,1
7,27,1
7,28,1
7,29,3
7,30,3
8,0,1
8,1,1
8,2,1
8,3,1
8,4,1
8,5,1
8,6,1
8,7,1
8,8,1
8,9,1
8,10,3
8,11,3
8,12,1
8,13,1
8,14,1
8,15,1
8,16,1
8,17,1
8,18,1
8,19,3
8,20,3
8,21,2
8,22,2
8,23,2
8,24,2
8,25,1
8,26,1
8,27,1
8,28,1
8,29,4
8,30,4
9,0,1
9,1,1
9,2,1
9,3,1
9,4,1
9,5,1
9,6,1
9,7,1
9,8,1
9,9,1
9,10,1
9,11,1
9,12,1
9,13,1
9,14,1
9,15,1
9,16,1
9,17,1
9,18,1
9,19,3
9,20,3
9,21,3
9,22,2
9,23,2
9,24,3
9,25,3
9,26,1
9,27,1
9,28,4
9,29,4
9,30,4
10,0,4
10,1,4
10,2,4
10,3,4
10,4,4
10,5,1
10,6,1
10,7,1
10,8,1
10,9,1
10,10,1
10,11,1
10,12,1
10,13,1
10,14,1
10,15,1
10,16,1
10,17,1
10,18,3
10,19,3
10,20,3
10,21,3
10,22,3
10,23,3
10,24,3
10,25,3
10,26,3
10,27,4
10,28,4
10,29,4
10,30,4
11,0,4
11,1,4
11,2,4
11,3,4
11,4,4
11,5,4
11,6,4
11,7,4
11,8,4
11,9,4
11,10,4
11,11,1
11,12,1
11,13,1
11,14,1
11,15,1
11,16,1
11,17,3
11,18,3
11,19,3
11,20,3
11,21,3
11,22,3
11,23,3
11,24,3
11,25,3
11,26,3
11,27,4
11,28,4
11,29,4
11,30,4
12,0,4
12,1,4
12,2,4
12,3,4
12,4,4
12,5,4
12,6,4
12,7,4
12,8,4
12,9,4
12,10,4
12,11,4
12,12,1
12,13,1
12,14,1
12,15,1
12,16,1
12,17,3
12,18,3
12,19,3
12,20,3
12,21,3
12,22,3
12,23,3
12,24,3
12,25,3
12,26,2
12,27,2
12,28,4
12,29,4
12,30,4
13,0,4
13,1,4
13,2,4
13,3,4
13,4,4
13,5,4
13,6,3
13,7,3
13,8,4
13,9,4
13,10,4
13,11,4
13,12,4
13,13,1
13,14,1
13,15,1
13,16,3
13,17,3
13,18,3
13,19,3
13,20,3
13,21,3
13,22,3
13,23,3
13,24,3
13,25,2
13,26,2
13,27,2
13,28,2
13,29,4
13,30,4
14,0,4
14,1,4
14,2,4
14,3,4
14,4,4
14,5,3
14,6,3
14,7,3
14,8,3
14,9,4
14,10,4
14,11,4
14,12,4
14,13,4
14,14,4
14,15,4
14,16,3
14,17,3
14,18,3
14,19,3
14,20,3
14,21,3
14,22,3
14,23,3
14,24,3
14,25,2
14,26,2
14,27,2
14,28,2
14,29,4
14,30,4
15,0,4
15,1,4
15,2,4
15,3,4
15,4,4
15,5,3
15,6,3
15,7,3
15,8,3
15,9,4
15,10,4
15,11,4
15,12,4
15,13,4
15,14,4
15,15,4
15,16,4
15,17,3
15,18,3
15,19,3
15,20,4
15,21,4
15,22,3
15,23,3
15,24,4
15,25,4
15,26,2
15,27,2
15,28,4
15,29,4
15,30,4
16,0,4
16,1,4
16,2,4
16,3,4
16,4,4
16,5,3
16,6,3
16,7,3
16,8,3
16,9,3
16,10,4
16,11,4
16,12,3
16,13,3
16,14,4
16,15,4
16,16,4
16,17,4
16,18,4
16,19,4
16,20,4
16,21,4
16,22,4
16,23,4
16,24,4
16,25,4
16,26,4
16,27,4
16,28,4
16,29,4
16,30,4
17,0,4
17,1,4
17,2,4
17,3,4
17,4,3
17,5,3
17,6,3
17,7,3
17,8,3
17,9,3
17,10,3
17,11,3
17,12,3
17,13,3
17,14,3
17,15,4
17,16,4
17,17,4
17,18,4
17,19,4
17,20,4
17,21,4
17,22,4
17,23,4
17,24,4
17,25,4
17,26,4
17,27,4
17,28,4
17,29,4
17,30,4
18,0,4
18,1,4
18,2,4
18,3,4
18,4,3
18,5,3
18,6,3
18,7,3
18,8,3
18,9,3
18,10,3
18,11,3
18,12,3
18,13,3
18,14,3
18,15,1
18,16,1
18,17,1
18,18,1
18,19,4
18,20,4
18,21,4
18,22,4
18,23,4
18,24,4
18,25,4
18,26,4
18,27,4
18,28,2
18,29,2
18,30,2
19,0,4
19,1,4
19,2,4
19,3,1
19,4,1
19,5,3
19,6,3
19,7,3
19,8,1
19,9,1
19,10,3
19,11,3
19,12,3
19,13,3
19,14,1
19,15,1
19,16,1
19,17,1
19,18,1
19,19,1
19,20,4
19,21,4
19,22,4
19,23,1
19,24,1
19,25,4
19,26,4
19,27,2
19,28,2
19,29,2
19,30,2
20,0,4
20,1,4
20,2,1
20,3,1
20,4,1
20,5,1
20,6,1
20,7,1
20,8,1
20,9,1
20,10,1
20,11,1
20,12,1
20,13,1
20,14,1
20,15,1
20,16,1
20,17,1
20,18,1
20,19,1
20,20,1
20,21,1
20,22,1
20,23,1
20,24,1
20,25,1
20,26,1
20,27,2
20,28,2
20,29,2
20,30,2
21,0,4
21,1,4
21,2,1
21,3,1
21,4,1
21,5,1
21,6,1
21,7,1
21,8,1
21,9,1
21,10,1
21,11,1
21,12,1
21,13,1
21,14,1
21,15,1
21,16,1
21,17,1
21,18,1
21,19,1
21,20,1
21,21,1
21,22,1
21,23,1
21,24,1
21,25,1
21,26,1
21,27,1
21,28,2
21,29,2
21,30,2
22,0,4
22,1,4
22,2,4
22,3,1
22,4,1
22,5,1
22,6,1
22,7,2
22,8,2
22,9,1
22,10,1
22,11,1
22,12,1
22,13,1
22,14,1
22,15,1
22,16,4
22,17,4
22,18,1
22,19,1
22,20,1
22,21,1
22,22,1
22,23,1
22,24,1
22,25,1
22,26,1
22,27,1
22,28,1
22,29,1
22,30,1
23,0,4
23,1,4
23,2,4
23,3,2
23,4,2
23,5,2
23,6,2
23,7,2
23,8,2
23,9,2
23,10,1
23,11,1
23,12,1
23,13,1
23,14,1
23,15,4
23,16,4
23,17,4
23,18,4
23,19,1
23,20,1
23,21,1
23,22,1
23,23,1
23,24,1
23,25,1
23,26,1
23,27,1
23,28,1
23,29,1
23,30,1
24,0,4
24,1,4
24,2,2
24,3,2
24,4,2
24,5,2
24,6,2
24,7,2
24,8,2
24,9,2
24,10,1
24,11,1
24,12,1
24,13,1
24,14,1
24,15,4
24,16,4
24,17,4
24,18,4
24,19,1
24,20,1
24,21,1
24,22,1
24,23,1
24,24,1
24,25,1
24,26,2
24,27,2
24,28,1
24,29,1
24,30,1
25,0,4
25,1,4
25,2,2
25,3,2
25,4,2
25,5,1
25,6,1
25,7,2
25,8,2
25,9,2
25,10,1
25,11,1
25,12,1
25,13,1
25,14,3
25,15,3
25,16,4
25,17,4
25,18,1
25,19,1
25,20,1
25,21,1
25,22,1
25,23,1
25,24,1
25,25,2
25,26,2
25,27,2
25,28,2
25,29,1
25,30,1
26,0,4
26,1,4
26,2,2
26,3,2
26,4,1
26,5,1
26,6,1
26,7,1
26,8,2
26,9,2
26,10,2
26,11,1
26,12,1
26,13,3
26,14,3
26,15,3
26,16,3
26,17,1
26,18,1
26,19,1
26,20,1
26,21,1
26,22,3
26,23,3
26,24,3
26,25,2
26,26,2
26,27,2
26,28,2
26,29,3
26,30,3
27,0,4
27,1,4
27,2,2
27,3,2
27,4,1
27,5,1
27,6,1
27,7,1
27,8,2
27,9,2
27,10,2
27,11,4
27,12,4
27,13,3
27,14,3
27,15,3
27,16,3
27,17,1
27,18,1
27,19,1
27,20,1
27,21,3
27,22,3
27,23,3
27,24,3
27,25,3
27,26,2
27,27,2
27,28,3
27,29,3
27,30,3
28,0,4
28,1,4
28,2,2
28,3,2
28,4,1
28,5,1
28,6,1
28,7,1
28,8,2
28,9,2
28,10,4
28,11,4
28,12,4
28,13,4
28,14,3
28,15,3
28,16,4
28,17,4
28,18,1
28,19,1
28,20,1
28,21,3
28,22,3
28,23,3
28,24,3
28,25,3
28,26,1
28,27,1
28,28,3
28,29,3
28,30,3
29,0,4
29,1,4
29,2,2
29,3,2
29,4,1
29,5,1
29,6,1
29,7,1
29,8,2
29,9,2
29,10,4
29,11,4
29,12,4
29,13,4
29,14,4
29,15,4
29,16,4
29,17,4
29,18,4
29,19,1
29,20,1
29,21,3
29,22,3
29,23,3
29,24,3
29,25,1
29,26,1
29,27,1
29,28,1
29,29,3
29,30,3
30,0,4
30,1,4
30,2,2
30,3,2
30,4,1
30,5,1
30,6,1
30,7,1
30,8,2
30,9,2
30,10,4
30,11,4
30,12,4
30,13,4
30,14,4
30,15,4
30,16,4
30,17,4
30,18,4
30,19,1
30,20,1
30,21,3
30,22,3
30,23,3
30,24,3
30,25,1
30,26,1
30,27,1
30,28,1
30,29,3
30,30,3