4
4
6
1
7,12
7,27
22,2
22,27
1,3,4
0,1,1
2,3,1
0,3,4
0,0,4
0,1,4
0,2,4
0,3,4
0,4,4
0,5,4
0,6,4
0,7,4
0,8,3
0,9,3
0,10,1
0,11,1
0,12,4
0,13,4
0,14,4
0,15,4
0,16,2
0,17,2
0,18,2
0,19,1
0,20,1
0,21,1
0,22,1
0,23,4
0,24,4
0,25,3
0,26,3
0,27,3
0,28,3
0,29,4
0,30,4
1,0,4
1,1,4
1,2,4
1,3,4
1,4,4
1,5,4
1,6,4
1,7,4
1,8,3
1,9,3
1,10,1
1,11,1
1,12,4
1,13,4
1,14,4
1,15,4
1,16,2
1,17,2
1,18,2
1,19,1
1,20,1
1,21,1
1,22,1
1,23,4
1,24,4
1,25,3
1,26,3
1,27,3
1,28,3
1,29,4
1,30,4
2,0,4
2,1,4
2,2,4
2,3,1
2,4,1
2,5,4
2,6,4
2,7,3
2,8,3
2,9,3
2,10,1
2,11,1
2,12,4
2,13,4
2,14,4
2,15,4
2,16,4
2,17,2
2,18,2
2,19,1
2,20,1
2,21,1
2,22,1
2,23,4
2,24,4
2,25,4
2,26,3
2,27,3
2,28,4
2,29,4
2,30,4
3,0,4
3,1,4
3,2,1
3,3,1
3,4,1
3,5,1
3,6,3
3,7,3
3,8,3
3,9,3
3,10,1
3,11,1
3,12,4
3,13,4
3,14,4
3,15,4
3,16,4
3,17,2
3,18,2
3,19,1
3,20,1
3,21,1
3,22,1
3,23,4
3,24,4
3,25,4
3,26,4
3,27,4
3,28,4
3,29,4
3,30,4
4,0,3
4,1,3
4,2,1
4,3,1
4,4,1
4,5,1
4,6,3
4,7,3
4,8,3
4,9,1
4,10,1
4,11,1
4,12,1
4,13,4
4,14,4
4,15,4
4,16,2
4,17,2
4,18,2
4,19,1
4,20,1
4,21,1
4,22,1
4,23,1
4,24,4
4,25,4
4,26,4
4,27,4
4,28,4
4,29,4
4,30,4
5,0,3
5,1,3
5,2,3
5,3,1
5,4,1
5,5,1
5,6,1
5,7,3
5,8,3
5,9,1
5,10,1
5,11,1
5,12,1
5,13,1
5,14,1
5,15,1
5,16,2
5,17,2
5,18,2
5,19,2
5,20,1
5,21,1
5,22,1
5,23,1
5,24,2
5,25,2
5,26,2
5,27,2
5,28,2
5,29,2
5,30,2
6,0,3
6,1,3
6,2,3
6,3,1
6,4,1
6,5,1
6,6,1
6,7,3
6,8,3
6,9,1
6,10,1
6,11,1
6,12,1
6,13,1
6,14,1
6,15,1
6,16,1
6,17,2
6,18,2
6,19,2
6,20,2
6,21,1
6,22,1
6,23,2
6,24,2
6,25,2
6,26,2
6,27,2
6,28,2
6,29,2
6,30,2
7,0,3
7,1,3
7,2,4
7,3,4
7,4,1
7,5,1
7,6,3
7,7,3
7,8,3
7,9,1
7,10,1
7,11,1
7,12,1
7,13,1
7,14,1
7,15,1
7,16,1
7,17,1
7,18,2
7,19,2
7,20,2
7,21,2
7,22,2
7,23,2
7,24,2
7,25,2
7,26,2
7,27,2
7,28,2
7,29,2
7,30,2
8,0,4
8,1,4
8,2,4
8,3,4
8,4,4
8,5,3
8,6,3
8,7,3
8,8,3
8,9,1
8,10,1
8,11,1
8,12,1
8,13,1
8,14,1
8,15,1
8,16,1
8,17,1
8,18,1
8,19,2
8,20,2
8,21,2
8,22,2
8,23,2
8,24,2
8,25,2
8,26,2
8,27,2
8,28,2
8,29,2
8,30,2
9,0,4
9,1,4
9,2,4
9,3,4
9,4,4
9,5,3
9,6,3
9,7,3
9,8,2
9,9,2
9,10,1
9,11,1
9,12,1
9,13,1
9,14,1
9,15,1
9,16,1
9,17,1
9,18,1
9,19,3
9,20,3
9,21,2
9,22,2
9,23,2
9,24,2
9,25,2
9,26,2
9,27,2
9,28,2
9,29,2
9,30,2
10,0,4
10,1,4
10,2,4
10,3,4
10,4,3
10,5,3
10,6,3
10,7,2
10,8,2
10,9,2
10,10,2
10,11,2
10,12,2
10,13,2
10,14,2
10,15,2
10,16,1
10,17,1
10,18,3
10,19,3
10,20,3
10,21,3
10,22,2
10,23,2
10,24,2
10,25,2
10,26,2
10,27,4
10,28,4
10,29,4
10,30,4
11,0,4
11,1,4
11,2,4
11,3,4
11,4,3
11,5,3
11,6,3
11,7,2
11,8,2
11,9,2
11,10,2
11,11,2
11,12,2
11,13,2
11,14,2
11,15,2
11,16,2
11,17,2
11,18,3
11,19,3
11,20,3
11,21,3
11,22,4
11,23,4
11,24,2
11,25,2
11,26,4
11,27,4
11,28,4
11,29,4
11,30,4
12,0,4
12,1,4
12,2,4
12,3,4
12,4,3
12,5,3
12,6,2
12,7,2
12,8,2
12,9,2
12,10,2
12,11,2
12,12,3
12,13,3
12,14,2
12,15,2
12,16,2
12,17,2
12,18,2
12,19,3
12,20,3
12,21,4
12,22,4
12,23,4
12,24,4
12,25,4
12,26,4
12,27,4
12,28,4
12,29,4
12,30,4
13,0,4
13,1,4
13,2,4
13,3,3
13,4,3
13,5,3
13,6,2
13,7,2
13,8,2
13,9,2
13,10,2
13,11,3
13,12,3
13,13,3
13,14,3
13,15,2
13,16,2
13,17,2
13,18,2
13,19,2
13,20,2
13,21,4
13,22,4
13,23,4
13,24,4
13,25,4
13,26,4
13,27,4
13,28,4
13,29,4
13,30,4
14,0,1
14,1,1
14,2,1
14,3,3
14,4,3
14,5,3
14,6,3
14,7,2
14,8,2
14,9,3
14,10,3
14,11,3
14,12,3
14,13,3
14,14,3
14,15,1
14,16,1
14,17,2
14,18,2
14,19,2
14,20,2
14,21,2
14,22,4
14,23,4
14,24,4
14,25,1
14,26,1
14,27,4
14,28,4
14,29,4
14,30,4
15,0,1
15,1,1
15,2,1
15,3,1
15,4,3
15,5,3
15,6,3
15,7,3
15,8,3
15,9,3
15,10,3
15,11,3
15,12,3
15,13,3
15,14,1
15,15,1
15,16,1
15,17,1
15,18,2
15,19,2
15,20,2
15,21,2
15,22,4
15,23,4
15,24,1
15,25,1
15,26,1
15,27,1
15,28,4
15,29,4
15,30,4
16,0,1
16,1,1
16,2,1
16,3,1
16,4,1
16,5,3
16,6,3
16,7,3
16,8,3
16,9,3
16,10,3
16,11,1
16,12,1
16,13,1
16,14,1
16,15,1
16,16,1
16,17,1
16,18,1
16,19,2
16,20,2
16,21,2
16,22,4
16,23,4
16,24,1
16,25,1
16,26,1
16,27,1
16,28,4
16,29,4
16,30,4
17,0,4
17,1,4
17,2,1
17,3,1
17,4,1
17,5,1
17,6,1
17,7,1
17,8,1
17,9,1
17,10,1
17,11,1
17,12,1
17,13,1
17,14,1
17,15,1
17,16,1
17,17,1
17,18,1
17,19,2
17,20,2
17,21,2
17,22,4
17,23,4
17,24,4
17,25,1
17,26,1
17,27,4
17,28,4
17,29,4
17,30,4
18,0,4
18,1,4
18,2,4
18,3,1
18,4,1
18,5,1
18,6,1
18,7,1
18,8,1
18,9,1
18,10,1
18,11,1
18,12,1
18,13,2
18,14,2
18,15,1
18,16,1
18,17,1
18,18,2
18,19,2
18,20,2
18,21,2
18,22,4
18,23,4
18,24,4
18,25,4
18,26,4
18,27,4
18,28,4
18,29,4
18,30,4
19,0,4
19,1,4
19,2,4
19,3,4
19,4,1
19,5,1
19,6,3
19,7,3
19,8,1
19,9,1
19,10,2
19,11,2
19,12,2
19,13,2
19,14,2
19,15,2
19,16,2
19,17,2
19,18,2
19,19,2
19,20,2
19,21,3
19,22,3
19,23,4
19,24,4
19,25,4
19,26,4
19,27,4
19,28,4
19,29,4
19,30,4
20,0,4
20,1,4
20,2,4
20,3,4
20,4,4
20,5,3
20,6,3
20,7,3
20,8,3
20,9,2
20,10,2
20,11,2
20,12,2
20,13,2
20,14,2
20,15,2
20,16,2
20,17,2
20,18,2
20,19,2
20,20,3
20,21,3
20,22,3
20,23,3
20,24,4
20,25,4
20,26,4
20,27,4
20,28,4
20,29,4
20,30,4
21,0,4
21,1,4
21,2,4
21,3,4
21,4,4
21,5,3
21,6,3
21,7,3
21,8,3
21,9,2
21,10,2
21,11,2
21,12,2
21,13,2
21,14,2
21,15,2
21,16,2
21,17,2
21,18,2
21,19,2
21,20,3
21,21,3
21,22,3
21,23,3
21,24,4
21,25,4
21,26,4
21,27,4
21,28,4
21,29,4
21,30,4
22,0,4
22,1,4
22,2,4
22,3,4
22,4,4
22,5,3
22,6,3
22,7,3
22,8,1
22,9,1
22,10,2
22,11,2
22,12,2
22,13,2
22,14,2
22,15,4
22,16,4
22,17,2
22,18,2
22,19,2
22,20,2
22,21,3
22,22,3
22,23,4
22,24,4
22,25,4
22,26,4
22,27,4
22,28,4
22,29,4
22,30,4
23,0,4
23,1,4
23,2,4
23,3,4
23,4,4
23,5,3
23,6,3
23,7,1
23,8,1
23,9,1
23,10,1
23,11,2
23,12,2
23,13,2
23,14,4
23,15,4
23,16,4
23,17,4
23,18,2
23,19,2
23,20,2
23,21,2
23,22,2
23,23,4
23,24,4
23,25,4
23,26,4
23,27,4
23,28,4
23,29,4
23,30,4
24,0,4
24,1,4
24,2,4
24,3,4
24,4,4
24,5,3
24,6,3
24,7,1
24,8,1
24,9,1
24,10,1
24,11,2
24,12,2
24,13,2
24,14,4
24,15,4
24,16,4
24,17,4
24,18,4
24,19,2
24,20,2
24,21,2
24,22,2
24,23,2
24,24,4
24,25,4
24,26,4
24,27,4
24,28,4
24,29,4
24,30,4
25,0,4
25,1,4
25,2,4
25,3,4
25,4,4
25,5,3
25,6,3
25,7,3
25,8,1
25,9,1
25,10,2
25,11,2
25,12,2
25,13,2
25,14,2
25,15,4
25,16,4
25,17,4
25,18,4
25,19,3
25,20,3
25,21,2
25,22,2
25,23,2
25,24,2
25,25,2
25,26,2
25,27,2
25,28,4
25,29,4
25,30,4
26,0,2
26,1,2
26,2,4
26,3,4
26,4,3
26,5,3
26,6,3
26,7,3
26,8,2
26,9,2
26,10,2
26,11,2
26,12,2
26,13,2
26,14,2
26,15,4
26,16,4
26,17,4
26,18,3
26,19,3
26,20,3
26,21,3
26,22,2
26,23,2
26,24,2
26,25,2
26,26,2
26,27,2
26,28,2
26,29,4
26,30,4
27,0,2
27,1,2
27,2,2
27,3,2
27,4,3
27,5,3
27,6,3
27,7,2
27,8,2
27,9,2
27,10,2
27,11,2
27,12,2
27,13,2
27,14,4
27,15,4
27,16,4
27,17,4
27,18,3
27,19,3
27,20,3
27,21,3
27,22,4
27,23,4
27,24,4
27,25,4
27,26,2
27,27,2
27,28,2
27,29,4
27,30,4
28,0,2
28,1,2
28,2,2
28,3,2
28,4,2
28,5,3
28,6,3
28,7,2
28,8,2
28,9,2
28,10,2
28,11,4
28,12,4
28,13,4
28,14,4
28,15,4
28,16,4
28,17,4
28,18,3
28,19,3
28,20,3
28,21,4
28,22,4
28,23,4
28,24,4
28,25,4
28,26,4
28,27,2
28,28,2
28,29,4
28,30,4
29,0,2
29,1,2
29,2,2
29,3,2
29,4,2
29,5,3
29,6,3
29,7,3
29,8,2
29,9,2
29,10,4
29,11,4
29,12,4
29,13,4
29,14,4
29,15,4
29,16,4
29,17,4
29,18,3
29,19,3
29,20,4
29,21,4
29,22,4
29,23,4
29,24,4
29,25,4
29,26,4
29,27,2
29,28,2
29,29,4
29,30,4
30,0,2
30,1,2
30,2,2
30,3,2
30,4,2
30,5,3
30,6,3
30,7,3
30,8,2
30,9,2
30,10,4
30,11,4
30,12,4
30,13,4
30,14,4
30,15,4
30,16,4
30,17,4
30,18,3
30,19,3
30,20,4
30,21,4
30,22,4
30,23,4
30,24,4
30,25,4
30,26,4
30,27,2
30,28,2
30,29,4
30,30,4