4
4
8
2
2,2
2,12
2,27
17,27
1,2,4
2,3,3
0,1,2
1,3,3
0,0,1
0,1,1
0,2,1
0,3,1
0,4,1
0,5,4
0,6,4
0,7,4
0,8,2
0,9,2
0,10,2
0,11,2
0,12,2
0,13,2
0,14,2
0,15,4
0,16,4
0,17,4
0,18,4
0,19,4
0,20,4
0,21,4
0,22,4
0,23,4
0,24,4
0,25,3
0,26,3
0,27,3
0,28,3
0,29,3
0,30,3
1,0,1
1,1,1
1,2,1
1,3,1
1,4,1
1,5,4
1,6,4
1,7,4
1,8,2
1,9,2
1,10,2
1,11,2
1,12,2
1,13,2
1,14,2
1,15,4
1,16,4
1,17,4
1,18,4
1,19,4
1,20,4
1,21,4
1,22,4
1,23,4
1,24,4
1,25,3
1,26,3
1,27,3
1,28,3
1,29,3
1,30,3
2,0,1
2,1,1
2,2,1
2,3,1
2,4,1
2,5,4
2,6,4
2,7,4
2,8,4
2,9,2
2,10,2
2,11,2
2,12,2
2,13,2
2,14,2
2,15,2
2,16,4
2,17,4
2,18,4
2,19,4
2,20,4
2,21,4
2,22,4
2,23,4
2,24,4
2,25,3
2,26,3
2,27,3
2,28,3
2,29,3
2,30,3
3,0,1
3,1,1
3,2,1
3,3,1
3,4,1
3,5,1
3,6,4
3,7,4
3,8,4
3,9,2
3,10,2
3,11,2
3,12,2
3,13,2
3,14,2
3,15,2
3,16,1
3,17,1
3,18,1
3,19,1
3,20,1
3,21,1
3,22,4
3,23,4
3,24,3
3,25,3
3,26,3
3,27,3
3,28,3
3,29,3
3,30,3
4,0,1
4,1,1
4,2,1
4,3,1
4,4,1
4,5,1
4,6,4
4,7,4
4,8,4
4,9,4
4,10,2
4,11,2
4,12,2
4,13,2
4,14,2
4,15,1
4,16,1
4,17,1
4,18,1
4,19,1
4,20,1
4,21,1
4,22,1
4,23,1
4,24,3
4,25,3
4,26,3
4,27,3
4,28,3
4,29,3
4,30,3
5,0,4
5,1,4
5,2,1
5,3,1
5,4,1
5,5,1
5,6,4
5,7,4
5,8,4
5,9,4
5,10,4
5,11,4
5,12,2
5,13,2
5,14,2
5,15,1
5,16,1
5,17,1
5,18,4
5,19,4
5,20,1
5,21,1
5,22,1
5,23,1
5,24,1
5,25,3
5,26,3
5,27,4
5,28,4
5,29,3
5,30,3
6,0,4
6,1,4
6,2,4
6,3,1
6,4,1
6,5,2
6,6,2
6,7,4
6,8,4
6,9,4
6,10,4
6,11,4
6,12,4
6,13,2
6,14,2
6,15,1
6,16,1
6,17,4
6,18,4
6,19,4
6,20,4
6,21,1
6,22,1
6,23,1
6,24,1
6,25,4
6,26,4
6,27,4
6,28,4
6,29,4
6,30,4
7,0,4
7,1,4
7,2,4
7,3,4
7,4,2
7,5,2
7,6,2
7,7,2
7,8,4
7,9,4
7,10,4
7,11,4
7,12,4
7,13,2
7,14,2
7,15,1
7,16,1
7,17,4
7,18,4
7,19,4
7,20,4
7,21,4
7,22,1
7,23,1
7,24,4
7,25,4
7,26,4
7,27,4
7,28,4
7,29,4
7,30,4
8,0,4
8,1,4
8,2,4
8,3,4
8,4,2
8,5,2
8,6,2
8,7,2
8,8,4
8,9,4
8,10,4
8,11,4
8,12,4
8,13,2
8,14,2
8,15,1
8,16,1
8,17,1
8,18,4
8,19,4
8,20,4
8,21,4
8,22,4
8,23,4
8,24,4
8,25,4
8,26,4
8,27,4
8,28,4
8,29,4
8,30,4
9,0,4
9,1,4
9,2,4
9,3,4
9,4,4
9,5,2
9,6,2
9,7,2
9,8,2
9,9,4
9,10,4
9,11,4
9,12,2
9,13,2
9,14,2
9,15,1
9,16,1
9,17,1
9,18,1
9,19,4
9,20,4
9,21,4
9,22,4
9,23,4
9,24,4
9,25,4
9,26,4
9,27,4
9,28,4
9,29,4
9,30,4
10,0,4
10,1,4
10,2,4
10,3,4
10,4,4
10,5,4
10,6,2
10,7,2
10,8,2
10,9,2
10,10,2
10,11,2
10,12,2
10,13,2
10,14,2
10,15,1
10,16,1
10,17,1
10,18,1
10,19,4
10,20,4
10,21,4
10,22,4
10,23,4
10,24,4
10,25,4
10,26,4
10,27,4
10,28,4
10,29,4
10,30,4
11,0,1
11,1,1
11,2,1
11,3,4
11,4,4
11,5,4
11,6,4
11,7,2
11,8,2
11,9,2
11,10,2
11,11,2
11,12,2
11,13,2
11,14,1
11,15,1
11,16,1
11,17,1
11,18,3
11,19,3
11,20,4
11,21,4
11,22,4
11,23,4
11,24,2
11,25,2
11,26,4
11,27,4
11,28,4
11,29,4
11,30,4
12,0,1
12,1,1
12,2,1
12,3,1
12,4,4
12,5,4
12,6,4
12,7,4
12,8,2
12,9,2
12,10,2
12,11,2
12,12,3
12,13,3
12,14,1
12,15,1
12,16,1
12,17,3
12,18,3
12,19,3
12,20,3
12,21,4
12,22,4
12,23,2
12,24,2
12,25,2
12,26,2
12,27,4
12,28,4
12,29,4
12,30,4
13,0,1
13,1,1
13,2,1
13,3,1
13,4,4
13,5,4
13,6,4
13,7,4
13,8,4
13,9,2
13,10,2
13,11,3
13,12,3
13,13,3
13,14,3
13,15,1
13,16,1
13,17,3
13,18,3
13,19,3
13,20,3
13,21,3
13,22,3
13,23,2
13,24,2
13,25,2
13,26,2
13,27,4
13,28,4
13,29,4
13,30,4
14,0,1
14,1,1
14,2,1
14,3,2
14,4,2
14,5,4
14,6,4
14,7,4
14,8,4
14,9,3
14,10,3
14,11,3
14,12,3
14,13,3
14,14,3
14,15,1
14,16,1
14,17,1
14,18,3
14,19,3
14,20,3
14,21,3
14,22,3
14,23,3
14,24,2
14,25,2
14,26,1
14,27,1
14,28,4
14,29,4
14,30,4
15,0,1
15,1,1
15,2,2
15,3,2
15,4,2
15,5,2
15,6,4
15,7,4
15,8,3
15,9,3
15,10,3
15,11,3
15,12,3
15,13,3
15,14,1
15,15,1
15,16,1
15,17,1
15,18,1
15,19,3
15,20,3
15,21,3
15,22,3
15,23,3
15,24,3
15,25,1
15,26,1
15,27,1
15,28,1
15,29,1
15,30,1
16,0,3
16,1,3
16,2,2
16,3,2
16,4,2
16,5,2
16,6,4
16,7,4
16,8,3
16,9,3
16,10,3
16,11,3
16,12,2
16,13,2
16,14,1
16,15,1
16,16,1
16,17,1
16,18,1
16,19,1
16,20,1
16,21,1
16,22,3
16,23,3
16,24,3
16,25,1
16,26,1
16,27,1
16,28,1
16,29,1
16,30,1
17,0,3
17,1,3
17,2,3
17,3,2
17,4,2
17,5,4
17,6,4
17,7,4
17,8,4
17,9,3
17,10,3
17,11,2
17,12,2
17,13,2
17,14,2
17,15,1
17,16,1
17,17,1
17,18,1
17,19,1
17,20,1
17,21,1
17,22,1
17,23,3
17,24,3
17,25,1
17,26,1
17,27,1
17,28,1
17,29,1
17,30,1
18,0,3
18,1,3
18,2,3
18,3,1
18,4,1
18,5,4
18,6,4
18,7,4
18,8,4
18,9,4
18,10,4
18,11,2
18,12,2
18,13,2
18,14,2
18,15,2
18,16,2
18,17,2
18,18,2
18,19,2
18,20,1
18,21,1
18,22,1
18,23,3
18,24,3
18,25,1
18,26,1
18,27,1
18,28,1
18,29,1
18,30,1
19,0,3
19,1,3
19,2,1
19,3,1
19,4,1
19,5,1
19,6,4
19,7,4
19,8,4
19,9,4
19,10,4
19,11,4
19,12,2
19,13,2
19,14,2
19,15,2
19,16,2
19,17,2
19,18,2
19,19,2
19,20,2
19,21,1
19,22,1
19,23,3
19,24,3
19,25,1
19,26,1
19,27,1
19,28,1
19,29,1
19,30,1
20,0,2
20,1,2
20,2,1
20,3,1
20,4,1
20,5,1
20,6,4
20,7,4
20,8,4
20,9,4
20,10,4
20,11,4
20,12,3
20,13,3
20,14,3
20,15,3
20,16,3
20,17,3
20,18,2
20,19,2
20,20,2
20,21,1
20,22,1
20,23,3
20,24,3
20,25,3
20,26,1
20,27,1
20,28,3
20,29,3
20,30,3
21,0,2
21,1,2
21,2,2
21,3,1
21,4,1
21,5,4
21,6,4
21,7,4
21,8,4
21,9,4
21,10,4
21,11,3
21,12,3
21,13,3
21,14,3
21,15,3
21,16,3
21,17,3
21,18,3
21,19,2
21,20,2
21,21,1
21,22,1
21,23,3
21,24,3
21,25,3
21,26,3
21,27,3
21,28,3
21,29,3
21,30,3
22,0,2
22,1,2
22,2,2
22,3,4
22,4,4
22,5,4
22,6,4
22,7,4
22,8,4
22,9,4
22,10,4
22,11,3
22,12,3
22,13,3
22,14,2
22,15,2
22,16,3
22,17,3
22,18,3
22,19,2
22,20,2
22,21,1
22,22,1
22,23,1
22,24,3
22,25,3
22,26,3
22,27,3
22,28,3
22,29,3
22,30,3
23,0,2
23,1,2
23,2,4
23,3,4
23,4,4
23,5,4
23,6,4
23,7,4
23,8,4
23,9,4
23,10,3
23,11,3
23,12,3
23,13,2
23,14,2
23,15,2
23,16,2
23,17,3
23,18,3
23,19,2
23,20,2
23,21,1
23,22,1
23,23,1
23,24,2
23,25,2
23,26,3
23,27,3
23,28,1
23,29,1
23,30,1
24,0,4
24,1,4
24,2,4
24,3,4
24,4,4
24,5,1
24,6,1
24,7,4
24,8,4
24,9,3
24,10,3
24,11,3
24,12,3
24,13,2
24,14,2
24,15,2
24,16,2
24,17,3
24,18,3
24,19,2
24,20,2
24,21,1
24,22,1
24,23,2
24,24,2
24,25,2
24,26,2
24,27,1
24,28,1
24,29,1
24,30,1
25,0,4
25,1,4
25,2,4
25,3,4
25,4,1
25,5,1
25,6,1
25,7,1
25,8,3
25,9,3
25,10,3
25,11,3
25,12,1
25,13,1
25,14,2
25,15,2
25,16,3
25,17,3
25,18,3
25,19,2
25,20,2
25,21,1
25,22,1
25,23,2
25,24,2
25,25,2
25,26,2
25,27,1
25,28,1
25,29,1
25,30,1
26,0,4
26,1,4
26,2,4
26,3,4
26,4,1
26,5,1
26,6,1
26,7,1
26,8,3
26,9,3
26,10,3
26,11,1
26,12,1
26,13,1
26,14,1
26,15,3
26,16,3
26,17,3
26,18,3
26,19,2
26,20,2
26,21,1
26,22,1
26,23,2
26,24,2
26,25,2
26,26,3
26,27,3
26,28,1
26,29,1
26,30,1
27,0,4
27,1,4
27,2,4
27,3,4
27,4,1
27,5,1
27,6,1
27,7,3
27,8,3
27,9,3
27,10,3
27,11,1
27,12,1
27,13,1
27,14,1
27,15,3
27,16,3
27,17,3
27,18,2
27,19,2
27,20,2
27,21,1
27,22,1
27,23,2
27,24,2
27,25,3
27,26,3
27,27,3
27,28,3
27,29,1
27,30,1
28,0,4
28,1,4
28,2,4
28,3,4
28,4,4
28,5,1
28,6,1
28,7,3
28,8,3
28,9,3
28,10,3
28,11,1
28,12,1
28,13,1
28,14,3
28,15,3
28,16,3
28,17,2
28,18,2
28,19,2
28,20,2
28,21,1
28,22,1
28,23,2
28,24,2
28,25,3
28,26,3
28,27,3
28,28,3
28,29,2
28,30,2
29,0,4
29,1,4
29,2,4
29,3,4
29,4,4
29,5,1
29,6,1
29,7,1
29,8,3
29,9,3
29,10,1
29,11,1
29,12,1
29,13,3
29,14,3
29,15,3
29,16,3
29,17,2
29,18,2
29,19,2
29,20,1
29,21,1
29,22,1
29,23,2
29,24,2
29,25,2
29,26,3
29,27,3
29,28,2
29,29,2
29,30,2
30,0,4
30,1,4
30,2,4
30,3,4
30,4,4
30,5,1
30,6,1
30,7,1
30,8,3
30,9,3
30,10,1
30,11,1
30,12,1
30,13,3
30,14,3
30,15,3
30,16,3
30,17,2
30,18,2
30,19,2
30,20,1
30,21,1
30,22,1
30,23,2
30,24,2
30,25,2
30,26,3
30,27,3
30,28,2
30,29,2
30,30,2