4
4
6
0
2,7
2,22
17,7
17,22
0,2,3
2,3,2
1,3,3
1,2,1
0,0,4
0,1,4
0,2,4
0,3,4
0,4,4
0,5,4
0,6,4
0,7,4
0,8,4
0,9,4
0,10,4
0,11,4
0,12,4
0,13,4
0,14,1
0,15,1
0,16,4
0,17,4
0,18,4
0,19,4
0,20,4
0,21,4
0,22,4
0,23,4
0,24,4
0,25,4
0,26,4
0,27,1
0,28,1
0,29,4
0,30,4
1,0,4
1,1,4
1,2,4
1,3,4
1,4,4
1,5,4
1,6,4
1,7,4
1,8,4
1,9,4
1,10,4
1,11,4
1,12,4
1,13,4
1,14,1
1,15,1
1,16,4
1,17,4
1,18,4
1,19,4
1,20,4
1,21,4
1,22,4
1,23,4
1,24,4
1,25,4
1,26,4
1,27,1
1,28,1
1,29,4
1,30,4
2,0,4
2,1,4
2,2,4
2,3,4
2,4,4
2,5,4
2,6,4
2,7,4
2,8,4
2,9,4
2,10,4
2,11,4
2,12,4
2,13,1
2,14,1
2,15,1
2,16,1
2,17,4
2,18,4
2,19,4
2,20,4
2,21,4
2,22,4
2,23,4
2,24,4
2,25,4
2,26,4
2,27,1
2,28,1
2,29,4
2,30,4
3,0,4
3,1,4
3,2,4
3,3,4
3,4,4
3,5,4
3,6,4
3,7,4
3,8,4
3,9,4
3,10,4
3,11,2
3,12,2
3,13,1
3,14,1
3,15,1
3,16,1
3,17,1
3,18,1
3,19,4
3,20,4
3,21,4
3,22,4
3,23,4
3,24,4
3,25,4
3,26,1
3,27,1
3,28,1
3,29,4
3,30,4
4,0,4
4,1,4
4,2,4
4,3,1
4,4,1
4,5,4
4,6,4
4,7,4
4,8,4
4,9,4
4,10,2
4,11,2
4,12,2
4,13,2
4,14,1
4,15,1
4,16,1
4,17,1
4,18,1
4,19,1
4,20,4
4,21,4
4,22,4
4,23,4
4,24,4
4,25,1
4,26,1
4,27,1
4,28,1
4,29,4
4,30,4
5,0,4
5,1,4
5,2,1
5,3,1
5,4,1
5,5,1
5,6,4
5,7,4
5,8,4
5,9,4
5,10,2
5,11,2
5,12,2
5,13,2
5,14,2
5,15,2
5,16,1
5,17,1
5,18,1
5,19,1
5,20,1
5,21,1
5,22,1
5,23,1
5,24,1
5,25,1
5,26,1
5,27,1
5,28,4
5,29,4
5,30,4
6,0,3
6,1,3
6,2,1
6,3,1
6,4,1
6,5,1
6,6,4
6,7,4
6,8,4
6,9,3
6,10,3
6,11,2
6,12,2
6,13,2
6,14,2
6,15,2
6,16,2
6,17,1
6,18,1
6,19,1
6,20,1
6,21,1
6,22,1
6,23,1
6,24,1
6,25,1
6,26,1
6,27,4
6,28,4
6,29,4
6,30,4
7,0,3
7,1,3
7,2,3
7,3,1
7,4,1
7,5,4
7,6,4
7,7,4
7,8,3
7,9,3
7,10,3
7,11,3
7,12,2
7,13,2
7,14,2
7,15,2
7,16,2
7,17,4
7,18,4
7,19,4
7,20,4
7,21,4
7,22,4
7,23,4
7,24,4
7,25,4
7,26,4
7,27,4
7,28,4
7,29,4
7,30,4
8,0,3
8,1,3
8,2,3
8,3,4
8,4,4
8,5,4
8,6,4
8,7,4
8,8,3
8,9,3
8,10,3
8,11,3
8,12,1
8,13,1
8,14,2
8,15,2
8,16,4
8,17,4
8,18,4
8,19,4
8,20,4
8,21,4
8,22,4
8,23,4
8,24,4
8,25,4
8,26,4
8,27,4
8,28,4
8,29,4
8,30,4
9,0,3
9,1,3
9,2,4
9,3,4
9,4,4
9,5,4
9,6,4
9,7,4
9,8,4
9,9,3
9,10,3
9,11,1
9,12,1
9,13,1
9,14,1
9,15,4
9,16,4
9,17,4
9,18,4
9,19,4
9,20,4
9,21,3
9,22,3
9,23,3
9,24,3
9,25,3
9,26,3
9,27,3
9,28,3
9,29,3
9,30,3
10,0,3
10,1,3
10,2,4
10,3,4
10,4,4
10,5,4
10,6,4
10,7,4
10,8,4
10,9,3
10,10,3
10,11,1
10,12,1
10,13,1
10,14,1
10,15,4
10,16,4
10,17,4
10,18,4
10,19,3
10,20,3
10,21,3
10,22,3
10,23,3
10,24,3
10,25,3
10,26,3
10,27,3
10,28,3
10,29,3
10,30,3
11,0,3
11,1,3
11,2,4
11,3,4
11,4,4
11,5,4
11,6,4
11,7,4
11,8,3
11,9,3
11,10,3
11,11,3
11,12,1
11,13,1
11,14,1
11,15,1
11,16,4
11,17,4
11,18,3
11,19,3
11,20,3
11,21,3
11,22,3
11,23,1
11,24,1
11,25,3
11,26,3
11,27,3
11,28,3
11,29,4
11,30,4
12,0,3
12,1,3
12,2,3
12,3,4
12,4,4
12,5,4
12,6,4
12,7,3
12,8,3
12,9,3
12,10,3
12,11,3
12,12,1
12,13,1
12,14,1
12,15,1
12,16,1
12,17,3
12,18,3
12,19,3
12,20,3
12,21,3
12,22,1
12,23,1
12,24,1
12,25,1
12,26,3
12,27,3
12,28,4
12,29,4
12,30,4
13,0,3
13,1,3
13,2,3
13,3,3
13,4,3
13,5,3
13,6,3
13,7,3
13,8,3
13,9,3
13,10,3
13,11,4
13,12,4
13,13,1
13,14,1
13,15,1
13,16,1
13,17,3
13,18,3
13,19,3
13,20,2
13,21,2
13,22,1
13,23,1
13,24,1
13,25,1
13,26,3
13,27,3
13,28,4
13,29,4
13,30,4
14,0,3
14,1,3
14,2,3
14,3,3
14,4,3
14,5,3
14,6,3
14,7,3
14,8,3
14,9,3
14,10,4
14,11,4
14,12,4
14,13,4
14,14,1
14,15,1
14,16,3
14,17,3
14,18,3
14,19,2
14,20,2
14,21,2
14,22,2
14,23,1
14,24,1
14,25,3
14,26,3
14,27,3
14,28,4
14,29,4
14,30,4
15,0,3
15,1,3
15,2,3
15,3,3
15,4,1
15,5,1
15,6,1
15,7,1
15,8,1
15,9,1
15,10,4
15,11,4
15,12,4
15,13,4
15,14,4
15,15,4
15,16,3
15,17,3
15,18,3
15,19,2
15,20,2
15,21,2
15,22,2
15,23,2
15,24,2
15,25,3
15,26,3
15,27,3
15,28,4
15,29,4
15,30,4
16,0,3
16,1,3
16,2,3
16,3,1
16,4,1
16,5,1
16,6,1
16,7,1
16,8,1
16,9,1
16,10,1
16,11,4
16,12,4
16,13,4
16,14,4
16,15,4
16,16,4
16,17,3
16,18,3
16,19,3
16,20,2
16,21,2
16,22,2
16,23,2
16,24,2
16,25,2
16,26,3
16,27,3
16,28,4
16,29,4
16,30,4
17,0,3
17,1,3
17,2,3
17,3,1
17,4,1
17,5,1
17,6,1
17,7,1
17,8,1
17,9,1
17,10,1
17,11,2
17,12,2
17,13,4
17,14,4
17,15,4
17,16,4
17,17,3
17,18,3
17,19,3
17,20,2
17,21,2
17,22,2
17,23,2
17,24,2
17,25,2
17,26,3
17,27,3
17,28,3
17,29,4
17,30,4
18,0,3
18,1,3
18,2,3
18,3,1
18,4,1
18,5,1
18,6,1
18,7,1
18,8,1
18,9,1
18,10,2
18,11,2
18,12,2
18,13,2
18,14,4
18,15,4
18,16,3
18,17,3
18,18,3
18,19,3
18,20,2
18,21,2
18,22,2
18,23,2
18,24,2
18,25,2
18,26,3
18,27,3
18,28,3
18,29,3
18,30,3
19,0,3
19,1,3
19,2,2
19,3,2
19,4,1
19,5,1
19,6,1
19,7,1
19,8,1
19,9,1
19,10,2
19,11,2
19,12,2
19,13,2
19,14,4
19,15,4
19,16,3
19,17,3
19,18,3
19,19,3
19,20,2
19,21,2
19,22,2
19,23,2
19,24,2
19,25,4
19,26,4
19,27,3
19,28,3
19,29,3
19,30,3
20,0,2
20,1,2
20,2,2
20,3,2
20,4,2
20,5,2
20,6,2
20,7,1
20,8,1
20,9,1
20,10,1
20,11,2
20,12,2
20,13,4
20,14,4
20,15,4
20,16,4
20,17,3
20,18,3
20,19,1
20,20,1
20,21,2
20,22,2
20,23,4
20,24,4
20,25,4
20,26,4
20,27,4
20,28,4
20,29,4
20,30,4
21,0,2
21,1,2
21,2,2
21,3,2
21,4,2
21,5,2
21,6,2
21,7,2
21,8,1
21,9,1
21,10,1
21,11,1
21,12,1
21,13,4
21,14,4
21,15,4
21,16,4
21,17,4
21,18,1
21,19,1
21,20,1
21,21,1
21,22,4
21,23,4
21,24,4
21,25,4
21,26,4
21,27,4
21,28,4
21,29,4
21,30,4
22,0,1
22,1,1
22,2,1
22,3,1
22,4,2
22,5,2
22,6,2
22,7,2
22,8,2
22,9,1
22,10,1
22,11,1
22,12,1
22,13,1
22,14,4
22,15,4
22,16,4
22,17,4
22,18,1
22,19,1
22,20,1
22,21,1
22,22,4
22,23,4
22,24,4
22,25,4
22,26,4
22,27,4
22,28,1
22,29,1
22,30,1
23,0,1
23,1,1
23,2,1
23,3,1
23,4,1
23,5,2
23,6,2
23,7,2
23,8,2
23,9,1
23,10,1
23,11,1
23,12,1
23,13,1
23,14,4
23,15,4
23,16,4
23,17,4
23,18,4
23,19,1
23,20,1
23,21,4
23,22,4
23,23,4
23,24,4
23,25,4
23,26,4
23,27,1
23,28,1
23,29,1
23,30,1
24,0,4
24,1,4
24,2,1
24,3,1
24,4,1
24,5,1
24,6,2
24,7,2
24,8,3
24,9,3
24,10,1
24,11,1
24,12,1
24,13,1
24,14,4
24,15,4
24,16,4
24,17,4
24,18,4
24,19,4
24,20,4
24,21,4
24,22,4
24,23,4
24,24,4
24,25,4
24,26,4
24,27,1
24,28,1
24,29,1
24,30,1
25,0,4
25,1,4
25,2,4
25,3,1
25,4,1
25,5,1
25,6,1
25,7,3
25,8,3
25,9,3
25,10,3
25,11,1
25,12,1
25,13,1
25,14,1
25,15,4
25,16,4
25,17,4
25,18,4
25,19,4
25,20,4
25,21,4
25,22,4
25,23,4
25,24,4
25,25,4
25,26,4
25,27,4
25,28,1
25,29,1
25,30,1
26,0,4
26,1,4
26,2,4
26,3,1
26,4,1
26,5,1
26,6,1
26,7,3
26,8,3
26,9,3
26,10,3
26,11,1
26,12,1
26,13,1
26,14,1
26,15,4
26,16,4
26,17,4
26,18,4
26,19,4
26,20,4
26,21,4
26,22,4
26,23,4
26,24,4
26,25,4
26,26,4
26,27,4
26,28,4
26,29,4
26,30,4
27,0,4
27,1,4
27,2,3
27,3,3
27,4,1
27,5,1
27,6,3
27,7,3
27,8,3
27,9,3
27,10,2
27,11,2
27,12,1
27,13,1
27,14,2
27,15,2
27,16,4
27,17,4
27,18,1
27,19,1
27,20,4
27,21,4
27,22,4
27,23,4
27,24,4
27,25,4
27,26,4
27,27,4
27,28,4
27,29,4
27,30,4
28,0,3
28,1,3
28,2,3
28,3,3
28,4,3
28,5,3
28,6,3
28,7,3
28,8,3
28,9,2
28,10,2
28,11,2
28,12,2
28,13,2
28,14,2
28,15,2
28,16,2
28,17,1
28,18,1
28,19,1
28,20,1
28,21,4
28,22,4
28,23,4
28,24,4
28,25,3
28,26,3
28,27,4
28,28,4
28,29,4
28,30,4
29,0,3
29,1,3
29,2,3
29,3,3
29,4,3
29,5,3
29,6,3
29,7,3
29,8,3
29,9,2
29,10,2
29,11,2
29,12,2
29,13,2
29,14,2
29,15,2
29,16,2
29,17,1
29,18,1
29,19,1
29,20,1
29,21,4
29,22,4
29,23,4
29,24,3
29,25,3
29,26,3
29,27,3
29,28,4
29,29,4
29,30,4
30,0,3
30,1,3
30,2,3
30,3,3
30,4,3
30,5,3
30,6,3
30,7,3
30,8,3
30,9,2
30,10,2
30,11,2
30,12,2
30,13,2
30,14,2
30,15,2
30,16,2
30,17,1
30,18,1
30,19,1
30,20,1
30,21,4
30,22,4
30,23,4
30,24,3
30,25,3
30,26,3
30,27,3
30,28,4
30,29,4
30,30,4