4
4
3
3
2,12
12,22
27,12
27,22
2,3,1
1,3,1
0,2,2
0,1,1
0,0,4
0,1,4
0,2,4
0,3,4
0,4,4
0,5,4
0,6,1
0,7,1
0,8,4
0,9,4
0,10,4
0,11,4
0,12,4
0,13,4
0,14,4
0,15,3
0,16,3
0,17,4
0,18,4
0,19,4
0,20,4
0,21,3
0,22,3
0,23,3
0,24,3
0,25,1
0,26,1
0,27,2
0,28,2
0,29,2
0,30,2
1,0,4
1,1,4
1,2,4
1,3,4
1,4,4
1,5,4
1,6,1
1,7,1
1,8,4
1,9,4
1,10,4
1,11,4
1,12,4
1,13,4
1,14,4
1,15,3
1,16,3
1,17,4
1,18,4
1,19,4
1,20,4
1,21,3
1,22,3
1,23,3
1,24,3
1,25,1
1,26,1
1,27,2
1,28,2
1,29,2
1,30,2
2,0,4
2,1,4
2,2,4
2,3,4
2,4,4
2,5,1
2,6,1
2,7,1
2,8,4
2,9,4
2,10,4
2,11,4
2,12,4
2,13,4
2,14,4
2,15,3
2,16,3
2,17,3
2,18,4
2,19,4
2,20,2
2,21,2
2,22,3
2,23,3
2,24,3
2,25,1
2,26,1
2,27,2
2,28,2
2,29,2
2,30,2
3,0,4
3,1,4
3,2,4
3,3,4
3,4,1
3,5,1
3,6,1
3,7,1
3,8,4
3,9,4
3,10,4
3,11,4
3,12,4
3,13,4
3,14,4
3,15,3
3,16,3
3,17,3
3,18,3
3,19,2
3,20,2
3,21,2
3,22,2
3,23,3
3,24,3
3,25,1
3,26,1
3,27,1
3,28,2
3,29,2
3,30,2
4,0,4
4,1,4
4,2,4
4,3,1
4,4,1
4,5,1
4,6,1
4,7,4
4,8,4
4,9,4
4,10,4
4,11,4
4,12,4
4,13,4
4,14,4
4,15,4
4,16,3
4,17,3
4,18,3
4,19,2
4,20,2
4,21,2
4,22,2
4,23,3
4,24,3
4,25,1
4,26,1
4,27,1
4,28,1
4,29,1
4,30,1
5,0,2
5,1,2
5,2,2
5,3,1
5,4,1
5,5,1
5,6,1
5,7,4
5,8,4
5,9,4
5,10,4
5,11,2
5,12,2
5,13,4
5,14,4
5,15,4
5,16,3
5,17,3
5,18,3
5,19,3
5,20,2
5,21,2
5,22,2
5,23,3
5,24,3
5,25,3
5,26,1
5,27,1
5,28,1
5,29,1
5,30,1
6,0,2
6,1,2
6,2,2
6,3,2
6,4,1
6,5,1
6,6,2
6,7,2
6,8,4
6,9,4
6,10,2
6,11,2
6,12,2
6,13,2
6,14,4
6,15,4
6,16,3
6,17,3
6,18,3
6,19,3
6,20,2
6,21,2
6,22,2
6,23,3
6,24,3
6,25,3
6,26,3
6,27,3
6,28,3
6,29,3
6,30,3
7,0,2
7,1,2
7,2,2
7,3,2
7,4,2
7,5,2
7,6,2
7,7,2
7,8,2
7,9,2
7,10,2
7,11,2
7,12,2
7,13,2
7,14,4
7,15,4
7,16,3
7,17,3
7,18,3
7,19,3
7,20,2
7,21,2
7,22,2
7,23,2
7,24,3
7,25,3
7,26,3
7,27,3
7,28,3
7,29,3
7,30,3
8,0,1
8,1,1
8,2,2
8,3,2
8,4,2
8,5,2
8,6,2
8,7,2
8,8,2
8,9,2
8,10,2
8,11,2
8,12,2
8,13,4
8,14,4
8,15,4
8,16,4
8,17,3
8,18,3
8,19,4
8,20,4
8,21,2
8,22,2
8,23,2
8,24,2
8,25,2
8,26,2
8,27,2
8,28,2
8,29,3
8,30,3
9,0,1
9,1,1
9,2,1
9,3,1
9,4,1
9,5,1
9,6,1
9,7,1
9,8,1
9,9,2
9,10,2
9,11,4
9,12,4
9,13,4
9,14,4
9,15,4
9,16,4
9,17,4
9,18,4
9,19,4
9,20,4
9,21,4
9,22,2
9,23,2
9,24,2
9,25,2
9,26,2
9,27,2
9,28,2
9,29,2
9,30,2
10,0,1
10,1,1
10,2,1
10,3,1
10,4,1
10,5,1
10,6,1
10,7,1
10,8,1
10,9,1
10,10,4
10,11,4
10,12,4
10,13,4
10,14,4
10,15,4
10,16,4
10,17,4
10,18,4
10,19,4
10,20,4
10,21,4
10,22,4
10,23,4
10,24,4
10,25,4
10,26,4
10,27,2
10,28,2
10,29,2
10,30,2
11,0,3
11,1,3
11,2,3
11,3,3
11,4,3
11,5,3
11,6,3
11,7,1
11,8,1
11,9,1
11,10,4
11,11,4
11,12,4
11,13,1
11,14,1
11,15,4
11,16,4
11,17,3
11,18,3
11,19,4
11,20,4
11,21,4
11,22,4
11,23,4
11,24,4
11,25,4
11,26,4
11,27,4
11,28,4
11,29,4
11,30,4
12,0,3
12,1,3
12,2,3
12,3,3
12,4,3
12,5,3
12,6,3
12,7,3
12,8,1
12,9,1
12,10,4
12,11,4
12,12,1
12,13,1
12,14,1
12,15,1
12,16,3
12,17,3
12,18,3
12,19,3
12,20,4
12,21,4
12,22,4
12,23,4
12,24,4
12,25,4
12,26,4
12,27,4
12,28,4
12,29,4
12,30,4
13,0,4
13,1,4
13,2,3
13,3,3
13,4,3
13,5,3
13,6,3
13,7,3
13,8,1
13,9,1
13,10,4
13,11,4
13,12,1
13,13,1
13,14,1
13,15,1
13,16,3
13,17,3
13,18,3
13,19,3
13,20,4
13,21,4
13,22,4
13,23,4
13,24,4
13,25,4
13,26,4
13,27,1
13,28,1
13,29,4
13,30,4
14,0,4
14,1,4
14,2,4
14,3,3
14,4,3
14,5,3
14,6,3
14,7,3
14,8,1
14,9,1
14,10,4
14,11,4
14,12,1
14,13,1
14,14,1
14,15,1
14,16,1
14,17,3
14,18,3
14,19,4
14,20,4
14,21,4
14,22,4
14,23,4
14,24,4
14,25,4
14,26,1
14,27,1
14,28,1
14,29,1
14,30,1
15,0,4
15,1,4
15,2,4
15,3,3
15,4,3
15,5,3
15,6,3
15,7,3
15,8,1
15,9,1
15,10,4
15,11,4
15,12,4
15,13,1
15,14,1
15,15,1
15,16,1
15,17,2
15,18,2
15,19,4
15,20,4
15,21,4
15,22,4
15,23,4
15,24,4
15,25,4
15,26,1
15,27,1
15,28,1
15,29,1
15,30,1
16,0,4
16,1,4
16,2,3
16,3,3
16,4,3
16,5,3
16,6,3
16,7,1
16,8,1
16,9,1
16,10,4
16,11,4
16,12,4
16,13,4
16,14,1
16,15,1
16,16,2
16,17,2
16,18,2
16,19,2
16,20,4
16,21,4
16,22,4
16,23,4
16,24,4
16,25,4
16,26,4
16,27,1
16,28,1
16,29,4
16,30,4
17,0,4
17,1,4
17,2,3
17,3,3
17,4,3
17,5,4
17,6,4
17,7,1
17,8,1
17,9,1
17,10,4
17,11,4
17,12,4
17,13,4
17,14,4
17,15,4
17,16,2
17,17,2
17,18,2
17,19,2
17,20,2
17,21,4
17,22,4
17,23,4
17,24,4
17,25,4
17,26,4
17,27,4
17,28,4
17,29,4
17,30,4
18,0,4
18,1,4
18,2,3
18,3,3
18,4,4
18,5,4
18,6,4
18,7,4
18,8,1
18,9,1
18,10,1
18,11,4
18,12,4
18,13,4
18,14,4
18,15,4
18,16,4
18,17,2
18,18,2
18,19,2
18,20,2
18,21,4
18,22,4
18,23,4
18,24,4
18,25,4
18,26,4
18,27,4
18,28,4
18,29,4
18,30,4
19,0,4
19,1,4
19,2,3
19,3,3
19,4,4
19,5,4
19,6,4
19,7,4
19,8,1
19,9,1
19,10,1
19,11,1
19,12,1
19,13,1
19,14,4
19,15,4
19,16,4
19,17,4
19,18,2
19,19,2
19,20,4
19,21,4
19,22,4
19,23,4
19,24,4
19,25,1
19,26,1
19,27,4
19,28,4
19,29,4
19,30,4
20,0,4
20,1,4
20,2,3
20,3,3
20,4,3
20,5,4
20,6,4
20,7,1
20,8,1
20,9,1
20,10,1
20,11,1
20,12,1
20,13,1
20,14,1
20,15,4
20,16,4
20,17,4
20,18,4
20,19,4
20,20,4
20,21,4
20,22,4
20,23,4
20,24,1
20,25,1
20,26,1
20,27,1
20,28,4
20,29,4
20,30,4
21,0,4
21,1,4
21,2,3
21,3,3
21,4,3
21,5,4
21,6,4
21,7,1
21,8,1
21,9,1
21,10,2
21,11,2
21,12,1
21,13,1
21,14,1
21,15,1
21,16,4
21,17,4
21,18,4
21,19,4
21,20,4
21,21,4
21,22,3
21,23,3
21,24,1
21,25,1
21,26,1
21,27,1
21,28,3
21,29,3
21,30,3
22,0,4
22,1,4
22,2,3
22,3,3
22,4,3
22,5,4
22,6,4
22,7,1
22,8,1
22,9,2
22,10,2
22,11,2
22,12,2
22,13,1
22,14,1
22,15,1
22,16,1
22,17,4
22,18,4
22,19,4
22,20,4
22,21,3
22,22,3
22,23,3
22,24,3
22,25,1
22,26,1
22,27,3
22,28,3
22,29,3
22,30,3
23,0,4
23,1,4
23,2,3
23,3,3
23,4,3
23,5,4
23,6,4
23,7,1
23,8,1
23,9,2
23,10,2
23,11,2
23,12,2
23,13,2
23,14,1
23,15,1
23,16,1
23,17,4
23,18,4
23,19,4
23,20,4
23,21,3
23,22,3
23,23,3
23,24,3
23,25,1
23,26,1
23,27,3
23,28,3
23,29,3
23,30,3
24,0,4
24,1,4
24,2,4
24,3,3
24,4,3
24,5,4
24,6,4
24,7,1
24,8,1
24,9,1
24,10,2
24,11,2
24,12,2
24,13,2
24,14,1
24,15,1
24,16,1
24,17,1
24,18,4
24,19,4
24,20,4
24,21,3
24,22,3
24,23,3
24,24,3
24,25,1
24,26,1
24,27,1
24,28,3
24,29,3
24,30,3
25,0,4
25,1,4
25,2,4
25,3,3
25,4,3
25,5,4
25,6,4
25,7,1
25,8,1
25,9,1
25,10,2
25,11,2
25,12,2
25,13,2
25,14,2
25,15,1
25,16,1
25,17,1
25,18,4
25,19,4
25,20,3
25,21,3
25,22,3
25,23,3
25,24,3
25,25,1
25,26,1
25,27,1
25,28,3
25,29,3
25,30,3
26,0,4
26,1,4
26,2,3
26,3,3
26,4,3
26,5,4
26,6,4
26,7,1
26,8,1
26,9,1
26,10,2
26,11,2
26,12,2
26,13,2
26,14,2
26,15,2
26,16,1
26,17,1
26,18,4
26,19,4
26,20,3
26,21,3
26,22,3
26,23,3
26,24,3
26,25,3
26,26,1
26,27,1
26,28,3
26,29,3
26,30,3
27,0,2
27,1,2
27,2,3
27,3,3
27,4,3
27,5,4
27,6,4
27,7,1
27,8,1
27,9,1
27,10,2
27,11,2
27,12,2
27,13,2
27,14,2
27,15,2
27,16,1
27,17,1
27,18,4
27,19,4
27,20,3
27,21,3
27,22,3
27,23,3
27,24,3
27,25,3
27,26,1
27,27,1
27,28,1
27,29,3
27,30,3
28,0,2
28,1,2
28,2,2
28,3,3
28,4,3
28,5,4
28,6,4
28,7,1
28,8,1
28,9,2
28,10,2
28,11,2
28,12,2
28,13,2
28,14,2
28,15,1
28,16,1
28,17,1
28,18,4
28,19,4
28,20,3
28,21,3
28,22,3
28,23,3
28,24,3
28,25,3
28,26,1
28,27,1
28,28,1
28,29,4
28,30,4
29,0,2
29,1,2
29,2,2
29,3,3
29,4,3
29,5,4
29,6,4
29,7,1
29,8,1
29,9,2
29,10,2
29,11,2
29,12,2
29,13,2
29,14,2
29,15,1
29,16,1
29,17,1
29,18,4
29,19,4
29,20,3
29,21,3
29,22,3
29,23,3
29,24,3
29,25,3
29,26,1
29,27,1
29,28,4
29,29,4
29,30,4
30,0,2
30,1,2
30,2,2
30,3,3
30,4,3
30,5,4
30,6,4
30,7,1
30,8,1
30,9,2
30,10,2
30,11,2
30,12,2
30,13,2
30,14,2
30,15,1
30,16,1
30,17,1
30,18,4
30,19,4
30,20,3
30,21,3
30,22,3
30,23,3
30,24,3
30,25,3
30,26,1
30,27,1
30,28,4
30,29,4
30,30,4