4
4
9
3
7,7
7,22
22,7
22,27
2,3,4
1,2,2
0,1,3
0,2,3
0,0,4
0,1,4
0,2,4
0,3,4
0,4,4
0,5,4
0,6,4
0,7,4
0,8,1
0,9,1
0,10,1
0,11,1
0,12,4
0,13,4
0,14,4
0,15,4
0,16,4
0,17,4
0,18,1
0,19,1
0,20,1
0,21,1
0,22,4
0,23,4
0,24,3
0,25,3
0,26,3
0,27,3
0,28,1
0,29,1
0,30,1
1,0,4
1,1,4
1,2,4
1,3,4
1,4,4
1,5,4
1,6,4
1,7,4
1,8,1
1,9,1
1,10,1
1,11,1
1,12,4
1,13,4
1,14,4
1,15,4
1,16,4
1,17,4
1,18,1
1,19,1
1,20,1
1,21,1
1,22,4
1,23,4
1,24,3
1,25,3
1,26,3
1,27,3
1,28,1
1,29,1
1,30,1
2,0,4
2,1,4
2,2,4
2,3,4
2,4,4
2,5,4
2,6,4
2,7,2
2,8,2
2,9,1
2,10,1
2,11,3
2,12,3
2,13,4
2,14,4
2,15,4
2,16,4
2,17,1
2,18,1
2,19,1
2,20,1
2,21,4
2,22,4
2,23,4
2,24,3
2,25,3
2,26,3
2,27,3
2,28,1
2,29,1
2,30,1
3,0,4
3,1,4
3,2,4
3,3,4
3,4,4
3,5,4
3,6,2
3,7,2
3,8,2
3,9,2
3,10,3
3,11,3
3,12,3
3,13,3
3,14,4
3,15,4
3,16,1
3,17,1
3,18,1
3,19,1
3,20,4
3,21,4
3,22,4
3,23,4
3,24,4
3,25,3
3,26,3
3,27,1
3,28,1
3,29,1
3,30,1
4,0,4
4,1,4
4,2,4
4,3,4
4,4,4
4,5,2
4,6,2
4,7,2
4,8,2
4,9,2
4,10,3
4,11,3
4,12,3
4,13,3
4,14,2
4,15,2
4,16,1
4,17,1
4,18,1
4,19,4
4,20,4
4,21,4
4,22,4
4,23,4
4,24,4
4,25,4
4,26,4
4,27,1
4,28,1
4,29,1
4,30,1
5,0,4
5,1,4
5,2,4
5,3,2
5,4,2
5,5,2
5,6,2
5,7,2
5,8,2
5,9,2
5,10,2
5,11,3
5,12,3
5,13,2
5,14,2
5,15,2
5,16,2
5,17,1
5,18,1
5,19,4
5,20,4
5,21,4
5,22,4
5,23,4
5,24,4
5,25,4
5,26,4
5,27,4
5,28,1
5,29,1
5,30,1
6,0,4
6,1,4
6,2,2
6,3,2
6,4,2
6,5,2
6,6,2
6,7,2
6,8,2
6,9,2
6,10,2
6,11,1
6,12,1
6,13,2
6,14,2
6,15,2
6,16,2
6,17,1
6,18,1
6,19,4
6,20,4
6,21,4
6,22,4
6,23,4
6,24,4
6,25,4
6,26,4
6,27,4
6,28,1
6,29,1
6,30,1
7,0,4
7,1,4
7,2,2
7,3,2
7,4,2
7,5,2
7,6,2
7,7,2
7,8,2
7,9,2
7,10,1
7,11,1
7,12,1
7,13,1
7,14,2
7,15,2
7,16,1
7,17,1
7,18,1
7,19,4
7,20,4
7,21,4
7,22,4
7,23,4
7,24,4
7,25,4
7,26,4
7,27,4
7,28,4
7,29,1
7,30,1
8,0,4
8,1,4
8,2,4
8,3,2
8,4,2
8,5,2
8,6,2
8,7,2
8,8,2
8,9,2
8,10,1
8,11,1
8,12,1
8,13,1
8,14,1
8,15,1
8,16,1
8,17,1
8,18,1
8,19,4
8,20,4
8,21,4
8,22,4
8,23,4
8,24,4
8,25,4
8,26,4
8,27,4
8,28,4
8,29,1
8,30,1
9,0,4
9,1,4
9,2,4
9,3,4
9,4,4
9,5,2
9,6,2
9,7,2
9,8,2
9,9,2
9,10,2
9,11,1
9,12,1
9,13,1
9,14,1
9,15,1
9,16,1
9,17,1
9,18,2
9,19,2
9,20,4
9,21,4
9,22,4
9,23,4
9,24,4
9,25,4
9,26,4
9,27,4
9,28,4
9,29,1
9,30,1
10,0,4
10,1,4
10,2,4
10,3,4
10,4,4
10,5,4
10,6,4
10,7,4
10,8,2
10,9,2
10,10,2
10,11,2
10,12,2
10,13,2
10,14,2
10,15,2
10,16,2
10,17,2
10,18,2
10,19,2
10,20,2
10,21,2
10,22,2
10,23,4
10,24,4
10,25,4
10,26,4
10,27,4
10,28,1
10,29,1
10,30,1
11,0,4
11,1,4
11,2,4
11,3,4
11,4,4
11,5,4
11,6,4
11,7,4
11,8,4
11,9,2
11,10,2
11,11,2
11,12,2
11,13,2
11,14,2
11,15,2
11,16,2
11,17,2
11,18,2
11,19,2
11,20,2
11,21,2
11,22,2
11,23,2
11,24,4
11,25,4
11,26,1
11,27,1
11,28,1
11,29,1
11,30,1
12,0,4
12,1,4
12,2,4
12,3,4
12,4,4
12,5,4
12,6,4
12,7,4
12,8,4
12,9,3
12,10,3
12,11,2
12,12,2
12,13,4
12,14,4
12,15,4
12,16,4
12,17,4
12,18,4
12,19,4
12,20,4
12,21,2
12,22,2
12,23,2
12,24,2
12,25,1
12,26,1
12,27,1
12,28,1
12,29,1
12,30,1
13,0,4
13,1,4
13,2,4
13,3,4
13,4,4
13,5,4
13,6,4
13,7,4
13,8,3
13,9,3
13,10,3
13,11,3
13,12,4
13,13,4
13,14,4
13,15,4
13,16,4
13,17,4
13,18,4
13,19,4
13,20,4
13,21,4
13,22,2
13,23,2
13,24,2
13,25,1
13,26,1
13,27,1
13,28,1
13,29,3
13,30,3
14,0,4
14,1,4
14,2,4
14,3,4
14,4,4
14,5,4
14,6,4
14,7,4
14,8,3
14,9,3
14,10,3
14,11,3
14,12,4
14,13,4
14,14,4
14,15,3
14,16,3
14,17,3
14,18,4
14,19,4
14,20,4
14,21,4
14,22,2
14,23,2
14,24,2
14,25,2
14,26,1
14,27,1
14,28,3
14,29,3
14,30,3
15,0,4
15,1,4
15,2,4
15,3,4
15,4,4
15,5,4
15,6,4
15,7,4
15,8,3
15,9,3
15,10,3
15,11,3
15,12,4
15,13,4
15,14,3
15,15,3
15,16,3
15,17,3
15,18,3
15,19,4
15,20,4
15,21,1
15,22,1
15,23,2
15,24,2
15,25,2
15,26,1
15,27,1
15,28,3
15,29,3
15,30,3
16,0,4
16,1,4
16,2,4
16,3,2
16,4,2
16,5,4
16,6,4
16,7,4
16,8,4
16,9,3
16,10,3
16,11,4
16,12,4
16,13,4
16,14,3
16,15,3
16,16,3
16,17,3
16,18,3
16,19,1
16,20,1
16,21,1
16,22,1
16,23,1
16,24,2
16,25,2
16,26,1
16,27,1
16,28,3
16,29,3
16,30,3
17,0,4
17,1,4
17,2,2
17,3,2
17,4,2
17,5,2
17,6,4
17,7,4
17,8,4
17,9,4
17,10,4
17,11,4
17,12,4
17,13,4
17,14,3
17,15,3
17,16,3
17,17,3
17,18,1
17,19,1
17,20,1
17,21,1
17,22,1
17,23,1
17,24,2
17,25,2
17,26,1
17,27,1
17,28,3
17,29,3
17,30,3
18,0,2
18,1,2
18,2,2
18,3,2
18,4,2
18,5,2
18,6,4
18,7,4
18,8,4
18,9,4
18,10,4
18,11,4
18,12,4
18,13,4
18,14,3
18,15,3
18,16,3
18,17,3
18,18,1
18,19,1
18,20,1
18,21,1
18,22,1
18,23,2
18,24,2
18,25,2
18,26,1
18,27,1
18,28,1
18,29,3
18,30,3
19,0,2
19,1,2
19,2,2
19,3,2
19,4,2
19,5,3
19,6,3
19,7,4
19,8,4
19,9,4
19,10,4
19,11,4
19,12,4
19,13,3
19,14,3
19,15,3
19,16,3
19,17,4
19,18,4
19,19,1
19,20,1
19,21,1
19,22,2
19,23,2
19,24,2
19,25,2
19,26,1
19,27,1
19,28,1
19,29,1
19,30,1
20,0,2
20,1,2
20,2,2
20,3,3
20,4,3
20,5,3
20,6,3
20,7,3
20,8,3
20,9,3
20,10,3
20,11,3
20,12,3
20,13,3
20,14,3
20,15,3
20,16,4
20,17,4
20,18,4
20,19,4
20,20,4
20,21,4
20,22,2
20,23,2
20,24,2
20,25,1
20,26,1
20,27,1
20,28,1
20,29,1
20,30,1
21,0,2
21,1,2
21,2,3
21,3,3
21,4,3
21,5,3
21,6,3
21,7,3
21,8,3
21,9,3
21,10,3
21,11,3
21,12,3
21,13,3
21,14,3
21,15,4
21,16,4
21,17,4
21,18,4
21,19,4
21,20,4
21,21,4
21,22,4
21,23,2
21,24,2
21,25,1
21,26,1
21,27,1
21,28,1
21,29,1
21,30,1
22,0,2
22,1,2
22,2,3
22,3,3
22,4,3
22,5,3
22,6,3
22,7,3
22,8,3
22,9,3
22,10,3
22,11,4
22,12,4
22,13,4
22,14,4
22,15,4
22,16,4
22,17,4
22,18,1
22,19,1
22,20,4
22,21,4
22,22,4
22,23,2
22,24,2
22,25,1
22,26,1
22,27,1
22,28,1
22,29,1
22,30,1
23,0,2
23,1,2
23,2,3
23,3,3
23,4,3
23,5,3
23,6,3
23,7,3
23,8,3
23,9,3
23,10,4
23,11,4
23,12,4
23,13,4
23,14,4
23,15,4
23,16,4
23,17,1
23,18,1
23,19,1
23,20,1
23,21,4
23,22,4
23,23,2
23,24,2
23,25,1
23,26,1
23,27,1
23,28,1
23,29,1
23,30,1
24,0,2
24,1,2
24,2,2
24,3,3
24,4,3
24,5,3
24,6,3
24,7,3
24,8,3
24,9,3
24,10,4
24,11,4
24,12,4
24,13,4
24,14,4
24,15,4
24,16,4
24,17,1
24,18,1
24,19,1
24,20,1
24,21,4
24,22,4
24,23,2
24,24,2
24,25,1
24,26,1
24,27,1
24,28,1
24,29,1
24,30,1
25,0,2
25,1,2
25,2,2
25,3,1
25,4,1
25,5,3
25,6,3
25,7,3
25,8,3
25,9,3
25,10,3
25,11,4
25,12,4
25,13,4
25,14,4
25,15,4
25,16,4
25,17,4
25,18,1
25,19,1
25,20,4
25,21,4
25,22,4
25,23,2
25,24,2
25,25,1
25,26,1
25,27,1
25,28,2
25,29,2
25,30,2
26,0,2
26,1,2
26,2,1
26,3,1
26,4,1
26,5,1
26,6,1
26,7,1
26,8,3
26,9,3
26,10,3
26,11,3
26,12,4
26,13,4
26,14,4
26,15,4
26,16,4
26,17,4
26,18,4
26,19,4
26,20,4
26,21,4
26,22,4
26,23,2
26,24,2
26,25,1
26,26,1
26,27,2
26,28,2
26,29,2
26,30,2
27,0,1
27,1,1
27,2,1
27,3,1
27,4,1
27,5,1
27,6,1
27,7,1
27,8,1
27,9,3
27,10,3
27,11,3
27,12,4
27,13,4
27,14,4
27,15,4
27,16,4
27,17,4
27,18,4
27,19,4
27,20,4
27,21,4
27,22,2
27,23,2
27,24,2
27,25,1
27,26,1
27,27,2
27,28,2
27,29,2
27,30,2
28,0,1
28,1,1
28,2,1
28,3,1
28,4,4
28,5,4
28,6,1
28,7,1
28,8,1
28,9,3
28,10,3
28,11,4
28,12,4
28,13,4
28,14,4
28,15,4
28,16,4
28,17,4
28,18,4
28,19,4
28,20,4
28,21,4
28,22,2
28,23,2
28,24,2
28,25,1
28,26,1
28,27,2
28,28,2
28,29,2
28,30,2
29,0,4
29,1,4
29,2,4
29,3,4
29,4,4
29,5,4
29,6,4
29,7,1
29,8,1
29,9,3
29,10,3
29,11,4
29,12,4
29,13,4
29,14,4
29,15,4
29,16,4
29,17,4
29,18,4
29,19,4
29,20,4
29,21,4
29,22,2
29,23,2
29,24,1
29,25,1
29,26,1
29,27,1
29,28,2
29,29,2
29,30,2
30,0,4
30,1,4
30,2,4
30,3,4
30,4,4
30,5,4
30,6,4
30,7,1
30,8,1
30,9,3
30,10,3
30,11,4
30,12,4
30,13,4
30,14,4
30,15,4
30,16,4
30,17,4
30,18,4
30,19,4
30,20,4
30,21,4
30,22,2
30,23,2
30,24,1
30,25,1
30,26,1
30,27,1
30,28,2
30,29,2
30,30,2