4
4
6
3
2,7
12,17
17,7
27,17
2,3,2
1,3,2
0,2,4
0,1,2
0,0,4
0,1,4
0,2,1
0,3,1
0,4,1
0,5,3
0,6,3
0,7,3
0,8,3
0,9,3
0,10,4
0,11,4
0,12,4
0,13,4
0,14,4
0,15,4
0,16,4
0,17,4
0,18,1
0,19,1
0,20,1
0,21,1
0,22,4
0,23,4
0,24,4
0,25,4
0,26,4
0,27,3
0,28,3
0,29,3
0,30,3
1,0,4
1,1,4
1,2,1
1,3,1
1,4,1
1,5,3
1,6,3
1,7,3
1,8,3
1,9,3
1,10,4
1,11,4
1,12,4
1,13,4
1,14,4
1,15,4
1,16,4
1,17,4
1,18,1
1,19,1
1,20,1
1,21,1
1,22,4
1,23,4
1,24,4
1,25,4
1,26,4
1,27,3
1,28,3
1,29,3
1,30,3
2,0,4
2,1,4
2,2,1
2,3,1
2,4,1
2,5,3
2,6,3
2,7,3
2,8,3
2,9,3
2,10,3
2,11,4
2,12,4
2,13,4
2,14,4
2,15,4
2,16,4
2,17,1
2,18,1
2,19,1
2,20,1
2,21,3
2,22,3
2,23,4
2,24,4
2,25,4
2,26,4
2,27,3
2,28,3
2,29,3
2,30,3
3,0,4
3,1,4
3,2,1
3,3,1
3,4,3
3,5,3
3,6,3
3,7,3
3,8,3
3,9,3
3,10,3
3,11,3
3,12,3
3,13,4
3,14,4
3,15,4
3,16,1
3,17,1
3,18,1
3,19,1
3,20,3
3,21,3
3,22,3
3,23,3
3,24,4
3,25,4
3,26,4
3,27,3
3,28,3
3,29,3
3,30,3
4,0,4
4,1,4
4,2,1
4,3,1
4,4,3
4,5,3
4,6,3
4,7,3
4,8,3
4,9,3
4,10,3
4,11,3
4,12,3
4,13,3
4,14,4
4,15,4
4,16,1
4,17,1
4,18,1
4,19,1
4,20,3
4,21,3
4,22,3
4,23,3
4,24,3
4,25,4
4,26,4
4,27,4
4,28,3
4,29,3
4,30,3
5,0,4
5,1,4
5,2,1
5,3,1
5,4,1
5,5,3
5,6,3
5,7,4
5,8,4
5,9,4
5,10,4
5,11,3
5,12,3
5,13,3
5,14,4
5,15,4
5,16,4
5,17,1
5,18,1
5,19,4
5,20,4
5,21,3
5,22,3
5,23,3
5,24,3
5,25,4
5,26,4
5,27,4
5,28,4
5,29,4
5,30,4
6,0,4
6,1,4
6,2,1
6,3,1
6,4,1
6,5,1
6,6,4
6,7,4
6,8,4
6,9,4
6,10,4
6,11,4
6,12,3
6,13,3
6,14,4
6,15,4
6,16,4
6,17,4
6,18,4
6,19,4
6,20,4
6,21,4
6,22,3
6,23,3
6,24,4
6,25,4
6,26,4
6,27,4
6,28,4
6,29,4
6,30,4
7,0,4
7,1,4
7,2,4
7,3,1
7,4,1
7,5,1
7,6,4
7,7,4
7,8,4
7,9,4
7,10,4
7,11,4
7,12,3
7,13,3
7,14,4
7,15,4
7,16,4
7,17,4
7,18,4
7,19,4
7,20,4
7,21,4
7,22,2
7,23,2
7,24,4
7,25,4
7,26,4
7,27,4
7,28,2
7,29,2
7,30,2
8,0,4
8,1,4
8,2,4
8,3,1
8,4,1
8,5,1
8,6,4
8,7,4
8,8,4
8,9,4
8,10,4
8,11,3
8,12,3
8,13,3
8,14,4
8,15,4
8,16,4
8,17,4
8,18,4
8,19,4
8,20,4
8,21,2
8,22,2
8,23,2
8,24,2
8,25,4
8,26,4
8,27,2
8,28,2
8,29,2
8,30,2
9,0,4
9,1,4
9,2,4
9,3,1
9,4,1
9,5,1
9,6,1
9,7,4
9,8,4
9,9,4
9,10,3
9,11,3
9,12,3
9,13,3
9,14,3
9,15,4
9,16,4
9,17,3
9,18,3
9,19,3
9,20,3
9,21,2
9,22,2
9,23,2
9,24,2
9,25,2
9,26,2
9,27,2
9,28,2
9,29,2
9,30,2
10,0,4
10,1,4
10,2,4
10,3,1
10,4,1
10,5,1
10,6,1
10,7,4
10,8,4
10,9,4
10,10,3
10,11,3
10,12,3
10,13,3
10,14,3
10,15,3
10,16,3
10,17,3
10,18,3
10,19,3
10,20,3
10,21,3
10,22,2
10,23,2
10,24,2
10,25,2
10,26,2
10,27,2
10,28,2
10,29,1
10,30,1
11,0,4
11,1,4
11,2,3
11,3,3
11,4,1
11,5,1
11,6,4
11,7,4
11,8,4
11,9,4
11,10,4
11,11,3
11,12,3
11,13,3
11,14,3
11,15,3
11,16,3
11,17,3
11,18,3
11,19,3
11,20,3
11,21,3
11,22,1
11,23,1
11,24,1
11,25,1
11,26,1
11,27,1
11,28,1
11,29,1
11,30,1
12,0,3
12,1,3
12,2,3
12,3,3
12,4,3
12,5,4
12,6,4
12,7,4
12,8,4
12,9,4
12,10,4
12,11,4
12,12,3
12,13,3
12,14,3
12,15,3
12,16,3
12,17,3
12,18,3
12,19,3
12,20,3
12,21,1
12,22,1
12,23,1
12,24,1
12,25,1
12,26,1
12,27,1
12,28,1
12,29,1
12,30,1
13,0,3
13,1,3
13,2,3
13,3,3
13,4,3
13,5,4
13,6,4
13,7,4
13,8,4
13,9,4
13,10,4
13,11,4
13,12,3
13,13,3
13,14,3
13,15,3
13,16,3
13,17,3
13,18,3
13,19,3
13,20,3
13,21,1
13,22,1
13,23,1
13,24,1
13,25,4
13,26,4
13,27,4
13,28,4
13,29,4
13,30,4
14,0,4
14,1,4
14,2,3
14,3,3
14,4,2
14,5,2
14,6,4
14,7,4
14,8,4
14,9,4
14,10,4
14,11,4
14,12,4
14,13,3
14,14,3
14,15,3
14,16,3
14,17,3
14,18,3
14,19,3
14,20,4
14,21,4
14,22,1
14,23,1
14,24,4
14,25,4
14,26,4
14,27,4
14,28,4
14,29,4
14,30,4
15,0,4
15,1,4
15,2,4
15,3,2
15,4,2
15,5,2
15,6,2
15,7,2
15,8,2
15,9,2
15,10,4
15,11,4
15,12,4
15,13,4
15,14,4
15,15,3
15,16,3
15,17,3
15,18,4
15,19,4
15,20,4
15,21,4
15,22,4
15,23,4
15,24,4
15,25,4
15,26,4
15,27,4
15,28,4
15,29,4
15,30,4
16,0,4
16,1,4
16,2,4
16,3,2
16,4,2
16,5,2
16,6,2
16,7,2
16,8,2
16,9,2
16,10,2
16,11,4
16,12,4
16,13,4
16,14,4
16,15,4
16,16,4
16,17,4
16,18,4
16,19,4
16,20,4
16,21,4
16,22,4
16,23,4
16,24,4
16,25,4
16,26,4
16,27,4
16,28,4
16,29,4
16,30,4
17,0,4
17,1,4
17,2,4
17,3,2
17,4,2
17,5,2
17,6,2
17,7,2
17,8,2
17,9,2
17,10,2
17,11,3
17,12,3
17,13,4
17,14,4
17,15,4
17,16,4
17,17,4
17,18,4
17,19,4
17,20,4
17,21,4
17,22,1
17,23,1
17,24,1
17,25,1
17,26,1
17,27,1
17,28,1
17,29,1
17,30,1
18,0,4
18,1,4
18,2,2
18,3,2
18,4,2
18,5,2
18,6,2
18,7,2
18,8,2
18,9,2
18,10,3
18,11,3
18,12,3
18,13,3
18,14,3
18,15,4
18,16,4
18,17,4
18,18,4
18,19,4
18,20,4
18,21,1
18,22,1
18,23,1
18,24,1
18,25,1
18,26,1
18,27,1
18,28,1
18,29,1
18,30,1
19,0,3
19,1,3
19,2,2
19,3,2
19,4,2
19,5,2
19,6,2
19,7,2
19,8,2
19,9,2
19,10,3
19,11,3
19,12,3
19,13,3
19,14,3
19,15,3
19,16,4
19,17,4
19,18,4
19,19,4
19,20,1
19,21,1
19,22,1
19,23,1
19,24,3
19,25,3
19,26,3
19,27,3
19,28,3
19,29,1
19,30,1
20,0,3
20,1,3
20,2,3
20,3,2
20,4,2
20,5,2
20,6,2
20,7,2
20,8,2
20,9,2
20,10,2
20,11,3
20,12,3
20,13,3
20,14,3
20,15,3
20,16,3
20,17,4
20,18,4
20,19,1
20,20,1
20,21,1
20,22,1
20,23,3
20,24,3
20,25,3
20,26,3
20,27,3
20,28,3
20,29,3
20,30,3
21,0,3
21,1,3
21,2,3
21,3,1
21,4,1
21,5,1
21,6,2
21,7,2
21,8,2
21,9,2
21,10,2
21,11,4
21,12,4
21,13,3
21,14,3
21,15,3
21,16,3
21,17,3
21,18,1
21,19,1
21,20,1
21,21,1
21,22,1
21,23,3
21,24,3
21,25,3
21,26,3
21,27,3
21,28,3
21,29,3
21,30,3
22,0,3
22,1,3
22,2,1
22,3,1
22,4,1
22,5,1
22,6,1
22,7,2
22,8,2
22,9,2
22,10,4
22,11,4
22,12,4
22,13,4
22,14,3
22,15,3
22,16,3
22,17,3
22,18,1
22,19,1
22,20,1
22,21,1
22,22,4
22,23,4
22,24,3
22,25,3
22,26,3
22,27,3
22,28,3
22,29,3
22,30,3
23,0,1
23,1,1
23,2,1
23,3,1
23,4,1
23,5,1
23,6,1
23,7,4
23,8,4
23,9,4
23,10,4
23,11,4
23,12,4
23,13,4
23,14,3
23,15,3
23,16,3
23,17,3
23,18,3
23,19,1
23,20,1
23,21,4
23,22,4
23,23,4
23,24,4
23,25,3
23,26,3
23,27,2
23,28,2
23,29,2
23,30,2
24,0,1
24,1,1
24,2,1
24,3,1
24,4,1
24,5,1
24,6,4
24,7,4
24,8,4
24,9,4
24,10,4
24,11,4
24,12,4
24,13,3
24,14,3
24,15,3
24,16,3
24,17,3
24,18,3
24,19,3
24,20,4
24,21,4
24,22,4
24,23,4
24,24,4
24,25,2
24,26,2
24,27,2
24,28,2
24,29,2
24,30,2
25,0,4
25,1,4
25,2,4
25,3,4
25,4,4
25,5,4
25,6,4
25,7,4
25,8,4
25,9,4
25,10,4
25,11,4
25,12,4
25,13,3
25,14,3
25,15,3
25,16,3
25,17,3
25,18,3
25,19,3
25,20,4
25,21,4
25,22,4
25,23,4
25,24,2
25,25,2
25,26,2
25,27,2
25,28,2
25,29,2
25,30,2
26,0,4
26,1,4
26,2,4
26,3,4
26,4,4
26,5,4
26,6,4
26,7,4
26,8,3
26,9,3
26,10,4
26,11,4
26,12,1
26,13,1
26,14,3
26,15,3
26,16,3
26,17,3
26,18,3
26,19,3
26,20,4
26,21,4
26,22,4
26,23,4
26,24,2
26,25,2
26,26,2
26,27,2
26,28,2
26,29,2
26,30,2
27,0,4
27,1,4
27,2,4
27,3,4
27,4,3
27,5,3
27,6,3
27,7,3
27,8,3
27,9,3
27,10,3
27,11,1
27,12,1
27,13,1
27,14,1
27,15,3
27,16,3
27,17,3
27,18,3
27,19,3
27,20,4
27,21,4
27,22,4
27,23,4
27,24,2
27,25,2
27,26,2
27,27,2
27,28,2
27,29,4
27,30,4
28,0,4
28,1,4
28,2,4
28,3,3
28,4,3
28,5,3
28,6,3
28,7,3
28,8,3
28,9,3
28,10,3
28,11,1
28,12,1
28,13,1
28,14,1
28,15,3
28,16,3
28,17,3
28,18,3
28,19,3
28,20,3
28,21,4
28,22,4
28,23,1
28,24,1
28,25,2
28,26,2
28,27,4
28,28,4
28,29,4
28,30,4
29,0,4
29,1,4
29,2,4
29,3,3
29,4,3
29,5,3
29,6,3
29,7,3
29,8,3
29,9,3
29,10,1
29,11,1
29,12,1
29,13,1
29,14,3
29,15,3
29,16,3
29,17,3
29,18,3
29,19,3
29,20,3
29,21,3
29,22,1
29,23,1
29,24,1
29,25,1
29,26,4
29,27,4
29,28,4
29,29,4
29,30,4
30,0,4
30,1,4
30,2,4
30,3,3
30,4,3
30,5,3
30,6,3
30,7,3
30,8,3
30,9,3
30,10,1
30,11,1
30,12,1
30,13,1
30,14,3
30,15,3
30,16,3
30,17,3
30,18,3
30,19,3
30,20,3
30,21,3
30,22,1
30,23,1
30,24,1
30,25,1
30,26,4
30,27,4
30,28,4
30,29,4
30,30,4