4
4
6
0
7,17
12,2
27,2
27,17
0,3,2
1,2,1
1,3,3
2,3,4
0,0,4
0,1,4
0,2,4
0,3,2
0,4,2
0,5,3
0,6,3
0,7,4
0,8,4
0,9,4
0,10,4
0,11,1
0,12,1
0,13,4
0,14,4
0,15,4
0,16,4
0,17,4
0,18,4
0,19,4
0,20,4
0,21,1
0,22,1
0,23,1
0,24,1
0,25,3
0,26,3
0,27,3
0,28,3
0,29,3
0,30,3
1,0,4
1,1,4
1,2,4
1,3,2
1,4,2
1,5,3
1,6,3
1,7,4
1,8,4
1,9,4
1,10,4
1,11,1
1,12,1
1,13,4
1,14,4
1,15,4
1,16,4
1,17,4
1,18,4
1,19,4
1,20,4
1,21,1
1,22,1
1,23,1
1,24,1
1,25,3
1,26,3
1,27,3
1,28,3
1,29,3
1,30,3
2,0,4
2,1,4
2,2,2
2,3,2
2,4,2
2,5,3
2,6,3
2,7,3
2,8,4
2,9,4
2,10,1
2,11,1
2,12,1
2,13,4
2,14,4
2,15,4
2,16,4
2,17,4
2,18,4
2,19,4
2,20,4
2,21,4
2,22,1
2,23,1
2,24,3
2,25,3
2,26,3
2,27,3
2,28,3
2,29,3
2,30,3
3,0,2
3,1,2
3,2,2
3,3,2
3,4,2
3,5,3
3,6,3
3,7,3
3,8,2
3,9,2
3,10,1
3,11,1
3,12,1
3,13,1
3,14,4
3,15,4
3,16,4
3,17,4
3,18,4
3,19,4
3,20,4
3,21,4
3,22,2
3,23,2
3,24,3
3,25,3
3,26,3
3,27,3
3,28,3
3,29,2
3,30,2
4,0,2
4,1,2
4,2,2
4,3,2
4,4,3
4,5,3
4,6,3
4,7,2
4,8,2
4,9,2
4,10,2
4,11,1
4,12,1
4,13,1
4,14,1
4,15,4
4,16,4
4,17,4
4,18,4
4,19,4
4,20,4
4,21,2
4,22,2
4,23,2
4,24,2
4,25,3
4,26,3
4,27,2
4,28,2
4,29,2
4,30,2
5,0,2
5,1,2
5,2,2
5,3,3
5,4,3
5,5,3
5,6,3
5,7,2
5,8,2
5,9,2
5,10,2
5,11,1
5,12,1
5,13,1
5,14,1
5,15,3
5,16,3
5,17,3
5,18,3
5,19,3
5,20,3
5,21,2
5,22,2
5,23,2
5,24,2
5,25,2
5,26,2
5,27,2
5,28,2
5,29,2
5,30,2
6,0,4
6,1,4
6,2,4
6,3,3
6,4,3
6,5,3
6,6,3
6,7,3
6,8,2
6,9,2
6,10,1
6,11,1
6,12,1
6,13,1
6,14,3
6,15,3
6,16,3
6,17,3
6,18,3
6,19,3
6,20,3
6,21,3
6,22,2
6,23,2
6,24,2
6,25,2
6,26,2
6,27,2
6,28,2
6,29,2
6,30,2
7,0,4
7,1,4
7,2,4
7,3,4
7,4,3
7,5,3
7,6,3
7,7,3
7,8,1
7,9,1
7,10,1
7,11,1
7,12,1
7,13,3
7,14,3
7,15,3
7,16,3
7,17,3
7,18,3
7,19,3
7,20,3
7,21,3
7,22,3
7,23,3
7,24,3
7,25,3
7,26,3
7,27,3
7,28,3
7,29,3
7,30,3
8,0,4
8,1,4
8,2,4
8,3,4
8,4,3
8,5,3
8,6,3
8,7,1
8,8,1
8,9,1
8,10,1
8,11,1
8,12,3
8,13,3
8,14,3
8,15,3
8,16,3
8,17,3
8,18,3
8,19,3
8,20,3
8,21,3
8,22,3
8,23,3
8,24,3
8,25,3
8,26,3
8,27,3
8,28,3
8,29,3
8,30,3
9,0,4
9,1,4
9,2,4
9,3,3
9,4,3
9,5,3
9,6,1
9,7,1
9,8,1
9,9,1
9,10,1
9,11,1
9,12,3
9,13,3
9,14,3
9,15,3
9,16,3
9,17,3
9,18,3
9,19,3
9,20,3
9,21,3
9,22,2
9,23,2
9,24,2
9,25,2
9,26,2
9,27,2
9,28,2
9,29,2
9,30,2
10,0,3
10,1,3
10,2,3
10,3,3
10,4,3
10,5,3
10,6,1
10,7,1
10,8,1
10,9,1
10,10,1
10,11,3
10,12,3
10,13,3
10,14,3
10,15,3
10,16,3
10,17,4
10,18,4
10,19,3
10,20,3
10,21,2
10,22,2
10,23,2
10,24,2
10,25,2
10,26,2
10,27,2
10,28,2
10,29,2
10,30,2
11,0,3
11,1,3
11,2,3
11,3,3
11,4,3
11,5,3
11,6,3
11,7,1
11,8,1
11,9,4
11,10,4
11,11,3
11,12,3
11,13,3
11,14,3
11,15,3
11,16,4
11,17,4
11,18,4
11,19,4
11,20,2
11,21,2
11,22,2
11,23,2
11,24,1
11,25,1
11,26,1
11,27,2
11,28,2
11,29,4
11,30,4
12,0,3
12,1,3
12,2,3
12,3,3
12,4,3
12,5,3
12,6,3
12,7,4
12,8,4
12,9,4
12,10,4
12,11,4
12,12,3
12,13,3
12,14,4
12,15,4
12,16,4
12,17,4
12,18,4
12,19,4
12,20,2
12,21,2
12,22,2
12,23,1
12,24,1
12,25,1
12,26,1
12,27,1
12,28,4
12,29,4
12,30,4
13,0,3
13,1,3
13,2,3
13,3,3
13,4,3
13,5,3
13,6,4
13,7,4
13,8,4
13,9,4
13,10,4
13,11,4
13,12,4
13,13,4
13,14,4
13,15,4
13,16,4
13,17,4
13,18,4
13,19,2
13,20,2
13,21,2
13,22,1
13,23,1
13,24,1
13,25,1
13,26,1
13,27,1
13,28,4
13,29,4
13,30,4
14,0,3
14,1,3
14,2,3
14,3,3
14,4,3
14,5,3
14,6,4
14,7,4
14,8,4
14,9,4
14,10,4
14,11,4
14,12,4
14,13,4
14,14,4
14,15,4
14,16,4
14,17,4
14,18,4
14,19,2
14,20,2
14,21,2
14,22,1
14,23,1
14,24,1
14,25,1
14,26,1
14,27,1
14,28,1
14,29,4
14,30,4
15,0,3
15,1,3
15,2,3
15,3,3
15,4,3
15,5,3
15,6,4
15,7,4
15,8,4
15,9,3
15,10,3
15,11,4
15,12,4
15,13,2
15,14,2
15,15,4
15,16,4
15,17,4
15,18,4
15,19,2
15,20,2
15,21,2
15,22,2
15,23,1
15,24,1
15,25,1
15,26,1
15,27,1
15,28,1
15,29,1
15,30,1
16,0,3
16,1,3
16,2,3
16,3,3
16,4,3
16,5,4
16,6,4
16,7,4
16,8,3
16,9,3
16,10,3
16,11,3
16,12,2
16,13,2
16,14,2
16,15,2
16,16,4
16,17,4
16,18,4
16,19,4
16,20,2
16,21,2
16,22,2
16,23,2
16,24,2
16,25,2
16,26,2
16,27,1
16,28,1
16,29,1
16,30,1
17,0,3
17,1,3
17,2,3
17,3,2
17,4,2
17,5,4
17,6,4
17,7,4
17,8,3
17,9,3
17,10,3
17,11,3
17,12,2
17,13,2
17,14,2
17,15,2
17,16,2
17,17,4
17,18,4
17,19,4
17,20,4
17,21,2
17,22,2
17,23,2
17,24,2
17,25,2
17,26,2
17,27,2
17,28,1
17,29,1
17,30,1
18,0,2
18,1,2
18,2,2
18,3,2
18,4,2
18,5,2
18,6,4
18,7,4
18,8,4
18,9,3
18,10,3
18,11,1
18,12,1
18,13,2
18,14,2
18,15,2
18,16,2
18,17,2
18,18,4
18,19,4
18,20,4
18,21,4
18,22,2
18,23,2
18,24,2
18,25,2
18,26,2
18,27,2
18,28,1
18,29,1
18,30,1
19,0,2
19,1,2
19,2,2
19,3,2
19,4,2
19,5,2
19,6,4
19,7,4
19,8,4
19,9,1
19,10,1
19,11,1
19,12,1
19,13,1
19,14,1
19,15,2
19,16,2
19,17,2
19,18,2
19,19,4
19,20,4
19,21,4
19,22,4
19,23,2
19,24,2
19,25,2
19,26,2
19,27,2
19,28,2
19,29,1
19,30,1
20,0,4
20,1,4
20,2,4
20,3,2
20,4,2
20,5,4
20,6,4
20,7,4
20,8,1
20,9,1
20,10,1
20,11,1
20,12,1
20,13,1
20,14,1
20,15,1
20,16,2
20,17,2
20,18,2
20,19,4
20,20,4
20,21,4
20,22,4
20,23,1
20,24,1
20,25,1
20,26,2
20,27,2
20,28,2
20,29,2
20,30,2
21,0,4
21,1,4
21,2,4
21,3,4
21,4,4
21,5,4
21,6,4
21,7,4
21,8,1
21,9,1
21,10,1
21,11,2
21,12,2
21,13,1
21,14,1
21,15,1
21,16,2
21,17,2
21,18,2
21,19,2
21,20,4
21,21,4
21,22,1
21,23,1
21,24,1
21,25,1
21,26,1
21,27,2
21,28,2
21,29,2
21,30,2
22,0,4
22,1,4
22,2,4
22,3,4
22,4,4
22,5,4
22,6,4
22,7,1
22,8,1
22,9,1
22,10,2
22,11,2
22,12,2
22,13,2
22,14,1
22,15,1
22,16,2
22,17,2
22,18,2
22,19,2
22,20,4
22,21,4
22,22,1
22,23,1
22,24,1
22,25,1
22,26,1
22,27,4
22,28,4
22,29,2
22,30,2
23,0,4
23,1,4
23,2,4
23,3,4
23,4,3
23,5,3
23,6,3
23,7,1
23,8,1
23,9,1
23,10,2
23,11,2
23,12,2
23,13,2
23,14,1
23,15,1
23,16,1
23,17,2
23,18,2
23,19,4
23,20,4
23,21,4
23,22,4
23,23,1
23,24,1
23,25,1
23,26,4
23,27,4
23,28,4
23,29,4
23,30,4
24,0,4
24,1,4
24,2,3
24,3,3
24,4,3
24,5,3
24,6,3
24,7,3
24,8,1
24,9,1
24,10,1
24,11,2
24,12,2
24,13,1
24,14,1
24,15,1
24,16,1
24,17,1
24,18,1
24,19,4
24,20,4
24,21,4
24,22,4
24,23,3
24,24,3
24,25,3
24,26,4
24,27,4
24,28,4
24,29,4
24,30,4
25,0,3
25,1,3
25,2,3
25,3,3
25,4,3
25,5,3
25,6,3
25,7,3
25,8,1
25,9,1
25,10,1
25,11,1
25,12,1
25,13,1
25,14,1
25,15,1
25,16,1
25,17,1
25,18,1
25,19,1
25,20,4
25,21,4
25,22,3
25,23,3
25,24,3
25,25,3
25,26,3
25,27,4
25,28,4
25,29,4
25,30,4
26,0,3
26,1,3
26,2,3
26,3,3
26,4,3
26,5,3
26,6,3
26,7,3
26,8,1
26,9,1
26,10,1
26,11,1
26,12,1
26,13,1
26,14,1
26,15,1
26,16,1
26,17,1
26,18,1
26,19,1
26,20,4
26,21,4
26,22,3
26,23,3
26,24,3
26,25,3
26,26,3
26,27,4
26,28,4
26,29,4
26,30,4
27,0,3
27,1,3
27,2,3
27,3,3
27,4,3
27,5,3
27,6,3
27,7,3
27,8,1
27,9,1
27,10,1
27,11,1
27,12,4
27,13,4
27,14,1
27,15,1
27,16,1
27,17,1
27,18,1
27,19,1
27,20,4
27,21,4
27,22,4
27,23,3
27,24,3
27,25,3
27,26,4
27,27,4
27,28,4
27,29,4
27,30,4
28,0,3
28,1,3
28,2,3
28,3,3
28,4,3
28,5,3
28,6,3
28,7,4
28,8,4
28,9,1
28,10,1
28,11,4
28,12,4
28,13,4
28,14,4
28,15,1
28,16,1
28,17,1
28,18,1
28,19,1
28,20,4
28,21,4
28,22,4
28,23,4
28,24,4
28,25,4
28,26,4
28,27,4
28,28,4
28,29,3
28,30,3
29,0,3
29,1,3
29,2,3
29,3,3
29,4,3
29,5,3
29,6,4
29,7,4
29,8,4
29,9,4
29,10,4
29,11,4
29,12,4
29,13,4
29,14,4
29,15,1
29,16,1
29,17,1
29,18,1
29,19,1
29,20,4
29,21,4
29,22,4
29,23,4
29,24,4
29,25,4
29,26,4
29,27,4
29,28,3
29,29,3
29,30,3
30,0,3
30,1,3
30,2,3
30,3,3
30,4,3
30,5,3
30,6,4
30,7,4
30,8,4
30,9,4
30,10,4
30,11,4
30,12,4
30,13,4
30,14,4
30,15,1
30,16,1
30,17,1
30,18,1
30,19,1
30,20,4
30,21,4
30,22,4
30,23,4
30,24,4
30,25,4
30,26,4
30,27,4
30,28,3
30,29,3
30,30,3