4
4
5
3
2,7
2,17
12,7
12,22
2,3,1
1,2,2
0,1,2
0,2,2
0,0,4
0,1,4
0,2,4
0,3,4
0,4,4
0,5,3
0,6,3
0,7,3
0,8,3
0,9,3
0,10,4
0,11,4
0,12,4
0,13,4
0,14,4
0,15,4
0,16,4
0,17,4
0,18,4
0,19,4
0,20,4
0,21,4
0,22,4
0,23,1
0,24,1
0,25,1
0,26,1
0,27,4
0,28,4
0,29,4
0,30,4
1,0,4
1,1,4
1,2,4
1,3,4
1,4,4
1,5,3
1,6,3
1,7,3
1,8,3
1,9,3
1,10,4
1,11,4
1,12,4
1,13,4
1,14,4
1,15,4
1,16,4
1,17,4
1,18,4
1,19,4
1,20,4
1,21,4
1,22,4
1,23,1
1,24,1
1,25,1
1,26,1
1,27,4
1,28,4
1,29,4
1,30,4
2,0,1
2,1,1
2,2,4
2,3,4
2,4,3
2,5,3
2,6,3
2,7,3
2,8,3
2,9,3
2,10,3
2,11,4
2,12,4
2,13,4
2,14,4
2,15,4
2,16,4
2,17,4
2,18,4
2,19,4
2,20,4
2,21,4
2,22,4
2,23,1
2,24,1
2,25,1
2,26,2
2,27,2
2,28,4
2,29,4
2,30,4
3,0,1
3,1,1
3,2,1
3,3,3
3,4,3
3,5,3
3,6,3
3,7,3
3,8,3
3,9,3
3,10,3
3,11,4
3,12,4
3,13,4
3,14,4
3,15,4
3,16,4
3,17,4
3,18,4
3,19,4
3,20,4
3,21,4
3,22,1
3,23,1
3,24,1
3,25,2
3,26,2
3,27,2
3,28,2
3,29,2
3,30,2
4,0,1
4,1,1
4,2,1
4,3,3
4,4,3
4,5,3
4,6,3
4,7,3
4,8,3
4,9,3
4,10,4
4,11,4
4,12,4
4,13,4
4,14,4
4,15,4
4,16,4
4,17,4
4,18,4
4,19,4
4,20,1
4,21,1
4,22,1
4,23,1
4,24,1
4,25,2
4,26,2
4,27,2
4,28,2
4,29,2
4,30,2
5,0,1
5,1,1
5,2,1
5,3,3
5,4,3
5,5,3
5,6,3
5,7,4
5,8,4
5,9,4
5,10,4
5,11,4
5,12,4
5,13,4
5,14,4
5,15,3
5,16,3
5,17,4
5,18,4
5,19,1
5,20,1
5,21,1
5,22,1
5,23,1
5,24,1
5,25,1
5,26,2
5,27,2
5,28,1
5,29,1
5,30,1
6,0,1
6,1,1
6,2,4
6,3,4
6,4,3
6,5,3
6,6,4
6,7,4
6,8,4
6,9,4
6,10,4
6,11,4
6,12,4
6,13,4
6,14,3
6,15,3
6,16,3
6,17,3
6,18,1
6,19,1
6,20,1
6,21,1
6,22,1
6,23,1
6,24,1
6,25,1
6,26,1
6,27,1
6,28,1
6,29,1
6,30,1
7,0,4
7,1,4
7,2,4
7,3,4
7,4,4
7,5,4
7,6,4
7,7,4
7,8,4
7,9,4
7,10,4
7,11,4
7,12,4
7,13,4
7,14,3
7,15,3
7,16,3
7,17,3
7,18,1
7,19,1
7,20,1
7,21,1
7,22,1
7,23,1
7,24,1
7,25,1
7,26,1
7,27,1
7,28,1
7,29,1
7,30,1
8,0,4
8,1,4
8,2,4
8,3,4
8,4,4
8,5,4
8,6,4
8,7,4
8,8,4
8,9,4
8,10,4
8,11,4
8,12,4
8,13,2
8,14,2
8,15,3
8,16,3
8,17,1
8,18,1
8,19,1
8,20,1
8,21,1
8,22,4
8,23,4
8,24,1
8,25,1
8,26,1
8,27,1
8,28,1
8,29,1
8,30,1
9,0,4
9,1,4
9,2,4
9,3,4
9,4,3
9,5,3
9,6,4
9,7,4
9,8,4
9,9,4
9,10,4
9,11,4
9,12,2
9,13,2
9,14,2
9,15,2
9,16,1
9,17,1
9,18,1
9,19,1
9,20,1
9,21,4
9,22,4
9,23,4
9,24,4
9,25,1
9,26,1
9,27,1
9,28,1
9,29,1
9,30,1
10,0,4
10,1,4
10,2,4
10,3,3
10,4,3
10,5,3
10,6,3
10,7,3
10,8,3
10,9,3
10,10,3
10,11,3
10,12,2
10,13,2
10,14,2
10,15,2
10,16,1
10,17,1
10,18,1
10,19,1
10,20,4
10,21,4
10,22,4
10,23,4
10,24,4
10,25,4
10,26,4
10,27,1
10,28,1
10,29,1
10,30,1
11,0,4
11,1,4
11,2,4
11,3,3
11,4,3
11,5,3
11,6,3
11,7,3
11,8,3
11,9,3
11,10,3
11,11,3
11,12,3
11,13,2
11,14,2
11,15,4
11,16,4
11,17,1
11,18,1
11,19,4
11,20,4
11,21,4
11,22,4
11,23,4
11,24,4
11,25,4
11,26,4
11,27,4
11,28,1
11,29,1
11,30,1
12,0,4
12,1,4
12,2,4
12,3,3
12,4,3
12,5,3
12,6,3
12,7,3
12,8,3
12,9,3
12,10,3
12,11,3
12,12,3
12,13,4
12,14,4
12,15,4
12,16,4
12,17,4
12,18,4
12,19,4
12,20,4
12,21,4
12,22,4
12,23,4
12,24,4
12,25,4
12,26,4
12,27,4
12,28,1
12,29,1
12,30,1
13,0,4
13,1,4
13,2,1
13,3,1
13,4,3
13,5,3
13,6,3
13,7,3
13,8,3
13,9,3
13,10,3
13,11,3
13,12,4
13,13,4
13,14,4
13,15,4
13,16,4
13,17,4
13,18,4
13,19,4
13,20,4
13,21,4
13,22,4
13,23,4
13,24,4
13,25,4
13,26,4
13,27,3
13,28,3
13,29,1
13,30,1
14,0,1
14,1,1
14,2,1
14,3,1
14,4,1
14,5,3
14,6,3
14,7,3
14,8,3
14,9,3
14,10,2
14,11,2
14,12,4
14,13,4
14,14,4
14,15,4
14,16,4
14,17,3
14,18,3
14,19,4
14,20,4
14,21,4
14,22,4
14,23,4
14,24,4
14,25,4
14,26,3
14,27,3
14,28,3
14,29,3
14,30,3
15,0,1
15,1,1
15,2,1
15,3,1
15,4,1
15,5,3
15,6,3
15,7,3
15,8,2
15,9,2
15,10,2
15,11,2
15,12,2
15,13,4
15,14,4
15,15,4
15,16,3
15,17,3
15,18,3
15,19,3
15,20,3
15,21,4
15,22,4
15,23,4
15,24,4
15,25,4
15,26,3
15,27,3
15,28,3
15,29,3
15,30,3
16,0,3
16,1,3
16,2,1
16,3,1
16,4,3
16,5,3
16,6,3
16,7,2
16,8,2
16,9,2
16,10,2
16,11,2
16,12,2
16,13,4
16,14,4
16,15,4
16,16,3
16,17,3
16,18,3
16,19,3
16,20,3
16,21,3
16,22,4
16,23,4
16,24,4
16,25,4
16,26,4
16,27,3
16,28,3
16,29,2
16,30,2
17,0,3
17,1,3
17,2,3
17,3,3
17,4,3
17,5,3
17,6,3
17,7,2
17,8,2
17,9,2
17,10,2
17,11,2
17,12,4
17,13,4
17,14,4
17,15,4
17,16,4
17,17,3
17,18,3
17,19,3
17,20,3
17,21,3
17,22,3
17,23,4
17,24,4
17,25,4
17,26,4
17,27,4
17,28,2
17,29,2
17,30,2
18,0,3
18,1,3
18,2,3
18,3,3
18,4,3
18,5,3
18,6,1
18,7,1
18,8,2
18,9,2
18,10,3
18,11,3
18,12,4
18,13,4
18,14,4
18,15,4
18,16,4
18,17,2
18,18,2
18,19,3
18,20,3
18,21,3
18,22,3
18,23,4
18,24,4
18,25,4
18,26,4
18,27,4
18,28,2
18,29,2
18,30,2
19,0,3
19,1,3
19,2,3
19,3,3
19,4,3
19,5,1
19,6,1
19,7,1
19,8,1
19,9,3
19,10,3
19,11,3
19,12,3
19,13,4
19,14,4
19,15,4
19,16,2
19,17,2
19,18,2
19,19,2
19,20,3
19,21,3
19,22,2
19,23,2
19,24,4
19,25,4
19,26,4
19,27,4
19,28,4
19,29,2
19,30,2
20,0,3
20,1,3
20,2,3
20,3,4
20,4,4
20,5,1
20,6,1
20,7,1
20,8,1
20,9,3
20,10,3
20,11,3
20,12,3
20,13,1
20,14,1
20,15,1
20,16,2
20,17,2
20,18,2
20,19,2
20,20,2
20,21,2
20,22,2
20,23,2
20,24,2
20,25,2
20,26,4
20,27,4
20,28,4
20,29,4
20,30,4
21,0,4
21,1,4
21,2,4
21,3,4
21,4,4
21,5,4
21,6,1
21,7,1
21,8,3
21,9,3
21,10,3
21,11,3
21,12,1
21,13,1
21,14,1
21,15,1
21,16,1
21,17,2
21,18,2
21,19,2
21,20,2
21,21,2
21,22,2
21,23,2
21,24,2
21,25,2
21,26,2
21,27,4
21,28,4
21,29,4
21,30,4
22,0,4
22,1,4
22,2,4
22,3,4
22,4,4
22,5,4
22,6,2
22,7,2
22,8,3
22,9,3
22,10,3
22,11,1
22,12,1
22,13,1
22,14,1
22,15,1
22,16,1
22,17,1
22,18,2
22,19,2
22,20,2
22,21,2
22,22,2
22,23,2
22,24,2
22,25,2
22,26,2
22,27,1
22,28,1
22,29,4
22,30,4
23,0,4
23,1,4
23,2,4
23,3,4
23,4,4
23,5,2
23,6,2
23,7,2
23,8,2
23,9,3
23,10,3
23,11,1
23,12,1
23,13,1
23,14,1
23,15,1
23,16,1
23,17,1
23,18,4
23,19,4
23,20,2
23,21,2
23,22,3
23,23,3
23,24,2
23,25,2
23,26,1
23,27,1
23,28,1
23,29,1
23,30,1
24,0,4
24,1,4
24,2,4
24,3,4
24,4,2
24,5,2
24,6,2
24,7,2
24,8,2
24,9,3
24,10,3
24,11,3
24,12,1
24,13,1
24,14,1
24,15,1
24,16,1
24,17,4
24,18,4
24,19,4
24,20,4
24,21,3
24,22,3
24,23,3
24,24,3
24,25,3
24,26,1
24,27,1
24,28,1
24,29,1
24,30,1
25,0,3
25,1,3
25,2,3
25,3,3
25,4,2
25,5,2
25,6,2
25,7,2
25,8,3
25,9,3
25,10,3
25,11,3
25,12,4
25,13,4
25,14,4
25,15,4
25,16,4
25,17,4
25,18,4
25,19,4
25,20,4
25,21,3
25,22,3
25,23,3
25,24,3
25,25,3
25,26,3
25,27,1
25,28,1
25,29,3
25,30,3
26,0,3
26,1,3
26,2,3
26,3,3
26,4,3
26,5,2
26,6,2
26,7,3
26,8,3
26,9,3
26,10,3
26,11,4
26,12,4
26,13,4
26,14,4
26,15,4
26,16,4
26,17,4
26,18,4
26,19,4
26,20,3
26,21,3
26,22,3
26,23,3
26,24,3
26,25,3
26,26,3
26,27,3
26,28,3
26,29,3
26,30,3
27,0,3
27,1,3
27,2,3
27,3,3
27,4,3
27,5,4
27,6,4
27,7,3
27,8,3
27,9,3
27,10,3
27,11,4
27,12,4
27,13,4
27,14,3
27,15,3
27,16,4
27,17,4
27,18,2
27,19,2
27,20,3
27,21,3
27,22,3
27,23,3
27,24,3
27,25,3
27,26,3
27,27,3
27,28,3
27,29,3
27,30,3
28,0,3
28,1,3
28,2,3
28,3,3
28,4,4
28,5,4
28,6,4
28,7,4
28,8,3
28,9,3
28,10,3
28,11,4
28,12,4
28,13,3
28,14,3
28,15,3
28,16,3
28,17,2
28,18,2
28,19,2
28,20,2
28,21,3
28,22,3
28,23,3
28,24,3
28,25,3
28,26,3
28,27,3
28,28,3
28,29,1
28,30,1
29,0,3
29,1,3
29,2,3
29,3,3
29,4,4
29,5,4
29,6,4
29,7,4
29,8,4
29,9,3
29,10,3
29,11,4
29,12,4
29,13,3
29,14,3
29,15,3
29,16,3
29,17,2
29,18,2
29,19,2
29,20,2
29,21,3
29,22,3
29,23,3
29,24,3
29,25,3
29,26,3
29,27,3
29,28,1
29,29,1
29,30,1
30,0,3
30,1,3
30,2,3
30,3,3
30,4,4
30,5,4
30,6,4
30,7,4
30,8,4
30,9,3
30,10,3
30,11,4
30,12,4
30,13,3
30,14,3
30,15,3
30,16,3
30,17,2
30,18,2
30,19,2
30,20,2
30,21,3
30,22,3
30,23,3
30,24,3
30,25,3
30,26,3
30,27,3
30,28,1
30,29,1
30,30,1