4
4
4
2
2,17
12,7
12,27
27,12
1,2,1
0,2,2
2,3,1
0,1,2
0,0,4
0,1,4
0,2,3
0,3,3
0,4,4
0,5,4
0,6,4
0,7,4
0,8,1
0,9,1
0,10,1
0,11,4
0,12,4
0,13,4
0,14,4
0,15,3
0,16,3
0,17,3
0,18,3
0,19,3
0,20,4
0,21,4
0,22,4
0,23,4
0,24,4
0,25,4
0,26,2
0,27,2
0,28,2
0,29,2
0,30,2
1,0,4
1,1,4
1,2,3
1,3,3
1,4,4
1,5,4
1,6,4
1,7,4
1,8,1
1,9,1
1,10,1
1,11,4
1,12,4
1,13,4
1,14,4
1,15,3
1,16,3
1,17,3
1,18,3
1,19,3
1,20,4
1,21,4
1,22,4
1,23,4
1,24,4
1,25,4
1,26,2
1,27,2
1,28,2
1,29,2
1,30,2
2,0,4
2,1,4
2,2,3
2,3,3
2,4,3
2,5,4
2,6,4
2,7,4
2,8,1
2,9,1
2,10,1
2,11,1
2,12,4
2,13,4
2,14,3
2,15,3
2,16,3
2,17,3
2,18,3
2,19,3
2,20,4
2,21,4
2,22,4
2,23,4
2,24,4
2,25,4
2,26,4
2,27,2
2,28,2
2,29,3
2,30,3
3,0,4
3,1,4
3,2,3
3,3,3
3,4,3
3,5,4
3,6,4
3,7,4
3,8,4
3,9,1
3,10,1
3,11,1
3,12,3
3,13,3
3,14,3
3,15,3
3,16,3
3,17,3
3,18,3
3,19,3
3,20,4
3,21,4
3,22,4
3,23,4
3,24,4
3,25,4
3,26,4
3,27,3
3,28,3
3,29,3
3,30,3
4,0,4
4,1,4
4,2,4
4,3,3
4,4,3
4,5,4
4,6,4
4,7,4
4,8,4
4,9,1
4,10,1
4,11,3
4,12,3
4,13,3
4,14,3
4,15,3
4,16,3
4,17,3
4,18,3
4,19,3
4,20,3
4,21,4
4,22,4
4,23,4
4,24,4
4,25,4
4,26,3
4,27,3
4,28,3
4,29,3
4,30,3
5,0,4
5,1,4
5,2,4
5,3,3
5,4,3
5,5,3
5,6,4
5,7,4
5,8,1
5,9,1
5,10,1
5,11,3
5,12,3
5,13,3
5,14,4
5,15,4
5,16,4
5,17,4
5,18,3
5,19,3
5,20,3
5,21,3
5,22,4
5,23,4
5,24,1
5,25,1
5,26,3
5,27,3
5,28,3
5,29,3
5,30,3
6,0,4
6,1,4
6,2,3
6,3,3
6,4,3
6,5,3
6,6,1
6,7,1
6,8,1
6,9,1
6,10,1
6,11,3
6,12,3
6,13,4
6,14,4
6,15,4
6,16,4
6,17,4
6,18,4
6,19,3
6,20,3
6,21,3
6,22,3
6,23,1
6,24,1
6,25,1
6,26,1
6,27,3
6,28,3
6,29,4
6,30,4
7,0,3
7,1,3
7,2,3
7,3,3
7,4,3
7,5,1
7,6,1
7,7,1
7,8,1
7,9,1
7,10,1
7,11,3
7,12,3
7,13,4
7,14,4
7,15,4
7,16,4
7,17,4
7,18,4
7,19,3
7,20,3
7,21,3
7,22,3
7,23,1
7,24,1
7,25,1
7,26,1
7,27,4
7,28,4
7,29,4
7,30,4
8,0,3
8,1,3
8,2,3
8,3,3
8,4,3
8,5,1
8,6,1
8,7,1
8,8,1
8,9,1
8,10,3
8,11,3
8,12,3
8,13,4
8,14,4
8,15,4
8,16,4
8,17,4
8,18,2
8,19,2
8,20,3
8,21,3
8,22,2
8,23,2
8,24,1
8,25,1
8,26,4
8,27,4
8,28,4
8,29,4
8,30,4
9,0,4
9,1,4
9,2,3
9,3,3
9,4,4
9,5,4
9,6,1
9,7,1
9,8,4
9,9,4
9,10,3
9,11,3
9,12,3
9,13,3
9,14,4
9,15,4
9,16,4
9,17,2
9,18,2
9,19,2
9,20,2
9,21,2
9,22,2
9,23,2
9,24,2
9,25,4
9,26,4
9,27,4
9,28,4
9,29,4
9,30,4
10,0,4
10,1,4
10,2,4
10,3,4
10,4,4
10,5,4
10,6,4
10,7,4
10,8,4
10,9,4
10,10,4
10,11,3
10,12,3
10,13,3
10,14,3
10,15,3
10,16,3
10,17,2
10,18,2
10,19,2
10,20,2
10,21,2
10,22,2
10,23,2
10,24,2
10,25,4
10,26,4
10,27,4
10,28,4
10,29,4
10,30,4
11,0,4
11,1,4
11,2,4
11,3,4
11,4,4
11,5,4
11,6,4
11,7,4
11,8,4
11,9,4
11,10,4
11,11,4
11,12,3
11,13,3
11,14,3
11,15,3
11,16,3
11,17,3
11,18,2
11,19,2
11,20,4
11,21,4
11,22,2
11,23,2
11,24,4
11,25,4
11,26,4
11,27,4
11,28,4
11,29,4
11,30,4
12,0,4
12,1,4
12,2,4
12,3,4
12,4,4
12,5,4
12,6,4
12,7,4
12,8,4
12,9,4
12,10,4
12,11,4
12,12,4
12,13,4
12,14,3
12,15,3
12,16,3
12,17,3
12,18,3
12,19,4
12,20,4
12,21,4
12,22,4
12,23,4
12,24,4
12,25,4
12,26,4
12,27,4
12,28,4
12,29,4
12,30,4
13,0,4
13,1,4
13,2,4
13,3,4
13,4,4
13,5,4
13,6,4
13,7,4
13,8,4
13,9,4
13,10,4
13,11,4
13,12,4
13,13,4
13,14,4
13,15,4
13,16,3
13,17,3
13,18,3
13,19,4
13,20,4
13,21,4
13,22,4
13,23,4
13,24,4
13,25,4
13,26,4
13,27,4
13,28,4
13,29,4
13,30,4
14,0,4
14,1,4
14,2,4
14,3,3
14,4,3
14,5,4
14,6,4
14,7,4
14,8,4
14,9,4
14,10,4
14,11,4
14,12,4
14,13,4
14,14,4
14,15,4
14,16,4
14,17,3
14,18,3
14,19,3
14,20,4
14,21,4
14,22,4
14,23,4
14,24,4
14,25,4
14,26,4
14,27,4
14,28,4
14,29,4
14,30,4
15,0,3
15,1,3
15,2,3
15,3,3
15,4,3
15,5,3
15,6,3
15,7,3
15,8,3
15,9,3
15,10,3
15,11,3
15,12,4
15,13,4
15,14,4
15,15,4
15,16,4
15,17,3
15,18,3
15,19,3
15,20,3
15,21,4
15,22,4
15,23,4
15,24,4
15,25,4
15,26,4
15,27,3
15,28,3
15,29,3
15,30,3
16,0,3
16,1,3
16,2,3
16,3,3
16,4,3
16,5,3
16,6,3
16,7,3
16,8,3
16,9,3
16,10,3
16,11,3
16,12,3
16,13,4
16,14,4
16,15,4
16,16,3
16,17,3
16,18,3
16,19,3
16,20,3
16,21,4
16,22,4
16,23,4
16,24,4
16,25,4
16,26,3
16,27,3
16,28,3
16,29,3
16,30,3
17,0,1
17,1,1
17,2,3
17,3,3
17,4,2
17,5,2
17,6,3
17,7,3
17,8,1
17,9,1
17,10,3
17,11,3
17,12,3
17,13,3
17,14,3
17,15,3
17,16,3
17,17,3
17,18,3
17,19,3
17,20,3
17,21,4
17,22,4
17,23,4
17,24,4
17,25,4
17,26,3
17,27,3
17,28,3
17,29,3
17,30,3
18,0,1
18,1,1
18,2,1
18,3,2
18,4,2
18,5,2
18,6,2
18,7,1
18,8,1
18,9,1
18,10,1
18,11,3
18,12,3
18,13,3
18,14,3
18,15,3
18,16,3
18,17,3
18,18,3
18,19,3
18,20,1
18,21,1
18,22,4
18,23,4
18,24,4
18,25,3
18,26,3
18,27,3
18,28,3
18,29,3
18,30,3
19,0,1
19,1,1
19,2,1
19,3,2
19,4,2
19,5,2
19,6,2
19,7,1
19,8,1
19,9,1
19,10,1
19,11,2
19,12,2
19,13,3
19,14,3
19,15,3
19,16,3
19,17,3
19,18,3
19,19,1
19,20,1
19,21,1
19,22,1
19,23,4
19,24,4
19,25,3
19,26,3
19,27,3
19,28,3
19,29,3
19,30,3
20,0,1
20,1,1
20,2,1
20,3,1
20,4,2
20,5,2
20,6,2
20,7,2
20,8,1
20,9,1
20,10,2
20,11,2
20,12,2
20,13,2
20,14,3
20,15,3
20,16,2
20,17,2
20,18,2
20,19,1
20,20,1
20,21,1
20,22,1
20,23,4
20,24,4
20,25,4
20,26,3
20,27,3
20,28,3
20,29,3
20,30,3
21,0,1
21,1,1
21,2,1
21,3,1
21,4,1
21,5,2
21,6,2
21,7,2
21,8,2
21,9,2
21,10,2
21,11,2
21,12,2
21,13,2
21,14,2
21,15,2
21,16,2
21,17,2
21,18,2
21,19,2
21,20,1
21,21,1
21,22,1
21,23,4
21,24,4
21,25,4
21,26,4
21,27,4
21,28,4
21,29,4
21,30,4
22,0,4
22,1,4
22,2,1
22,3,1
22,4,1
22,5,1
22,6,2
22,7,2
22,8,2
22,9,2
22,10,2
22,11,2
22,12,2
22,13,2
22,14,2
22,15,2
22,16,2
22,17,2
22,18,2
22,19,2
22,20,2
22,21,1
22,22,1
22,23,1
22,24,4
22,25,4
22,26,4
22,27,4
22,28,4
22,29,4
22,30,4
23,0,4
23,1,4
23,2,4
23,3,1
23,4,1
23,5,1
23,6,4
23,7,4
23,8,4
23,9,4
23,10,4
23,11,4
23,12,4
23,13,4
23,14,4
23,15,4
23,16,4
23,17,4
23,18,2
23,19,2
23,20,2
23,21,1
23,22,1
23,23,1
23,24,1
23,25,1
23,26,1
23,27,1
23,28,1
23,29,1
23,30,1
24,0,4
24,1,4
24,2,4
24,3,1
24,4,1
24,5,4
24,6,4
24,7,4
24,8,4
24,9,4
24,10,4
24,11,4
24,12,4
24,13,4
24,14,4
24,15,4
24,16,4
24,17,4
24,18,4
24,19,2
24,20,2
24,21,1
24,22,1
24,23,1
24,24,1
24,25,1
24,26,1
24,27,1
24,28,1
24,29,1
24,30,1
25,0,4
25,1,4
25,2,4
25,3,1
25,4,1
25,5,4
25,6,4
25,7,4
25,8,4
25,9,1
25,10,1
25,11,1
25,12,1
25,13,1
25,14,1
25,15,1
25,16,4
25,17,4
25,18,4
25,19,2
25,20,2
25,21,2
25,22,1
25,23,1
25,24,2
25,25,2
25,26,1
25,27,1
25,28,4
25,29,4
25,30,4
26,0,4
26,1,4
26,2,1
26,3,1
26,4,1
26,5,1
26,6,4
26,7,4
26,8,1
26,9,1
26,10,1
26,11,1
26,12,1
26,13,1
26,14,1
26,15,1
26,16,1
26,17,4
26,18,4
26,19,2
26,20,2
26,21,2
26,22,2
26,23,2
26,24,2
26,25,2
26,26,2
26,27,4
26,28,4
26,29,4
26,30,4
27,0,3
27,1,3
27,2,1
27,3,1
27,4,1
27,5,1
27,6,2
27,7,2
27,8,1
27,9,1
27,10,1
27,11,1
27,12,1
27,13,1
27,14,1
27,15,1
27,16,1
27,17,4
27,18,4
27,19,4
27,20,2
27,21,2
27,22,2
27,23,2
27,24,2
27,25,2
27,26,2
27,27,4
27,28,4
27,29,4
27,30,4
28,0,3
28,1,3
28,2,3
28,3,1
28,4,1
28,5,2
28,6,2
28,7,2
28,8,2
28,9,1
28,10,1
28,11,1
28,12,1
28,13,1
28,14,1
28,15,1
28,16,4
28,17,4
28,18,4
28,19,4
28,20,3
28,21,3
28,22,3
28,23,3
28,24,2
28,25,2
28,26,3
28,27,3
28,28,4
28,29,4
28,30,4
29,0,3
29,1,3
29,2,3
29,3,3
29,4,2
29,5,2
29,6,2
29,7,2
29,8,2
29,9,2
29,10,1
29,11,1
29,12,1
29,13,1
29,14,1
29,15,4
29,16,4
29,17,4
29,18,4
29,19,3
29,20,3
29,21,3
29,22,3
29,23,3
29,24,3
29,25,3
29,26,3
29,27,3
29,28,3
29,29,4
29,30,4
30,0,3
30,1,3
30,2,3
30,3,3
30,4,2
30,5,2
30,6,2
30,7,2
30,8,2
30,9,2
30,10,1
30,11,1
30,12,1
30,13,1
30,14,1
30,15,4
30,16,4
30,17,4
30,18,4
30,19,3
30,20,3
30,21,3
30,22,3
30,23,3
30,24,3
30,25,3
30,26,3
30,27,3
30,28,3
30,29,4
30,30,4