4
4
4
0
7,12
7,27
17,2
17,27
0,1,1
0,2,1
1,3,2
2,3,2
0,0,4
0,1,4
0,2,3
0,3,3
0,4,3
0,5,4
0,6,4
0,7,4
0,8,4
0,9,4
0,10,4
0,11,4
0,12,4
0,13,4
0,14,4
0,15,4
0,16,4
0,17,4
0,18,4
0,19,4
0,20,3
0,21,3
0,22,4
0,23,4
0,24,4
0,25,4
0,26,1
0,27,1
0,28,4
0,29,4
0,30,4
1,0,4
1,1,4
1,2,3
1,3,3
1,4,3
1,5,4
1,6,4
1,7,4
1,8,4
1,9,4
1,10,4
1,11,4
1,12,4
1,13,4
1,14,4
1,15,4
1,16,4
1,17,4
1,18,4
1,19,4
1,20,3
1,21,3
1,22,4
1,23,4
1,24,4
1,25,4
1,26,1
1,27,1
1,28,4
1,29,4
1,30,4
2,0,4
2,1,4
2,2,3
2,3,3
2,4,3
2,5,4
2,6,4
2,7,4
2,8,4
2,9,4
2,10,4
2,11,4
2,12,4
2,13,4
2,14,4
2,15,4
2,16,4
2,17,4
2,18,4
2,19,3
2,20,3
2,21,3
2,22,4
2,23,4
2,24,4
2,25,1
2,26,1
2,27,1
2,28,1
2,29,4
2,30,4
3,0,4
3,1,4
3,2,3
3,3,3
3,4,4
3,5,4
3,6,4
3,7,4
3,8,4
3,9,4
3,10,4
3,11,4
3,12,2
3,13,2
3,14,4
3,15,4
3,16,3
3,17,3
3,18,3
3,19,3
3,20,3
3,21,3
3,22,4
3,23,4
3,24,4
3,25,1
3,26,1
3,27,1
3,28,1
3,29,1
3,30,1
4,0,4
4,1,4
4,2,3
4,3,3
4,4,4
4,5,4
4,6,4
4,7,4
4,8,4
4,9,4
4,10,4
4,11,2
4,12,2
4,13,2
4,14,2
4,15,3
4,16,3
4,17,3
4,18,3
4,19,3
4,20,3
4,21,3
4,22,4
4,23,4
4,24,4
4,25,4
4,26,1
4,27,1
4,28,1
4,29,1
4,30,1
5,0,4
5,1,4
5,2,3
5,3,3
5,4,3
5,5,4
5,6,4
5,7,4
5,8,4
5,9,4
5,10,2
5,11,2
5,12,2
5,13,2
5,14,2
5,15,3
5,16,3
5,17,3
5,18,3
5,19,3
5,20,3
5,21,3
5,22,4
5,23,4
5,24,4
5,25,4
5,26,4
5,27,4
5,28,4
5,29,4
5,30,4
6,0,4
6,1,4
6,2,3
6,3,3
6,4,3
6,5,3
6,6,4
6,7,4
6,8,2
6,9,2
6,10,2
6,11,2
6,12,2
6,13,2
6,14,2
6,15,3
6,16,3
6,17,3
6,18,3
6,19,3
6,20,3
6,21,4
6,22,4
6,23,4
6,24,4
6,25,4
6,26,4
6,27,4
6,28,4
6,29,4
6,30,4
7,0,4
7,1,4
7,2,3
7,3,3
7,4,3
7,5,3
7,6,2
7,7,2
7,8,2
7,9,2
7,10,2
7,11,2
7,12,2
7,13,2
7,14,2
7,15,3
7,16,3
7,17,3
7,18,3
7,19,2
7,20,2
7,21,4
7,22,4
7,23,4
7,24,4
7,25,4
7,26,4
7,27,4
7,28,4
7,29,4
7,30,4
8,0,4
8,1,4
8,2,4
8,3,3
8,4,3
8,5,2
8,6,2
8,7,2
8,8,2
8,9,2
8,10,2
8,11,2
8,12,2
8,13,2
8,14,2
8,15,2
8,16,3
8,17,3
8,18,2
8,19,2
8,20,2
8,21,2
8,22,4
8,23,4
8,24,4
8,25,4
8,26,4
8,27,4
8,28,4
8,29,4
8,30,4
9,0,4
9,1,4
9,2,4
9,3,4
9,4,2
9,5,2
9,6,2
9,7,2
9,8,2
9,9,2
9,10,2
9,11,2
9,12,2
9,13,2
9,14,2
9,15,2
9,16,3
9,17,3
9,18,2
9,19,2
9,20,2
9,21,2
9,22,4
9,23,4
9,24,4
9,25,4
9,26,4
9,27,4
9,28,4
9,29,4
9,30,4
10,0,4
10,1,4
10,2,4
10,3,4
10,4,2
10,5,2
10,6,2
10,7,4
10,8,4
10,9,2
10,10,2
10,11,1
10,12,1
10,13,2
10,14,2
10,15,3
10,16,3
10,17,3
10,18,3
10,19,2
10,20,2
10,21,1
10,22,1
10,23,4
10,24,4
10,25,4
10,26,4
10,27,4
10,28,4
10,29,4
10,30,4
11,0,4
11,1,4
11,2,4
11,3,4
11,4,2
11,5,2
11,6,4
11,7,4
11,8,4
11,9,4
11,10,1
11,11,1
11,12,1
11,13,1
11,14,3
11,15,3
11,16,3
11,17,3
11,18,3
11,19,1
11,20,1
11,21,1
11,22,1
11,23,1
11,24,1
11,25,1
11,26,4
11,27,4
11,28,4
11,29,4
11,30,4
12,0,4
12,1,4
12,2,4
12,3,4
12,4,2
12,5,2
12,6,4
12,7,4
12,8,4
12,9,4
12,10,1
12,11,1
12,12,1
12,13,1
12,14,3
12,15,3
12,16,3
12,17,3
12,18,1
12,19,1
12,20,1
12,21,1
12,22,1
12,23,1
12,24,1
12,25,1
12,26,1
12,27,4
12,28,4
12,29,4
12,30,4
13,0,4
13,1,4
13,2,4
13,3,4
13,4,2
13,5,2
13,6,2
13,7,4
13,8,4
13,9,1
13,10,1
13,11,1
13,12,1
13,13,1
13,14,3
13,15,3
13,16,3
13,17,3
13,18,1
13,19,1
13,20,1
13,21,3
13,22,3
13,23,1
13,24,1
13,25,1
13,26,1
13,27,4
13,28,4
13,29,4
13,30,4
14,0,4
14,1,4
14,2,4
14,3,4
14,4,2
14,5,2
14,6,2
14,7,4
14,8,4
14,9,1
14,10,1
14,11,1
14,12,1
14,13,1
14,14,1
14,15,3
14,16,3
14,17,1
14,18,1
14,19,1
14,20,3
14,21,3
14,22,3
14,23,3
14,24,1
14,25,1
14,26,4
14,27,4
14,28,4
14,29,4
14,30,4
15,0,4
15,1,4
15,2,4
15,3,4
15,4,4
15,5,2
15,6,2
15,7,4
15,8,4
15,9,4
15,10,1
15,11,1
15,12,1
15,13,1
15,14,1
15,15,1
15,16,1
15,17,1
15,18,1
15,19,1
15,20,3
15,21,3
15,22,3
15,23,3
15,24,3
15,25,4
15,26,4
15,27,4
15,28,4
15,29,4
15,30,4
16,0,4
16,1,4
16,2,4
16,3,4
16,4,4
16,5,2
16,6,2
16,7,4
16,8,4
16,9,4
16,10,4
16,11,1
16,12,1
16,13,1
16,14,1
16,15,1
16,16,1
16,17,1
16,18,1
16,19,3
16,20,3
16,21,3
16,22,3
16,23,3
16,24,3
16,25,4
16,26,4
16,27,4
16,28,4
16,29,4
16,30,4
17,0,4
17,1,4
17,2,4
17,3,4
17,4,4
17,5,2
17,6,2
17,7,4
17,8,4
17,9,4
17,10,4
17,11,1
17,12,1
17,13,1
17,14,1
17,15,1
17,16,1
17,17,1
17,18,3
17,19,3
17,20,3
17,21,3
17,22,3
17,23,3
17,24,3
17,25,4
17,26,4
17,27,4
17,28,4
17,29,4
17,30,4
18,0,4
18,1,4
18,2,4
18,3,4
18,4,4
18,5,2
18,6,2
18,7,2
18,8,4
18,9,4
18,10,2
18,11,2
18,12,1
18,13,1
18,14,3
18,15,3
18,16,3
18,17,3
18,18,3
18,19,3
18,20,3
18,21,3
18,22,3
18,23,3
18,24,3
18,25,4
18,26,4
18,27,4
18,28,4
18,29,4
18,30,4
19,0,4
19,1,4
19,2,4
19,3,4
19,4,4
19,5,2
19,6,2
19,7,2
19,8,2
19,9,2
19,10,2
19,11,2
19,12,2
19,13,3
19,14,3
19,15,3
19,16,3
19,17,3
19,18,3
19,19,3
19,20,3
19,21,3
19,22,3
19,23,3
19,24,4
19,25,4
19,26,4
19,27,4
19,28,4
19,29,4
19,30,4
20,0,2
20,1,2
20,2,4
20,3,4
20,4,2
20,5,2
20,6,2
20,7,2
20,8,2
20,9,2
20,10,2
20,11,2
20,12,2
20,13,3
20,14,3
20,15,3
20,16,2
20,17,2
20,18,3
20,19,3
20,20,4
20,21,4
20,22,4
20,23,4
20,24,4
20,25,4
20,26,4
20,27,4
20,28,2
20,29,2
20,30,2
21,0,2
21,1,2
21,2,2
21,3,2
21,4,2
21,5,2
21,6,2
21,7,3
21,8,3
21,9,2
21,10,2
21,11,2
21,12,2
21,13,3
21,14,3
21,15,2
21,16,2
21,17,2
21,18,2
21,19,4
21,20,4
21,21,4
21,22,4
21,23,4
21,24,4
21,25,4
21,26,4
21,27,2
21,28,2
21,29,2
21,30,2
22,0,2
22,1,2
22,2,2
22,3,2
22,4,2
22,5,2
22,6,3
22,7,3
22,8,3
22,9,3
22,10,2
22,11,2
22,12,3
22,13,3
22,14,3
22,15,2
22,16,2
22,17,2
22,18,2
22,19,4
22,20,4
22,21,4
22,22,1
22,23,1
22,24,4
22,25,4
22,26,4
22,27,2
22,28,2
22,29,2
22,30,2
23,0,2
23,1,2
23,2,2
23,3,2
23,4,2
23,5,3
23,6,3
23,7,3
23,8,3
23,9,3
23,10,4
23,11,4
23,12,3
23,13,3
23,14,3
23,15,2
23,16,2
23,17,2
23,18,2
23,19,4
23,20,4
23,21,1
23,22,1
23,23,1
23,24,1
23,25,4
23,26,4
23,27,4
23,28,2
23,29,2
23,30,2
24,0,4
24,1,4
24,2,2
24,3,2
24,4,3
24,5,3
24,6,3
24,7,3
24,8,3
24,9,4
24,10,4
24,11,4
24,12,4
24,13,3
24,14,3
24,15,3
24,16,2
24,17,2
24,18,4
24,19,4
24,20,4
24,21,1
24,22,1
24,23,1
24,24,1
24,25,4
24,26,4
24,27,4
24,28,4
24,29,4
24,30,4
25,0,4
25,1,4
25,2,4
25,3,3
25,4,3
25,5,3
25,6,3
25,7,3
25,8,3
25,9,4
25,10,4
25,11,4
25,12,4
25,13,3
25,14,3
25,15,3
25,16,1
25,17,1
25,18,4
25,19,4
25,20,4
25,21,1
25,22,1
25,23,1
25,24,2
25,25,2
25,26,4
25,27,4
25,28,4
25,29,4
25,30,4
26,0,4
26,1,4
26,2,4
26,3,3
26,4,3
26,5,3
26,6,3
26,7,3
26,8,3
26,9,4
26,10,4
26,11,4
26,12,4
26,13,3
26,14,3
26,15,1
26,16,1
26,17,1
26,18,1
26,19,4
26,20,4
26,21,1
26,22,1
26,23,2
26,24,2
26,25,2
26,26,2
26,27,2
26,28,2
26,29,2
26,30,2
27,0,4
27,1,4
27,2,3
27,3,3
27,4,3
27,5,3
27,6,3
27,7,3
27,8,3
27,9,3
27,10,4
27,11,4
27,12,3
27,13,3
27,14,3
27,15,1
27,16,1
27,17,1
27,18,1
27,19,4
27,20,4
27,21,1
27,22,1
27,23,2
27,24,2
27,25,2
27,26,2
27,27,2
27,28,2
27,29,2
27,30,2
28,0,4
28,1,4
28,2,3
28,3,3
28,4,3
28,5,3
28,6,3
28,7,3
28,8,3
28,9,3
28,10,1
28,11,1
28,12,3
28,13,3
28,14,3
28,15,1
28,16,1
28,17,1
28,18,1
28,19,4
28,20,4
28,21,1
28,22,1
28,23,2
28,24,2
28,25,2
28,26,3
28,27,3
28,28,2
28,29,2
28,30,2
29,0,4
29,1,4
29,2,3
29,3,3
29,4,3
29,5,3
29,6,3
29,7,3
29,8,3
29,9,1
29,10,1
29,11,1
29,12,1
29,13,3
29,14,3
29,15,1
29,16,1
29,17,1
29,18,1
29,19,4
29,20,4
29,21,1
29,22,1
29,23,2
29,24,2
29,25,3
29,26,3
29,27,3
29,28,3
29,29,2
29,30,2
30,0,4
30,1,4
30,2,3
30,3,3
30,4,3
30,5,3
30,6,3
30,7,3
30,8,3
30,9,1
30,10,1
30,11,1
30,12,1
30,13,3
30,14,3
30,15,1
30,16,1
30,17,1
30,18,1
30,19,4
30,20,4
30,21,1
30,22,1
30,23,2
30,24,2
30,25,3
30,26,3
30,27,3
30,28,3
30,29,2
30,30,2