4
4
5
0
2,7
7,22
22,7
22,22
0,2,3
1,2,2
2,3,1
1,3,1
0,0,4
0,1,4
0,2,4
0,3,4
0,4,4
0,5,3
0,6,3
0,7,3
0,8,3
0,9,3
0,10,2
0,11,2
0,12,2
0,13,2
0,14,2
0,15,2
0,16,3
0,17,3
0,18,4
0,19,4
0,20,1
0,21,1
0,22,1
0,23,1
0,24,1
0,25,1
0,26,1
0,27,1
0,28,4
0,29,4
0,30,4
1,0,4
1,1,4
1,2,4
1,3,4
1,4,4
1,5,3
1,6,3
1,7,3
1,8,3
1,9,3
1,10,2
1,11,2
1,12,2
1,13,2
1,14,2
1,15,2
1,16,3
1,17,3
1,18,4
1,19,4
1,20,1
1,21,1
1,22,1
1,23,1
1,24,1
1,25,1
1,26,1
1,27,1
1,28,4
1,29,4
1,30,4
2,0,4
2,1,4
2,2,4
2,3,4
2,4,3
2,5,3
2,6,3
2,7,3
2,8,3
2,9,3
2,10,3
2,11,2
2,12,2
2,13,2
2,14,2
2,15,3
2,16,3
2,17,3
2,18,4
2,19,4
2,20,4
2,21,1
2,22,1
2,23,1
2,24,1
2,25,1
2,26,1
2,27,1
2,28,4
2,29,4
2,30,4
3,0,4
3,1,4
3,2,4
3,3,3
3,4,3
3,5,3
3,6,3
3,7,3
3,8,3
3,9,3
3,10,3
3,11,3
3,12,3
3,13,3
3,14,3
3,15,3
3,16,3
3,17,3
3,18,4
3,19,4
3,20,4
3,21,4
3,22,4
3,23,4
3,24,1
3,25,1
3,26,1
3,27,4
3,28,4
3,29,4
3,30,4
4,0,2
4,1,2
4,2,2
4,3,3
4,4,3
4,5,3
4,6,3
4,7,3
4,8,3
4,9,3
4,10,3
4,11,3
4,12,3
4,13,3
4,14,3
4,15,3
4,16,3
4,17,1
4,18,1
4,19,4
4,20,4
4,21,4
4,22,4
4,23,4
4,24,4
4,25,4
4,26,4
4,27,4
4,28,4
4,29,4
4,30,4
5,0,2
5,1,2
5,2,2
5,3,2
5,4,3
5,5,3
5,6,3
5,7,4
5,8,4
5,9,4
5,10,4
5,11,4
5,12,3
5,13,3
5,14,1
5,15,1
5,16,1
5,17,1
5,18,1
5,19,1
5,20,4
5,21,4
5,22,4
5,23,4
5,24,4
5,25,4
5,26,4
5,27,4
5,28,4
5,29,4
5,30,4
6,0,2
6,1,2
6,2,2
6,3,2
6,4,3
6,5,3
6,6,4
6,7,4
6,8,4
6,9,4
6,10,4
6,11,4
6,12,4
6,13,1
6,14,1
6,15,1
6,16,1
6,17,1
6,18,1
6,19,1
6,20,4
6,21,4
6,22,4
6,23,4
6,24,4
6,25,4
6,26,4
6,27,4
6,28,1
6,29,1
6,30,1
7,0,2
7,1,2
7,2,2
7,3,3
7,4,3
7,5,3
7,6,4
7,7,4
7,8,4
7,9,4
7,10,4
7,11,4
7,12,4
7,13,1
7,14,1
7,15,1
7,16,1
7,17,1
7,18,1
7,19,4
7,20,4
7,21,4
7,22,4
7,23,4
7,24,4
7,25,4
7,26,4
7,27,1
7,28,1
7,29,1
7,30,1
8,0,2
8,1,2
8,2,2
8,3,3
8,4,3
8,5,3
8,6,4
8,7,4
8,8,4
8,9,4
8,10,4
8,11,4
8,12,4
8,13,1
8,14,1
8,15,1
8,16,1
8,17,4
8,18,4
8,19,4
8,20,4
8,21,4
8,22,4
8,23,4
8,24,4
8,25,4
8,26,4
8,27,1
8,28,1
8,29,1
8,30,1
9,0,2
9,1,2
9,2,2
9,3,2
9,4,3
9,5,3
9,6,4
9,7,4
9,8,4
9,9,4
9,10,4
9,11,4
9,12,2
9,13,2
9,14,1
9,15,1
9,16,4
9,17,4
9,18,4
9,19,4
9,20,4
9,21,4
9,22,4
9,23,4
9,24,4
9,25,4
9,26,4
9,27,4
9,28,1
9,29,1
9,30,1
10,0,2
10,1,2
10,2,2
10,3,2
10,4,3
10,5,3
10,6,4
10,7,4
10,8,4
10,9,4
10,10,2
10,11,2
10,12,2
10,13,2
10,14,2
10,15,2
10,16,4
10,17,4
10,18,4
10,19,4
10,20,3
10,21,3
10,22,4
10,23,4
10,24,4
10,25,4
10,26,4
10,27,4
10,28,2
10,29,2
10,30,2
11,0,2
11,1,2
11,2,2
11,3,3
11,4,3
11,5,3
11,6,3
11,7,4
11,8,4
11,9,2
11,10,2
11,11,2
11,12,2
11,13,2
11,14,2
11,15,2
11,16,2
11,17,4
11,18,4
11,19,3
11,20,3
11,21,3
11,22,3
11,23,4
11,24,4
11,25,4
11,26,4
11,27,2
11,28,2
11,29,2
11,30,2
12,0,1
12,1,1
12,2,1
12,3,3
12,4,3
12,5,3
12,6,3
12,7,2
12,8,2
12,9,2
12,10,2
12,11,2
12,12,1
12,13,1
12,14,2
12,15,2
12,16,2
12,17,2
12,18,2
12,19,3
12,20,3
12,21,3
12,22,3
12,23,1
12,24,1
12,25,1
12,26,1
12,27,2
12,28,2
12,29,2
12,30,2
13,0,1
13,1,1
13,2,1
13,3,1
13,4,3
13,5,3
13,6,2
13,7,2
13,8,2
13,9,2
13,10,2
13,11,1
13,12,1
13,13,1
13,14,1
13,15,2
13,16,2
13,17,2
13,18,2
13,19,2
13,20,3
13,21,3
13,22,1
13,23,1
13,24,1
13,25,1
13,26,1
13,27,1
13,28,2
13,29,2
13,30,2
14,0,1
14,1,1
14,2,1
14,3,1
14,4,3
14,5,3
14,6,2
14,7,2
14,8,2
14,9,1
14,10,1
14,11,1
14,12,1
14,13,1
14,14,1
14,15,1
14,16,1
14,17,2
14,18,2
14,19,2
14,20,2
14,21,2
14,22,1
14,23,1
14,24,1
14,25,1
14,26,1
14,27,1
14,28,2
14,29,2
14,30,2
15,0,1
15,1,1
15,2,1
15,3,1
15,4,3
15,5,3
15,6,2
15,7,2
15,8,1
15,9,1
15,10,1
15,11,1
15,12,1
15,13,1
15,14,1
15,15,1
15,16,1
15,17,1
15,18,2
15,19,2
15,20,2
15,21,2
15,22,2
15,23,1
15,24,1
15,25,1
15,26,1
15,27,3
15,28,3
15,29,2
15,30,2
16,0,1
16,1,1
16,2,1
16,3,1
16,4,3
16,5,3
16,6,2
16,7,2
16,8,1
16,9,1
16,10,1
16,11,1
16,12,2
16,13,2
16,14,1
16,15,1
16,16,1
16,17,1
16,18,1
16,19,2
16,20,2
16,21,2
16,22,2
16,23,1
16,24,1
16,25,1
16,26,3
16,27,3
16,28,3
16,29,3
16,30,3
17,0,1
17,1,1
17,2,1
17,3,3
17,4,3
17,5,3
17,6,2
17,7,2
17,8,2
17,9,1
17,10,1
17,11,2
17,12,2
17,13,2
17,14,2
17,15,1
17,16,1
17,17,1
17,18,1
17,19,2
17,20,2
17,21,2
17,22,2
17,23,2
17,24,1
17,25,1
17,26,3
17,27,3
17,28,3
17,29,3
17,30,3
18,0,3
18,1,3
18,2,3
18,3,3
18,4,3
18,5,3
18,6,2
18,7,2
18,8,2
18,9,2
18,10,2
18,11,2
18,12,2
18,13,2
18,14,2
18,15,2
18,16,1
18,17,1
18,18,2
18,19,2
18,20,2
18,21,2
18,22,2
18,23,2
18,24,1
18,25,1
18,26,3
18,27,3
18,28,3
18,29,3
18,30,3
19,0,3
19,1,3
19,2,3
19,3,3
19,4,3
19,5,4
19,6,4
19,7,2
19,8,2
19,9,2
19,10,2
19,11,2
19,12,2
19,13,2
19,14,2
19,15,2
19,16,2
19,17,2
19,18,2
19,19,2
19,20,2
19,21,2
19,22,2
19,23,1
19,24,1
19,25,1
19,26,1
19,27,3
19,28,3
19,29,1
19,30,1
20,0,3
20,1,3
20,2,3
20,3,3
20,4,4
20,5,4
20,6,4
20,7,4
20,8,4
20,9,4
20,10,4
20,11,2
20,12,2
20,13,2
20,14,2
20,15,2
20,16,2
20,17,2
20,18,2
20,19,2
20,20,1
20,21,1
20,22,1
20,23,1
20,24,1
20,25,1
20,26,1
20,27,1
20,28,1
20,29,1
20,30,1
21,0,3
21,1,3
21,2,3
21,3,4
21,4,4
21,5,4
21,6,4
21,7,4
21,8,4
21,9,4
21,10,4
21,11,4
21,12,4
21,13,4
21,14,4
21,15,4
21,16,4
21,17,2
21,18,2
21,19,1
21,20,1
21,21,1
21,22,1
21,23,1
21,24,1
21,25,1
21,26,1
21,27,1
21,28,1
21,29,1
21,30,1
22,0,2
22,1,2
22,2,2
22,3,4
22,4,4
22,5,4
22,6,4
22,7,4
22,8,4
22,9,4
22,10,4
22,11,4
22,12,4
22,13,4
22,14,4
22,15,4
22,16,4
22,17,4
22,18,4
22,19,1
22,20,1
22,21,1
22,22,1
22,23,1
22,24,1
22,25,1
22,26,4
22,27,4
22,28,1
22,29,1
22,30,1
23,0,2
23,1,2
23,2,2
23,3,2
23,4,4
23,5,4
23,6,4
23,7,4
23,8,4
23,9,4
23,10,4
23,11,4
23,12,3
23,13,3
23,14,4
23,15,4
23,16,4
23,17,4
23,18,4
23,19,4
23,20,1
23,21,1
23,22,1
23,23,1
23,24,1
23,25,4
23,26,4
23,27,4
23,28,4
23,29,1
23,30,1
24,0,2
24,1,2
24,2,2
24,3,2
24,4,4
24,5,4
24,6,4
24,7,4
24,8,4
24,9,4
24,10,4
24,11,3
24,12,3
24,13,3
24,14,3
24,15,4
24,16,4
24,17,4
24,18,4
24,19,4
24,20,1
24,21,1
24,22,1
24,23,1
24,24,1
24,25,4
24,26,4
24,27,4
24,28,4
24,29,1
24,30,1
25,0,2
25,1,2
25,2,2
25,3,2
25,4,4
25,5,4
25,6,4
25,7,4
25,8,4
25,9,1
25,10,1
25,11,3
25,12,3
25,13,3
25,14,3
25,15,4
25,16,4
25,17,4
25,18,4
25,19,2
25,20,2
25,21,1
25,22,1
25,23,1
25,24,1
25,25,4
25,26,4
25,27,4
25,28,4
25,29,1
25,30,1
26,0,2
26,1,2
26,2,2
26,3,2
26,4,2
26,5,4
26,6,4
26,7,4
26,8,1
26,9,1
26,10,1
26,11,1
26,12,3
26,13,3
26,14,4
26,15,4
26,16,4
26,17,4
26,18,2
26,19,2
26,20,2
26,21,2
26,22,1
26,23,1
26,24,1
26,25,1
26,26,4
26,27,4
26,28,1
26,29,1
26,30,1
27,0,4
27,1,4
27,2,2
27,3,2
27,4,2
27,5,2
27,6,4
27,7,4
27,8,1
27,9,1
27,10,1
27,11,1
27,12,3
27,13,3
27,14,4
27,15,4
27,16,4
27,17,2
27,18,2
27,19,2
27,20,2
27,21,2
27,22,1
27,23,1
27,24,1
27,25,1
27,26,4
27,27,4
27,28,1
27,29,1
27,30,1
28,0,4
28,1,4
28,2,4
28,3,2
28,4,2
28,5,2
28,6,4
28,7,4
28,8,1
28,9,1
28,10,1
28,11,3
28,12,3
28,13,3
28,14,3
28,15,4
28,16,4
28,17,2
28,18,2
28,19,2
28,20,2
28,21,4
28,22,4
28,23,1
28,24,1
28,25,1
28,26,4
28,27,4
28,28,4
28,29,1
28,30,1
29,0,4
29,1,4
29,2,4
29,3,2
29,4,2
29,5,4
29,6,4
29,7,4
29,8,1
29,9,1
29,10,3
29,11,3
29,12,3
29,13,3
29,14,3
29,15,4
29,16,4
29,17,4
29,18,2
29,19,2
29,20,4
29,21,4
29,22,4
29,23,4
29,24,1
29,25,1
29,26,4
29,27,4
29,28,4
29,29,1
29,30,1
30,0,4
30,1,4
30,2,4
30,3,2
30,4,2
30,5,4
30,6,4
30,7,4
30,8,1
30,9,1
30,10,3
30,11,3
30,12,3
30,13,3
30,14,3
30,15,4
30,16,4
30,17,4
30,18,2
30,19,2
30,20,4
30,21,4
30,22,4
30,23,4
30,24,1
30,25,1
30,26,4
30,27,4
30,28,4
30,29,1
30,30,1