4
4
5
0
2,12
12,2
12,22
22,12
0,2,2
0,1,2
1,2,4
1,3,1
0,0,4
0,1,4
0,2,2
0,3,2
0,4,2
0,5,2
0,6,2
0,7,2
0,8,1
0,9,1
0,10,2
0,11,2
0,12,2
0,13,2
0,14,2
0,15,3
0,16,3
0,17,3
0,18,3
0,19,3
0,20,3
0,21,3
0,22,3
0,23,4
0,24,4
0,25,4
0,26,4
0,27,4
0,28,3
0,29,3
0,30,3
1,0,4
1,1,4
1,2,2
1,3,2
1,4,2
1,5,2
1,6,2
1,7,2
1,8,1
1,9,1
1,10,2
1,11,2
1,12,2
1,13,2
1,14,2
1,15,3
1,16,3
1,17,3
1,18,3
1,19,3
1,20,3
1,21,3
1,22,3
1,23,4
1,24,4
1,25,4
1,26,4
1,27,4
1,28,3
1,29,3
1,30,3
2,0,4
2,1,4
2,2,2
2,3,2
2,4,2
2,5,2
2,6,2
2,7,1
2,8,1
2,9,1
2,10,2
2,11,2
2,12,2
2,13,2
2,14,2
2,15,2
2,16,3
2,17,3
2,18,1
2,19,1
2,20,3
2,21,3
2,22,4
2,23,4
2,24,4
2,25,4
2,26,4
2,27,4
2,28,4
2,29,3
2,30,3
3,0,4
3,1,4
3,2,4
3,3,2
3,4,2
3,5,1
3,6,1
3,7,1
3,8,1
3,9,1
3,10,2
3,11,2
3,12,2
3,13,2
3,14,2
3,15,2
3,16,2
3,17,1
3,18,1
3,19,1
3,20,1
3,21,1
3,22,4
3,23,4
3,24,4
3,25,4
3,26,4
3,27,4
3,28,4
3,29,4
3,30,4
4,0,4
4,1,4
4,2,4
4,3,1
4,4,1
4,5,1
4,6,1
4,7,1
4,8,1
4,9,1
4,10,2
4,11,2
4,12,2
4,13,2
4,14,2
4,15,2
4,16,2
4,17,1
4,18,1
4,19,1
4,20,1
4,21,1
4,22,1
4,23,4
4,24,4
4,25,4
4,26,4
4,27,4
4,28,4
4,29,4
4,30,4
5,0,4
5,1,4
5,2,1
5,3,1
5,4,1
5,5,1
5,6,1
5,7,1
5,8,1
5,9,1
5,10,1
5,11,2
5,12,2
5,13,2
5,14,2
5,15,2
5,16,1
5,17,1
5,18,1
5,19,1
5,20,1
5,21,1
5,22,1
5,23,4
5,24,4
5,25,4
5,26,4
5,27,4
5,28,4
5,29,1
5,30,1
6,0,1
6,1,1
6,2,1
6,3,1
6,4,1
6,5,2
6,6,2
6,7,1
6,8,1
6,9,1
6,10,1
6,11,1
6,12,1
6,13,1
6,14,1
6,15,1
6,16,1
6,17,1
6,18,1
6,19,1
6,20,1
6,21,1
6,22,4
6,23,4
6,24,4
6,25,4
6,26,4
6,27,4
6,28,1
6,29,1
6,30,1
7,0,1
7,1,1
7,2,1
7,3,1
7,4,2
7,5,2
7,6,2
7,7,2
7,8,1
7,9,1
7,10,1
7,11,1
7,12,1
7,13,1
7,14,1
7,15,1
7,16,1
7,17,1
7,18,1
7,19,1
7,20,4
7,21,4
7,22,4
7,23,4
7,24,4
7,25,4
7,26,2
7,27,2
7,28,1
7,29,1
7,30,1
8,0,4
8,1,4
8,2,4
8,3,4
8,4,2
8,5,2
8,6,2
8,7,2
8,8,1
8,9,1
8,10,1
8,11,1
8,12,1
8,13,1
8,14,4
8,15,4
8,16,4
8,17,4
8,18,4
8,19,4
8,20,4
8,21,4
8,22,4
8,23,4
8,24,4
8,25,2
8,26,2
8,27,2
8,28,2
8,29,1
8,30,1
9,0,4
9,1,4
9,2,4
9,3,4
9,4,4
9,5,2
9,6,2
9,7,4
9,8,4
9,9,1
9,10,1
9,11,1
9,12,4
9,13,4
9,14,4
9,15,4
9,16,4
9,17,4
9,18,4
9,19,4
9,20,4
9,21,4
9,22,4
9,23,1
9,24,1
9,25,2
9,26,2
9,27,2
9,28,2
9,29,4
9,30,4
10,0,4
10,1,4
10,2,4
10,3,4
10,4,4
10,5,4
10,6,4
10,7,4
10,8,4
10,9,4
10,10,4
10,11,4
10,12,4
10,13,4
10,14,4
10,15,4
10,16,3
10,17,3
10,18,4
10,19,4
10,20,1
10,21,1
10,22,1
10,23,1
10,24,1
10,25,1
10,26,2
10,27,2
10,28,4
10,29,4
10,30,4
11,0,4
11,1,4
11,2,4
11,3,4
11,4,4
11,5,4
11,6,4
11,7,4
11,8,4
11,9,4
11,10,4
11,11,4
11,12,4
11,13,4
11,14,4
11,15,3
11,16,3
11,17,3
11,18,3
11,19,1
11,20,1
11,21,1
11,22,1
11,23,1
11,24,1
11,25,1
11,26,2
11,27,2
11,28,4
11,29,4
11,30,4
12,0,4
12,1,4
12,2,4
12,3,4
12,4,4
12,5,4
12,6,4
12,7,4
12,8,4
12,9,4
12,10,4
12,11,4
12,12,4
12,13,1
12,14,1
12,15,3
12,16,3
12,17,3
12,18,3
12,19,1
12,20,1
12,21,1
12,22,1
12,23,1
12,24,1
12,25,1
12,26,2
12,27,2
12,28,2
12,29,4
12,30,4
13,0,4
13,1,4
13,2,4
13,3,4
13,4,4
13,5,4
13,6,4
13,7,3
13,8,3
13,9,4
13,10,4
13,11,4
13,12,1
13,13,1
13,14,1
13,15,1
13,16,3
13,17,3
13,18,3
13,19,3
13,20,1
13,21,1
13,22,1
13,23,1
13,24,1
13,25,1
13,26,2
13,27,2
13,28,2
13,29,2
13,30,2
14,0,4
14,1,4
14,2,4
14,3,4
14,4,4
14,5,4
14,6,3
14,7,3
14,8,3
14,9,3
14,10,4
14,11,4
14,12,1
14,13,1
14,14,1
14,15,1
14,16,3
14,17,3
14,18,3
14,19,3
14,20,1
14,21,1
14,22,1
14,23,1
14,24,1
14,25,4
14,26,4
14,27,2
14,28,2
14,29,2
14,30,2
15,0,4
15,1,4
15,2,4
15,3,3
15,4,3
15,5,3
15,6,3
15,7,3
15,8,3
15,9,3
15,10,4
15,11,4
15,12,4
15,13,1
15,14,1
15,15,4
15,16,4
15,17,3
15,18,3
15,19,4
15,20,4
15,21,1
15,22,1
15,23,4
15,24,4
15,25,4
15,26,4
15,27,4
15,28,2
15,29,2
15,30,2
16,0,3
16,1,3
16,2,3
16,3,3
16,4,3
16,5,3
16,6,3
16,7,3
16,8,3
16,9,3
16,10,4
16,11,4
16,12,4
16,13,4
16,14,4
16,15,4
16,16,4
16,17,4
16,18,4
16,19,4
16,20,4
16,21,4
16,22,4
16,23,4
16,24,4
16,25,4
16,26,4
16,27,4
16,28,4
16,29,4
16,30,4
17,0,3
17,1,3
17,2,3
17,3,3
17,4,3
17,5,3
17,6,3
17,7,3
17,8,3
17,9,3
17,10,3
17,11,4
17,12,4
17,13,4
17,14,4
17,15,4
17,16,4
17,17,4
17,18,4
17,19,4
17,20,4
17,21,4
17,22,4
17,23,4
17,24,4
17,25,4
17,26,4
17,27,4
17,28,4
17,29,4
17,30,4
18,0,3
18,1,3
18,2,2
18,3,2
18,4,3
18,5,3
18,6,4
18,7,4
18,8,3
18,9,3
18,10,3
18,11,3
18,12,3
18,13,3
18,14,3
18,15,3
18,16,3
18,17,3
18,18,3
18,19,3
18,20,3
18,21,3
18,22,3
18,23,3
18,24,3
18,25,3
18,26,3
18,27,3
18,28,4
18,29,4
18,30,4
19,0,2
19,1,2
19,2,2
19,3,2
19,4,2
19,5,4
19,6,4
19,7,4
19,8,4
19,9,3
19,10,3
19,11,3
19,12,3
19,13,3
19,14,3
19,15,3
19,16,3
19,17,3
19,18,3
19,19,3
19,20,3
19,21,3
19,22,3
19,23,3
19,24,3
19,25,3
19,26,3
19,27,3
19,28,3
19,29,4
19,30,4
20,0,2
20,1,2
20,2,2
20,3,2
20,4,2
20,5,4
20,6,4
20,7,4
20,8,4
20,9,1
20,10,1
20,11,1
20,12,1
20,13,1
20,14,1
20,15,1
20,16,1
20,17,1
20,18,1
20,19,1
20,20,3
20,21,3
20,22,2
20,23,2
20,24,2
20,25,2
20,26,3
20,27,3
20,28,3
20,29,3
20,30,3
21,0,3
21,1,3
21,2,2
21,3,2
21,4,4
21,5,4
21,6,4
21,7,4
21,8,1
21,9,1
21,10,1
21,11,1
21,12,1
21,13,1
21,14,1
21,15,1
21,16,1
21,17,1
21,18,1
21,19,1
21,20,1
21,21,2
21,22,2
21,23,2
21,24,2
21,25,2
21,26,2
21,27,3
21,28,3
21,29,3
21,30,3
22,0,3
22,1,3
22,2,3
22,3,4
22,4,4
22,5,4
22,6,4
22,7,1
22,8,1
22,9,1
22,10,1
22,11,1
22,12,1
22,13,1
22,14,1
22,15,1
22,16,1
22,17,1
22,18,1
22,19,1
22,20,1
22,21,2
22,22,2
22,23,2
22,24,2
22,25,2
22,26,2
22,27,1
22,28,1
22,29,3
22,30,3
23,0,3
23,1,3
23,2,3
23,3,4
23,4,4
23,5,4
23,6,1
23,7,1
23,8,1
23,9,1
23,10,1
23,11,1
23,12,1
23,13,1
23,14,1
23,15,1
23,16,3
23,17,3
23,18,1
23,19,1
23,20,3
23,21,3
23,22,2
23,23,2
23,24,2
23,25,2
23,26,1
23,27,1
23,28,1
23,29,1
23,30,1
24,0,3
24,1,3
24,2,4
24,3,4
24,4,4
24,5,4
24,6,1
24,7,1
24,8,1
24,9,1
24,10,1
24,11,1
24,12,1
24,13,1
24,14,1
24,15,3
24,16,3
24,17,3
24,18,3
24,19,3
24,20,3
24,21,3
24,22,3
24,23,3
24,24,3
24,25,3
24,26,1
24,27,1
24,28,1
24,29,1
24,30,1
25,0,4
25,1,4
25,2,4
25,3,4
25,4,4
25,5,2
25,6,2
25,7,1
25,8,1
25,9,2
25,10,2
25,11,2
25,12,2
25,13,2
25,14,2
25,15,3
25,16,3
25,17,3
25,18,3
25,19,3
25,20,3
25,21,3
25,22,3
25,23,3
25,24,3
25,25,3
25,26,3
25,27,1
25,28,1
25,29,3
25,30,3
26,0,4
26,1,4
26,2,4
26,3,4
26,4,2
26,5,2
26,6,2
26,7,2
26,8,2
26,9,2
26,10,2
26,11,2
26,12,2
26,13,2
26,14,2
26,15,2
26,16,3
26,17,3
26,18,4
26,19,4
26,20,4
26,21,4
26,22,4
26,23,4
26,24,3
26,25,3
26,26,3
26,27,3
26,28,3
26,29,3
26,30,3
27,0,4
27,1,4
27,2,4
27,3,2
27,4,2
27,5,2
27,6,2
27,7,2
27,8,2
27,9,2
27,10,2
27,11,3
27,12,3
27,13,2
27,14,2
27,15,2
27,16,2
27,17,4
27,18,4
27,19,4
27,20,4
27,21,4
27,22,4
27,23,4
27,24,4
27,25,3
27,26,3
27,27,3
27,28,3
27,29,3
27,30,3
28,0,4
28,1,4
28,2,4
28,3,2
28,4,2
28,5,2
28,6,2
28,7,2
28,8,3
28,9,3
28,10,3
28,11,3
28,12,3
28,13,3
28,14,2
28,15,2
28,16,2
28,17,4
28,18,4
28,19,4
28,20,2
28,21,2
28,22,4
28,23,4
28,24,4
28,25,4
28,26,3
28,27,3
28,28,2
28,29,2
28,30,2
29,0,4
29,1,4
29,2,2
29,3,2
29,4,2
29,5,2
29,6,2
29,7,3
29,8,3
29,9,3
29,10,3
29,11,3
29,12,3
29,13,3
29,14,3
29,15,2
29,16,2
29,17,4
29,18,4
29,19,2
29,20,2
29,21,2
29,22,2
29,23,4
29,24,4
29,25,4
29,26,4
29,27,2
29,28,2
29,29,2
29,30,2
30,0,4
30,1,4
30,2,2
30,3,2
30,4,2
30,5,2
30,6,2
30,7,3
30,8,3
30,9,3
30,10,3
30,11,3
30,12,3
30,13,3
30,14,3
30,15,2
30,16,2
30,17,4
30,18,4
30,19,2
30,20,2
30,21,2
30,22,2
30,23,4
30,24,4
30,25,4
30,26,4
30,27,2
30,28,2
30,29,2
30,30,2