9
15
9
7
2,2
2,12
2,22
12,2
12,12
12,22
22,2
22,12
22,22
4,7,2
7,8,1
6,7,1
0,1,2
0,4,1
0,3,2
1,4,2
1,5,2
4,8,1
4,5,1
4,6,2
3,4,1
5,8,2
2,5,1
3,6,1
0,0,4
0,1,4
0,2,4
0,3,4
0,4,4
0,5,3
0,6,3
0,7,3
0,8,3
0,9,4
0,10,4
0,11,4
0,12,4
0,13,4
0,14,4
0,15,4
0,16,4
0,17,1
0,18,1
0,19,2
0,20,2
0,21,2
0,22,2
0,23,2
0,24,2
0,25,4
0,26,4
0,27,4
0,28,4
0,29,3
0,30,3
1,0,4
1,1,4
1,2,4
1,3,4
1,4,4
1,5,3
1,6,3
1,7,3
1,8,3
1,9,4
1,10,4
1,11,4
1,12,4
1,13,4
1,14,4
1,15,4
1,16,4
1,17,1
1,18,1
1,19,2
1,20,2
1,21,2
1,22,2
1,23,2
1,24,2
1,25,4
1,26,4
1,27,4
1,28,4
1,29,3
1,30,3
2,0,4
2,1,4
2,2,4
2,3,4
2,4,4
2,5,4
2,6,3
2,7,3
2,8,4
2,9,4
2,10,4
2,11,4
2,12,4
2,13,4
2,14,4
2,15,4
2,16,4
2,17,1
2,18,1
2,19,2
2,20,2
2,21,2
2,22,2
2,23,2
2,24,2
2,25,4
2,26,4
2,27,4
2,28,4
2,29,3
2,30,3
3,0,4
3,1,4
3,2,4
3,3,4
3,4,4
3,5,4
3,6,1
3,7,1
3,8,4
3,9,4
3,10,4
3,11,4
3,12,4
3,13,4
3,14,4
3,15,4
3,16,4
3,17,1
3,18,1
3,19,1
3,20,2
3,21,2
3,22,2
3,23,2
3,24,2
3,25,4
3,26,4
3,27,4
3,28,4
3,29,3
3,30,3
4,0,4
4,1,4
4,2,4
4,3,4
4,4,4
4,5,1
4,6,1
4,7,1
4,8,1
4,9,4
4,10,4
4,11,4
4,12,4
4,13,4
4,14,4
4,15,4
4,16,4
4,17,1
4,18,1
4,19,1
4,20,2
4,21,2
4,22,2
4,23,2
4,24,2
4,25,2
4,26,4
4,27,4
4,28,3
4,29,3
4,30,3
5,0,4
5,1,4
5,2,4
5,3,4
5,4,1
5,5,1
5,6,1
5,7,1
5,8,1
5,9,4
5,10,4
5,11,4
5,12,4
5,13,4
5,14,4
5,15,4
5,16,1
5,17,1
5,18,1
5,19,1
5,20,1
5,21,2
5,22,2
5,23,2
5,24,2
5,25,2
5,26,4
5,27,4
5,28,3
5,29,3
5,30,3
6,0,4
6,1,4
6,2,4
6,3,4
6,4,1
6,5,1
6,6,1
6,7,1
6,8,4
6,9,4
6,10,4
6,11,4
6,12,4
6,13,4
6,14,3
6,15,3
6,16,1
6,17,1
6,18,1
6,19,1
6,20,1
6,21,1
6,22,2
6,23,2
6,24,2
6,25,2
6,26,4
6,27,4
6,28,4
6,29,3
6,30,3
7,0,4
7,1,4
7,2,4
7,3,1
7,4,1
7,5,1
7,6,1
7,7,1
7,8,4
7,9,4
7,10,4
7,11,4
7,12,4
7,13,3
7,14,3
7,15,3
7,16,3
7,17,1
7,18,1
7,19,1
7,20,1
7,21,1
7,22,2
7,23,2
7,24,2
7,25,2
7,26,4
7,27,4
7,28,4
7,29,4
7,30,4
8,0,4
8,1,4
8,2,4
8,3,1
8,4,1
8,5,1
8,6,1
8,7,1
8,8,1
8,9,4
8,10,4
8,11,4
8,12,4
8,13,3
8,14,3
8,15,3
8,16,3
8,17,4
8,18,4
8,19,1
8,20,1
8,21,1
8,22,1
8,23,2
8,24,2
8,25,1
8,26,1
8,27,4
8,28,4
8,29,4
8,30,4
9,0,4
9,1,4
9,2,4
9,3,4
9,4,1
9,5,1
9,6,1
9,7,1
9,8,1
9,9,1
9,10,4
9,11,4
9,12,2
9,13,2
9,14,3
9,15,3
9,16,4
9,17,4
9,18,4
9,19,4
9,20,1
9,21,1
9,22,1
9,23,1
9,24,1
9,25,1
9,26,1
9,27,1
9,28,4
9,29,4
9,30,4
10,0,4
10,1,4
10,2,4
10,3,4
10,4,4
10,5,1
10,6,1
10,7,1
10,8,1
10,9,1
10,10,2
10,11,2
10,12,2
10,13,2
10,14,2
10,15,4
10,16,4
10,17,4
10,18,4
10,19,4
10,20,1
10,21,1
10,22,1
10,23,1
10,24,1
10,25,1
10,26,1
10,27,1
10,28,1
10,29,4
10,30,4
11,0,4
11,1,4
11,2,4
11,3,4
11,4,4
11,5,1
11,6,1
11,7,1
11,8,1
11,9,2
11,10,2
11,11,2
11,12,2
11,13,2
11,14,2
11,15,4
11,16,4
11,17,4
11,18,4
11,19,4
11,20,1
11,21,1
11,22,1
11,23,1
11,24,1
11,25,1
11,26,1
11,27,1
11,28,1
11,29,4
11,30,4
12,0,4
12,1,4
12,2,4
12,3,4
12,4,4
12,5,4
12,6,1
12,7,1
12,8,2
12,9,2
12,10,2
12,11,2
12,12,2
12,13,2
12,14,2
12,15,2
12,16,4
12,17,4
12,18,4
12,19,4
12,20,1
12,21,1
12,22,1
12,23,1
12,24,1
12,25,1
12,26,1
12,27,1
12,28,4
12,29,4
12,30,4
13,0,4
13,1,4
13,2,4
13,3,4
13,4,4
13,5,4
13,6,4
13,7,2
13,8,2
13,9,2
13,10,2
13,11,2
13,12,2
13,13,2
13,14,2
13,15,2
13,16,4
13,17,4
13,18,4
13,19,1
13,20,1
13,21,1
13,22,1
13,23,1
13,24,1
13,25,1
13,26,4
13,27,4
13,28,4
13,29,4
13,30,4
14,0,4
14,1,4
14,2,4
14,3,4
14,4,4
14,5,4
14,6,4
14,7,2
14,8,2
14,9,2
14,10,2
14,11,2
14,12,2
14,13,2
14,14,2
14,15,2
14,16,4
14,17,4
14,18,4
14,19,1
14,20,1
14,21,1
14,22,1
14,23,1
14,24,1
14,25,4
14,26,4
14,27,4
14,28,4
14,29,4
14,30,4
15,0,4
15,1,4
15,2,1
15,3,1
15,4,4
15,5,4
15,6,4
15,7,4
15,8,2
15,9,2
15,10,3
15,11,3
15,12,2
15,13,2
15,14,2
15,15,2
15,16,2
15,17,4
15,18,4
15,19,4
15,20,1
15,21,1
15,22,4
15,23,4
15,24,4
15,25,4
15,26,4
15,27,4
15,28,4
15,29,4
15,30,4
16,0,1
16,1,1
16,2,1
16,3,1
16,4,1
16,5,4
16,6,4
16,7,4
16,8,4
16,9,3
16,10,3
16,11,3
16,12,3
16,13,2
16,14,2
16,15,2
16,16,2
16,17,4
16,18,4
16,19,4
16,20,4
16,21,4
16,22,4
16,23,4
16,24,4
16,25,4
16,26,4
16,27,4
16,28,4
16,29,4
16,30,4
17,0,1
17,1,1
17,2,1
17,3,1
17,4,1
17,5,1
17,6,4
17,7,4
17,8,4
17,9,3
17,10,3
17,11,3
17,12,3
17,13,2
17,14,2
17,15,2
17,16,2
17,17,4
17,18,4
17,19,4
17,20,4
17,21,4
17,22,4
17,23,4
17,24,4
17,25,4
17,26,4
17,27,4
17,28,4
17,29,4
17,30,4
18,0,1
18,1,1
18,2,1
18,3,1
18,4,1
18,5,1
18,6,4
18,7,4
18,8,4
18,9,4
18,10,3
18,11,3
18,12,4
18,13,4
18,14,2
18,15,2
18,16,1
18,17,1
18,18,4
18,19,4
18,20,4
18,21,4
18,22,4
18,23,4
18,24,4
18,25,4
18,26,4
18,27,4
18,28,4
18,29,4
18,30,4
19,0,1
19,1,1
19,2,1
19,3,1
19,4,1
19,5,1
19,6,1
19,7,4
19,8,4
19,9,4
19,10,4
19,11,4
19,12,4
19,13,4
19,14,4
19,15,1
19,16,1
19,17,1
19,18,1
19,19,4
19,20,4
19,21,4
19,22,4
19,23,4
19,24,4
19,25,4
19,26,4
19,27,4
19,28,2
19,29,2
19,30,2
20,0,1
20,1,1
20,2,1
20,3,1
20,4,1
20,5,1
20,6,1
20,7,4
20,8,4
20,9,4
20,10,4
20,11,4
20,12,4
20,13,4
20,14,4
20,15,1
20,16,1
20,17,1
20,18,1
20,19,1
20,20,1
20,21,1
20,22,1
20,23,1
20,24,1
20,25,4
20,26,4
20,27,2
20,28,2
20,29,2
20,30,2
21,0,1
21,1,1
21,2,1
21,3,1
21,4,1
21,5,1
21,6,3
21,7,3
21,8,4
21,9,4
21,10,4
21,11,4
21,12,4
21,13,4
21,14,4
21,15,4
21,16,1
21,17,1
21,18,1
21,19,1
21,20,1
21,21,1
21,22,1
21,23,1
21,24,1
21,25,1
21,26,2
21,27,2
21,28,2
21,29,2
21,30,2
22,0,1
22,1,1
22,2,1
22,3,1
22,4,1
22,5,3
22,6,3
22,7,3
22,8,3
22,9,4
22,10,4
22,11,4
22,12,4
22,13,4
22,14,4
22,15,4
22,16,4
22,17,1
22,18,1
22,19,1
22,20,1
22,21,1
22,22,1
22,23,1
22,24,1
22,25,1
22,26,2
22,27,2
22,28,2
22,29,2
22,30,2
23,0,1
23,1,1
23,2,1
23,3,1
23,4,1
23,5,3
23,6,3
23,7,3
23,8,3
23,9,3
23,10,4
23,11,4
23,12,4
23,13,4
23,14,4
23,15,4
23,16,4
23,17,4
23,18,1
23,19,1
23,20,1
23,21,1
23,22,1
23,23,1
23,24,1
23,25,1
23,26,2
23,27,2
23,28,2
23,29,2
23,30,2
24,0,1
24,1,1
24,2,1
24,3,1
24,4,1
24,5,3
24,6,3
24,7,3
24,8,3
24,9,3
24,10,4
24,11,4
24,12,4
24,13,4
24,14,4
24,15,4
24,16,4
24,17,4
24,18,1
24,19,1
24,20,1
24,21,1
24,22,1
24,23,1
24,24,1
24,25,1
24,26,2
24,27,2
24,28,2
24,29,2
24,30,2
25,0,2
25,1,2
25,2,1
25,3,1
25,4,4
25,5,4
25,6,3
25,7,3
25,8,3
25,9,4
25,10,4
25,11,4
25,12,4
25,13,3
25,14,3
25,15,4
25,16,4
25,17,4
25,18,4
25,19,1
25,20,1
25,21,2
25,22,2
25,23,1
25,24,1
25,25,4
25,26,4
25,27,2
25,28,2
25,29,1
25,30,1
26,0,2
26,1,2
26,2,2
26,3,4
26,4,4
26,5,4
26,6,4
26,7,4
26,8,4
26,9,4
26,10,4
26,11,4
26,12,3
26,13,3
26,14,3
26,15,3
26,16,4
26,17,4
26,18,4
26,19,4
26,20,2
26,21,2
26,22,2
26,23,2
26,24,4
26,25,4
26,26,4
26,27,4
26,28,1
26,29,1
26,30,1
27,0,2
27,1,2
27,2,2
27,3,4
27,4,4
27,5,4
27,6,4
27,7,4
27,8,4
27,9,4
27,10,4
27,11,3
27,12,3
27,13,3
27,14,3
27,15,3
27,16,4
27,17,4
27,18,4
27,19,4
27,20,2
27,21,2
27,22,2
27,23,2
27,24,4
27,25,4
27,26,4
27,27,4
27,28,1
27,29,1
27,30,1
28,0,2
28,1,2
28,2,4
28,3,4
28,4,4
28,5,4
28,6,4
28,7,1
28,8,1
28,9,1
28,10,1
28,11,3
28,12,3
28,13,3
28,14,3
28,15,4
28,16,4
28,17,4
28,18,4
28,19,1
28,20,1
28,21,2
28,22,2
28,23,2
28,24,4
28,25,4
28,26,4
28,27,4
28,28,1
28,29,1
28,30,1
29,0,4
29,1,4
29,2,4
29,3,4
29,4,4
29,5,4
29,6,1
29,7,1
29,8,1
29,9,1
29,10,1
29,11,1
29,12,3
29,13,3
29,14,3
29,15,4
29,16,4
29,17,4
29,18,1
29,19,1
29,20,1
29,21,1
29,22,2
29,23,2
29,24,4
29,25,4
29,26,4
29,27,4
29,28,1
29,29,1
29,30,1
30,0,4
30,1,4
30,2,4
30,3,4
30,4,4
30,5,4
30,6,1
30,7,1
30,8,1
30,9,1
30,10,1
30,11,1
30,12,3
30,13,3
30,14,3
30,15,4
30,16,4
30,17,4
30,18,1
30,19,1
30,20,1
30,21,1
30,22,2
30,23,2
30,24,4
30,25,4
30,26,4
30,27,4
30,28,1
30,29,1
30,30,1