8
13
8
2
2,2
2,12
2,22
12,2
12,12
22,2
22,12
22,22
1,2,1
2,4,1
2,7,4
3,5,1
5,6,2
0,3,2
3,6,1
3,4,2
0,1,2
0,4,2
4,6,1
1,4,1
4,7,1
0,0,4
0,1,4
0,2,4
0,3,4
0,4,4
0,5,4
0,6,4
0,7,2
0,8,2
0,9,2
0,10,1
0,11,1
0,12,1
0,13,1
0,14,1
0,15,1
0,16,2
0,17,2
0,18,4
0,19,4
0,20,4
0,21,4
0,22,4
0,23,4
0,24,4
0,25,4
0,26,4
0,27,4
0,28,4
0,29,4
0,30,4
1,0,4
1,1,4
1,2,4
1,3,4
1,4,4
1,5,4
1,6,4
1,7,2
1,8,2
1,9,2
1,10,1
1,11,1
1,12,1
1,13,1
1,14,1
1,15,1
1,16,2
1,17,2
1,18,4
1,19,4
1,20,4
1,21,4
1,22,4
1,23,4
1,24,4
1,25,4
1,26,4
1,27,4
1,28,4
1,29,4
1,30,4
2,0,4
2,1,4
2,2,4
2,3,4
2,4,4
2,5,4
2,6,4
2,7,2
2,8,2
2,9,2
2,10,1
2,11,1
2,12,1
2,13,1
2,14,1
2,15,2
2,16,2
2,17,2
2,18,2
2,19,4
2,20,4
2,21,4
2,22,4
2,23,4
2,24,4
2,25,4
2,26,4
2,27,4
2,28,4
2,29,4
2,30,4
3,0,4
3,1,4
3,2,4
3,3,4
3,4,4
3,5,4
3,6,2
3,7,2
3,8,2
3,9,1
3,10,1
3,11,1
3,12,1
3,13,1
3,14,1
3,15,2
3,16,2
3,17,2
3,18,2
3,19,2
3,20,4
3,21,4
3,22,4
3,23,4
3,24,4
3,25,4
3,26,4
3,27,3
3,28,3
3,29,4
3,30,4
4,0,4
4,1,4
4,2,4
4,3,4
4,4,4
4,5,4
4,6,2
4,7,2
4,8,2
4,9,1
4,10,1
4,11,1
4,12,1
4,13,1
4,14,1
4,15,1
4,16,2
4,17,2
4,18,2
4,19,2
4,20,4
4,21,4
4,22,4
4,23,4
4,24,4
4,25,4
4,26,3
4,27,3
4,28,3
4,29,3
4,30,3
5,0,4
5,1,4
5,2,4
5,3,4
5,4,4
5,5,4
5,6,4
5,7,2
5,8,2
5,9,2
5,10,1
5,11,1
5,12,1
5,13,1
5,14,1
5,15,1
5,16,1
5,17,2
5,18,2
5,19,4
5,20,4
5,21,4
5,22,4
5,23,4
5,24,2
5,25,2
5,26,3
5,27,3
5,28,3
5,29,3
5,30,3
6,0,4
6,1,4
6,2,4
6,3,4
6,4,4
6,5,4
6,6,4
6,7,2
6,8,2
6,9,2
6,10,4
6,11,4
6,12,4
6,13,4
6,14,1
6,15,1
6,16,1
6,17,1
6,18,1
6,19,4
6,20,4
6,21,4
6,22,4
6,23,2
6,24,2
6,25,2
6,26,2
6,27,3
6,28,3
6,29,3
6,30,3
7,0,4
7,1,4
7,2,4
7,3,4
7,4,4
7,5,4
7,6,2
7,7,2
7,8,2
7,9,4
7,10,4
7,11,4
7,12,4
7,13,4
7,14,4
7,15,1
7,16,1
7,17,1
7,18,1
7,19,1
7,20,4
7,21,4
7,22,4
7,23,2
7,24,2
7,25,2
7,26,2
7,27,3
7,28,3
7,29,3
7,30,3
8,0,4
8,1,4
8,2,4
8,3,4
8,4,4
8,5,2
8,6,2
8,7,2
8,8,2
8,9,4
8,10,4
8,11,4
8,12,4
8,13,4
8,14,4
8,15,3
8,16,3
8,17,1
8,18,1
8,19,1
8,20,1
8,21,4
8,22,4
8,23,4
8,24,2
8,25,2
8,26,3
8,27,3
8,28,3
8,29,3
8,30,3
9,0,4
9,1,4
9,2,4
9,3,1
9,4,1
9,5,2
9,6,2
9,7,2
9,8,2
9,9,2
9,10,4
9,11,4
9,12,4
9,13,4
9,14,3
9,15,3
9,16,3
9,17,3
9,18,1
9,19,1
9,20,1
9,21,4
9,22,4
9,23,4
9,24,2
9,25,2
9,26,3
9,27,3
9,28,3
9,29,3
9,30,3
10,0,1
10,1,1
10,2,1
10,3,1
10,4,1
10,5,1
10,6,2
10,7,2
10,8,2
10,9,2
10,10,3
10,11,3
10,12,3
10,13,3
10,14,3
10,15,3
10,16,3
10,17,3
10,18,1
10,19,1
10,20,1
10,21,4
10,22,4
10,23,4
10,24,2
10,25,2
10,26,2
10,27,3
10,28,3
10,29,4
10,30,4
11,0,1
11,1,1
11,2,1
11,3,1
11,4,1
11,5,1
11,6,1
11,7,2
11,8,2
11,9,3
11,10,3
11,11,3
11,12,3
11,13,3
11,14,3
11,15,3
11,16,3
11,17,1
11,18,1
11,19,1
11,20,1
11,21,4
11,22,4
11,23,2
11,24,2
11,25,2
11,26,2
11,27,2
11,28,4
11,29,4
11,30,4
12,0,1
12,1,1
12,2,1
12,3,1
12,4,1
12,5,1
12,6,1
12,7,1
12,8,3
12,9,3
12,10,3
12,11,3
12,12,3
12,13,3
12,14,3
12,15,3
12,16,3
12,17,1
12,18,1
12,19,1
12,20,1
12,21,4
12,22,4
12,23,2
12,24,2
12,25,2
12,26,2
12,27,2
12,28,4
12,29,4
12,30,4
13,0,1
13,1,1
13,2,1
13,3,1
13,4,1
13,5,1
13,6,1
13,7,1
13,8,3
13,9,3
13,10,3
13,11,3
13,12,3
13,13,3
13,14,3
13,15,3
13,16,3
13,17,3
13,18,1
13,19,1
13,20,1
13,21,4
13,22,4
13,23,2
13,24,2
13,25,2
13,26,2
13,27,1
13,28,1
13,29,4
13,30,4
14,0,1
14,1,1
14,2,1
14,3,1
14,4,1
14,5,1
14,6,1
14,7,1
14,8,3
14,9,3
14,10,3
14,11,3
14,12,3
14,13,3
14,14,3
14,15,3
14,16,3
14,17,3
14,18,1
14,19,1
14,20,1
14,21,4
14,22,4
14,23,4
14,24,2
14,25,2
14,26,1
14,27,1
14,28,1
14,29,1
14,30,1
15,0,4
15,1,4
15,2,4
15,3,4
15,4,1
15,5,1
15,6,1
15,7,3
15,8,3
15,9,3
15,10,3
15,11,3
15,12,3
15,13,3
15,14,3
15,15,3
15,16,3
15,17,3
15,18,1
15,19,1
15,20,1
15,21,4
15,22,4
15,23,4
15,24,4
15,25,1
15,26,1
15,27,1
15,28,1
15,29,1
15,30,1
16,0,4
16,1,4
16,2,4
16,3,4
16,4,4
16,5,1
16,6,1
16,7,3
16,8,3
16,9,3
16,10,3
16,11,3
16,12,3
16,13,3
16,14,3
16,15,3
16,16,3
16,17,1
16,18,1
16,19,1
16,20,1
16,21,4
16,22,4
16,23,4
16,24,4
16,25,1
16,26,1
16,27,1
16,28,1
16,29,4
16,30,4
17,0,4
17,1,4
17,2,4
17,3,4
17,4,4
17,5,1
17,6,1
17,7,1
17,8,3
17,9,3
17,10,1
17,11,1
17,12,1
17,13,1
17,14,1
17,15,1
17,16,1
17,17,1
17,18,1
17,19,1
17,20,2
17,21,2
17,22,4
17,23,4
17,24,4
17,25,4
17,26,1
17,27,1
17,28,4
17,29,4
17,30,4
18,0,4
18,1,4
18,2,4
18,3,4
18,4,4
18,5,1
18,6,1
18,7,1
18,8,1
18,9,1
18,10,1
18,11,1
18,12,1
18,13,1
18,14,1
18,15,1
18,16,1
18,17,1
18,18,1
18,19,2
18,20,2
18,21,2
18,22,2
18,23,4
18,24,4
18,25,4
18,26,4
18,27,4
18,28,4
18,29,4
18,30,4
19,0,4
19,1,4
19,2,4
19,3,4
19,4,2
19,5,2
19,6,1
19,7,1
19,8,1
19,9,1
19,10,1
19,11,1
19,12,4
19,13,4
19,14,1
19,15,1
19,16,4
19,17,4
19,18,4
19,19,2
19,20,2
19,21,2
19,22,2
19,23,2
19,24,4
19,25,4
19,26,4
19,27,4
19,28,4
19,29,4
19,30,4
20,0,2
20,1,2
20,2,2
20,3,2
20,4,2
20,5,2
20,6,2
20,7,1
20,8,1
20,9,4
20,10,4
20,11,4
20,12,4
20,13,4
20,14,4
20,15,4
20,16,4
20,17,4
20,18,4
20,19,4
20,20,2
20,21,2
20,22,2
20,23,2
20,24,2
20,25,4
20,26,4
20,27,4
20,28,4
20,29,4
20,30,4
21,0,2
21,1,2
21,2,2
21,3,2
21,4,2
21,5,2
21,6,2
21,7,2
21,8,4
21,9,4
21,10,4
21,11,4
21,12,4
21,13,4
21,14,4
21,15,4
21,16,4
21,17,4
21,18,4
21,19,4
21,20,2
21,21,2
21,22,2
21,23,2
21,24,2
21,25,4
21,26,4
21,27,4
21,28,4
21,29,4
21,30,4
22,0,2
22,1,2
22,2,2
22,3,2
22,4,2
22,5,2
22,6,2
22,7,2
22,8,4
22,9,4
22,10,4
22,11,4
22,12,4
22,13,4
22,14,4
22,15,4
22,16,4
22,17,4
22,18,4
22,19,2
22,20,2
22,21,2
22,22,2
22,23,2
22,24,2
22,25,2
22,26,4
22,27,4
22,28,4
22,29,4
22,30,4
23,0,2
23,1,2
23,2,2
23,3,2
23,4,2
23,5,2
23,6,2
23,7,2
23,8,4
23,9,4
23,10,4
23,11,4
23,12,4
23,13,4
23,14,4
23,15,4
23,16,2
23,17,2
23,18,2
23,19,2
23,20,2
23,21,2
23,22,2
23,23,2
23,24,2
23,25,2
23,26,4
23,27,4
23,28,4
23,29,4
23,30,4
24,0,2
24,1,2
24,2,2
24,3,2
24,4,2
24,5,2
24,6,2
24,7,1
24,8,1
24,9,4
24,10,4
24,11,4
24,12,4
24,13,4
24,14,4
24,15,2
24,16,2
24,17,2
24,18,2
24,19,2
24,20,2
24,21,2
24,22,2
24,23,2
24,24,2
24,25,3
24,26,3
24,27,4
24,28,4
24,29,4
24,30,4
25,0,1
25,1,1
25,2,1
25,3,1
25,4,1
25,5,1
25,6,1
25,7,1
25,8,1
25,9,1
25,10,1
25,11,4
25,12,4
25,13,3
25,14,3
25,15,2
25,16,2
25,17,2
25,18,2
25,19,2
25,20,3
25,21,3
25,22,3
25,23,3
25,24,3
25,25,3
25,26,3
25,27,3
25,28,3
25,29,3
25,30,3
26,0,1
26,1,1
26,2,1
26,3,1
26,4,1
26,5,1
26,6,1
26,7,1
26,8,1
26,9,1
26,10,1
26,11,1
26,12,3
26,13,3
26,14,3
26,15,3
26,16,2
26,17,2
26,18,2
26,19,3
26,20,3
26,21,3
26,22,3
26,23,3
26,24,3
26,25,3
26,26,3
26,27,3
26,28,3
26,29,3
26,30,3
27,0,1
27,1,1
27,2,1
27,3,4
27,4,4
27,5,1
27,6,1
27,7,3
27,8,3
27,9,1
27,10,1
27,11,1
27,12,3
27,13,3
27,14,3
27,15,3
27,16,3
27,17,2
27,18,2
27,19,3
27,20,3
27,21,3
27,22,3
27,23,4
27,24,4
27,25,4
27,26,3
27,27,3
27,28,3
27,29,3
27,30,3
28,0,1
28,1,1
28,2,4
28,3,4
28,4,4
28,5,4
28,6,3
28,7,3
28,8,3
28,9,3
28,10,1
28,11,1
28,12,1
28,13,3
28,14,3
28,15,3
28,16,3
28,17,2
28,18,2
28,19,2
28,20,3
28,21,3
28,22,4
28,23,4
28,24,4
28,25,4
28,26,4
28,27,3
28,28,3
28,29,2
28,30,2
29,0,1
29,1,1
29,2,4
29,3,4
29,4,4
29,5,4
29,6,3
29,7,3
29,8,3
29,9,3
29,10,1
29,11,1
29,12,1
29,13,3
29,14,3
29,15,3
29,16,3
29,17,2
29,18,2
29,19,2
29,20,2
29,21,4
29,22,4
29,23,4
29,24,4
29,25,4
29,26,4
29,27,4
29,28,2
29,29,2
29,30,2
30,0,1
30,1,1
30,2,4
30,3,4
30,4,4
30,5,4
30,6,3
30,7,3
30,8,3
30,9,3
30,10,1
30,11,1
30,12,1
30,13,3
30,14,3
30,15,3
30,16,3
30,17,2
30,18,2
30,19,2
30,20,2
30,21,4
30,22,4
30,23,4
30,24,4
30,25,4
30,26,4
30,27,4
30,28,2
30,29,2
30,30,2