8
13
8
4
2,2
2,12
2,22
12,2
12,12
12,22
22,2
22,22
4,6,2
1,4,2
3,4,2
4,5,2
4,7,1
0,1,1
0,3,1
3,6,1
6,7,2
1,3,2
1,2,2
1,5,1
2,5,1
0,0,4
0,1,4
0,2,4
0,3,4
0,4,4
0,5,4
0,6,4
0,7,4
0,8,4
0,9,4
0,10,4
0,11,4
0,12,4
0,13,4
0,14,4
0,15,4
0,16,4
0,17,4
0,18,4
0,19,4
0,20,2
0,21,2
0,22,2
0,23,2
0,24,2
0,25,3
0,26,3
0,27,3
0,28,3
0,29,2
0,30,2
1,0,4
1,1,4
1,2,4
1,3,4
1,4,4
1,5,4
1,6,4
1,7,4
1,8,4
1,9,4
1,10,4
1,11,4
1,12,4
1,13,4
1,14,4
1,15,4
1,16,4
1,17,4
1,18,4
1,19,4
1,20,2
1,21,2
1,22,2
1,23,2
1,24,2
1,25,3
1,26,3
1,27,3
1,28,3
1,29,2
1,30,2
2,0,4
2,1,4
2,2,4
2,3,4
2,4,4
2,5,4
2,6,4
2,7,4
2,8,4
2,9,4
2,10,4
2,11,4
2,12,4
2,13,4
2,14,4
2,15,4
2,16,4
2,17,4
2,18,4
2,19,2
2,20,2
2,21,2
2,22,2
2,23,2
2,24,2
2,25,2
2,26,3
2,27,3
2,28,2
2,29,2
2,30,2
3,0,4
3,1,4
3,2,4
3,3,4
3,4,4
3,5,4
3,6,2
3,7,2
3,8,4
3,9,4
3,10,4
3,11,4
3,12,4
3,13,4
3,14,4
3,15,4
3,16,4
3,17,4
3,18,2
3,19,2
3,20,2
3,21,2
3,22,2
3,23,2
3,24,2
3,25,2
3,26,4
3,27,4
3,28,2
3,29,2
3,30,2
4,0,4
4,1,4
4,2,4
4,3,4
4,4,4
4,5,2
4,6,2
4,7,2
4,8,2
4,9,4
4,10,4
4,11,4
4,12,4
4,13,4
4,14,4
4,15,2
4,16,2
4,17,2
4,18,2
4,19,2
4,20,2
4,21,2
4,22,2
4,23,2
4,24,2
4,25,4
4,26,4
4,27,4
4,28,4
4,29,2
4,30,2
5,0,4
5,1,4
5,2,4
5,3,1
5,4,1
5,5,2
5,6,2
5,7,2
5,8,2
5,9,4
5,10,4
5,11,4
5,12,4
5,13,4
5,14,2
5,15,2
5,16,2
5,17,2
5,18,2
5,19,2
5,20,2
5,21,2
5,22,1
5,23,1
5,24,1
5,25,4
5,26,4
5,27,4
5,28,4
5,29,4
5,30,4
6,0,4
6,1,4
6,2,1
6,3,1
6,4,1
6,5,1
6,6,2
6,7,2
6,8,2
6,9,2
6,10,4
6,11,4
6,12,4
6,13,4
6,14,2
6,15,2
6,16,2
6,17,2
6,18,2
6,19,2
6,20,2
6,21,1
6,22,1
6,23,1
6,24,1
6,25,1
6,26,4
6,27,4
6,28,4
6,29,4
6,30,4
7,0,1
7,1,1
7,2,1
7,3,1
7,4,1
7,5,1
7,6,2
7,7,2
7,8,2
7,9,2
7,10,4
7,11,4
7,12,4
7,13,4
7,14,4
7,15,2
7,16,2
7,17,2
7,18,2
7,19,4
7,20,4
7,21,1
7,22,1
7,23,1
7,24,1
7,25,1
7,26,4
7,27,4
7,28,4
7,29,4
7,30,4
8,0,1
8,1,1
8,2,1
8,3,1
8,4,1
8,5,2
8,6,2
8,7,2
8,8,2
8,9,2
8,10,4
8,11,4
8,12,4
8,13,4
8,14,4
8,15,4
8,16,4
8,17,4
8,18,4
8,19,4
8,20,4
8,21,4
8,22,1
8,23,1
8,24,1
8,25,1
8,26,1
8,27,4
8,28,4
8,29,4
8,30,4
9,0,1
9,1,1
9,2,1
9,3,1
9,4,1
9,5,2
9,6,2
9,7,2
9,8,2
9,9,2
9,10,2
9,11,4
9,12,4
9,13,4
9,14,4
9,15,4
9,16,4
9,17,4
9,18,4
9,19,4
9,20,4
9,21,4
9,22,4
9,23,4
9,24,1
9,25,1
9,26,1
9,27,1
9,28,4
9,29,4
9,30,4
10,0,1
10,1,1
10,2,1
10,3,1
10,4,1
10,5,2
10,6,2
10,7,2
10,8,2
10,9,2
10,10,2
10,11,2
10,12,2
10,13,2
10,14,2
10,15,4
10,16,4
10,17,1
10,18,1
10,19,4
10,20,4
10,21,4
10,22,4
10,23,4
10,24,4
10,25,1
10,26,1
10,27,1
10,28,3
10,29,3
10,30,3
11,0,1
11,1,1
11,2,1
11,3,1
11,4,1
11,5,1
11,6,2
11,7,2
11,8,2
11,9,2
11,10,2
11,11,2
11,12,2
11,13,2
11,14,2
11,15,2
11,16,1
11,17,1
11,18,1
11,19,1
11,20,4
11,21,4
11,22,4
11,23,4
11,24,4
11,25,1
11,26,1
11,27,3
11,28,3
11,29,3
11,30,3
12,0,1
12,1,1
12,2,1
12,3,1
12,4,1
12,5,1
12,6,1
12,7,1
12,8,1
12,9,2
12,10,2
12,11,2
12,12,2
12,13,2
12,14,2
12,15,2
12,16,1
12,17,1
12,18,1
12,19,1
12,20,4
12,21,4
12,22,4
12,23,4
12,24,4
12,25,1
12,26,1
12,27,3
12,28,3
12,29,3
12,30,3
13,0,1
13,1,1
13,2,1
13,3,1
13,4,1
13,5,1
13,6,1
13,7,1
13,8,1
13,9,1
13,10,2
13,11,2
13,12,2
13,13,2
13,14,2
13,15,2
13,16,1
13,17,1
13,18,1
13,19,1
13,20,4
13,21,4
13,22,4
13,23,4
13,24,4
13,25,1
13,26,1
13,27,3
13,28,3
13,29,3
13,30,3
14,0,1
14,1,1
14,2,1
14,3,1
14,4,1
14,5,2
14,6,2
14,7,1
14,8,1
14,9,1
14,10,2
14,11,2
14,12,2
14,13,2
14,14,2
14,15,3
14,16,3
14,17,1
14,18,1
14,19,4
14,20,4
14,21,4
14,22,4
14,23,4
14,24,4
14,25,1
14,26,1
14,27,1
14,28,3
14,29,3
14,30,3
15,0,1
15,1,1
15,2,1
15,3,1
15,4,2
15,5,2
15,6,2
15,7,2
15,8,1
15,9,1
15,10,1
15,11,2
15,12,2
15,13,3
15,14,3
15,15,3
15,16,3
15,17,3
15,18,4
15,19,4
15,20,4
15,21,4
15,22,4
15,23,4
15,24,4
15,25,1
15,26,1
15,27,1
15,28,4
15,29,4
15,30,4
16,0,1
16,1,1
16,2,1
16,3,2
16,4,2
16,5,2
16,6,2
16,7,2
16,8,1
16,9,1
16,10,1
16,11,1
16,12,3
16,13,3
16,14,3
16,15,3
16,16,3
16,17,3
16,18,4
16,19,4
16,20,4
16,21,4
16,22,4
16,23,4
16,24,1
16,25,1
16,26,1
16,27,4
16,28,4
16,29,4
16,30,4
17,0,4
17,1,4
17,2,4
17,3,2
17,4,2
17,5,2
17,6,2
17,7,3
17,8,3
17,9,1
17,10,1
17,11,1
17,12,3
17,13,3
17,14,3
17,15,3
17,16,3
17,17,4
17,18,4
17,19,4
17,20,4
17,21,4
17,22,4
17,23,4
17,24,1
17,25,1
17,26,1
17,27,4
17,28,4
17,29,4
17,30,4
18,0,4
18,1,4
18,2,4
18,3,4
18,4,2
18,5,2
18,6,3
18,7,3
18,8,3
18,9,3
18,10,1
18,11,1
18,12,3
18,13,3
18,14,3
18,15,4
18,16,4
18,17,4
18,18,4
18,19,4
18,20,4
18,21,4
18,22,4
18,23,1
18,24,1
18,25,1
18,26,1
18,27,4
18,28,4
18,29,4
18,30,4
19,0,4
19,1,4
19,2,4
19,3,4
19,4,4
19,5,4
19,6,3
19,7,3
19,8,3
19,9,3
19,10,1
19,11,1
19,12,3
19,13,3
19,14,4
19,15,4
19,16,4
19,17,4
19,18,4
19,19,1
19,20,1
19,21,1
19,22,1
19,23,1
19,24,1
19,25,1
19,26,4
19,27,4
19,28,4
19,29,4
19,30,4
20,0,4
20,1,4
20,2,4
20,3,4
20,4,4
20,5,4
20,6,4
20,7,3
20,8,3
20,9,1
20,10,1
20,11,1
20,12,3
20,13,3
20,14,4
20,15,4
20,16,4
20,17,4
20,18,1
20,19,1
20,20,1
20,21,1
20,22,1
20,23,1
20,24,1
20,25,1
20,26,4
20,27,4
20,28,4
20,29,1
20,30,1
21,0,4
21,1,4
21,2,4
21,3,4
21,4,4
21,5,4
21,6,4
21,7,1
21,8,1
21,9,1
21,10,1
21,11,1
21,12,3
21,13,3
21,14,4
21,15,4
21,16,4
21,17,1
21,18,1
21,19,1
21,20,1
21,21,1
21,22,1
21,23,1
21,24,1
21,25,1
21,26,4
21,27,4
21,28,1
21,29,1
21,30,1
22,0,4
22,1,4
22,2,4
22,3,4
22,4,4
22,5,4
22,6,1
22,7,1
22,8,1
22,9,1
22,10,1
22,11,3
22,12,3
22,13,3
22,14,4
22,15,4
22,16,1
22,17,1
22,18,1
22,19,1
22,20,1
22,21,1
22,22,1
22,23,1
22,24,1
22,25,1
22,26,4
22,27,4
22,28,1
22,29,1
22,30,1
23,0,4
23,1,4
23,2,4
23,3,4
23,4,4
23,5,4
23,6,1
23,7,1
23,8,1
23,9,1
23,10,1
23,11,3
23,12,3
23,13,3
23,14,4
23,15,4
23,16,1
23,17,1
23,18,1
23,19,1
23,20,1
23,21,1
23,22,1
23,23,1
23,24,1
23,25,1
23,26,4
23,27,4
23,28,4
23,29,1
23,30,1
24,0,4
24,1,4
24,2,4
24,3,4
24,4,4
24,5,4
24,6,4
24,7,1
24,8,1
24,9,1
24,10,3
24,11,3
24,12,3
24,13,3
24,14,4
24,15,4
24,16,4
24,17,1
24,18,1
24,19,1
24,20,1
24,21,1
24,22,1
24,23,1
24,24,1
24,25,4
24,26,4
24,27,4
24,28,4
24,29,4
24,30,4
25,0,4
25,1,4
25,2,4
25,3,4
25,4,4
25,5,4
25,6,4
25,7,4
25,8,4
25,9,4
25,10,3
25,11,3
25,12,3
25,13,3
25,14,4
25,15,4
25,16,4
25,17,4
25,18,4
25,19,4
25,20,4
25,21,4
25,22,4
25,23,4
25,24,4
25,25,4
25,26,4
25,27,4
25,28,4
25,29,4
25,30,4
26,0,4
26,1,4
26,2,4
26,3,4
26,4,4
26,5,4
26,6,4
26,7,4
26,8,4
26,9,4
26,10,4
26,11,3
26,12,3
26,13,1
26,14,1
26,15,4
26,16,4
26,17,4
26,18,4
26,19,4
26,20,4
26,21,4
26,22,4
26,23,4
26,24,4
26,25,4
26,26,4
26,27,1
26,28,1
26,29,1
26,30,1
27,0,1
27,1,1
27,2,1
27,3,4
27,4,4
27,5,3
27,6,3
27,7,3
27,8,4
27,9,4
27,10,4
27,11,4
27,12,1
27,13,1
27,14,1
27,15,1
27,16,4
27,17,4
27,18,2
27,19,2
27,20,2
27,21,2
27,22,2
27,23,2
27,24,4
27,25,4
27,26,1
27,27,1
27,28,1
27,29,1
27,30,1
28,0,1
28,1,1
28,2,1
28,3,1
28,4,3
28,5,3
28,6,3
28,7,3
28,8,3
28,9,4
28,10,4
28,11,4
28,12,1
28,13,1
28,14,1
28,15,1
28,16,1
28,17,2
28,18,2
28,19,2
28,20,2
28,21,2
28,22,2
28,23,2
28,24,2
28,25,1
28,26,1
28,27,1
28,28,1
28,29,4
28,30,4
29,0,1
29,1,1
29,2,1
29,3,1
29,4,3
29,5,3
29,6,3
29,7,3
29,8,3
29,9,4
29,10,4
29,11,4
29,12,1
29,13,1
29,14,1
29,15,1
29,16,1
29,17,2
29,18,2
29,19,2
29,20,2
29,21,2
29,22,2
29,23,2
29,24,2
29,25,1
29,26,1
29,27,1
29,28,4
29,29,4
29,30,4
30,0,1
30,1,1
30,2,1
30,3,1
30,4,3
30,5,3
30,6,3
30,7,3
30,8,3
30,9,4
30,10,4
30,11,4
30,12,1
30,13,1
30,14,1
30,15,1
30,16,1
30,17,2
30,18,2
30,19,2
30,20,2
30,21,2
30,22,2
30,23,2
30,24,2
30,25,1
30,26,1
30,27,1
30,28,4
30,29,4
30,30,4