8
13
10
6
2,2
2,12
2,22
12,2
12,12
22,2
22,12
22,22
6,7,2
3,6,2
4,6,2
5,6,2
2,7,2
4,7,1
2,4,2
1,2,1
3,4,2
3,5,2
0,4,1
1,4,1
0,1,1
0,0,4
0,1,4
0,2,4
0,3,4
0,4,4
0,5,4
0,6,1
0,7,1
0,8,1
0,9,1
0,10,3
0,11,3
0,12,3
0,13,3
0,14,3
0,15,2
0,16,2
0,17,2
0,18,2
0,19,2
0,20,4
0,21,4
0,22,4
0,23,4
0,24,4
0,25,4
0,26,4
0,27,1
0,28,1
0,29,1
0,30,1
1,0,4
1,1,4
1,2,4
1,3,4
1,4,4
1,5,4
1,6,1
1,7,1
1,8,1
1,9,1
1,10,3
1,11,3
1,12,3
1,13,3
1,14,3
1,15,2
1,16,2
1,17,2
1,18,2
1,19,2
1,20,4
1,21,4
1,22,4
1,23,4
1,24,4
1,25,4
1,26,4
1,27,1
1,28,1
1,29,1
1,30,1
2,0,4
2,1,4
2,2,4
2,3,4
2,4,4
2,5,1
2,6,1
2,7,1
2,8,1
2,9,1
2,10,3
2,11,3
2,12,3
2,13,3
2,14,3
2,15,3
2,16,2
2,17,2
2,18,2
2,19,2
2,20,4
2,21,4
2,22,4
2,23,4
2,24,4
2,25,4
2,26,1
2,27,1
2,28,1
2,29,1
2,30,1
3,0,4
3,1,4
3,2,4
3,3,4
3,4,4
3,5,1
3,6,1
3,7,1
3,8,1
3,9,3
3,10,3
3,11,3
3,12,3
3,13,3
3,14,3
3,15,3
3,16,3
3,17,2
3,18,2
3,19,4
3,20,4
3,21,4
3,22,4
3,23,4
3,24,4
3,25,4
3,26,1
3,27,1
3,28,1
3,29,1
3,30,1
4,0,4
4,1,4
4,2,4
4,3,4
4,4,4
4,5,4
4,6,1
4,7,1
4,8,3
4,9,3
4,10,3
4,11,3
4,12,3
4,13,3
4,14,3
4,15,3
4,16,3
4,17,3
4,18,3
4,19,4
4,20,4
4,21,4
4,22,4
4,23,4
4,24,4
4,25,3
4,26,3
4,27,1
4,28,1
4,29,4
4,30,4
5,0,4
5,1,4
5,2,4
5,3,4
5,4,4
5,5,4
5,6,2
5,7,2
5,8,3
5,9,3
5,10,3
5,11,3
5,12,3
5,13,3
5,14,3
5,15,3
5,16,3
5,17,3
5,18,3
5,19,3
5,20,4
5,21,4
5,22,4
5,23,4
5,24,3
5,25,3
5,26,3
5,27,3
5,28,4
5,29,4
5,30,4
6,0,4
6,1,4
6,2,4
6,3,4
6,4,4
6,5,2
6,6,2
6,7,2
6,8,2
6,9,3
6,10,3
6,11,3
6,12,3
6,13,3
6,14,3
6,15,3
6,16,3
6,17,3
6,18,3
6,19,3
6,20,4
6,21,4
6,22,4
6,23,4
6,24,3
6,25,3
6,26,3
6,27,3
6,28,4
6,29,4
6,30,4
7,0,4
7,1,4
7,2,4
7,3,4
7,4,4
7,5,2
7,6,2
7,7,2
7,8,2
7,9,2
7,10,2
7,11,2
7,12,2
7,13,2
7,14,2
7,15,2
7,16,2
7,17,3
7,18,3
7,19,3
7,20,3
7,21,4
7,22,4
7,23,4
7,24,3
7,25,3
7,26,3
7,27,3
7,28,4
7,29,4
7,30,4
8,0,4
8,1,4
8,2,4
8,3,4
8,4,2
8,5,2
8,6,2
8,7,2
8,8,2
8,9,2
8,10,2
8,11,2
8,12,2
8,13,2
8,14,2
8,15,2
8,16,2
8,17,2
8,18,3
8,19,3
8,20,3
8,21,4
8,22,4
8,23,4
8,24,4
8,25,3
8,26,3
8,27,3
8,28,4
8,29,4
8,30,4
9,0,4
9,1,4
9,2,4
9,3,4
9,4,2
9,5,2
9,6,2
9,7,2
9,8,4
9,9,4
9,10,4
9,11,4
9,12,4
9,13,4
9,14,4
9,15,2
9,16,2
9,17,2
9,18,2
9,19,3
9,20,3
9,21,4
9,22,4
9,23,4
9,24,4
9,25,3
9,26,3
9,27,3
9,28,3
9,29,4
9,30,4
10,0,4
10,1,4
10,2,4
10,3,4
10,4,4
10,5,2
10,6,2
10,7,4
10,8,4
10,9,4
10,10,4
10,11,4
10,12,4
10,13,4
10,14,4
10,15,4
10,16,2
10,17,2
10,18,2
10,19,3
10,20,3
10,21,3
10,22,4
10,23,4
10,24,1
10,25,1
10,26,3
10,27,3
10,28,3
10,29,3
10,30,3
11,0,4
11,1,4
11,2,4
11,3,4
11,4,4
11,5,4
11,6,4
11,7,4
11,8,4
11,9,4
11,10,4
11,11,4
11,12,4
11,13,4
11,14,4
11,15,4
11,16,2
11,17,2
11,18,2
11,19,3
11,20,3
11,21,3
11,22,3
11,23,1
11,24,1
11,25,1
11,26,1
11,27,3
11,28,3
11,29,3
11,30,3
12,0,4
12,1,4
12,2,4
12,3,4
12,4,4
12,5,4
12,6,4
12,7,4
12,8,4
12,9,4
12,10,4
12,11,4
12,12,4
12,13,4
12,14,4
12,15,4
12,16,4
12,17,2
12,18,2
12,19,2
12,20,3
12,21,3
12,22,3
12,23,1
12,24,1
12,25,1
12,26,1
12,27,1
12,28,1
12,29,1
12,30,1
13,0,4
13,1,4
13,2,4
13,3,4
13,4,4
13,5,4
13,6,4
13,7,4
13,8,4
13,9,4
13,10,4
13,11,4
13,12,4
13,13,4
13,14,4
13,15,4
13,16,4
13,17,2
13,18,2
13,19,2
13,20,2
13,21,3
13,22,3
13,23,3
13,24,1
13,25,1
13,26,1
13,27,1
13,28,1
13,29,1
13,30,1
14,0,4
14,1,4
14,2,4
14,3,4
14,4,4
14,5,3
14,6,3
14,7,4
14,8,4
14,9,4
14,10,4
14,11,4
14,12,4
14,13,4
14,14,4
14,15,4
14,16,4
14,17,2
14,18,2
14,19,2
14,20,2
14,21,3
14,22,3
14,23,3
14,24,3
14,25,1
14,26,1
14,27,1
14,28,1
14,29,1
14,30,1
15,0,4
15,1,4
15,2,4
15,3,4
15,4,3
15,5,3
15,6,3
15,7,3
15,8,3
15,9,3
15,10,3
15,11,3
15,12,3
15,13,4
15,14,4
15,15,4
15,16,3
15,17,3
15,18,2
15,19,2
15,20,3
15,21,3
15,22,3
15,23,3
15,24,3
15,25,3
15,26,1
15,27,1
15,28,4
15,29,4
15,30,4
16,0,4
16,1,4
16,2,4
16,3,4
16,4,3
16,5,3
16,6,3
16,7,3
16,8,3
16,9,3
16,10,3
16,11,3
16,12,3
16,13,3
16,14,3
16,15,3
16,16,3
16,17,3
16,18,3
16,19,3
16,20,3
16,21,3
16,22,3
16,23,3
16,24,3
16,25,3
16,26,3
16,27,4
16,28,4
16,29,4
16,30,4
17,0,4
17,1,4
17,2,4
17,3,3
17,4,3
17,5,3
17,6,3
17,7,3
17,8,2
17,9,2
17,10,2
17,11,3
17,12,3
17,13,3
17,14,3
17,15,3
17,16,3
17,17,3
17,18,3
17,19,3
17,20,3
17,21,3
17,22,1
17,23,1
17,24,3
17,25,3
17,26,3
17,27,4
17,28,4
17,29,4
17,30,4
18,0,3
18,1,3
18,2,3
18,3,3
18,4,3
18,5,3
18,6,3
18,7,2
18,8,2
18,9,2
18,10,2
18,11,2
18,12,2
18,13,2
18,14,2
18,15,2
18,16,2
18,17,2
18,18,3
18,19,3
18,20,1
18,21,1
18,22,1
18,23,1
18,24,1
18,25,3
18,26,3
18,27,4
18,28,4
18,29,4
18,30,4
19,0,3
19,1,3
19,2,3
19,3,3
19,4,3
19,5,4
19,6,4
19,7,2
19,8,2
19,9,2
19,10,2
19,11,2
19,12,2
19,13,2
19,14,2
19,15,2
19,16,2
19,17,2
19,18,2
19,19,1
19,20,1
19,21,1
19,22,1
19,23,1
19,24,1
19,25,3
19,26,3
19,27,4
19,28,4
19,29,4
19,30,4
20,0,4
20,1,4
20,2,4
20,3,4
20,4,4
20,5,4
20,6,4
20,7,4
20,8,2
20,9,2
20,10,4
20,11,4
20,12,4
20,13,4
20,14,4
20,15,4
20,16,2
20,17,2
20,18,2
20,19,1
20,20,1
20,21,1
20,22,1
20,23,1
20,24,1
20,25,3
20,26,3
20,27,4
20,28,4
20,29,4
20,30,4
21,0,4
21,1,4
21,2,4
21,3,4
21,4,4
21,5,4
21,6,4
21,7,4
21,8,4
21,9,4
21,10,4
21,11,4
21,12,4
21,13,4
21,14,4
21,15,4
21,16,4
21,17,2
21,18,2
21,19,2
21,20,1
21,21,1
21,22,1
21,23,1
21,24,1
21,25,3
21,26,3
21,27,4
21,28,4
21,29,4
21,30,4
22,0,4
22,1,4
22,2,4
22,3,4
22,4,4
22,5,4
22,6,4
22,7,4
22,8,4
22,9,4
22,10,4
22,11,4
22,12,4
22,13,4
22,14,4
22,15,4
22,16,4
22,17,2
22,18,2
22,19,2
22,20,1
22,21,1
22,22,1
22,23,1
22,24,1
22,25,3
22,26,3
22,27,4
22,28,4
22,29,4
22,30,4
23,0,4
23,1,4
23,2,4
23,3,4
23,4,4
23,5,4
23,6,1
23,7,1
23,8,4
23,9,4
23,10,4
23,11,4
23,12,4
23,13,4
23,14,4
23,15,4
23,16,4
23,17,4
23,18,2
23,19,2
23,20,1
23,21,1
23,22,1
23,23,1
23,24,1
23,25,3
23,26,3
23,27,3
23,28,4
23,29,4
23,30,4
24,0,4
24,1,4
24,2,4
24,3,4
24,4,4
24,5,1
24,6,1
24,7,1
24,8,1
24,9,4
24,10,4
24,11,4
24,12,4
24,13,4
24,14,4
24,15,4
24,16,4
24,17,4
24,18,2
24,19,2
24,20,1
24,21,1
24,22,1
24,23,1
24,24,1
24,25,3
24,26,3
24,27,3
24,28,3
24,29,3
24,30,3
25,0,1
25,1,1
25,2,1
25,3,1
25,4,1
25,5,1
25,6,1
25,7,1
25,8,1
25,9,1
25,10,1
25,11,4
25,12,4
25,13,4
25,14,4
25,15,4
25,16,4
25,17,4
25,18,2
25,19,2
25,20,1
25,21,1
25,22,1
25,23,1
25,24,1
25,25,1
25,26,3
25,27,3
25,28,3
25,29,3
25,30,3
26,0,1
26,1,1
26,2,1
26,3,1
26,4,1
26,5,1
26,6,1
26,7,1
26,8,1
26,9,1
26,10,1
26,11,1
26,12,4
26,13,4
26,14,4
26,15,4
26,16,4
26,17,2
26,18,2
26,19,2
26,20,2
26,21,1
26,22,1
26,23,1
26,24,1
26,25,1
26,26,1
26,27,1
26,28,1
26,29,1
26,30,1
27,0,1
27,1,1
27,2,4
27,3,4
27,4,1
27,5,1
27,6,1
27,7,1
27,8,1
27,9,1
27,10,1
27,11,1
27,12,3
27,13,3
27,14,4
27,15,4
27,16,4
27,17,2
27,18,2
27,19,2
27,20,2
27,21,3
27,22,3
27,23,1
27,24,1
27,25,1
27,26,1
27,27,1
27,28,1
27,29,1
27,30,1
28,0,4
28,1,4
28,2,4
28,3,4
28,4,4
28,5,4
28,6,1
28,7,1
28,8,1
28,9,1
28,10,1
28,11,3
28,12,3
28,13,3
28,14,3
28,15,4
28,16,4
28,17,4
28,18,2
28,19,2
28,20,3
28,21,3
28,22,3
28,23,3
28,24,1
28,25,1
28,26,4
28,27,4
28,28,1
28,29,1
28,30,1
29,0,4
29,1,4
29,2,4
29,3,4
29,4,4
29,5,4
29,6,4
29,7,1
29,8,1
29,9,1
29,10,1
29,11,3
29,12,3
29,13,3
29,14,3
29,15,4
29,16,4
29,17,4
29,18,4
29,19,3
29,20,3
29,21,3
29,22,3
29,23,3
29,24,3
29,25,4
29,26,4
29,27,4
29,28,4
29,29,1
29,30,1
30,0,4
30,1,4
30,2,4
30,3,4
30,4,4
30,5,4
30,6,4
30,7,1
30,8,1
30,9,1
30,10,1
30,11,3
30,12,3
30,13,3
30,14,3
30,15,4
30,16,4
30,17,4
30,18,4
30,19,3
30,20,3
30,21,3
30,22,3
30,23,3
30,24,3
30,25,4
30,26,4
30,27,4
30,28,4
30,29,1
30,30,1