9
15
11
0
2,7
2,17
2,27
12,7
12,17
12,27
22,7
22,17
22,27
0,4,2
0,3,2
0,1,2
4,7,2
3,4,2
2,4,2
1,4,2
4,5,1
3,7,2
5,7,1
7,8,1
3,6,2
1,2,1
2,5,1
5,8,1
0,0,4
0,1,4
0,2,3
0,3,3
0,4,4
0,5,4
0,6,4
0,7,4
0,8,4
0,9,4
0,10,4
0,11,4
0,12,1
0,13,1
0,14,1
0,15,3
0,16,3
0,17,3
0,18,3
0,19,3
0,20,3
0,21,4
0,22,4
0,23,4
0,24,4
0,25,4
0,26,4
0,27,4
0,28,4
0,29,4
0,30,4
1,0,4
1,1,4
1,2,3
1,3,3
1,4,4
1,5,4
1,6,4
1,7,4
1,8,4
1,9,4
1,10,4
1,11,4
1,12,1
1,13,1
1,14,1
1,15,3
1,16,3
1,17,3
1,18,3
1,19,3
1,20,3
1,21,4
1,22,4
1,23,4
1,24,4
1,25,4
1,26,4
1,27,4
1,28,4
1,29,4
1,30,4
2,0,4
2,1,4
2,2,3
2,3,3
2,4,4
2,5,4
2,6,4
2,7,4
2,8,4
2,9,4
2,10,4
2,11,4
2,12,1
2,13,1
2,14,3
2,15,3
2,16,3
2,17,3
2,18,3
2,19,3
2,20,3
2,21,3
2,22,4
2,23,4
2,24,4
2,25,4
2,26,4
2,27,4
2,28,4
2,29,4
2,30,4
3,0,4
3,1,4
3,2,3
3,3,3
3,4,4
3,5,4
3,6,4
3,7,4
3,8,4
3,9,4
3,10,4
3,11,4
3,12,1
3,13,1
3,14,3
3,15,3
3,16,3
3,17,3
3,18,3
3,19,3
3,20,3
3,21,3
3,22,1
3,23,1
3,24,4
3,25,4
3,26,4
3,27,4
3,28,4
3,29,4
3,30,4
4,0,4
4,1,4
4,2,3
4,3,3
4,4,3
4,5,4
4,6,4
4,7,4
4,8,4
4,9,4
4,10,4
4,11,4
4,12,1
4,13,1
4,14,3
4,15,3
4,16,3
4,17,3
4,18,3
4,19,3
4,20,3
4,21,1
4,22,1
4,23,1
4,24,1
4,25,4
4,26,4
4,27,4
4,28,4
4,29,4
4,30,4
5,0,4
5,1,4
5,2,3
5,3,3
5,4,3
5,5,3
5,6,4
5,7,4
5,8,4
5,9,4
5,10,4
5,11,1
5,12,1
5,13,1
5,14,1
5,15,3
5,16,3
5,17,2
5,18,2
5,19,2
5,20,2
5,21,1
5,22,1
5,23,1
5,24,1
5,25,1
5,26,1
5,27,4
5,28,4
5,29,4
5,30,4
6,0,4
6,1,4
6,2,4
6,3,3
6,4,3
6,5,3
6,6,4
6,7,4
6,8,4
6,9,4
6,10,4
6,11,1
6,12,1
6,13,1
6,14,1
6,15,2
6,16,2
6,17,2
6,18,2
6,19,2
6,20,2
6,21,2
6,22,1
6,23,1
6,24,1
6,25,1
6,26,1
6,27,1
6,28,1
6,29,4
6,30,4
7,0,4
7,1,4
7,2,4
7,3,4
7,4,3
7,5,3
7,6,3
7,7,4
7,8,4
7,9,4
7,10,3
7,11,3
7,12,1
7,13,1
7,14,2
7,15,2
7,16,2
7,17,2
7,18,2
7,19,2
7,20,2
7,21,2
7,22,3
7,23,3
7,24,3
7,25,1
7,26,1
7,27,1
7,28,1
7,29,1
7,30,1
8,0,4
8,1,4
8,2,4
8,3,4
8,4,3
8,5,3
8,6,3
8,7,3
8,8,3
8,9,3
8,10,3
8,11,3
8,12,3
8,13,2
8,14,2
8,15,2
8,16,2
8,17,2
8,18,2
8,19,2
8,20,2
8,21,3
8,22,3
8,23,3
8,24,3
8,25,3
8,26,1
8,27,1
8,28,1
8,29,1
8,30,1
9,0,4
9,1,4
9,2,4
9,3,4
9,4,4
9,5,3
9,6,3
9,7,3
9,8,3
9,9,3
9,10,3
9,11,3
9,12,3
9,13,2
9,14,2
9,15,2
9,16,1
9,17,1
9,18,1
9,19,1
9,20,1
9,21,3
9,22,3
9,23,3
9,24,3
9,25,3
9,26,4
9,27,4
9,28,4
9,29,1
9,30,1
10,0,4
10,1,4
10,2,4
10,3,4
10,4,4
10,5,1
10,6,1
10,7,1
10,8,1
10,9,1
10,10,3
10,11,3
10,12,2
10,13,2
10,14,2
10,15,1
10,16,1
10,17,1
10,18,1
10,19,1
10,20,1
10,21,1
10,22,3
10,23,3
10,24,3
10,25,4
10,26,4
10,27,4
10,28,4
10,29,4
10,30,4
11,0,1
11,1,1
11,2,4
11,3,4
11,4,1
11,5,1
11,6,1
11,7,1
11,8,1
11,9,1
11,10,1
11,11,2
11,12,2
11,13,2
11,14,2
11,15,1
11,16,1
11,17,1
11,18,1
11,19,1
11,20,1
11,21,1
11,22,4
11,23,4
11,24,4
11,25,4
11,26,4
11,27,4
11,28,4
11,29,4
11,30,4
12,0,1
12,1,1
12,2,1
12,3,1
12,4,1
12,5,1
12,6,1
12,7,1
12,8,1
12,9,1
12,10,1
12,11,2
12,12,2
12,13,2
12,14,2
12,15,1
12,16,1
12,17,1
12,18,1
12,19,1
12,20,1
12,21,4
12,22,4
12,23,4
12,24,4
12,25,4
12,26,4
12,27,4
12,28,4
12,29,4
12,30,4
13,0,1
13,1,1
13,2,1
13,3,1
13,4,1
13,5,1
13,6,1
13,7,1
13,8,1
13,9,1
13,10,1
13,11,2
13,12,2
13,13,2
13,14,2
13,15,1
13,16,1
13,17,1
13,18,1
13,19,1
13,20,1
13,21,4
13,22,4
13,23,4
13,24,4
13,25,4
13,26,4
13,27,4
13,28,4
13,29,4
13,30,4
14,0,1
14,1,1
14,2,1
14,3,1
14,4,1
14,5,1
14,6,1
14,7,1
14,8,1
14,9,1
14,10,2
14,11,2
14,12,2
14,13,2
14,14,2
14,15,1
14,16,1
14,17,1
14,18,1
14,19,1
14,20,1
14,21,1
14,22,4
14,23,4
14,24,4
14,25,4
14,26,4
14,27,4
14,28,4
14,29,4
14,30,4
15,0,1
15,1,1
15,2,1
15,3,1
15,4,1
15,5,1
15,6,3
15,7,3
15,8,3
15,9,3
15,10,2
15,11,2
15,12,2
15,13,2
15,14,1
15,15,1
15,16,1
15,17,1
15,18,1
15,19,1
15,20,1
15,21,1
15,22,1
15,23,1
15,24,4
15,25,4
15,26,2
15,27,2
15,28,2
15,29,4
15,30,4
16,0,1
16,1,1
16,2,1
16,3,1
16,4,1
16,5,3
16,6,3
16,7,3
16,8,3
16,9,3
16,10,3
16,11,2
16,12,2
16,13,1
16,14,1
16,15,1
16,16,1
16,17,4
16,18,4
16,19,1
16,20,1
16,21,1
16,22,1
16,23,1
16,24,1
16,25,2
16,26,2
16,27,2
16,28,2
16,29,2
16,30,2
17,0,4
17,1,4
17,2,4
17,3,4
17,4,4
17,5,3
17,6,3
17,7,3
17,8,3
17,9,3
17,10,3
17,11,3
17,12,1
17,13,1
17,14,1
17,15,1
17,16,4
17,17,4
17,18,4
17,19,4
17,20,1
17,21,1
17,22,1
17,23,1
17,24,1
17,25,2
17,26,2
17,27,2
17,28,2
17,29,2
17,30,2
18,0,4
18,1,4
18,2,4
18,3,4
18,4,4
18,5,4
18,6,3
18,7,3
18,8,3
18,9,3
18,10,3
18,11,3
18,12,1
18,13,1
18,14,1
18,15,1
18,16,4
18,17,4
18,18,4
18,19,4
18,20,4
18,21,4
18,22,1
18,23,1
18,24,3
18,25,3
18,26,2
18,27,2
18,28,2
18,29,3
18,30,3
19,0,2
19,1,2
19,2,2
19,3,4
19,4,4
19,5,4
19,6,4
19,7,4
19,8,3
19,9,3
19,10,3
19,11,1
19,12,1
19,13,1
19,14,1
19,15,1
19,16,1
19,17,4
19,18,4
19,19,4
19,20,4
19,21,4
19,22,4
19,23,3
19,24,3
19,25,3
19,26,3
19,27,3
19,28,3
19,29,3
19,30,3
20,0,2
20,1,2
20,2,2
20,3,2
20,4,4
20,5,4
20,6,4
20,7,4
20,8,4
20,9,4
20,10,4
20,11,1
20,12,1
20,13,1
20,14,1
20,15,1
20,16,1
20,17,1
20,18,1
20,19,1
20,20,4
20,21,4
20,22,4
20,23,3
20,24,3
20,25,3
20,26,3
20,27,3
20,28,3
20,29,3
20,30,3
21,0,2
21,1,2
21,2,2
21,3,2
21,4,4
21,5,4
21,6,4
21,7,4
21,8,4
21,9,4
21,10,4
21,11,4
21,12,1
21,13,1
21,14,1
21,15,1
21,16,1
21,17,1
21,18,1
21,19,1
21,20,1
21,21,4
21,22,4
21,23,4
21,24,3
21,25,3
21,26,3
21,27,3
21,28,3
21,29,3
21,30,3
22,0,2
22,1,2
22,2,2
22,3,2
22,4,2
22,5,4
22,6,4
22,7,4
22,8,4
22,9,4
22,10,4
22,11,4
22,12,1
22,13,1
22,14,1
22,15,1
22,16,1
22,17,1
22,18,1
22,19,1
22,20,1
22,21,4
22,22,4
22,23,4
22,24,4
22,25,3
22,26,3
22,27,3
22,28,3
22,29,3
22,30,3
23,0,2
23,1,2
23,2,2
23,3,2
23,4,2
23,5,4
23,6,4
23,7,4
23,8,4
23,9,4
23,10,4
23,11,3
23,12,3
23,13,1
23,14,1
23,15,1
23,16,1
23,17,1
23,18,1
23,19,1
23,20,1
23,21,1
23,22,4
23,23,4
23,24,4
23,25,3
23,26,3
23,27,3
23,28,3
23,29,3
23,30,3
24,0,4
24,1,4
24,2,2
24,3,2
24,4,4
24,5,4
24,6,4
24,7,4
24,8,4
24,9,4
24,10,3
24,11,3
24,12,3
24,13,3
24,14,3
24,15,1
24,16,1
24,17,1
24,18,1
24,19,1
24,20,1
24,21,1
24,22,1
24,23,4
24,24,4
24,25,3
24,26,3
24,27,3
24,28,3
24,29,3
24,30,3
25,0,4
25,1,4
25,2,4
25,3,4
25,4,4
25,5,4
25,6,4
25,7,4
25,8,3
25,9,3
25,10,3
25,11,3
25,12,3
25,13,3
25,14,3
25,15,3
25,16,1
25,17,1
25,18,1
25,19,1
25,20,1
25,21,1
25,22,1
25,23,4
25,24,4
25,25,4
25,26,3
25,27,3
25,28,4
25,29,4
25,30,4
26,0,4
26,1,4
26,2,4
26,3,4
26,4,4
26,5,4
26,6,4
26,7,3
26,8,3
26,9,3
26,10,3
26,11,3
26,12,3
26,13,3
26,14,3
26,15,3
26,16,3
26,17,1
26,18,1
26,19,1
26,20,1
26,21,1
26,22,1
26,23,4
26,24,4
26,25,4
26,26,4
26,27,4
26,28,4
26,29,4
26,30,4
27,0,4
27,1,4
27,2,4
27,3,4
27,4,4
27,5,4
27,6,4
27,7,3
27,8,3
27,9,3
27,10,4
27,11,4
27,12,4
27,13,3
27,14,3
27,15,3
27,16,3
27,17,3
27,18,1
27,19,1
27,20,1
27,21,1
27,22,3
27,23,3
27,24,4
27,25,4
27,26,4
27,27,4
27,28,4
27,29,4
27,30,4
28,0,4
28,1,4
28,2,3
28,3,3
28,4,4
28,5,4
28,6,4
28,7,3
28,8,3
28,9,4
28,10,4
28,11,4
28,12,4
28,13,4
28,14,4
28,15,3
28,16,3
28,17,3
28,18,1
28,19,1
28,20,1
28,21,3
28,22,3
28,23,3
28,24,3
28,25,4
28,26,4
28,27,4
28,28,4
28,29,2
28,30,2
29,0,3
29,1,3
29,2,3
29,3,3
29,4,3
29,5,4
29,6,4
29,7,3
29,8,3
29,9,4
29,10,4
29,11,4
29,12,4
29,13,4
29,14,4
29,15,4
29,16,3
29,17,3
29,18,1
29,19,1
29,20,3
29,21,3
29,22,3
29,23,3
29,24,3
29,25,4
29,26,4
29,27,4
29,28,2
29,29,2
29,30,2
30,0,3
30,1,3
30,2,3
30,3,3
30,4,3
30,5,4
30,6,4
30,7,3
30,8,3
30,9,4
30,10,4
30,11,4
30,12,4
30,13,4
30,14,4
30,15,4
30,16,3
30,17,3
30,18,1
30,19,1
30,20,3
30,21,3
30,22,3
30,23,3
30,24,3
30,25,4
30,26,4
30,27,4
30,28,2
30,29,2
30,30,2