9
15
9
4
7,2
7,12
7,22
17,2
17,12
17,22
27,2
27,12
27,22
1,4,1
4,7,1
2,4,2
4,5,1
3,4,2
4,6,2
1,2,1
0,1,1
1,3,2
5,7,2
6,7,2
7,8,1
2,5,1
5,8,1
3,6,1
0,0,4
0,1,4
0,2,4
0,3,4
0,4,2
0,5,2
0,6,1
0,7,1
0,8,1
0,9,1
0,10,1
0,11,2
0,12,2
0,13,2
0,14,2
0,15,2
0,16,2
0,17,2
0,18,2
0,19,2
0,20,2
0,21,3
0,22,3
0,23,3
0,24,3
0,25,1
0,26,1
0,27,1
0,28,1
0,29,1
0,30,1
1,0,4
1,1,4
1,2,4
1,3,4
1,4,2
1,5,2
1,6,1
1,7,1
1,8,1
1,9,1
1,10,1
1,11,2
1,12,2
1,13,2
1,14,2
1,15,2
1,16,2
1,17,2
1,18,2
1,19,2
1,20,2
1,21,3
1,22,3
1,23,3
1,24,3
1,25,1
1,26,1
1,27,1
1,28,1
1,29,1
1,30,1
2,0,4
2,1,4
2,2,4
2,3,4
2,4,2
2,5,2
2,6,1
2,7,1
2,8,1
2,9,1
2,10,3
2,11,3
2,12,2
2,13,2
2,14,2
2,15,2
2,16,4
2,17,4
2,18,2
2,19,2
2,20,2
2,21,3
2,22,3
2,23,3
2,24,3
2,25,3
2,26,1
2,27,1
2,28,1
2,29,1
2,30,1
3,0,4
3,1,4
3,2,4
3,3,4
3,4,2
3,5,2
3,6,2
3,7,1
3,8,1
3,9,3
3,10,3
3,11,3
3,12,3
3,13,2
3,14,2
3,15,4
3,16,4
3,17,4
3,18,4
3,19,2
3,20,2
3,21,2
3,22,3
3,23,3
3,24,3
3,25,3
3,26,3
3,27,1
3,28,1
3,29,1
3,30,1
4,0,4
4,1,4
4,2,4
4,3,4
4,4,2
4,5,2
4,6,2
4,7,2
4,8,3
4,9,3
4,10,3
4,11,3
4,12,3
4,13,3
4,14,3
4,15,4
4,16,4
4,17,4
4,18,4
4,19,2
4,20,2
4,21,2
4,22,2
4,23,2
4,24,3
4,25,3
4,26,3
4,27,1
4,28,1
4,29,1
4,30,1
5,0,4
5,1,4
5,2,4
5,3,4
5,4,4
5,5,2
5,6,2
5,7,2
5,8,3
5,9,3
5,10,3
5,11,3
5,12,3
5,13,3
5,14,3
5,15,3
5,16,4
5,17,4
5,18,2
5,19,2
5,20,2
5,21,2
5,22,2
5,23,2
5,24,2
5,25,3
5,26,3
5,27,1
5,28,1
5,29,1
5,30,1
6,0,4
6,1,4
6,2,4
6,3,4
6,4,4
6,5,2
6,6,2
6,7,2
6,8,3
6,9,3
6,10,3
6,11,3
6,12,3
6,13,3
6,14,3
6,15,3
6,16,2
6,17,2
6,18,2
6,19,2
6,20,2
6,21,2
6,22,2
6,23,2
6,24,2
6,25,3
6,26,3
6,27,3
6,28,1
6,29,1
6,30,1
7,0,4
7,1,4
7,2,4
7,3,4
7,4,4
7,5,4
7,6,2
7,7,2
7,8,3
7,9,3
7,10,3
7,11,3
7,12,3
7,13,3
7,14,3
7,15,2
7,16,2
7,17,2
7,18,2
7,19,2
7,20,2
7,21,2
7,22,2
7,23,2
7,24,2
7,25,3
7,26,3
7,27,3
7,28,3
7,29,3
7,30,3
8,0,4
8,1,4
8,2,4
8,3,4
8,4,4
8,5,4
8,6,2
8,7,2
8,8,3
8,9,3
8,10,3
8,11,3
8,12,3
8,13,3
8,14,3
8,15,2
8,16,2
8,17,2
8,18,2
8,19,2
8,20,2
8,21,2
8,22,2
8,23,2
8,24,2
8,25,2
8,26,3
8,27,3
8,28,3
8,29,3
8,30,3
9,0,4
9,1,4
9,2,4
9,3,4
9,4,4
9,5,4
9,6,2
9,7,2
9,8,3
9,9,3
9,10,3
9,11,3
9,12,3
9,13,3
9,14,3
9,15,2
9,16,2
9,17,2
9,18,2
9,19,2
9,20,2
9,21,2
9,22,2
9,23,2
9,24,2
9,25,2
9,26,2
9,27,2
9,28,2
9,29,2
9,30,2
10,0,4
10,1,4
10,2,4
10,3,4
10,4,4
10,5,2
10,6,2
10,7,2
10,8,3
10,9,3
10,10,3
10,11,3
10,12,3
10,13,3
10,14,2
10,15,2
10,16,2
10,17,2
10,18,2
10,19,4
10,20,4
10,21,4
10,22,2
10,23,2
10,24,2
10,25,2
10,26,2
10,27,2
10,28,2
10,29,2
10,30,2
11,0,2
11,1,2
11,2,2
11,3,2
11,4,2
11,5,2
11,6,2
11,7,2
11,8,3
11,9,3
11,10,3
11,11,3
11,12,1
11,13,1
11,14,2
11,15,2
11,16,2
11,17,2
11,18,4
11,19,4
11,20,4
11,21,4
11,22,4
11,23,2
11,24,2
11,25,1
11,26,1
11,27,1
11,28,1
11,29,1
11,30,1
12,0,2
12,1,2
12,2,2
12,3,2
12,4,2
12,5,2
12,6,2
12,7,4
12,8,4
12,9,3
12,10,3
12,11,1
12,12,1
12,13,1
12,14,1
12,15,2
12,16,2
12,17,2
12,18,4
12,19,4
12,20,4
12,21,4
12,22,4
12,23,4
12,24,1
12,25,1
12,26,1
12,27,1
12,28,1
12,29,1
12,30,1
13,0,4
13,1,4
13,2,4
13,3,4
13,4,4
13,5,4
13,6,4
13,7,4
13,8,4
13,9,4
13,10,4
13,11,1
13,12,1
13,13,1
13,14,1
13,15,2
13,16,2
13,17,2
13,18,2
13,19,4
13,20,4
13,21,4
13,22,4
13,23,4
13,24,1
13,25,1
13,26,1
13,27,1
13,28,3
13,29,3
13,30,3
14,0,4
14,1,4
14,2,4
14,3,4
14,4,4
14,5,4
14,6,4
14,7,4
14,8,4
14,9,4
14,10,4
14,11,4
14,12,1
14,13,1
14,14,4
14,15,4
14,16,2
14,17,2
14,18,2
14,19,4
14,20,4
14,21,4
14,22,4
14,23,4
14,24,4
14,25,1
14,26,1
14,27,3
14,28,3
14,29,3
14,30,3
15,0,2
15,1,2
15,2,2
15,3,2
15,4,2
15,5,2
15,6,4
15,7,4
15,8,4
15,9,4
15,10,4
15,11,4
15,12,4
15,13,4
15,14,4
15,15,4
15,16,4
15,17,2
15,18,2
15,19,4
15,20,4
15,21,4
15,22,4
15,23,4
15,24,4
15,25,4
15,26,3
15,27,3
15,28,3
15,29,3
15,30,3
16,0,2
16,1,2
16,2,2
16,3,2
16,4,2
16,5,2
16,6,2
16,7,2
16,8,2
16,9,4
16,10,4
16,11,4
16,12,4
16,13,4
16,14,4
16,15,4
16,16,4
16,17,2
16,18,2
16,19,4
16,20,4
16,21,4
16,22,4
16,23,4
16,24,4
16,25,4
16,26,3
16,27,3
16,28,3
16,29,3
16,30,3
17,0,2
17,1,2
17,2,2
17,3,2
17,4,2
17,5,2
17,6,2
17,7,2
17,8,2
17,9,2
17,10,4
17,11,4
17,12,4
17,13,4
17,14,4
17,15,4
17,16,2
17,17,2
17,18,2
17,19,4
17,20,4
17,21,4
17,22,4
17,23,4
17,24,4
17,25,4
17,26,4
17,27,3
17,28,3
17,29,2
17,30,2
18,0,2
18,1,2
18,2,2
18,3,2
18,4,2
18,5,2
18,6,2
18,7,2
18,8,2
18,9,2
18,10,4
18,11,4
18,12,4
18,13,4
18,14,4
18,15,2
18,16,2
18,17,2
18,18,2
18,19,4
18,20,4
18,21,4
18,22,4
18,23,4
18,24,4
18,25,4
18,26,4
18,27,4
18,28,2
18,29,2
18,30,2
19,0,2
19,1,2
19,2,2
19,3,2
19,4,2
19,5,2
19,6,2
19,7,2
19,8,2
19,9,2
19,10,4
19,11,4
19,12,4
19,13,4
19,14,4
19,15,2
19,16,2
19,17,2
19,18,2
19,19,4
19,20,4
19,21,4
19,22,4
19,23,4
19,24,4
19,25,4
19,26,4
19,27,4
19,28,2
19,29,2
19,30,2
20,0,2
20,1,2
20,2,2
20,3,2
20,4,2
20,5,1
20,6,1
20,7,2
20,8,2
20,9,3
20,10,3
20,11,4
20,12,4
20,13,4
20,14,4
20,15,4
20,16,2
20,17,2
20,18,3
20,19,3
20,20,4
20,21,4
20,22,1
20,23,1
20,24,4
20,25,4
20,26,4
20,27,4
20,28,4
20,29,2
20,30,2
21,0,3
21,1,3
21,2,2
21,3,2
21,4,1
21,5,1
21,6,1
21,7,1
21,8,3
21,9,3
21,10,3
21,11,3
21,12,4
21,13,4
21,14,4
21,15,4
21,16,4
21,17,3
21,18,3
21,19,3
21,20,3
21,21,1
21,22,1
21,23,1
21,24,1
21,25,4
21,26,4
21,27,4
21,28,4
21,29,2
21,30,2
22,0,3
22,1,3
22,2,3
22,3,3
22,4,1
22,5,1
22,6,1
22,7,1
22,8,3
22,9,3
22,10,3
22,11,3
22,12,4
22,13,4
22,14,4
22,15,4
22,16,4
22,17,3
22,18,3
22,19,3
22,20,3
22,21,1
22,22,1
22,23,1
22,24,1
22,25,4
22,26,4
22,27,4
22,28,2
22,29,2
22,30,2
23,0,3
23,1,3
23,2,3
23,3,3
23,4,3
23,5,1
23,6,1
23,7,1
23,8,3
23,9,3
23,10,3
23,11,4
23,12,4
23,13,4
23,14,4
23,15,4
23,16,4
23,17,4
23,18,3
23,19,3
23,20,3
23,21,3
23,22,1
23,23,1
23,24,4
23,25,4
23,26,4
23,27,4
23,28,2
23,29,2
23,30,2
24,0,3
24,1,3
24,2,3
24,3,3
24,4,3
24,5,1
24,6,1
24,7,3
24,8,3
24,9,3
24,10,4
24,11,4
24,12,4
24,13,4
24,14,4
24,15,4
24,16,4
24,17,4
24,18,4
24,19,3
24,20,3
24,21,3
24,22,3
24,23,3
24,24,4
24,25,4
24,26,4
24,27,4
24,28,4
24,29,2
24,30,2
25,0,3
25,1,3
25,2,3
25,3,3
25,4,3
25,5,1
25,6,1
25,7,3
25,8,3
25,9,3
25,10,4
25,11,4
25,12,4
25,13,4
25,14,4
25,15,4
25,16,4
25,17,4
25,18,4
25,19,3
25,20,3
25,21,3
25,22,3
25,23,3
25,24,3
25,25,4
25,26,4
25,27,4
25,28,4
25,29,3
25,30,3
26,0,3
26,1,3
26,2,3
26,3,3
26,4,3
26,5,1
26,6,1
26,7,3
26,8,3
26,9,4
26,10,4
26,11,4
26,12,4
26,13,4
26,14,4
26,15,4
26,16,4
26,17,4
26,18,3
26,19,3
26,20,3
26,21,3
26,22,3
26,23,3
26,24,3
26,25,4
26,26,4
26,27,4
26,28,3
26,29,3
26,30,3
27,0,3
27,1,3
27,2,3
27,3,3
27,4,3
27,5,1
27,6,1
27,7,3
27,8,3
27,9,4
27,10,4
27,11,4
27,12,4
27,13,4
27,14,4
27,15,4
27,16,4
27,17,4
27,18,3
27,19,3
27,20,3
27,21,3
27,22,3
27,23,3
27,24,3
27,25,4
27,26,4
27,27,4
27,28,3
27,29,3
27,30,3
28,0,3
28,1,3
28,2,3
28,3,3
28,4,3
28,5,1
28,6,1
28,7,3
28,8,3
28,9,4
28,10,4
28,11,4
28,12,4
28,13,4
28,14,4
28,15,4
28,16,4
28,17,1
28,18,1
28,19,3
28,20,3
28,21,3
28,22,3
28,23,3
28,24,3
28,25,4
28,26,4
28,27,4
28,28,4
28,29,3
28,30,3
29,0,3
29,1,3
29,2,3
29,3,3
29,4,3
29,5,1
29,6,1
29,7,3
29,8,3
29,9,4
29,10,4
29,11,4
29,12,4
29,13,4
29,14,4
29,15,4
29,16,1
29,17,1
29,18,1
29,19,1
29,20,3
29,21,3
29,22,3
29,23,3
29,24,3
29,25,4
29,26,4
29,27,4
29,28,4
29,29,4
29,30,4
30,0,3
30,1,3
30,2,3
30,3,3
30,4,3
30,5,1
30,6,1
30,7,3
30,8,3
30,9,4
30,10,4
30,11,4
30,12,4
30,13,4
30,14,4
30,15,4
30,16,1
30,17,1
30,18,1
30,19,1
30,20,3
30,21,3
30,22,3
30,23,3
30,24,3
30,25,4
30,26,4
30,27,4
30,28,4
30,29,4
30,30,4