9
15
11
3
2,7
2,17
2,27
12,7
12,17
12,27
22,7
22,17
22,27
1,3,2
3,4,2
0,3,1
3,6,2
1,4,1
1,5,2
0,1,2
1,2,2
4,8,2
5,8,2
7,8,2
4,5,1
4,6,2
2,5,1
6,7,1
0,0,4
0,1,4
0,2,4
0,3,4
0,4,4
0,5,4
0,6,4
0,7,4
0,8,4
0,9,4
0,10,4
0,11,4
0,12,3
0,13,3
0,14,4
0,15,4
0,16,4
0,17,4
0,18,4
0,19,4
0,20,4
0,21,1
0,22,1
0,23,1
0,24,4
0,25,4
0,26,4
0,27,4
0,28,4
0,29,4
0,30,4
1,0,4
1,1,4
1,2,4
1,3,4
1,4,4
1,5,4
1,6,4
1,7,4
1,8,4
1,9,4
1,10,4
1,11,4
1,12,3
1,13,3
1,14,4
1,15,4
1,16,4
1,17,4
1,18,4
1,19,4
1,20,4
1,21,1
1,22,1
1,23,1
1,24,4
1,25,4
1,26,4
1,27,4
1,28,4
1,29,4
1,30,4
2,0,4
2,1,4
2,2,4
2,3,4
2,4,4
2,5,4
2,6,4
2,7,4
2,8,4
2,9,4
2,10,4
2,11,4
2,12,3
2,13,3
2,14,4
2,15,4
2,16,4
2,17,4
2,18,4
2,19,4
2,20,4
2,21,4
2,22,1
2,23,1
2,24,1
2,25,4
2,26,4
2,27,4
2,28,4
2,29,4
2,30,4
3,0,4
3,1,4
3,2,4
3,3,4
3,4,4
3,5,4
3,6,4
3,7,4
3,8,4
3,9,4
3,10,4
3,11,4
3,12,3
3,13,3
3,14,3
3,15,4
3,16,4
3,17,4
3,18,4
3,19,4
3,20,4
3,21,4
3,22,1
3,23,1
3,24,1
3,25,4
3,26,4
3,27,4
3,28,4
3,29,4
3,30,4
4,0,4
4,1,4
4,2,1
4,3,1
4,4,1
4,5,4
4,6,4
4,7,4
4,8,4
4,9,4
4,10,4
4,11,3
4,12,3
4,13,3
4,14,3
4,15,4
4,16,4
4,17,4
4,18,4
4,19,4
4,20,4
4,21,1
4,22,1
4,23,1
4,24,1
4,25,4
4,26,4
4,27,4
4,28,4
4,29,4
4,30,4
5,0,1
5,1,1
5,2,1
5,3,1
5,4,1
5,5,1
5,6,4
5,7,4
5,8,4
5,9,3
5,10,3
5,11,3
5,12,3
5,13,3
5,14,3
5,15,4
5,16,4
5,17,4
5,18,4
5,19,4
5,20,4
5,21,1
5,22,1
5,23,1
5,24,1
5,25,1
5,26,4
5,27,4
5,28,4
5,29,4
5,30,4
6,0,1
6,1,1
6,2,1
6,3,1
6,4,1
6,5,1
6,6,4
6,7,4
6,8,3
6,9,3
6,10,3
6,11,3
6,12,3
6,13,3
6,14,4
6,15,4
6,16,4
6,17,4
6,18,4
6,19,4
6,20,1
6,21,1
6,22,1
6,23,1
6,24,1
6,25,1
6,26,4
6,27,4
6,28,4
6,29,4
6,30,4
7,0,1
7,1,1
7,2,1
7,3,1
7,4,1
7,5,1
7,6,4
7,7,4
7,8,3
7,9,3
7,10,3
7,11,3
7,12,2
7,13,2
7,14,4
7,15,4
7,16,4
7,17,4
7,18,4
7,19,4
7,20,1
7,21,1
7,22,1
7,23,1
7,24,1
7,25,4
7,26,4
7,27,4
7,28,4
7,29,4
7,30,4
8,0,1
8,1,1
8,2,1
8,3,1
8,4,1
8,5,1
8,6,4
8,7,4
8,8,4
8,9,3
8,10,3
8,11,2
8,12,2
8,13,2
8,14,2
8,15,4
8,16,4
8,17,4
8,18,4
8,19,2
8,20,2
8,21,1
8,22,1
8,23,4
8,24,4
8,25,4
8,26,4
8,27,4
8,28,4
8,29,4
8,30,4
9,0,4
9,1,4
9,2,1
9,3,1
9,4,1
9,5,1
9,6,4
9,7,4
9,8,4
9,9,4
9,10,4
9,11,2
9,12,2
9,13,2
9,14,2
9,15,2
9,16,2
9,17,2
9,18,2
9,19,2
9,20,2
9,21,2
9,22,4
9,23,4
9,24,4
9,25,4
9,26,4
9,27,4
9,28,4
9,29,4
9,30,4
10,0,4
10,1,4
10,2,4
10,3,1
10,4,1
10,5,4
10,6,4
10,7,4
10,8,4
10,9,4
10,10,4
10,11,4
10,12,2
10,13,2
10,14,2
10,15,2
10,16,2
10,17,2
10,18,2
10,19,2
10,20,2
10,21,2
10,22,4
10,23,4
10,24,4
10,25,3
10,26,3
10,27,3
10,28,3
10,29,3
10,30,3
11,0,4
11,1,4
11,2,4
11,3,4
11,4,4
11,5,4
11,6,4
11,7,4
11,8,4
11,9,4
11,10,4
11,11,4
11,12,2
11,13,2
11,14,2
11,15,2
11,16,2
11,17,2
11,18,2
11,19,2
11,20,2
11,21,2
11,22,4
11,23,4
11,24,3
11,25,3
11,26,3
11,27,3
11,28,3
11,29,3
11,30,3
12,0,4
12,1,4
12,2,4
12,3,4
12,4,4
12,5,4
12,6,4
12,7,4
12,8,4
12,9,4
12,10,4
12,11,1
12,12,1
12,13,2
12,14,2
12,15,2
12,16,2
12,17,2
12,18,2
12,19,2
12,20,2
12,21,2
12,22,4
12,23,4
12,24,3
12,25,3
12,26,3
12,27,3
12,28,3
12,29,3
12,30,3
13,0,4
13,1,4
13,2,4
13,3,4
13,4,4
13,5,4
13,6,4
13,7,4
13,8,4
13,9,4
13,10,1
13,11,1
13,12,1
13,13,1
13,14,2
13,15,2
13,16,2
13,17,2
13,18,2
13,19,2
13,20,2
13,21,2
13,22,4
13,23,4
13,24,3
13,25,3
13,26,3
13,27,3
13,28,3
13,29,3
13,30,3
14,0,4
14,1,4
14,2,4
14,3,4
14,4,4
14,5,4
14,6,4
14,7,4
14,8,4
14,9,4
14,10,1
14,11,1
14,12,1
14,13,1
14,14,2
14,15,2
14,16,2
14,17,2
14,18,2
14,19,2
14,20,2
14,21,4
14,22,4
14,23,4
14,24,3
14,25,3
14,26,3
14,27,3
14,28,3
14,29,3
14,30,3
15,0,4
15,1,4
15,2,4
15,3,4
15,4,4
15,5,4
15,6,4
15,7,4
15,8,4
15,9,2
15,10,2
15,11,1
15,12,1
15,13,1
15,14,2
15,15,2
15,16,2
15,17,2
15,18,3
15,19,3
15,20,3
15,21,4
15,22,4
15,23,4
15,24,4
15,25,3
15,26,3
15,27,1
15,28,1
15,29,3
15,30,3
16,0,2
16,1,2
16,2,4
16,3,4
16,4,4
16,5,4
16,6,4
16,7,4
16,8,2
16,9,2
16,10,2
16,11,2
16,12,1
16,13,1
16,14,1
16,15,2
16,16,2
16,17,3
16,18,3
16,19,3
16,20,3
16,21,3
16,22,4
16,23,4
16,24,4
16,25,1
16,26,1
16,27,1
16,28,1
16,29,1
16,30,1
17,0,2
17,1,2
17,2,2
17,3,4
17,4,4
17,5,4
17,6,4
17,7,4
17,8,2
17,9,2
17,10,2
17,11,2
17,12,1
17,13,1
17,14,1
17,15,3
17,16,3
17,17,3
17,18,3
17,19,3
17,20,3
17,21,3
17,22,4
17,23,4
17,24,1
17,25,1
17,26,1
17,27,1
17,28,1
17,29,1
17,30,1
18,0,2
18,1,2
18,2,2
18,3,3
18,4,3
18,5,4
18,6,4
18,7,3
18,8,3
18,9,2
18,10,2
18,11,1
18,12,1
18,13,1
18,14,3
18,15,3
18,16,3
18,17,3
18,18,3
18,19,3
18,20,3
18,21,4
18,22,4
18,23,4
18,24,1
18,25,1
18,26,1
18,27,1
18,28,1
18,29,1
18,30,1
19,0,2
19,1,2
19,2,3
19,3,3
19,4,3
19,5,3
19,6,3
19,7,3
19,8,3
19,9,3
19,10,1
19,11,1
19,12,1
19,13,1
19,14,3
19,15,3
19,16,3
19,17,3
19,18,3
19,19,3
19,20,4
19,21,4
19,22,4
19,23,4
19,24,4
19,25,1
19,26,1
19,27,1
19,28,1
19,29,1
19,30,1
20,0,2
20,1,2
20,2,3
20,3,3
20,4,3
20,5,3
20,6,3
20,7,3
20,8,3
20,9,3
20,10,1
20,11,1
20,12,1
20,13,3
20,14,3
20,15,3
20,16,3
20,17,3
20,18,3
20,19,3
20,20,4
20,21,4
20,22,4
20,23,4
20,24,4
20,25,1
20,26,1
20,27,1
20,28,1
20,29,1
20,30,1
21,0,2
21,1,2
21,2,2
21,3,3
21,4,3
21,5,3
21,6,3
21,7,3
21,8,3
21,9,3
21,10,3
21,11,1
21,12,1
21,13,3
21,14,3
21,15,3
21,16,3
21,17,3
21,18,3
21,19,3
21,20,4
21,21,4
21,22,4
21,23,4
21,24,4
21,25,1
21,26,1
21,27,1
21,28,1
21,29,1
21,30,1
22,0,2
22,1,2
22,2,2
22,3,3
22,4,3
22,5,3
22,6,3
22,7,3
22,8,3
22,9,3
22,10,3
22,11,1
22,12,1
22,13,1
22,14,3
22,15,3
22,16,3
22,17,3
22,18,3
22,19,3
22,20,4
22,21,4
22,22,4
22,23,4
22,24,1
22,25,1
22,26,1
22,27,1
22,28,1
22,29,1
22,30,1
23,0,2
23,1,2
23,2,3
23,3,3
23,4,3
23,5,3
23,6,3
23,7,3
23,8,3
23,9,3
23,10,3
23,11,1
23,12,1
23,13,1
23,14,1
23,15,3
23,16,3
23,17,3
23,18,3
23,19,3
23,20,4
23,21,4
23,22,4
23,23,4
23,24,1
23,25,1
23,26,1
23,27,1
23,28,1
23,29,1
23,30,1
24,0,3
24,1,3
24,2,3
24,3,3
24,4,3
24,5,3
24,6,3
24,7,3
24,8,3
24,9,3
24,10,2
24,11,2
24,12,1
24,13,1
24,14,1
24,15,3
24,16,3
24,17,3
24,18,3
24,19,3
24,20,4
24,21,4
24,22,4
24,23,4
24,24,4
24,25,1
24,26,1
24,27,1
24,28,1
24,29,1
24,30,1
25,0,3
25,1,3
25,2,3
25,3,3
25,4,3
25,5,3
25,6,3
25,7,3
25,8,3
25,9,2
25,10,2
25,11,2
25,12,2
25,13,1
25,14,1
25,15,1
25,16,3
25,17,3
25,18,3
25,19,3
25,20,4
25,21,4
25,22,4
25,23,4
25,24,4
25,25,3
25,26,3
25,27,1
25,28,1
25,29,4
25,30,4
26,0,4
26,1,4
26,2,3
26,3,3
26,4,1
26,5,1
26,6,1
26,7,1
26,8,1
26,9,2
26,10,2
26,11,2
26,12,2
26,13,1
26,14,1
26,15,1
26,16,1
26,17,3
26,18,3
26,19,3
26,20,4
26,21,4
26,22,4
26,23,4
26,24,3
26,25,3
26,26,3
26,27,3
26,28,4
26,29,4
26,30,4
27,0,4
27,1,4
27,2,4
27,3,1
27,4,1
27,5,1
27,6,1
27,7,1
27,8,1
27,9,1
27,10,2
27,11,2
27,12,4
27,13,4
27,14,1
27,15,1
27,16,1
27,17,1
27,18,3
27,19,3
27,20,4
27,21,4
27,22,4
27,23,4
27,24,3
27,25,3
27,26,3
27,27,3
27,28,4
27,29,4
27,30,4
28,0,4
28,1,4
28,2,4
28,3,1
28,4,1
28,5,1
28,6,1
28,7,1
28,8,1
28,9,1
28,10,1
28,11,4
28,12,4
28,13,4
28,14,4
28,15,1
28,16,1
28,17,1
28,18,3
28,19,3
28,20,4
28,21,4
28,22,4
28,23,4
28,24,3
28,25,3
28,26,3
28,27,2
28,28,2
28,29,4
28,30,4
29,0,4
29,1,4
29,2,4
29,3,4
29,4,1
29,5,1
29,6,1
29,7,1
29,8,1
29,9,1
29,10,1
29,11,4
29,12,4
29,13,4
29,14,4
29,15,1
29,16,1
29,17,3
29,18,3
29,19,3
29,20,3
29,21,4
29,22,4
29,23,3
29,24,3
29,25,3
29,26,2
29,27,2
29,28,2
29,29,2
29,30,2
30,0,4
30,1,4
30,2,4
30,3,4
30,4,1
30,5,1
30,6,1
30,7,1
30,8,1
30,9,1
30,10,1
30,11,4
30,12,4
30,13,4
30,14,4
30,15,1
30,16,1
30,17,3
30,18,3
30,19,3
30,20,3
30,21,4
30,22,4
30,23,3
30,24,3
30,25,3
30,26,2
30,27,2
30,28,2
30,29,2
30,30,2