8
13
9
3
2,2
2,12
2,22
12,2
12,12
12,22
22,2
22,12
3,6,2
1,3,1
3,4,2
0,3,1
3,7,2
6,7,1
2,5,1
4,5,2
1,2,2
2,4,2
1,4,2
0,1,1
4,7,1
0,0,2
0,1,2
0,2,2
0,3,2
0,4,2
0,5,2
0,6,2
0,7,2
0,8,3
0,9,3
0,10,2
0,11,2
0,12,2
0,13,2
0,14,2
0,15,2
0,16,2
0,17,4
0,18,4
0,19,4
0,20,4
0,21,4
0,22,4
0,23,4
0,24,4
0,25,4
0,26,4
0,27,4
0,28,3
0,29,3
0,30,3
1,0,2
1,1,2
1,2,2
1,3,2
1,4,2
1,5,2
1,6,2
1,7,2
1,8,3
1,9,3
1,10,2
1,11,2
1,12,2
1,13,2
1,14,2
1,15,2
1,16,2
1,17,4
1,18,4
1,19,4
1,20,4
1,21,4
1,22,4
1,23,4
1,24,4
1,25,4
1,26,4
1,27,4
1,28,3
1,29,3
1,30,3
2,0,2
2,1,2
2,2,2
2,3,2
2,4,2
2,5,2
2,6,2
2,7,2
2,8,3
2,9,3
2,10,2
2,11,2
2,12,2
2,13,2
2,14,2
2,15,2
2,16,4
2,17,4
2,18,4
2,19,4
2,20,4
2,21,4
2,22,4
2,23,4
2,24,4
2,25,4
2,26,4
2,27,4
2,28,4
2,29,3
2,30,3
3,0,2
3,1,2
3,2,2
3,3,2
3,4,2
3,5,2
3,6,2
3,7,3
3,8,3
3,9,3
3,10,2
3,11,2
3,12,2
3,13,2
3,14,2
3,15,4
3,16,4
3,17,4
3,18,4
3,19,4
3,20,4
3,21,4
3,22,4
3,23,4
3,24,4
3,25,4
3,26,4
3,27,4
3,28,4
3,29,4
3,30,4
4,0,2
4,1,2
4,2,2
4,3,2
4,4,2
4,5,4
4,6,4
4,7,3
4,8,3
4,9,3
4,10,2
4,11,2
4,12,2
4,13,2
4,14,2
4,15,4
4,16,4
4,17,4
4,18,4
4,19,4
4,20,4
4,21,4
4,22,4
4,23,4
4,24,4
4,25,4
4,26,4
4,27,4
4,28,4
4,29,4
4,30,4
5,0,4
5,1,4
5,2,4
5,3,4
5,4,4
5,5,4
5,6,4
5,7,4
5,8,3
5,9,3
5,10,2
5,11,2
5,12,2
5,13,2
5,14,2
5,15,4
5,16,4
5,17,4
5,18,4
5,19,1
5,20,1
5,21,4
5,22,4
5,23,4
5,24,1
5,25,1
5,26,1
5,27,1
5,28,1
5,29,1
5,30,1
6,0,4
6,1,4
6,2,4
6,3,4
6,4,4
6,5,4
6,6,4
6,7,4
6,8,3
6,9,3
6,10,2
6,11,2
6,12,2
6,13,2
6,14,2
6,15,4
6,16,4
6,17,4
6,18,1
6,19,1
6,20,1
6,21,1
6,22,1
6,23,1
6,24,1
6,25,1
6,26,1
6,27,1
6,28,1
6,29,1
6,30,1
7,0,2
7,1,2
7,2,4
7,3,4
7,4,4
7,5,4
7,6,4
7,7,3
7,8,3
7,9,3
7,10,2
7,11,2
7,12,2
7,13,2
7,14,2
7,15,4
7,16,4
7,17,4
7,18,1
7,19,1
7,20,1
7,21,1
7,22,1
7,23,1
7,24,1
7,25,1
7,26,2
7,27,2
7,28,2
7,29,2
7,30,2
8,0,2
8,1,2
8,2,2
8,3,2
8,4,2
8,5,2
8,6,2
8,7,3
8,8,3
8,9,3
8,10,3
8,11,2
8,12,2
8,13,2
8,14,4
8,15,4
8,16,4
8,17,4
8,18,1
8,19,1
8,20,1
8,21,1
8,22,1
8,23,1
8,24,1
8,25,2
8,26,2
8,27,2
8,28,2
8,29,2
8,30,2
9,0,2
9,1,2
9,2,2
9,3,2
9,4,2
9,5,2
9,6,2
9,7,2
9,8,3
9,9,3
9,10,3
9,11,3
9,12,3
9,13,3
9,14,4
9,15,4
9,16,4
9,17,4
9,18,4
9,19,1
9,20,1
9,21,1
9,22,1
9,23,3
9,24,3
9,25,2
9,26,2
9,27,2
9,28,2
9,29,2
9,30,2
10,0,4
10,1,4
10,2,4
10,3,4
10,4,4
10,5,2
10,6,2
10,7,2
10,8,2
10,9,3
10,10,3
10,11,3
10,12,3
10,13,3
10,14,3
10,15,4
10,16,4
10,17,4
10,18,4
10,19,3
10,20,3
10,21,3
10,22,3
10,23,3
10,24,3
10,25,3
10,26,2
10,27,2
10,28,2
10,29,2
10,30,2
11,0,4
11,1,4
11,2,4
11,3,4
11,4,4
11,5,4
11,6,2
11,7,2
11,8,2
11,9,3
11,10,3
11,11,3
11,12,3
11,13,3
11,14,3
11,15,3
11,16,4
11,17,4
11,18,3
11,19,3
11,20,3
11,21,3
11,22,3
11,23,3
11,24,3
11,25,3
11,26,2
11,27,2
11,28,2
11,29,3
11,30,3
12,0,4
12,1,4
12,2,4
12,3,4
12,4,4
12,5,4
12,6,4
12,7,2
12,8,2
12,9,3
12,10,3
12,11,3
12,12,3
12,13,3
12,14,3
12,15,3
12,16,4
12,17,4
12,18,3
12,19,3
12,20,3
12,21,3
12,22,3
12,23,3
12,24,3
12,25,2
12,26,2
12,27,2
12,28,3
12,29,3
12,30,3
13,0,4
13,1,4
13,2,4
13,3,4
13,4,4
13,5,4
13,6,4
13,7,2
13,8,2
13,9,3
13,10,3
13,11,3
13,12,3
13,13,3
13,14,3
13,15,3
13,16,4
13,17,4
13,18,4
13,19,3
13,20,3
13,21,3
13,22,3
13,23,3
13,24,3
13,25,2
13,26,2
13,27,2
13,28,3
13,29,3
13,30,3
14,0,4
14,1,4
14,2,4
14,3,4
14,4,4
14,5,4
14,6,4
14,7,2
14,8,2
14,9,3
14,10,3
14,11,3
14,12,3
14,13,3
14,14,3
14,15,4
14,16,4
14,17,4
14,18,4
14,19,4
14,20,3
14,21,3
14,22,3
14,23,3
14,24,3
14,25,2
14,26,2
14,27,3
14,28,3
14,29,3
14,30,3
15,0,4
15,1,4
15,2,4
15,3,4
15,4,4
15,5,4
15,6,4
15,7,2
15,8,2
15,9,3
15,10,3
15,11,3
15,12,4
15,13,4
15,14,4
15,15,4
15,16,4
15,17,4
15,18,4
15,19,4
15,20,3
15,21,3
15,22,3
15,23,3
15,24,2
15,25,2
15,26,2
15,27,3
15,28,3
15,29,3
15,30,3
16,0,4
16,1,4
16,2,4
16,3,4
16,4,4
16,5,4
16,6,4
16,7,2
16,8,2
16,9,3
16,10,3
16,11,4
16,12,4
16,13,4
16,14,4
16,15,4
16,16,4
16,17,4
16,18,4
16,19,4
16,20,3
16,21,3
16,22,3
16,23,2
16,24,2
16,25,2
16,26,2
16,27,3
16,28,3
16,29,3
16,30,3
17,0,4
17,1,4
17,2,3
17,3,3
17,4,4
17,5,4
17,6,2
17,7,2
17,8,2
17,9,3
17,10,3
17,11,4
17,12,4
17,13,4
17,14,4
17,15,4
17,16,4
17,17,4
17,18,4
17,19,4
17,20,3
17,21,3
17,22,2
17,23,2
17,24,2
17,25,2
17,26,3
17,27,3
17,28,3
17,29,3
17,30,3
18,0,3
18,1,3
18,2,3
18,3,3
18,4,3
18,5,3
18,6,2
18,7,2
18,8,2
18,9,3
18,10,3
18,11,4
18,12,4
18,13,4
18,14,4
18,15,4
18,16,4
18,17,4
18,18,4
18,19,4
18,20,3
18,21,3
18,22,2
18,23,2
18,24,2
18,25,2
18,26,3
18,27,3
18,28,3
18,29,3
18,30,3
19,0,3
19,1,3
19,2,3
19,3,3
19,4,3
19,5,3
19,6,3
19,7,2
19,8,2
19,9,3
19,10,3
19,11,3
19,12,4
19,13,4
19,14,4
19,15,4
19,16,4
19,17,4
19,18,4
19,19,3
19,20,3
19,21,3
19,22,3
19,23,2
19,24,2
19,25,4
19,26,4
19,27,3
19,28,3
19,29,2
19,30,2
20,0,3
20,1,3
20,2,3
20,3,3
20,4,3
20,5,3
20,6,3
20,7,2
20,8,2
20,9,3
20,10,3
20,11,3
20,12,3
20,13,3
20,14,3
20,15,4
20,16,4
20,17,2
20,18,2
20,19,3
20,20,3
20,21,3
20,22,3
20,23,3
20,24,4
20,25,4
20,26,4
20,27,4
20,28,2
20,29,2
20,30,2
21,0,3
21,1,3
21,2,3
21,3,3
21,4,3
21,5,3
21,6,3
21,7,2
21,8,2
21,9,3
21,10,3
21,11,3
21,12,3
21,13,3
21,14,3
21,15,3
21,16,2
21,17,2
21,18,2
21,19,2
21,20,3
21,21,3
21,22,3
21,23,3
21,24,4
21,25,4
21,26,4
21,27,4
21,28,2
21,29,2
21,30,2
22,0,3
22,1,3
22,2,3
22,3,3
22,4,3
22,5,3
22,6,3
22,7,2
22,8,2
22,9,3
22,10,3
22,11,3
22,12,3
22,13,3
22,14,3
22,15,3
22,16,2
22,17,2
22,18,2
22,19,2
22,20,3
22,21,3
22,22,3
22,23,3
22,24,4
22,25,4
22,26,4
22,27,4
22,28,2
22,29,2
22,30,2
23,0,3
23,1,3
23,2,3
23,3,3
23,4,3
23,5,3
23,6,3
23,7,2
23,8,2
23,9,3
23,10,3
23,11,3
23,12,3
23,13,3
23,14,3
23,15,3
23,16,2
23,17,2
23,18,2
23,19,2
23,20,2
23,21,3
23,22,3
23,23,3
23,24,3
23,25,4
23,26,4
23,27,2
23,28,2
23,29,2
23,30,2
24,0,3
24,1,3
24,2,3
24,3,3
24,4,3
24,5,3
24,6,2
24,7,2
24,8,2
24,9,3
24,10,3
24,11,3
24,12,3
24,13,3
24,14,3
24,15,1
24,16,1
24,17,2
24,18,2
24,19,2
24,20,2
24,21,3
24,22,3
24,23,3
24,24,3
24,25,2
24,26,2
24,27,2
24,28,2
24,29,2
24,30,2
25,0,4
25,1,4
25,2,4
25,3,3
25,4,3
25,5,3
25,6,2
25,7,2
25,8,2
25,9,3
25,10,3
25,11,3
25,12,3
25,13,3
25,14,1
25,15,1
25,16,1
25,17,1
25,18,2
25,19,2
25,20,4
25,21,4
25,22,3
25,23,3
25,24,2
25,25,2
25,26,2
25,27,2
25,28,2
25,29,3
25,30,3
26,0,4
26,1,4
26,2,4
26,3,4
26,4,3
26,5,3
26,6,2
26,7,2
26,8,3
26,9,3
26,10,3
26,11,3
26,12,2
26,13,2
26,14,1
26,15,1
26,16,1
26,17,1
26,18,4
26,19,4
26,20,4
26,21,4
26,22,4
26,23,2
26,24,2
26,25,2
26,26,2
26,27,2
26,28,3
26,29,3
26,30,3
27,0,4
27,1,4
27,2,4
27,3,4
27,4,3
27,5,3
27,6,2
27,7,2
27,8,3
27,9,3
27,10,3
27,11,2
27,12,2
27,13,2
27,14,2
27,15,1
27,16,1
27,17,4
27,18,4
27,19,4
27,20,4
27,21,4
27,22,4
27,23,2
27,24,2
27,25,2
27,26,2
27,27,2
27,28,3
27,29,3
27,30,3
28,0,4
28,1,4
28,2,4
28,3,4
28,4,3
28,5,3
28,6,2
28,7,2
28,8,3
28,9,3
28,10,2
28,11,2
28,12,2
28,13,2
28,14,2
28,15,4
28,16,4
28,17,4
28,18,4
28,19,4
28,20,4
28,21,4
28,22,1
28,23,1
28,24,2
28,25,2
28,26,2
28,27,2
28,28,2
28,29,3
28,30,3
29,0,4
29,1,4
29,2,4
29,3,4
29,4,3
29,5,3
29,6,2
29,7,2
29,8,3
29,9,3
29,10,2
29,11,2
29,12,2
29,13,2
29,14,4
29,15,4
29,16,4
29,17,4
29,18,4
29,19,4
29,20,4
29,21,1
29,22,1
29,23,1
29,24,1
29,25,2
29,26,2
29,27,2
29,28,2
29,29,2
29,30,2
30,0,4
30,1,4
30,2,4
30,3,4
30,4,3
30,5,3
30,6,2
30,7,2
30,8,3
30,9,3
30,10,2
30,11,2
30,12,2
30,13,2
30,14,4
30,15,4
30,16,4
30,17,4
30,18,4
30,19,4
30,20,4
30,21,1
30,22,1
30,23,1
30,24,1
30,25,2
30,26,2
30,27,2
30,28,2
30,29,2
30,30,2