8
13
8
0
2,7
2,17
2,27
12,17
12,27
22,7
22,17
22,27
0,5,2
0,1,2
3,6,2
5,6,1
4,6,1
6,7,1
3,5,2
3,4,2
2,3,1
1,3,1
2,4,1
4,7,1
1,2,1
0,0,4
0,1,4
0,2,4
0,3,4
0,4,4
0,5,4
0,6,4
0,7,4
0,8,4
0,9,4
0,10,2
0,11,2
0,12,4
0,13,4
0,14,2
0,15,2
0,16,2
0,17,2
0,18,2
0,19,2
0,20,2
0,21,2
0,22,2
0,23,1
0,24,1
0,25,1
0,26,1
0,27,1
0,28,1
0,29,1
0,30,1
1,0,4
1,1,4
1,2,4
1,3,4
1,4,4
1,5,4
1,6,4
1,7,4
1,8,4
1,9,4
1,10,2
1,11,2
1,12,4
1,13,4
1,14,2
1,15,2
1,16,2
1,17,2
1,18,2
1,19,2
1,20,2
1,21,2
1,22,2
1,23,1
1,24,1
1,25,1
1,26,1
1,27,1
1,28,1
1,29,1
1,30,1
2,0,4
2,1,4
2,2,4
2,3,4
2,4,4
2,5,4
2,6,4
2,7,4
2,8,4
2,9,4
2,10,2
2,11,2
2,12,4
2,13,4
2,14,2
2,15,2
2,16,2
2,17,2
2,18,2
2,19,2
2,20,2
2,21,2
2,22,1
2,23,1
2,24,1
2,25,1
2,26,1
2,27,1
2,28,1
2,29,1
2,30,1
3,0,4
3,1,4
3,2,4
3,3,4
3,4,4
3,5,4
3,6,4
3,7,4
3,8,4
3,9,4
3,10,2
3,11,2
3,12,4
3,13,4
3,14,2
3,15,2
3,16,2
3,17,2
3,18,2
3,19,2
3,20,2
3,21,2
3,22,1
3,23,1
3,24,1
3,25,1
3,26,1
3,27,1
3,28,1
3,29,1
3,30,1
4,0,4
4,1,4
4,2,4
4,3,3
4,4,3
4,5,4
4,6,4
4,7,4
4,8,4
4,9,4
4,10,2
4,11,2
4,12,4
4,13,4
4,14,4
4,15,2
4,16,2
4,17,2
4,18,2
4,19,2
4,20,2
4,21,4
4,22,4
4,23,1
4,24,1
4,25,1
4,26,1
4,27,1
4,28,1
4,29,1
4,30,1
5,0,4
5,1,4
5,2,3
5,3,3
5,4,3
5,5,3
5,6,4
5,7,4
5,8,4
5,9,2
5,10,2
5,11,2
5,12,4
5,13,4
5,14,4
5,15,4
5,16,4
5,17,4
5,18,4
5,19,4
5,20,4
5,21,4
5,22,4
5,23,4
5,24,4
5,25,4
5,26,4
5,27,4
5,28,4
5,29,4
5,30,4
6,0,2
6,1,2
6,2,3
6,3,3
6,4,3
6,5,3
6,6,4
6,7,4
6,8,2
6,9,2
6,10,2
6,11,2
6,12,4
6,13,4
6,14,4
6,15,4
6,16,4
6,17,4
6,18,4
6,19,4
6,20,4
6,21,4
6,22,4
6,23,4
6,24,4
6,25,4
6,26,4
6,27,4
6,28,4
6,29,4
6,30,4
7,0,2
7,1,2
7,2,2
7,3,3
7,4,3
7,5,4
7,6,4
7,7,4
7,8,2
7,9,2
7,10,2
7,11,3
7,12,3
7,13,4
7,14,4
7,15,4
7,16,4
7,17,4
7,18,3
7,19,3
7,20,3
7,21,3
7,22,3
7,23,3
7,24,3
7,25,3
7,26,3
7,27,3
7,28,3
7,29,3
7,30,3
8,0,2
8,1,2
8,2,2
8,3,1
8,4,1
8,5,4
8,6,4
8,7,4
8,8,2
8,9,2
8,10,3
8,11,3
8,12,3
8,13,3
8,14,3
8,15,3
8,16,3
8,17,3
8,18,3
8,19,3
8,20,3
8,21,3
8,22,3
8,23,3
8,24,3
8,25,3
8,26,3
8,27,3
8,28,3
8,29,3
8,30,3
9,0,2
9,1,2
9,2,1
9,3,1
9,4,1
9,5,1
9,6,4
9,7,4
9,8,2
9,9,2
9,10,3
9,11,3
9,12,3
9,13,3
9,14,3
9,15,3
9,16,3
9,17,3
9,18,3
9,19,3
9,20,4
9,21,4
9,22,4
9,23,3
9,24,3
9,25,1
9,26,1
9,27,1
9,28,3
9,29,3
9,30,3
10,0,4
10,1,4
10,2,1
10,3,1
10,4,1
10,5,1
10,6,4
10,7,4
10,8,2
10,9,2
10,10,2
10,11,3
10,12,3
10,13,4
10,14,4
10,15,4
10,16,4
10,17,4
10,18,4
10,19,4
10,20,4
10,21,4
10,22,4
10,23,4
10,24,1
10,25,1
10,26,1
10,27,1
10,28,1
10,29,1
10,30,1
11,0,4
11,1,4
11,2,4
11,3,1
11,4,1
11,5,4
11,6,4
11,7,4
11,8,2
11,9,2
11,10,2
11,11,2
11,12,4
11,13,4
11,14,4
11,15,4
11,16,4
11,17,4
11,18,4
11,19,4
11,20,4
11,21,4
11,22,4
11,23,4
11,24,1
11,25,1
11,26,1
11,27,1
11,28,1
11,29,1
11,30,1
12,0,4
12,1,4
12,2,4
12,3,4
12,4,4
12,5,4
12,6,4
12,7,4
12,8,2
12,9,2
12,10,2
12,11,2
12,12,4
12,13,4
12,14,4
12,15,4
12,16,4
12,17,4
12,18,4
12,19,4
12,20,4
12,21,4
12,22,4
12,23,4
12,24,1
12,25,1
12,26,1
12,27,1
12,28,1
12,29,1
12,30,1
13,0,4
13,1,4
13,2,4
13,3,4
13,4,4
13,5,4
13,6,4
13,7,4
13,8,2
13,9,2
13,10,2
13,11,2
13,12,4
13,13,4
13,14,4
13,15,4
13,16,4
13,17,4
13,18,4
13,19,4
13,20,4
13,21,4
13,22,4
13,23,1
13,24,1
13,25,1
13,26,1
13,27,1
13,28,1
13,29,1
13,30,1
14,0,4
14,1,4
14,2,4
14,3,4
14,4,4
14,5,4
14,6,4
14,7,4
14,8,4
14,9,2
14,10,2
14,11,1
14,12,1
14,13,4
14,14,4
14,15,4
14,16,4
14,17,4
14,18,4
14,19,4
14,20,1
14,21,1
14,22,1
14,23,1
14,24,1
14,25,1
14,26,1
14,27,1
14,28,1
14,29,1
14,30,1
15,0,4
15,1,4
15,2,4
15,3,4
15,4,4
15,5,4
15,6,4
15,7,4
15,8,4
15,9,4
15,10,1
15,11,1
15,12,1
15,13,1
15,14,4
15,15,4
15,16,4
15,17,4
15,18,1
15,19,1
15,20,1
15,21,1
15,22,1
15,23,1
15,24,1
15,25,2
15,26,2
15,27,1
15,28,1
15,29,1
15,30,1
16,0,4
16,1,4
16,2,4
16,3,4
16,4,4
16,5,1
16,6,1
16,7,4
16,8,4
16,9,4
16,10,1
16,11,1
16,12,1
16,13,1
16,14,1
16,15,4
16,16,4
16,17,1
16,18,1
16,19,1
16,20,1
16,21,1
16,22,1
16,23,1
16,24,2
16,25,2
16,26,2
16,27,2
16,28,1
16,29,1
16,30,1
17,0,4
17,1,4
17,2,4
17,3,4
17,4,1
17,5,1
17,6,1
17,7,1
17,8,4
17,9,4
17,10,4
17,11,1
17,12,1
17,13,1
17,14,1
17,15,1
17,16,1
17,17,1
17,18,1
17,19,1
17,20,2
17,21,2
17,22,2
17,23,2
17,24,2
17,25,2
17,26,2
17,27,2
17,28,1
17,29,1
17,30,1
18,0,4
18,1,4
18,2,4
18,3,4
18,4,1
18,5,1
18,6,1
18,7,1
18,8,4
18,9,4
18,10,4
18,11,4
18,12,4
18,13,1
18,14,1
18,15,1
18,16,1
18,17,1
18,18,1
18,19,2
18,20,2
18,21,2
18,22,2
18,23,2
18,24,2
18,25,2
18,26,2
18,27,2
18,28,1
18,29,1
18,30,1
19,0,4
19,1,4
19,2,4
19,3,4
19,4,1
19,5,1
19,6,1
19,7,1
19,8,1
19,9,4
19,10,4
19,11,4
19,12,4
19,13,4
19,14,1
19,15,1
19,16,3
19,17,3
19,18,3
19,19,2
19,20,2
19,21,2
19,22,2
19,23,3
19,24,3
19,25,2
19,26,2
19,27,3
19,28,3
19,29,1
19,30,1
20,0,4
20,1,4
20,2,4
20,3,1
20,4,1
20,5,1
20,6,1
20,7,1
20,8,1
20,9,1
20,10,4
20,11,4
20,12,4
20,13,4
20,14,4
20,15,3
20,16,3
20,17,3
20,18,3
20,19,3
20,20,2
20,21,2
20,22,3
20,23,3
20,24,3
20,25,3
20,26,3
20,27,3
20,28,3
20,29,3
20,30,3
21,0,4
21,1,4
21,2,1
21,3,1
21,4,1
21,5,1
21,6,1
21,7,1
21,8,1
21,9,1
21,10,4
21,11,4
21,12,4
21,13,4
21,14,4
21,15,3
21,16,3
21,17,3
21,18,3
21,19,3
21,20,2
21,21,2
21,22,3
21,23,3
21,24,3
21,25,3
21,26,3
21,27,3
21,28,3
21,29,3
21,30,3
22,0,2
22,1,2
22,2,1
22,3,1
22,4,1
22,5,1
22,6,1
22,7,1
22,8,1
22,9,1
22,10,1
22,11,4
22,12,4
22,13,4
22,14,4
22,15,3
22,16,3
22,17,3
22,18,3
22,19,3
22,20,2
22,21,2
22,22,2
22,23,3
22,24,3
22,25,3
22,26,3
22,27,3
22,28,3
22,29,3
22,30,3
23,0,2
23,1,2
23,2,2
23,3,1
23,4,1
23,5,1
23,6,1
23,7,1
23,8,1
23,9,1
23,10,1
23,11,1
23,12,4
23,13,4
23,14,3
23,15,3
23,16,3
23,17,3
23,18,3
23,19,3
23,20,2
23,21,2
23,22,2
23,23,3
23,24,3
23,25,3
23,26,3
23,27,3
23,28,3
23,29,3
23,30,3
24,0,2
24,1,2
24,2,2
24,3,4
24,4,4
24,5,1
24,6,1
24,7,1
24,8,1
24,9,1
24,10,1
24,11,1
24,12,2
24,13,2
24,14,3
24,15,3
24,16,3
24,17,3
24,18,3
24,19,3
24,20,3
24,21,2
24,22,2
24,23,3
24,24,3
24,25,3
24,26,3
24,27,3
24,28,3
24,29,3
24,30,3
25,0,2
25,1,2
25,2,4
25,3,4
25,4,4
25,5,4
25,6,1
25,7,1
25,8,1
25,9,1
25,10,1
25,11,2
25,12,2
25,13,2
25,14,2
25,15,3
25,16,3
25,17,3
25,18,3
25,19,3
25,20,3
25,21,2
25,22,2
25,23,2
25,24,3
25,25,3
25,26,3
25,27,3
25,28,3
25,29,3
25,30,3
26,0,4
26,1,4
26,2,4
26,3,4
26,4,4
26,5,4
26,6,2
26,7,2
26,8,1
26,9,1
26,10,1
26,11,2
26,12,2
26,13,2
26,14,2
26,15,4
26,16,4
26,17,4
26,18,3
26,19,3
26,20,3
26,21,2
26,22,2
26,23,2
26,24,2
26,25,2
26,26,3
26,27,3
26,28,4
26,29,4
26,30,4
27,0,4
27,1,4
27,2,4
27,3,4
27,4,4
27,5,2
27,6,2
27,7,2
27,8,2
27,9,1
27,10,1
27,11,1
27,12,2
27,13,2
27,14,4
27,15,4
27,16,4
27,17,4
27,18,4
27,19,3
27,20,3
27,21,3
27,22,2
27,23,2
27,24,2
27,25,2
27,26,2
27,27,4
27,28,4
27,29,4
27,30,4
28,0,4
28,1,4
28,2,4
28,3,3
28,4,3
28,5,2
28,6,2
28,7,2
28,8,2
28,9,1
28,10,1
28,11,1
28,12,3
28,13,3
28,14,4
28,15,4
28,16,4
28,17,4
28,18,4
28,19,3
28,20,3
28,21,3
28,22,3
28,23,3
28,24,2
28,25,2
28,26,2
28,27,4
28,28,4
28,29,4
28,30,4
29,0,4
29,1,4
29,2,3
29,3,3
29,4,3
29,5,3
29,6,2
29,7,2
29,8,2
29,9,1
29,10,1
29,11,3
29,12,3
29,13,3
29,14,3
29,15,4
29,16,4
29,17,4
29,18,4
29,19,4
29,20,3
29,21,3
29,22,3
29,23,3
29,24,3
29,25,2
29,26,2
29,27,4
29,28,4
29,29,4
29,30,4
30,0,4
30,1,4
30,2,3
30,3,3
30,4,3
30,5,3
30,6,2
30,7,2
30,8,2
30,9,1
30,10,1
30,11,3
30,12,3
30,13,3
30,14,3
30,15,4
30,16,4
30,17,4
30,18,4
30,19,4
30,20,3
30,21,3
30,22,3
30,23,3
30,24,3
30,25,2
30,26,2
30,27,4
30,28,4
30,29,4
30,30,4