8
13
7
3
2,7
2,17
2,27
12,7
12,17
22,7
22,17
22,27
0,3,2
3,4,2
3,5,1
1,3,1
2,4,1
2,7,4
1,2,1
0,1,1
4,5,2
4,6,1
4,7,1
1,4,1
5,6,1
0,0,1
0,1,1
0,2,1
0,3,4
0,4,4
0,5,1
0,6,1
0,7,1
0,8,1
0,9,1
0,10,1
0,11,1
0,12,2
0,13,2
0,14,1
0,15,1
0,16,1
0,17,1
0,18,1
0,19,1
0,20,3
0,21,3
0,22,3
0,23,2
0,24,2
0,25,4
0,26,4
0,27,4
0,28,4
0,29,4
0,30,4
1,0,1
1,1,1
1,2,1
1,3,4
1,4,4
1,5,1
1,6,1
1,7,1
1,8,1
1,9,1
1,10,1
1,11,1
1,12,2
1,13,2
1,14,1
1,15,1
1,16,1
1,17,1
1,18,1
1,19,1
1,20,3
1,21,3
1,22,3
1,23,2
1,24,2
1,25,4
1,26,4
1,27,4
1,28,4
1,29,4
1,30,4
2,0,1
2,1,1
2,2,4
2,3,4
2,4,4
2,5,1
2,6,1
2,7,1
2,8,1
2,9,1
2,10,1
2,11,2
2,12,2
2,13,2
2,14,2
2,15,1
2,16,1
2,17,1
2,18,1
2,19,1
2,20,3
2,21,3
2,22,3
2,23,2
2,24,2
2,25,4
2,26,4
2,27,4
2,28,4
2,29,4
2,30,4
3,0,4
3,1,4
3,2,4
3,3,4
3,4,4
3,5,1
3,6,1
3,7,1
3,8,1
3,9,1
3,10,2
3,11,2
3,12,2
3,13,2
3,14,2
3,15,1
3,16,1
3,17,1
3,18,1
3,19,1
3,20,3
3,21,3
3,22,2
3,23,2
3,24,2
3,25,4
3,26,4
3,27,4
3,28,4
3,29,4
3,30,4
4,0,4
4,1,4
4,2,4
4,3,4
4,4,1
4,5,1
4,6,1
4,7,1
4,8,1
4,9,1
4,10,2
4,11,2
4,12,2
4,13,2
4,14,2
4,15,1
4,16,1
4,17,1
4,18,1
4,19,1
4,20,3
4,21,3
4,22,2
4,23,2
4,24,2
4,25,4
4,26,4
4,27,4
4,28,4
4,29,4
4,30,4
5,0,3
5,1,3
5,2,3
5,3,3
5,4,1
5,5,1
5,6,1
5,7,1
5,8,1
5,9,1
5,10,1
5,11,2
5,12,2
5,13,2
5,14,2
5,15,1
5,16,1
5,17,1
5,18,1
5,19,1
5,20,3
5,21,3
5,22,2
5,23,2
5,24,4
5,25,4
5,26,4
5,27,4
5,28,4
5,29,4
5,30,4
6,0,3
6,1,3
6,2,3
6,3,3
6,4,3
6,5,1
6,6,1
6,7,1
6,8,1
6,9,1
6,10,1
6,11,2
6,12,2
6,13,2
6,14,2
6,15,1
6,16,1
6,17,1
6,18,1
6,19,1
6,20,3
6,21,3
6,22,2
6,23,2
6,24,4
6,25,4
6,26,4
6,27,4
6,28,4
6,29,4
6,30,4
7,0,3
7,1,3
7,2,3
7,3,3
7,4,3
7,5,3
7,6,1
7,7,1
7,8,1
7,9,1
7,10,3
7,11,3
7,12,2
7,13,2
7,14,3
7,15,3
7,16,1
7,17,1
7,18,1
7,19,3
7,20,3
7,21,3
7,22,2
7,23,2
7,24,4
7,25,4
7,26,4
7,27,4
7,28,4
7,29,3
7,30,3
8,0,4
8,1,4
8,2,4
8,3,3
8,4,3
8,5,3
8,6,3
8,7,3
8,8,3
8,9,3
8,10,3
8,11,3
8,12,3
8,13,3
8,14,3
8,15,3
8,16,3
8,17,3
8,18,3
8,19,3
8,20,3
8,21,3
8,22,2
8,23,2
8,24,2
8,25,4
8,26,4
8,27,4
8,28,3
8,29,3
8,30,3
9,0,4
9,1,4
9,2,4
9,3,4
9,4,3
9,5,3
9,6,3
9,7,3
9,8,3
9,9,3
9,10,3
9,11,3
9,12,3
9,13,3
9,14,3
9,15,3
9,16,3
9,17,3
9,18,3
9,19,3
9,20,3
9,21,2
9,22,2
9,23,2
9,24,2
9,25,2
9,26,2
9,27,2
9,28,3
9,29,3
9,30,3
10,0,4
10,1,4
10,2,4
10,3,4
10,4,1
10,5,1
10,6,1
10,7,1
10,8,1
10,9,1
10,10,1
10,11,1
10,12,1
10,13,1
10,14,1
10,15,1
10,16,1
10,17,1
10,18,1
10,19,1
10,20,1
10,21,2
10,22,2
10,23,2
10,24,2
10,25,2
10,26,2
10,27,2
10,28,2
10,29,3
10,30,3
11,0,4
11,1,4
11,2,4
11,3,1
11,4,1
11,5,1
11,6,1
11,7,1
11,8,1
11,9,1
11,10,1
11,11,1
11,12,1
11,13,1
11,14,1
11,15,1
11,16,1
11,17,1
11,18,1
11,19,1
11,20,1
11,21,1
11,22,2
11,23,2
11,24,2
11,25,2
11,26,2
11,27,2
11,28,2
11,29,4
11,30,4
12,0,4
12,1,4
12,2,4
12,3,1
12,4,1
12,5,1
12,6,1
12,7,1
12,8,1
12,9,1
12,10,1
12,11,2
12,12,2
12,13,1
12,14,1
12,15,1
12,16,1
12,17,1
12,18,1
12,19,1
12,20,1
12,21,1
12,22,3
12,23,3
12,24,2
12,25,2
12,26,2
12,27,2
12,28,4
12,29,4
12,30,4
13,0,4
13,1,4
13,2,1
13,3,1
13,4,1
13,5,1
13,6,1
13,7,1
13,8,1
13,9,1
13,10,2
13,11,2
13,12,2
13,13,2
13,14,1
13,15,1
13,16,1
13,17,1
13,18,1
13,19,1
13,20,1
13,21,3
13,22,3
13,23,3
13,24,3
13,25,2
13,26,2
13,27,4
13,28,4
13,29,4
13,30,4
14,0,1
14,1,1
14,2,1
14,3,1
14,4,1
14,5,1
14,6,1
14,7,1
14,8,1
14,9,1
14,10,2
14,11,2
14,12,2
14,13,2
14,14,1
14,15,1
14,16,1
14,17,1
14,18,1
14,19,1
14,20,1
14,21,3
14,22,3
14,23,3
14,24,3
14,25,2
14,26,2
14,27,4
14,28,4
14,29,4
14,30,4
15,0,1
15,1,1
15,2,1
15,3,1
15,4,3
15,5,3
15,6,3
15,7,1
15,8,1
15,9,3
15,10,3
15,11,2
15,12,2
15,13,1
15,14,1
15,15,1
15,16,1
15,17,1
15,18,1
15,19,1
15,20,3
15,21,3
15,22,3
15,23,3
15,24,3
15,25,2
15,26,2
15,27,4
15,28,4
15,29,4
15,30,4
16,0,3
16,1,3
16,2,3
16,3,3
16,4,3
16,5,3
16,6,3
16,7,3
16,8,3
16,9,3
16,10,3
16,11,3
16,12,1
16,13,1
16,14,1
16,15,1
16,16,1
16,17,3
16,18,3
16,19,3
16,20,3
16,21,3
16,22,3
16,23,3
16,24,3
16,25,2
16,26,2
16,27,2
16,28,4
16,29,4
16,30,4
17,0,3
17,1,3
17,2,3
17,3,3
17,4,3
17,5,3
17,6,3
17,7,3
17,8,3
17,9,3
17,10,3
17,11,3
17,12,1
17,13,1
17,14,1
17,15,1
17,16,3
17,17,3
17,18,3
17,19,3
17,20,3
17,21,3
17,22,3
17,23,3
17,24,2
17,25,2
17,26,2
17,27,2
17,28,2
17,29,2
17,30,2
18,0,3
18,1,3
18,2,3
18,3,3
18,4,3
18,5,3
18,6,1
18,7,1
18,8,3
18,9,3
18,10,3
18,11,3
18,12,1
18,13,1
18,14,1
18,15,1
18,16,3
18,17,3
18,18,3
18,19,3
18,20,4
18,21,4
18,22,4
18,23,4
18,24,2
18,25,2
18,26,2
18,27,2
18,28,2
18,29,2
18,30,2
19,0,3
19,1,3
19,2,3
19,3,3
19,4,3
19,5,1
19,6,1
19,7,1
19,8,1
19,9,3
19,10,3
19,11,2
19,12,2
19,13,1
19,14,1
19,15,4
19,16,4
19,17,3
19,18,3
19,19,4
19,20,4
19,21,4
19,22,4
19,23,4
19,24,4
19,25,2
19,26,2
19,27,2
19,28,4
19,29,4
19,30,4
20,0,3
20,1,3
20,2,3
20,3,3
20,4,3
20,5,1
20,6,1
20,7,1
20,8,1
20,9,1
20,10,2
20,11,2
20,12,2
20,13,2
20,14,4
20,15,4
20,16,4
20,17,4
20,18,4
20,19,4
20,20,4
20,21,4
20,22,4
20,23,4
20,24,4
20,25,4
20,26,4
20,27,4
20,28,4
20,29,4
20,30,4
21,0,3
21,1,3
21,2,3
21,3,3
21,4,1
21,5,1
21,6,1
21,7,1
21,8,1
21,9,1
21,10,2
21,11,2
21,12,2
21,13,2
21,14,4
21,15,4
21,16,4
21,17,4
21,18,4
21,19,4
21,20,4
21,21,4
21,22,4
21,23,4
21,24,4
21,25,4
21,26,4
21,27,4
21,28,4
21,29,4
21,30,4
22,0,3
22,1,3
22,2,3
22,3,1
22,4,1
22,5,1
22,6,1
22,7,1
22,8,1
22,9,1
22,10,1
22,11,2
22,12,2
22,13,4
22,14,4
22,15,4
22,16,4
22,17,4
22,18,4
22,19,4
22,20,4
22,21,4
22,22,1
22,23,1
22,24,4
22,25,4
22,26,4
22,27,4
22,28,4
22,29,4
22,30,4
23,0,2
23,1,2
23,2,2
23,3,1
23,4,1
23,5,1
23,6,1
23,7,1
23,8,1
23,9,1
23,10,1
23,11,1
23,12,1
23,13,4
23,14,4
23,15,4
23,16,4
23,17,4
23,18,4
23,19,4
23,20,4
23,21,1
23,22,1
23,23,1
23,24,1
23,25,4
23,26,4
23,27,4
23,28,4
23,29,4
23,30,4
24,0,2
24,1,2
24,2,2
24,3,2
24,4,1
24,5,1
24,6,1
24,7,1
24,8,1
24,9,1
24,10,1
24,11,1
24,12,1
24,13,1
24,14,4
24,15,4
24,16,4
24,17,4
24,18,4
24,19,4
24,20,1
24,21,1
24,22,1
24,23,1
24,24,1
24,25,4
24,26,4
24,27,4
24,28,4
24,29,4
24,30,4
25,0,2
25,1,2
25,2,2
25,3,2
25,4,2
25,5,2
25,6,2
25,7,2
25,8,2
25,9,2
25,10,1
25,11,1
25,12,1
25,13,1
25,14,1
25,15,4
25,16,4
25,17,4
25,18,2
25,19,2
25,20,1
25,21,1
25,22,1
25,23,1
25,24,1
25,25,1
25,26,4
25,27,4
25,28,4
25,29,4
25,30,4
26,0,2
26,1,2
26,2,2
26,3,2
26,4,2
26,5,2
26,6,2
26,7,2
26,8,2
26,9,2
26,10,2
26,11,1
26,12,1
26,13,1
26,14,1
26,15,4
26,16,4
26,17,2
26,18,2
26,19,2
26,20,2
26,21,1
26,22,1
26,23,1
26,24,1
26,25,1
26,26,3
26,27,3
26,28,4
26,29,4
26,30,4
27,0,2
27,1,2
27,2,1
27,3,1
27,4,2
27,5,2
27,6,3
27,7,3
27,8,2
27,9,2
27,10,2
27,11,1
27,12,1
27,13,1
27,14,4
27,15,4
27,16,4
27,17,2
27,18,2
27,19,2
27,20,2
27,21,1
27,22,1
27,23,1
27,24,1
27,25,3
27,26,3
27,27,3
27,28,3
27,29,4
27,30,4
28,0,1
28,1,1
28,2,1
28,3,1
28,4,1
28,5,3
28,6,3
28,7,3
28,8,3
28,9,2
28,10,2
28,11,1
28,12,1
28,13,1
28,14,4
28,15,4
28,16,4
28,17,4
28,18,2
28,19,2
28,20,1
28,21,1
28,22,1
28,23,1
28,24,3
28,25,3
28,26,3
28,27,3
28,28,3
28,29,2
28,30,2
29,0,1
29,1,1
29,2,1
29,3,1
29,4,1
29,5,3
29,6,3
29,7,3
29,8,3
29,9,2
29,10,2
29,11,2
29,12,1
29,13,1
29,14,4
29,15,4
29,16,4
29,17,4
29,18,4
29,19,1
29,20,1
29,21,1
29,22,1
29,23,3
29,24,3
29,25,3
29,26,3
29,27,3
29,28,2
29,29,2
29,30,2
30,0,1
30,1,1
30,2,1
30,3,1
30,4,1
30,5,3
30,6,3
30,7,3
30,8,3
30,9,2
30,10,2
30,11,2
30,12,1
30,13,1
30,14,4
30,15,4
30,16,4
30,17,4
30,18,4
30,19,1
30,20,1
30,21,1
30,22,1
30,23,3
30,24,3
30,25,3
30,26,3
30,27,3
30,28,2
30,29,2
30,30,2