9
15
10
2
2,2
2,12
2,22
12,2
12,12
12,22
22,2
22,12
22,22
2,5,2
1,2,2
0,3,1
0,1,2
5,8,2
1,5,2
3,7,1
7,8,2
4,7,1
6,7,2
3,4,1
3,6,1
1,3,1
4,8,1
1,4,2
0,0,3
0,1,3
0,2,3
0,3,3
0,4,3
0,5,3
0,6,2
0,7,2
0,8,2
0,9,3
0,10,3
0,11,3
0,12,3
0,13,3
0,14,3
0,15,4
0,16,4
0,17,4
0,18,4
0,19,4
0,20,4
0,21,4
0,22,4
0,23,4
0,24,4
0,25,4
0,26,4
0,27,4
0,28,4
0,29,4
0,30,4
1,0,3
1,1,3
1,2,3
1,3,3
1,4,3
1,5,3
1,6,2
1,7,2
1,8,2
1,9,3
1,10,3
1,11,3
1,12,3
1,13,3
1,14,3
1,15,4
1,16,4
1,17,4
1,18,4
1,19,4
1,20,4
1,21,4
1,22,4
1,23,4
1,24,4
1,25,4
1,26,4
1,27,4
1,28,4
1,29,4
1,30,4
2,0,3
2,1,3
2,2,3
2,3,3
2,4,3
2,5,3
2,6,3
2,7,2
2,8,2
2,9,3
2,10,3
2,11,3
2,12,3
2,13,3
2,14,3
2,15,4
2,16,4
2,17,4
2,18,4
2,19,4
2,20,4
2,21,4
2,22,4
2,23,4
2,24,4
2,25,4
2,26,4
2,27,4
2,28,4
2,29,4
2,30,4
3,0,3
3,1,3
3,2,3
3,3,3
3,4,3
3,5,3
3,6,3
3,7,2
3,8,2
3,9,3
3,10,3
3,11,3
3,12,3
3,13,3
3,14,3
3,15,3
3,16,4
3,17,4
3,18,4
3,19,4
3,20,4
3,21,4
3,22,4
3,23,4
3,24,4
3,25,4
3,26,4
3,27,4
3,28,4
3,29,1
3,30,1
4,0,3
4,1,3
4,2,3
4,3,3
4,4,3
4,5,3
4,6,2
4,7,2
4,8,2
4,9,2
4,10,3
4,11,3
4,12,3
4,13,3
4,14,3
4,15,3
4,16,2
4,17,2
4,18,4
4,19,4
4,20,4
4,21,4
4,22,4
4,23,4
4,24,4
4,25,4
4,26,4
4,27,4
4,28,1
4,29,1
4,30,1
5,0,4
5,1,4
5,2,4
5,3,4
5,4,4
5,5,4
5,6,2
5,7,2
5,8,2
5,9,2
5,10,3
5,11,3
5,12,3
5,13,3
5,14,3
5,15,2
5,16,2
5,17,2
5,18,2
5,19,4
5,20,4
5,21,4
5,22,4
5,23,4
5,24,4
5,25,4
5,26,4
5,27,4
5,28,1
5,29,1
5,30,1
6,0,4
6,1,4
6,2,4
6,3,4
6,4,4
6,5,4
6,6,4
6,7,2
6,8,2
6,9,1
6,10,1
6,11,3
6,12,3
6,13,4
6,14,4
6,15,2
6,16,2
6,17,2
6,18,2
6,19,4
6,20,4
6,21,4
6,22,4
6,23,4
6,24,4
6,25,4
6,26,4
6,27,2
6,28,2
6,29,1
6,30,1
7,0,4
7,1,4
7,2,4
7,3,4
7,4,4
7,5,4
7,6,4
7,7,4
7,8,1
7,9,1
7,10,1
7,11,1
7,12,4
7,13,4
7,14,4
7,15,4
7,16,2
7,17,2
7,18,4
7,19,4
7,20,4
7,21,4
7,22,4
7,23,4
7,24,4
7,25,4
7,26,2
7,27,2
7,28,2
7,29,2
7,30,2
8,0,4
8,1,4
8,2,4
8,3,4
8,4,4
8,5,4
8,6,4
8,7,4
8,8,1
8,9,1
8,10,1
8,11,1
8,12,4
8,13,4
8,14,4
8,15,4
8,16,1
8,17,1
8,18,4
8,19,4
8,20,4
8,21,4
8,22,4
8,23,4
8,24,4
8,25,4
8,26,2
8,27,2
8,28,2
8,29,2
8,30,2
9,0,4
9,1,4
9,2,4
9,3,4
9,4,4
9,5,4
9,6,4
9,7,1
9,8,1
9,9,1
9,10,1
9,11,2
9,12,2
9,13,4
9,14,4
9,15,1
9,16,1
9,17,1
9,18,1
9,19,4
9,20,4
9,21,4
9,22,4
9,23,4
9,24,4
9,25,3
9,26,3
9,27,2
9,28,2
9,29,1
9,30,1
10,0,1
10,1,1
10,2,1
10,3,1
10,4,1
10,5,1
10,6,1
10,7,1
10,8,1
10,9,1
10,10,2
10,11,2
10,12,2
10,13,2
10,14,2
10,15,1
10,16,1
10,17,1
10,18,1
10,19,3
10,20,3
10,21,3
10,22,3
10,23,3
10,24,3
10,25,3
10,26,3
10,27,3
10,28,1
10,29,1
10,30,1
11,0,1
11,1,1
11,2,1
11,3,1
11,4,1
11,5,1
11,6,1
11,7,1
11,8,1
11,9,1
11,10,2
11,11,2
11,12,2
11,13,2
11,14,2
11,15,2
11,16,1
11,17,1
11,18,3
11,19,3
11,20,3
11,21,3
11,22,3
11,23,3
11,24,3
11,25,3
11,26,3
11,27,3
11,28,1
11,29,1
11,30,1
12,0,1
12,1,1
12,2,1
12,3,1
12,4,1
12,5,1
12,6,1
12,7,1
12,8,1
12,9,1
12,10,2
12,11,2
12,12,2
12,13,2
12,14,2
12,15,2
12,16,4
12,17,4
12,18,3
12,19,3
12,20,3
12,21,3
12,22,3
12,23,3
12,24,3
12,25,3
12,26,3
12,27,3
12,28,1
12,29,1
12,30,1
13,0,1
13,1,1
13,2,1
13,3,1
13,4,1
13,5,1
13,6,1
13,7,1
13,8,1
13,9,2
13,10,2
13,11,2
13,12,2
13,13,2
13,14,2
13,15,4
13,16,4
13,17,4
13,18,4
13,19,3
13,20,3
13,21,3
13,22,3
13,23,3
13,24,3
13,25,3
13,26,3
13,27,4
13,28,4
13,29,1
13,30,1
14,0,1
14,1,1
14,2,1
14,3,1
14,4,1
14,5,1
14,6,1
14,7,1
14,8,1
14,9,2
14,10,2
14,11,2
14,12,2
14,13,2
14,14,2
14,15,4
14,16,4
14,17,4
14,18,4
14,19,4
14,20,3
14,21,3
14,22,3
14,23,3
14,24,3
14,25,3
14,26,4
14,27,4
14,28,4
14,29,4
14,30,4
15,0,1
15,1,1
15,2,2
15,3,2
15,4,2
15,5,1
15,6,1
15,7,1
15,8,2
15,9,2
15,10,2
15,11,2
15,12,2
15,13,2
15,14,2
15,15,2
15,16,4
15,17,4
15,18,4
15,19,4
15,20,4
15,21,4
15,22,4
15,23,4
15,24,4
15,25,4
15,26,4
15,27,4
15,28,4
15,29,4
15,30,4
16,0,2
16,1,2
16,2,2
16,3,2
16,4,2
16,5,2
16,6,1
16,7,1
16,8,2
16,9,2
16,10,2
16,11,2
16,12,2
16,13,2
16,14,2
16,15,2
16,16,4
16,17,4
16,18,4
16,19,4
16,20,4
16,21,4
16,22,4
16,23,4
16,24,4
16,25,4
16,26,4
16,27,4
16,28,1
16,29,1
16,30,1
17,0,2
17,1,2
17,2,2
17,3,2
17,4,2
17,5,2
17,6,1
17,7,1
17,8,1
17,9,2
17,10,2
17,11,2
17,12,2
17,13,2
17,14,2
17,15,2
17,16,4
17,17,4
17,18,4
17,19,2
17,20,2
17,21,2
17,22,2
17,23,2
17,24,2
17,25,4
17,26,4
17,27,1
17,28,1
17,29,1
17,30,1
18,0,1
18,1,1
18,2,2
18,3,2
18,4,2
18,5,2
18,6,1
18,7,1
18,8,1
18,9,3
18,10,3
18,11,3
18,12,2
18,13,2
18,14,2
18,15,2
18,16,4
18,17,4
18,18,2
18,19,2
18,20,2
18,21,2
18,22,2
18,23,2
18,24,2
18,25,2
18,26,2
18,27,1
18,28,1
18,29,1
18,30,1
19,0,1
19,1,1
19,2,1
19,3,2
19,4,2
19,5,1
19,6,1
19,7,1
19,8,3
19,9,3
19,10,3
19,11,3
19,12,3
19,13,2
19,14,2
19,15,4
19,16,4
19,17,4
19,18,2
19,19,2
19,20,2
19,21,4
19,22,4
19,23,2
19,24,2
19,25,2
19,26,2
19,27,2
19,28,1
19,29,1
19,30,1
20,0,1
20,1,1
20,2,1
20,3,1
20,4,1
20,5,1
20,6,1
20,7,1
20,8,3
20,9,3
20,10,3
20,11,3
20,12,3
20,13,3
20,14,3
20,15,4
20,16,4
20,17,4
20,18,2
20,19,2
20,20,4
20,21,4
20,22,4
20,23,4
20,24,4
20,25,2
20,26,2
20,27,2
20,28,2
20,29,1
20,30,1
21,0,1
21,1,1
21,2,1
21,3,1
21,4,1
21,5,1
21,6,1
21,7,4
21,8,4
21,9,3
21,10,3
21,11,3
21,12,3
21,13,3
21,14,3
21,15,3
21,16,4
21,17,4
21,18,2
21,19,2
21,20,4
21,21,4
21,22,4
21,23,4
21,24,4
21,25,4
21,26,2
21,27,2
21,28,2
21,29,2
21,30,2
22,0,1
22,1,1
22,2,1
22,3,1
22,4,1
22,5,1
22,6,4
22,7,4
22,8,4
22,9,4
22,10,3
22,11,3
22,12,3
22,13,3
22,14,3
22,15,3
22,16,4
22,17,4
22,18,2
22,19,2
22,20,4
22,21,4
22,22,4
22,23,4
22,24,4
22,25,4
22,26,4
22,27,2
22,28,2
22,29,2
22,30,2
23,0,1
23,1,1
23,2,1
23,3,1
23,4,1
23,5,1
23,6,4
23,7,4
23,8,4
23,9,4
23,10,3
23,11,3
23,12,3
23,13,3
23,14,3
23,15,3
23,16,4
23,17,4
23,18,2
23,19,2
23,20,4
23,21,4
23,22,4
23,23,4
23,24,4
23,25,4
23,26,4
23,27,4
23,28,4
23,29,4
23,30,4
24,0,1
24,1,1
24,2,1
24,3,1
24,4,1
24,5,3
24,6,3
24,7,4
24,8,4
24,9,3
24,10,3
24,11,3
24,12,3
24,13,3
24,14,3
24,15,4
24,16,4
24,17,4
24,18,2
24,19,2
24,20,4
24,21,4
24,22,4
24,23,4
24,24,4
24,25,4
24,26,4
24,27,4
24,28,4
24,29,4
24,30,4
25,0,3
25,1,3
25,2,3
25,3,3
25,4,3
25,5,3
25,6,3
25,7,3
25,8,3
25,9,3
25,10,3
25,11,3
25,12,4
25,13,4
25,14,4
25,15,4
25,16,4
25,17,4
25,18,2
25,19,2
25,20,2
25,21,4
25,22,4
25,23,4
25,24,4
25,25,1
25,26,1
25,27,4
25,28,4
25,29,4
25,30,4
26,0,3
26,1,3
26,2,3
26,3,3
26,4,3
26,5,3
26,6,3
26,7,3
26,8,3
26,9,3
26,10,3
26,11,4
26,12,4
26,13,4
26,14,4
26,15,4
26,16,4
26,17,2
26,18,2
26,19,2
26,20,2
26,21,1
26,22,1
26,23,1
26,24,1
26,25,1
26,26,1
26,27,1
26,28,1
26,29,1
26,30,1
27,0,3
27,1,3
27,2,3
27,3,3
27,4,3
27,5,2
27,6,2
27,7,3
27,8,3
27,9,4
27,10,4
27,11,4
27,12,4
27,13,4
27,14,4
27,15,4
27,16,2
27,17,2
27,18,2
27,19,2
27,20,1
27,21,1
27,22,1
27,23,1
27,24,1
27,25,1
27,26,1
27,27,1
27,28,1
27,29,1
27,30,1
28,0,1
28,1,1
28,2,3
28,3,3
28,4,2
28,5,2
28,6,2
28,7,2
28,8,4
28,9,4
28,10,4
28,11,4
28,12,4
28,13,2
28,14,2
28,15,2
28,16,2
28,17,2
28,18,2
28,19,1
28,20,1
28,21,1
28,22,1
28,23,2
28,24,2
28,25,1
28,26,1
28,27,3
28,28,3
28,29,1
28,30,1
29,0,1
29,1,1
29,2,1
29,3,2
29,4,2
29,5,2
29,6,2
29,7,2
29,8,4
29,9,4
29,10,4
29,11,4
29,12,2
29,13,2
29,14,2
29,15,2
29,16,2
29,17,2
29,18,1
29,19,1
29,20,1
29,21,1
29,22,2
29,23,2
29,24,2
29,25,2
29,26,3
29,27,3
29,28,3
29,29,3
29,30,3
30,0,1
30,1,1
30,2,1
30,3,2
30,4,2
30,5,2
30,6,2
30,7,2
30,8,4
30,9,4
30,10,4
30,11,4
30,12,2
30,13,2
30,14,2
30,15,2
30,16,2
30,17,2
30,18,1
30,19,1
30,20,1
30,21,1
30,22,2
30,23,2
30,24,2
30,25,2
30,26,3
30,27,3
30,28,3
30,29,3
30,30,3