8
13
9
7
2,2
2,22
12,2
12,12
12,22
22,2
22,12
22,22
4,7,2
0,1,1
0,2,2
0,3,2
1,4,1
1,3,2
2,5,2
2,3,2
4,6,1
5,6,1
3,6,2
3,4,2
3,5,1
0,0,1
0,1,1
0,2,1
0,3,1
0,4,1
0,5,3
0,6,3
0,7,4
0,8,4
0,9,4
0,10,4
0,11,3
0,12,3
0,13,3
0,14,3
0,15,3
0,16,4
0,17,4
0,18,4
0,19,4
0,20,1
0,21,1
0,22,1
0,23,1
0,24,1
0,25,4
0,26,4
0,27,4
0,28,1
0,29,1
0,30,1
1,0,1
1,1,1
1,2,1
1,3,1
1,4,1
1,5,3
1,6,3
1,7,4
1,8,4
1,9,4
1,10,4
1,11,3
1,12,3
1,13,3
1,14,3
1,15,3
1,16,4
1,17,4
1,18,4
1,19,4
1,20,1
1,21,1
1,22,1
1,23,1
1,24,1
1,25,4
1,26,4
1,27,4
1,28,1
1,29,1
1,30,1
2,0,1
2,1,1
2,2,1
2,3,1
2,4,1
2,5,3
2,6,3
2,7,3
2,8,4
2,9,4
2,10,1
2,11,1
2,12,3
2,13,3
2,14,3
2,15,3
2,16,4
2,17,4
2,18,4
2,19,4
2,20,1
2,21,1
2,22,1
2,23,1
2,24,1
2,25,1
2,26,4
2,27,4
2,28,4
2,29,1
2,30,1
3,0,1
3,1,1
3,2,1
3,3,1
3,4,1
3,5,3
3,6,3
3,7,3
3,8,3
3,9,1
3,10,1
3,11,1
3,12,1
3,13,3
3,14,3
3,15,1
3,16,1
3,17,4
3,18,4
3,19,1
3,20,1
3,21,1
3,22,1
3,23,1
3,24,1
3,25,1
3,26,4
3,27,4
3,28,4
3,29,4
3,30,4
4,0,1
4,1,1
4,2,1
4,3,1
4,4,1
4,5,1
4,6,3
4,7,3
4,8,3
4,9,1
4,10,1
4,11,1
4,12,1
4,13,1
4,14,1
4,15,1
4,16,1
4,17,1
4,18,1
4,19,1
4,20,1
4,21,1
4,22,1
4,23,1
4,24,1
4,25,2
4,26,2
4,27,4
4,28,4
4,29,4
4,30,4
5,0,4
5,1,4
5,2,4
5,3,1
5,4,1
5,5,1
5,6,1
5,7,3
5,8,3
5,9,3
5,10,1
5,11,1
5,12,1
5,13,1
5,14,1
5,15,1
5,16,1
5,17,1
5,18,1
5,19,1
5,20,1
5,21,1
5,22,1
5,23,2
5,24,2
5,25,2
5,26,2
5,27,2
5,28,2
5,29,2
5,30,2
6,0,4
6,1,4
6,2,4
6,3,4
6,4,1
6,5,1
6,6,1
6,7,3
6,8,3
6,9,3
6,10,3
6,11,1
6,12,1
6,13,4
6,14,4
6,15,4
6,16,1
6,17,1
6,18,1
6,19,1
6,20,1
6,21,1
6,22,2
6,23,2
6,24,2
6,25,2
6,26,2
6,27,2
6,28,2
6,29,2
6,30,2
7,0,4
7,1,4
7,2,4
7,3,4
7,4,1
7,5,1
7,6,1
7,7,1
7,8,3
7,9,3
7,10,3
7,11,3
7,12,4
7,13,4
7,14,4
7,15,4
7,16,4
7,17,1
7,18,1
7,19,1
7,20,1
7,21,1
7,22,2
7,23,2
7,24,2
7,25,2
7,26,3
7,27,3
7,28,2
7,29,2
7,30,2
8,0,4
8,1,4
8,2,4
8,3,4
8,4,1
8,5,1
8,6,1
8,7,1
8,8,3
8,9,3
8,10,3
8,11,3
8,12,4
8,13,4
8,14,4
8,15,4
8,16,4
8,17,1
8,18,1
8,19,1
8,20,1
8,21,3
8,22,3
8,23,2
8,24,2
8,25,3
8,26,3
8,27,3
8,28,3
8,29,2
8,30,2
9,0,4
9,1,4
9,2,4
9,3,2
9,4,2
9,5,1
9,6,1
9,7,4
9,8,4
9,9,3
9,10,3
9,11,3
9,12,3
9,13,4
9,14,4
9,15,4
9,16,1
9,17,1
9,18,1
9,19,1
9,20,3
9,21,3
9,22,3
9,23,3
9,24,3
9,25,3
9,26,3
9,27,3
9,28,3
9,29,2
9,30,2
10,0,2
10,1,2
10,2,2
10,3,2
10,4,2
10,5,2
10,6,4
10,7,4
10,8,4
10,9,4
10,10,3
10,11,3
10,12,3
10,13,3
10,14,3
10,15,3
10,16,1
10,17,1
10,18,1
10,19,1
10,20,3
10,21,3
10,22,3
10,23,3
10,24,3
10,25,3
10,26,3
10,27,3
10,28,2
10,29,2
10,30,2
11,0,2
11,1,2
11,2,2
11,3,2
11,4,2
11,5,2
11,6,4
11,7,4
11,8,4
11,9,4
11,10,3
11,11,3
11,12,3
11,13,3
11,14,3
11,15,3
11,16,3
11,17,1
11,18,1
11,19,1
11,20,3
11,21,3
11,22,3
11,23,3
11,24,3
11,25,3
11,26,3
11,27,3
11,28,2
11,29,2
11,30,2
12,0,2
12,1,2
12,2,2
12,3,2
12,4,2
12,5,2
12,6,4
12,7,4
12,8,4
12,9,3
12,10,3
12,11,3
12,12,3
12,13,3
12,14,3
12,15,3
12,16,3
12,17,1
12,18,1
12,19,3
12,20,3
12,21,3
12,22,3
12,23,3
12,24,3
12,25,3
12,26,3
12,27,3
12,28,3
12,29,2
12,30,2
13,0,2
13,1,2
13,2,2
13,3,2
13,4,2
13,5,2
13,6,4
13,7,4
13,8,4
13,9,3
13,10,3
13,11,3
13,12,3
13,13,3
13,14,3
13,15,3
13,16,3
13,17,1
13,18,1
13,19,3
13,20,3
13,21,3
13,22,3
13,23,3
13,24,3
13,25,3
13,26,3
13,27,3
13,28,3
13,29,1
13,30,1
14,0,2
14,1,2
14,2,2
14,3,2
14,4,2
14,5,4
14,6,4
14,7,4
14,8,4
14,9,4
14,10,3
14,11,3
14,12,3
14,13,3
14,14,3
14,15,3
14,16,1
14,17,1
14,18,1
14,19,1
14,20,3
14,21,3
14,22,3
14,23,3
14,24,3
14,25,3
14,26,3
14,27,3
14,28,1
14,29,1
14,30,1
15,0,4
15,1,4
15,2,4
15,3,4
15,4,4
15,5,4
15,6,4
15,7,4
15,8,4
15,9,4
15,10,4
15,11,4
15,12,4
15,13,4
15,14,4
15,15,4
15,16,1
15,17,1
15,18,1
15,19,1
15,20,1
15,21,1
15,22,1
15,23,1
15,24,1
15,25,1
15,26,1
15,27,1
15,28,1
15,29,1
15,30,1
16,0,4
16,1,4
16,2,4
16,3,4
16,4,4
16,5,4
16,6,4
16,7,4
16,8,4
16,9,4
16,10,4
16,11,4
16,12,4
16,13,4
16,14,4
16,15,4
16,16,4
16,17,1
16,18,1
16,19,1
16,20,1
16,21,1
16,22,1
16,23,1
16,24,1
16,25,1
16,26,1
16,27,1
16,28,1
16,29,1
16,30,1
17,0,4
17,1,4
17,2,4
17,3,4
17,4,4
17,5,1
17,6,1
17,7,4
17,8,4
17,9,4
17,10,4
17,11,4
17,12,4
17,13,4
17,14,4
17,15,4
17,16,4
17,17,4
17,18,4
17,19,4
17,20,4
17,21,4
17,22,4
17,23,4
17,24,4
17,25,4
17,26,1
17,27,1
17,28,1
17,29,4
17,30,4
18,0,4
18,1,4
18,2,4
18,3,4
18,4,1
18,5,1
18,6,1
18,7,1
18,8,4
18,9,4
18,10,4
18,11,4
18,12,4
18,13,4
18,14,4
18,15,4
18,16,4
18,17,4
18,18,4
18,19,4
18,20,4
18,21,4
18,22,4
18,23,4
18,24,4
18,25,4
18,26,4
18,27,4
18,28,4
18,29,4
18,30,4
19,0,4
19,1,4
19,2,4
19,3,1
19,4,1
19,5,1
19,6,1
19,7,1
19,8,4
19,9,4
19,10,4
19,11,1
19,12,1
19,13,1
19,14,1
19,15,1
19,16,1
19,17,4
19,18,4
19,19,4
19,20,4
19,21,4
19,22,3
19,23,3
19,24,4
19,25,4
19,26,4
19,27,4
19,28,4
19,29,4
19,30,4
20,0,1
20,1,1
20,2,1
20,3,1
20,4,1
20,5,1
20,6,1
20,7,4
20,8,4
20,9,4
20,10,1
20,11,1
20,12,1
20,13,1
20,14,1
20,15,1
20,16,1
20,17,1
20,18,4
20,19,4
20,20,3
20,21,3
20,22,3
20,23,3
20,24,3
20,25,4
20,26,4
20,27,4
20,28,4
20,29,4
20,30,4
21,0,1
21,1,1
21,2,1
21,3,1
21,4,1
21,5,1
21,6,1
21,7,4
21,8,4
21,9,4
21,10,1
21,11,1
21,12,1
21,13,1
21,14,1
21,15,1
21,16,1
21,17,1
21,18,1
21,19,3
21,20,3
21,21,3
21,22,3
21,23,3
21,24,3
21,25,4
21,26,4
21,27,4
21,28,4
21,29,4
21,30,4
22,0,1
22,1,1
22,2,1
22,3,1
22,4,1
22,5,1
22,6,1
22,7,4
22,8,4
22,9,1
22,10,1
22,11,1
22,12,1
22,13,1
22,14,1
22,15,1
22,16,1
22,17,1
22,18,1
22,19,3
22,20,3
22,21,3
22,22,3
22,23,3
22,24,3
22,25,3
22,26,4
22,27,4
22,28,4
22,29,4
22,30,4
23,0,1
23,1,1
23,2,1
23,3,1
23,4,1
23,5,1
23,6,1
23,7,4
23,8,4
23,9,1
23,10,1
23,11,1
23,12,1
23,13,1
23,14,1
23,15,1
23,16,1
23,17,1
23,18,1
23,19,1
23,20,3
23,21,3
23,22,3
23,23,3
23,24,3
23,25,3
23,26,3
23,27,3
23,28,3
23,29,3
23,30,3
24,0,1
24,1,1
24,2,1
24,3,1
24,4,1
24,5,1
24,6,1
24,7,4
24,8,4
24,9,1
24,10,1
24,11,1
24,12,1
24,13,1
24,14,1
24,15,4
24,16,4
24,17,1
24,18,1
24,19,1
24,20,3
24,21,3
24,22,3
24,23,3
24,24,3
24,25,3
24,26,3
24,27,3
24,28,3
24,29,3
24,30,3
25,0,1
25,1,1
25,2,1
25,3,1
25,4,1
25,5,1
25,6,1
25,7,4
25,8,4
25,9,4
25,10,1
25,11,1
25,12,4
25,13,4
25,14,4
25,15,4
25,16,4
25,17,4
25,18,1
25,19,1
25,20,3
25,21,3
25,22,3
25,23,4
25,24,4
25,25,3
25,26,3
25,27,2
25,28,2
25,29,2
25,30,2
26,0,2
26,1,2
26,2,1
26,3,1
26,4,1
26,5,1
26,6,1
26,7,4
26,8,4
26,9,4
26,10,4
26,11,4
26,12,4
26,13,4
26,14,4
26,15,4
26,16,4
26,17,4
26,18,1
26,19,1
26,20,3
26,21,3
26,22,4
26,23,4
26,24,4
26,25,4
26,26,2
26,27,2
26,28,2
26,29,2
26,30,2
27,0,2
27,1,2
27,2,2
27,3,1
27,4,1
27,5,1
27,6,1
27,7,1
27,8,4
27,9,4
27,10,4
27,11,4
27,12,4
27,13,4
27,14,4
27,15,4
27,16,4
27,17,1
27,18,1
27,19,1
27,20,3
27,21,3
27,22,4
27,23,4
27,24,4
27,25,4
27,26,2
27,27,2
27,28,2
27,29,4
27,30,4
28,0,2
28,1,2
28,2,2
28,3,4
28,4,4
28,5,1
28,6,1
28,7,1
28,8,1
28,9,4
28,10,4
28,11,4
28,12,4
28,13,3
28,14,3
28,15,3
28,16,3
28,17,1
28,18,1
28,19,1
28,20,3
28,21,3
28,22,3
28,23,4
28,24,4
28,25,4
28,26,2
28,27,2
28,28,4
28,29,4
28,30,4
29,0,2
29,1,2
29,2,4
29,3,4
29,4,4
29,5,4
29,6,1
29,7,1
29,8,1
29,9,1
29,10,4
29,11,4
29,12,3
29,13,3
29,14,3
29,15,3
29,16,3
29,17,3
29,18,1
29,19,1
29,20,3
29,21,3
29,22,3
29,23,3
29,24,4
29,25,4
29,26,2
29,27,2
29,28,4
29,29,4
29,30,4
30,0,2
30,1,2
30,2,4
30,3,4
30,4,4
30,5,4
30,6,1
30,7,1
30,8,1
30,9,1
30,10,4
30,11,4
30,12,3
30,13,3
30,14,3
30,15,3
30,16,3
30,17,3
30,18,1
30,19,1
30,20,3
30,21,3
30,22,3
30,23,3
30,24,4
30,25,4
30,26,2
30,27,2
30,28,4
30,29,4
30,30,4