9
15
10
6
7,2
7,12
7,22
17,2
17,12
17,22
27,2
27,12
27,22
6,7,1
3,6,2
4,8,2
4,7,2
4,5,2
1,4,1
3,4,2
7,8,1
5,8,2
1,2,2
3,7,1
1,5,1
1,3,1
0,1,2
0,3,2
0,0,3
0,1,3
0,2,3
0,3,1
0,4,1
0,5,3
0,6,3
0,7,3
0,8,3
0,9,3
0,10,3
0,11,3
0,12,2
0,13,2
0,14,2
0,15,1
0,16,1
0,17,1
0,18,2
0,19,2
0,20,1
0,21,1
0,22,3
0,23,3
0,24,3
0,25,3
0,26,1
0,27,1
0,28,4
0,29,4
0,30,4
1,0,3
1,1,3
1,2,3
1,3,1
1,4,1
1,5,3
1,6,3
1,7,3
1,8,3
1,9,3
1,10,3
1,11,3
1,12,2
1,13,2
1,14,2
1,15,1
1,16,1
1,17,1
1,18,2
1,19,2
1,20,1
1,21,1
1,22,3
1,23,3
1,24,3
1,25,3
1,26,1
1,27,1
1,28,4
1,29,4
1,30,4
2,0,3
2,1,3
2,2,1
2,3,1
2,4,1
2,5,1
2,6,3
2,7,3
2,8,3
2,9,3
2,10,3
2,11,2
2,12,2
2,13,2
2,14,2
2,15,2
2,16,1
2,17,1
2,18,2
2,19,2
2,20,1
2,21,1
2,22,1
2,23,3
2,24,3
2,25,1
2,26,1
2,27,1
2,28,4
2,29,4
2,30,4
3,0,3
3,1,3
3,2,1
3,3,1
3,4,1
3,5,1
3,6,4
3,7,4
3,8,4
3,9,4
3,10,4
3,11,2
3,12,2
3,13,2
3,14,2
3,15,2
3,16,1
3,17,1
3,18,2
3,19,2
3,20,1
3,21,1
3,22,1
3,23,1
3,24,1
3,25,1
3,26,1
3,27,1
3,28,1
3,29,4
3,30,4
4,0,3
4,1,3
4,2,3
4,3,1
4,4,1
4,5,4
4,6,4
4,7,4
4,8,4
4,9,4
4,10,4
4,11,4
4,12,2
4,13,2
4,14,2
4,15,1
4,16,1
4,17,1
4,18,2
4,19,2
4,20,2
4,21,1
4,22,1
4,23,1
4,24,1
4,25,1
4,26,1
4,27,1
4,28,1
4,29,3
4,30,3
5,0,3
5,1,3
5,2,3
5,3,3
5,4,3
5,5,4
5,6,4
5,7,4
5,8,4
5,9,4
5,10,4
5,11,4
5,12,4
5,13,4
5,14,4
5,15,1
5,16,1
5,17,1
5,18,2
5,19,2
5,20,2
5,21,2
5,22,2
5,23,2
5,24,2
5,25,2
5,26,1
5,27,1
5,28,3
5,29,3
5,30,3
6,0,3
6,1,3
6,2,3
6,3,3
6,4,3
6,5,3
6,6,4
6,7,4
6,8,4
6,9,4
6,10,4
6,11,4
6,12,4
6,13,4
6,14,4
6,15,4
6,16,1
6,17,1
6,18,1
6,19,2
6,20,2
6,21,2
6,22,2
6,23,2
6,24,2
6,25,2
6,26,2
6,27,3
6,28,3
6,29,3
6,30,3
7,0,3
7,1,3
7,2,3
7,3,3
7,4,3
7,5,3
7,6,4
7,7,4
7,8,4
7,9,4
7,10,4
7,11,4
7,12,4
7,13,4
7,14,4
7,15,4
7,16,1
7,17,1
7,18,1
7,19,1
7,20,2
7,21,2
7,22,2
7,23,2
7,24,2
7,25,2
7,26,2
7,27,3
7,28,3
7,29,3
7,30,3
8,0,3
8,1,3
8,2,3
8,3,3
8,4,3
8,5,3
8,6,4
8,7,4
8,8,4
8,9,4
8,10,4
8,11,4
8,12,4
8,13,4
8,14,4
8,15,4
8,16,4
8,17,1
8,18,1
8,19,1
8,20,2
8,21,2
8,22,2
8,23,2
8,24,2
8,25,2
8,26,1
8,27,1
8,28,3
8,29,3
8,30,3
9,0,3
9,1,3
9,2,3
9,3,3
9,4,3
9,5,3
9,6,3
9,7,4
9,8,4
9,9,4
9,10,4
9,11,4
9,12,4
9,13,4
9,14,4
9,15,4
9,16,4
9,17,4
9,18,1
9,19,1
9,20,2
9,21,2
9,22,2
9,23,2
9,24,2
9,25,1
9,26,1
9,27,1
9,28,1
9,29,3
9,30,3
10,0,3
10,1,3
10,2,3
10,3,3
10,4,3
10,5,3
10,6,3
10,7,3
10,8,4
10,9,4
10,10,2
10,11,2
10,12,4
10,13,4
10,14,4
10,15,4
10,16,4
10,17,4
10,18,1
10,19,1
10,20,2
10,21,2
10,22,2
10,23,2
10,24,2
10,25,1
10,26,1
10,27,1
10,28,1
10,29,4
10,30,4
11,0,4
11,1,4
11,2,4
11,3,3
11,4,3
11,5,3
11,6,3
11,7,3
11,8,3
11,9,2
11,10,2
11,11,2
11,12,2
11,13,2
11,14,4
11,15,4
11,16,4
11,17,1
11,18,1
11,19,1
11,20,2
11,21,2
11,22,2
11,23,2
11,24,2
11,25,2
11,26,1
11,27,1
11,28,4
11,29,4
11,30,4
12,0,4
12,1,4
12,2,4
12,3,4
12,4,3
12,5,3
12,6,3
12,7,3
12,8,3
12,9,2
12,10,2
12,11,2
12,12,2
12,13,2
12,14,2
12,15,2
12,16,2
12,17,1
12,18,1
12,19,1
12,20,1
12,21,2
12,22,2
12,23,2
12,24,2
12,25,2
12,26,2
12,27,4
12,28,4
12,29,4
12,30,4
13,0,4
13,1,4
13,2,4
13,3,4
13,4,4
13,5,3
13,6,3
13,7,3
13,8,3
13,9,2
13,10,2
13,11,2
13,12,2
13,13,2
13,14,2
13,15,2
13,16,2
13,17,2
13,18,1
13,19,1
13,20,1
13,21,3
13,22,3
13,23,3
13,24,2
13,25,2
13,26,2
13,27,4
13,28,4
13,29,4
13,30,4
14,0,4
14,1,4
14,2,4
14,3,4
14,4,4
14,5,3
14,6,3
14,7,3
14,8,3
14,9,3
14,10,2
14,11,2
14,12,3
14,13,3
14,14,2
14,15,2
14,16,2
14,17,2
14,18,1
14,19,1
14,20,3
14,21,3
14,22,3
14,23,3
14,24,3
14,25,2
14,26,2
14,27,2
14,28,4
14,29,4
14,30,4
15,0,4
15,1,4
15,2,4
15,3,4
15,4,4
15,5,3
15,6,3
15,7,3
15,8,3
15,9,3
15,10,3
15,11,3
15,12,3
15,13,3
15,14,3
15,15,2
15,16,2
15,17,1
15,18,1
15,19,1
15,20,3
15,21,3
15,22,3
15,23,3
15,24,3
15,25,2
15,26,2
15,27,2
15,28,2
15,29,4
15,30,4
16,0,4
16,1,4
16,2,4
16,3,4
16,4,4
16,5,3
16,6,3
16,7,3
16,8,3
16,9,3
16,10,3
16,11,3
16,12,3
16,13,3
16,14,3
16,15,3
16,16,1
16,17,1
16,18,1
16,19,1
16,20,3
16,21,3
16,22,3
16,23,3
16,24,3
16,25,3
16,26,2
16,27,2
16,28,2
16,29,2
16,30,2
17,0,4
17,1,4
17,2,4
17,3,4
17,4,4
17,5,3
17,6,3
17,7,3
17,8,3
17,9,3
17,10,3
17,11,3
17,12,3
17,13,3
17,14,3
17,15,3
17,16,1
17,17,1
17,18,1
17,19,3
17,20,3
17,21,3
17,22,3
17,23,3
17,24,3
17,25,3
17,26,3
17,27,2
17,28,2
17,29,2
17,30,2
18,0,4
18,1,4
18,2,4
18,3,4
18,4,4
18,5,3
18,6,3
18,7,3
18,8,3
18,9,3
18,10,3
18,11,3
18,12,3
18,13,3
18,14,3
18,15,3
18,16,1
18,17,1
18,18,3
18,19,3
18,20,3
18,21,3
18,22,3
18,23,3
18,24,3
18,25,3
18,26,3
18,27,3
18,28,2
18,29,2
18,30,2
19,0,4
19,1,4
19,2,4
19,3,4
19,4,4
19,5,3
19,6,3
19,7,3
19,8,4
19,9,4
19,10,3
19,11,3
19,12,3
19,13,3
19,14,3
19,15,3
19,16,1
19,17,1
19,18,3
19,19,3
19,20,3
19,21,3
19,22,3
19,23,3
19,24,3
19,25,3
19,26,3
19,27,3
19,28,2
19,29,2
19,30,2
20,0,4
20,1,4
20,2,4
20,3,4
20,4,4
20,5,3
20,6,3
20,7,4
20,8,4
20,9,4
20,10,4
20,11,4
20,12,4
20,13,3
20,14,3
20,15,1
20,16,1
20,17,1
20,18,1
20,19,3
20,20,3
20,21,4
20,22,4
20,23,3
20,24,3
20,25,3
20,26,3
20,27,4
20,28,4
20,29,2
20,30,2
21,0,4
21,1,4
21,2,4
21,3,4
21,4,4
21,5,3
21,6,3
21,7,4
21,8,4
21,9,4
21,10,4
21,11,4
21,12,4
21,13,4
21,14,4
21,15,1
21,16,1
21,17,1
21,18,1
21,19,4
21,20,4
21,21,4
21,22,4
21,23,4
21,24,4
21,25,4
21,26,4
21,27,4
21,28,4
21,29,4
21,30,4
22,0,4
22,1,4
22,2,4
22,3,4
22,4,4
22,5,3
22,6,3
22,7,4
22,8,4
22,9,4
22,10,4
22,11,4
22,12,4
22,13,4
22,14,4
22,15,4
22,16,1
22,17,1
22,18,4
22,19,4
22,20,4
22,21,4
22,22,4
22,23,4
22,24,4
22,25,4
22,26,4
22,27,4
22,28,4
22,29,4
22,30,4
23,0,4
23,1,4
23,2,4
23,3,4
23,4,3
23,5,3
23,6,3
23,7,3
23,8,4
23,9,4
23,10,4
23,11,4
23,12,4
23,13,4
23,14,4
23,15,4
23,16,1
23,17,1
23,18,4
23,19,4
23,20,4
23,21,4
23,22,4
23,23,4
23,24,3
23,25,3
23,26,3
23,27,4
23,28,4
23,29,3
23,30,3
24,0,4
24,1,4
24,2,4
24,3,4
24,4,3
24,5,3
24,6,3
24,7,3
24,8,3
24,9,4
24,10,4
24,11,4
24,12,4
24,13,4
24,14,4
24,15,4
24,16,1
24,17,1
24,18,1
24,19,4
24,20,4
24,21,3
24,22,3
24,23,3
24,24,3
24,25,3
24,26,3
24,27,3
24,28,3
24,29,3
24,30,3
25,0,4
25,1,4
25,2,4
25,3,4
25,4,4
25,5,3
25,6,3
25,7,3
25,8,3
25,9,3
25,10,4
25,11,4
25,12,4
25,13,4
25,14,4
25,15,4
25,16,1
25,17,1
25,18,1
25,19,1
25,20,3
25,21,3
25,22,3
25,23,3
25,24,3
25,25,3
25,26,3
25,27,3
25,28,3
25,29,3
25,30,3
26,0,4
26,1,4
26,2,4
26,3,4
26,4,4
26,5,4
26,6,4
26,7,3
26,8,3
26,9,3
26,10,4
26,11,4
26,12,4
26,13,4
26,14,4
26,15,4
26,16,1
26,17,1
26,18,1
26,19,1
26,20,3
26,21,3
26,22,3
26,23,3
26,24,3
26,25,3
26,26,1
26,27,1
26,28,3
26,29,3
26,30,3
27,0,4
27,1,4
27,2,4
27,3,4
27,4,4
27,5,4
27,6,4
27,7,4
27,8,3
27,9,3
27,10,4
27,11,4
27,12,4
27,13,4
27,14,4
27,15,4
27,16,4
27,17,1
27,18,1
27,19,3
27,20,3
27,21,3
27,22,3
27,23,3
27,24,3
27,25,1
27,26,1
27,27,1
27,28,1
27,29,3
27,30,3
28,0,4
28,1,4
28,2,4
28,3,4
28,4,4
28,5,4
28,6,4
28,7,4
28,8,3
28,9,3
28,10,4
28,11,4
28,12,4
28,13,4
28,14,4
28,15,4
28,16,4
28,17,4
28,18,3
28,19,3
28,20,3
28,21,3
28,22,3
28,23,3
28,24,3
28,25,1
28,26,1
28,27,1
28,28,1
28,29,1
28,30,1
29,0,4
29,1,4
29,2,4
29,3,4
29,4,4
29,5,4
29,6,4
29,7,4
29,8,3
29,9,3
29,10,4
29,11,4
29,12,4
29,13,4
29,14,4
29,15,4
29,16,4
29,17,4
29,18,3
29,19,3
29,20,3
29,21,3
29,22,3
29,23,3
29,24,3
29,25,3
29,26,1
29,27,1
29,28,1
29,29,1
29,30,1
30,0,4
30,1,4
30,2,4
30,3,4
30,4,4
30,5,4
30,6,4
30,7,4
30,8,3
30,9,3
30,10,4
30,11,4
30,12,4
30,13,4
30,14,4
30,15,4
30,16,4
30,17,4
30,18,3
30,19,3
30,20,3
30,21,3
30,22,3
30,23,3
30,24,3
30,25,3
30,26,1
30,27,1
30,28,1
30,29,1
30,30,1