9
15
10
6
2,22
7,2
7,12
17,2
17,12
17,22
27,2
27,12
27,22
3,6,2
4,6,1
6,7,1
1,3,1
3,4,2
2,5,1
0,5,3
4,5,1
5,7,2
5,8,1
1,2,1
2,4,1
1,4,1
4,7,2
7,8,2
0,0,4
0,1,4
0,2,4
0,3,4
0,4,4
0,5,4
0,6,4
0,7,4
0,8,2
0,9,2
0,10,1
0,11,1
0,12,1
0,13,1
0,14,4
0,15,4
0,16,4
0,17,4
0,18,4
0,19,4
0,20,4
0,21,4
0,22,4
0,23,4
0,24,4
0,25,4
0,26,4
0,27,1
0,28,1
0,29,1
0,30,1
1,0,4
1,1,4
1,2,4
1,3,4
1,4,4
1,5,4
1,6,4
1,7,4
1,8,2
1,9,2
1,10,1
1,11,1
1,12,1
1,13,1
1,14,4
1,15,4
1,16,4
1,17,4
1,18,4
1,19,4
1,20,4
1,21,4
1,22,4
1,23,4
1,24,4
1,25,4
1,26,4
1,27,1
1,28,1
1,29,1
1,30,1
2,0,4
2,1,4
2,2,4
2,3,4
2,4,4
2,5,4
2,6,4
2,7,4
2,8,2
2,9,2
2,10,1
2,11,1
2,12,1
2,13,1
2,14,4
2,15,4
2,16,4
2,17,4
2,18,4
2,19,4
2,20,4
2,21,4
2,22,4
2,23,4
2,24,4
2,25,4
2,26,4
2,27,1
2,28,1
2,29,1
2,30,1
3,0,4
3,1,4
3,2,4
3,3,4
3,4,4
3,5,4
3,6,4
3,7,4
3,8,2
3,9,2
3,10,2
3,11,1
3,12,1
3,13,3
3,14,3
3,15,4
3,16,4
3,17,4
3,18,4
3,19,4
3,20,4
3,21,4
3,22,4
3,23,4
3,24,4
3,25,4
3,26,1
3,27,1
3,28,1
3,29,1
3,30,1
4,0,4
4,1,4
4,2,4
4,3,4
4,4,4
4,5,4
4,6,4
4,7,2
4,8,2
4,9,2
4,10,2
4,11,3
4,12,3
4,13,3
4,14,3
4,15,3
4,16,4
4,17,4
4,18,2
4,19,2
4,20,4
4,21,4
4,22,4
4,23,4
4,24,4
4,25,1
4,26,1
4,27,1
4,28,1
4,29,1
4,30,1
5,0,2
5,1,2
5,2,2
5,3,2
5,4,2
5,5,2
5,6,2
5,7,2
5,8,2
5,9,2
5,10,3
5,11,3
5,12,3
5,13,3
5,14,3
5,15,3
5,16,2
5,17,2
5,18,2
5,19,2
5,20,2
5,21,4
5,22,4
5,23,4
5,24,4
5,25,1
5,26,1
5,27,1
5,28,1
5,29,1
5,30,1
6,0,2
6,1,2
6,2,2
6,3,2
6,4,2
6,5,2
6,6,2
6,7,2
6,8,2
6,9,3
6,10,3
6,11,3
6,12,3
6,13,3
6,14,3
6,15,2
6,16,2
6,17,2
6,18,2
6,19,2
6,20,2
6,21,2
6,22,4
6,23,4
6,24,4
6,25,4
6,26,1
6,27,1
6,28,1
6,29,1
6,30,1
7,0,2
7,1,2
7,2,2
7,3,2
7,4,2
7,5,2
7,6,2
7,7,2
7,8,3
7,9,3
7,10,3
7,11,3
7,12,3
7,13,3
7,14,3
7,15,2
7,16,2
7,17,2
7,18,2
7,19,2
7,20,2
7,21,2
7,22,4
7,23,4
7,24,4
7,25,4
7,26,2
7,27,2
7,28,2
7,29,2
7,30,2
8,0,2
8,1,2
8,2,2
8,3,2
8,4,2
8,5,2
8,6,2
8,7,3
8,8,3
8,9,3
8,10,3
8,11,3
8,12,3
8,13,3
8,14,3
8,15,3
8,16,2
8,17,2
8,18,2
8,19,2
8,20,2
8,21,3
8,22,3
8,23,4
8,24,4
8,25,2
8,26,2
8,27,2
8,28,2
8,29,2
8,30,2
9,0,2
9,1,2
9,2,2
9,3,2
9,4,2
9,5,2
9,6,2
9,7,3
9,8,3
9,9,3
9,10,3
9,11,3
9,12,3
9,13,3
9,14,3
9,15,3
9,16,3
9,17,3
9,18,3
9,19,3
9,20,3
9,21,3
9,22,3
9,23,3
9,24,3
9,25,2
9,26,2
9,27,2
9,28,2
9,29,4
9,30,4
10,0,3
10,1,3
10,2,3
10,3,2
10,4,2
10,5,2
10,6,2
10,7,3
10,8,3
10,9,3
10,10,3
10,11,3
10,12,2
10,13,2
10,14,3
10,15,3
10,16,3
10,17,3
10,18,3
10,19,3
10,20,3
10,21,3
10,22,3
10,23,3
10,24,3
10,25,3
10,26,2
10,27,2
10,28,4
10,29,4
10,30,4
11,0,3
11,1,3
11,2,3
11,3,3
11,4,2
11,5,2
11,6,2
11,7,2
11,8,3
11,9,3
11,10,3
11,11,2
11,12,2
11,13,2
11,14,2
11,15,2
11,16,3
11,17,3
11,18,1
11,19,1
11,20,3
11,21,3
11,22,3
11,23,3
11,24,3
11,25,3
11,26,2
11,27,2
11,28,4
11,29,4
11,30,4
12,0,3
12,1,3
12,2,3
12,3,3
12,4,2
12,5,2
12,6,2
12,7,2
12,8,4
12,9,4
12,10,4
12,11,2
12,12,2
12,13,2
12,14,2
12,15,2
12,16,2
12,17,1
12,18,1
12,19,1
12,20,1
12,21,3
12,22,3
12,23,3
12,24,3
12,25,2
12,26,2
12,27,2
12,28,2
12,29,4
12,30,4
13,0,3
13,1,3
13,2,3
13,3,4
13,4,4
13,5,2
13,6,2
13,7,4
13,8,4
13,9,4
13,10,4
13,11,4
13,12,2
13,13,2
13,14,2
13,15,2
13,16,2
13,17,1
13,18,1
13,19,1
13,20,1
13,21,3
13,22,3
13,23,3
13,24,3
13,25,2
13,26,2
13,27,2
13,28,2
13,29,1
13,30,1
14,0,4
14,1,4
14,2,4
14,3,4
14,4,4
14,5,4
14,6,4
14,7,4
14,8,4
14,9,4
14,10,4
14,11,4
14,12,4
14,13,4
14,14,2
14,15,2
14,16,2
14,17,2
14,18,1
14,19,1
14,20,4
14,21,4
14,22,3
14,23,3
14,24,4
14,25,4
14,26,2
14,27,2
14,28,1
14,29,1
14,30,1
15,0,4
15,1,4
15,2,4
15,3,4
15,4,4
15,5,4
15,6,4
15,7,4
15,8,4
15,9,4
15,10,4
15,11,4
15,12,4
15,13,4
15,14,4
15,15,2
15,16,2
15,17,2
15,18,2
15,19,4
15,20,4
15,21,4
15,22,4
15,23,4
15,24,4
15,25,4
15,26,4
15,27,4
15,28,1
15,29,1
15,30,1
16,0,4
16,1,4
16,2,4
16,3,4
16,4,4
16,5,4
16,6,4
16,7,4
16,8,4
16,9,4
16,10,4
16,11,4
16,12,4
16,13,4
16,14,4
16,15,2
16,16,2
16,17,2
16,18,2
16,19,4
16,20,4
16,21,4
16,22,4
16,23,4
16,24,4
16,25,4
16,26,4
16,27,4
16,28,4
16,29,1
16,30,1
17,0,4
17,1,4
17,2,4
17,3,4
17,4,4
17,5,4
17,6,4
17,7,4
17,8,4
17,9,4
17,10,4
17,11,4
17,12,4
17,13,4
17,14,4
17,15,2
17,16,2
17,17,2
17,18,2
17,19,4
17,20,4
17,21,4
17,22,4
17,23,4
17,24,4
17,25,4
17,26,4
17,27,4
17,28,4
17,29,2
17,30,2
18,0,4
18,1,4
18,2,4
18,3,4
18,4,4
18,5,4
18,6,4
18,7,4
18,8,4
18,9,4
18,10,4
18,11,4
18,12,4
18,13,4
18,14,4
18,15,2
18,16,2
18,17,2
18,18,2
18,19,4
18,20,4
18,21,4
18,22,4
18,23,4
18,24,4
18,25,4
18,26,4
18,27,4
18,28,2
18,29,2
18,30,2
19,0,4
19,1,4
19,2,4
19,3,4
19,4,4
19,5,4
19,6,4
19,7,4
19,8,4
19,9,4
19,10,4
19,11,4
19,12,4
19,13,4
19,14,4
19,15,4
19,16,2
19,17,2
19,18,4
19,19,4
19,20,4
19,21,4
19,22,4
19,23,4
19,24,4
19,25,4
19,26,4
19,27,4
19,28,2
19,29,2
19,30,2
20,0,4
20,1,4
20,2,4
20,3,4
20,4,1
20,5,1
20,6,4
20,7,4
20,8,4
20,9,4
20,10,3
20,11,3
20,12,4
20,13,4
20,14,4
20,15,4
20,16,1
20,17,1
20,18,4
20,19,4
20,20,4
20,21,4
20,22,4
20,23,4
20,24,4
20,25,4
20,26,4
20,27,2
20,28,2
20,29,2
20,30,2
21,0,4
21,1,4
21,2,4
21,3,1
21,4,1
21,5,1
21,6,1
21,7,4
21,8,4
21,9,3
21,10,3
21,11,3
21,12,3
21,13,4
21,14,4
21,15,1
21,16,1
21,17,1
21,18,1
21,19,4
21,20,4
21,21,4
21,22,4
21,23,4
21,24,4
21,25,3
21,26,3
21,27,2
21,28,2
21,29,2
21,30,2
22,0,1
22,1,1
22,2,1
22,3,1
22,4,1
22,5,1
22,6,1
22,7,1
22,8,1
22,9,3
22,10,3
22,11,3
22,12,3
22,13,3
22,14,3
22,15,1
22,16,1
22,17,1
22,18,1
22,19,4
22,20,4
22,21,4
22,22,4
22,23,4
22,24,3
22,25,3
22,26,3
22,27,3
22,28,2
22,29,2
22,30,2
23,0,1
23,1,1
23,2,1
23,3,1
23,4,1
23,5,1
23,6,1
23,7,1
23,8,1
23,9,1
23,10,3
23,11,3
23,12,3
23,13,3
23,14,3
23,15,3
23,16,1
23,17,1
23,18,4
23,19,4
23,20,4
23,21,4
23,22,4
23,23,4
23,24,3
23,25,3
23,26,3
23,27,3
23,28,1
23,29,1
23,30,1
24,0,3
24,1,3
24,2,1
24,3,1
24,4,3
24,5,3
24,6,3
24,7,1
24,8,1
24,9,1
24,10,3
24,11,3
24,12,3
24,13,3
24,14,3
24,15,3
24,16,4
24,17,4
24,18,4
24,19,4
24,20,4
24,21,4
24,22,4
24,23,4
24,24,4
24,25,3
24,26,3
24,27,1
24,28,1
24,29,1
24,30,1
25,0,3
25,1,3
25,2,3
25,3,3
25,4,3
25,5,3
25,6,3
25,7,3
25,8,1
25,9,1
25,10,3
25,11,3
25,12,3
25,13,3
25,14,3
25,15,4
25,16,4
25,17,4
25,18,4
25,19,4
25,20,4
25,21,4
25,22,4
25,23,4
25,24,4
25,25,4
25,26,1
25,27,1
25,28,1
25,29,1
25,30,1
26,0,3
26,1,3
26,2,3
26,3,3
26,4,3
26,5,3
26,6,3
26,7,3
26,8,1
26,9,1
26,10,3
26,11,3
26,12,3
26,13,3
26,14,3
26,15,4
26,16,4
26,17,4
26,18,4
26,19,4
26,20,4
26,21,4
26,22,4
26,23,4
26,24,4
26,25,4
26,26,1
26,27,1
26,28,1
26,29,3
26,30,3
27,0,3
27,1,3
27,2,3
27,3,3
27,4,3
27,5,3
27,6,3
27,7,3
27,8,1
27,9,1
27,10,3
27,11,3
27,12,3
27,13,3
27,14,3
27,15,4
27,16,4
27,17,4
27,18,4
27,19,4
27,20,4
27,21,4
27,22,4
27,23,4
27,24,4
27,25,1
27,26,1
27,27,1
27,28,3
27,29,3
27,30,3
28,0,3
28,1,3
28,2,3
28,3,3
28,4,3
28,5,3
28,6,3
28,7,3
28,8,1
28,9,1
28,10,3
28,11,3
28,12,3
28,13,3
28,14,3
28,15,3
28,16,4
28,17,4
28,18,4
28,19,4
28,20,4
28,21,4
28,22,4
28,23,4
28,24,4
28,25,1
28,26,1
28,27,1
28,28,3
28,29,3
28,30,3
29,0,3
29,1,3
29,2,3
29,3,3
29,4,3
29,5,3
29,6,3
29,7,3
29,8,1
29,9,1
29,10,3
29,11,3
29,12,3
29,13,3
29,14,3
29,15,3
29,16,3
29,17,4
29,18,4
29,19,4
29,20,4
29,21,4
29,22,4
29,23,4
29,24,4
29,25,1
29,26,1
29,27,3
29,28,3
29,29,3
29,30,3
30,0,3
30,1,3
30,2,3
30,3,3
30,4,3
30,5,3
30,6,3
30,7,3
30,8,1
30,9,1
30,10,3
30,11,3
30,12,3
30,13,3
30,14,3
30,15,3
30,16,3
30,17,4
30,18,4
30,19,4
30,20,4
30,21,4
30,22,4
30,23,4
30,24,4
30,25,1
30,26,1
30,27,3
30,28,3
30,29,3
30,30,3