9
15
10
8
7,7
7,17
7,27
17,7
17,17
17,27
27,7
27,17
27,27
5,8,2
7,8,1
3,6,2
0,3,2
3,4,2
1,3,2
4,5,1
2,5,1
5,7,1
4,6,2
0,1,1
2,4,2
1,4,1
4,7,1
1,2,2
0,0,3
0,1,3
0,2,4
0,3,4
0,4,4
0,5,3
0,6,3
0,7,3
0,8,3
0,9,3
0,10,2
0,11,2
0,12,2
0,13,2
0,14,4
0,15,4
0,16,3
0,17,3
0,18,3
0,19,3
0,20,1
0,21,1
0,22,1
0,23,1
0,24,4
0,25,4
0,26,4
0,27,4
0,28,3
0,29,3
0,30,3
1,0,3
1,1,3
1,2,4
1,3,4
1,4,4
1,5,3
1,6,3
1,7,3
1,8,3
1,9,3
1,10,2
1,11,2
1,12,2
1,13,2
1,14,4
1,15,4
1,16,3
1,17,3
1,18,3
1,19,3
1,20,1
1,21,1
1,22,1
1,23,1
1,24,4
1,25,4
1,26,4
1,27,4
1,28,3
1,29,3
1,30,3
2,0,3
2,1,3
2,2,3
2,3,4
2,4,4
2,5,3
2,6,3
2,7,3
2,8,3
2,9,3
2,10,3
2,11,2
2,12,2
2,13,4
2,14,4
2,15,4
2,16,4
2,17,3
2,18,3
2,19,4
2,20,4
2,21,1
2,22,1
2,23,4
2,24,4
2,25,4
2,26,4
2,27,4
2,28,4
2,29,3
2,30,3
3,0,3
3,1,3
3,2,3
3,3,4
3,4,4
3,5,4
3,6,3
3,7,3
3,8,3
3,9,3
3,10,3
3,11,3
3,12,4
3,13,4
3,14,4
3,15,4
3,16,4
3,17,4
3,18,4
3,19,4
3,20,4
3,21,4
3,22,4
3,23,4
3,24,4
3,25,4
3,26,4
3,27,4
3,28,4
3,29,4
3,30,4
4,0,3
4,1,3
4,2,4
4,3,4
4,4,4
4,5,4
4,6,1
4,7,1
4,8,1
4,9,3
4,10,3
4,11,3
4,12,4
4,13,4
4,14,4
4,15,4
4,16,4
4,17,4
4,18,4
4,19,4
4,20,4
4,21,4
4,22,4
4,23,4
4,24,4
4,25,4
4,26,4
4,27,4
4,28,4
4,29,4
4,30,4
5,0,4
5,1,4
5,2,4
5,3,4
5,4,4
5,5,1
5,6,1
5,7,1
5,8,1
5,9,1
5,10,3
5,11,3
5,12,3
5,13,4
5,14,4
5,15,1
5,16,1
5,17,1
5,18,1
5,19,1
5,20,1
5,21,4
5,22,4
5,23,4
5,24,4
5,25,4
5,26,4
5,27,4
5,28,4
5,29,4
5,30,4
6,0,4
6,1,4
6,2,4
6,3,4
6,4,1
6,5,1
6,6,1
6,7,1
6,8,1
6,9,1
6,10,3
6,11,3
6,12,3
6,13,3
6,14,1
6,15,1
6,16,1
6,17,1
6,18,1
6,19,1
6,20,1
6,21,1
6,22,4
6,23,4
6,24,4
6,25,4
6,26,4
6,27,4
6,28,4
6,29,4
6,30,4
7,0,1
7,1,1
7,2,1
7,3,1
7,4,1
7,5,1
7,6,1
7,7,1
7,8,1
7,9,1
7,10,3
7,11,3
7,12,3
7,13,3
7,14,1
7,15,1
7,16,1
7,17,1
7,18,1
7,19,1
7,20,1
7,21,1
7,22,3
7,23,3
7,24,4
7,25,4
7,26,4
7,27,4
7,28,4
7,29,4
7,30,4
8,0,1
8,1,1
8,2,1
8,3,1
8,4,1
8,5,1
8,6,1
8,7,1
8,8,1
8,9,1
8,10,3
8,11,3
8,12,3
8,13,3
8,14,1
8,15,1
8,16,1
8,17,1
8,18,1
8,19,1
8,20,1
8,21,3
8,22,3
8,23,3
8,24,3
8,25,4
8,26,4
8,27,4
8,28,4
8,29,4
8,30,4
9,0,3
9,1,3
9,2,3
9,3,1
9,4,1
9,5,1
9,6,1
9,7,1
9,8,1
9,9,1
9,10,3
9,11,3
9,12,3
9,13,3
9,14,1
9,15,1
9,16,1
9,17,1
9,18,1
9,19,1
9,20,1
9,21,3
9,22,3
9,23,3
9,24,3
9,25,4
9,26,4
9,27,4
9,28,4
9,29,4
9,30,4
10,0,3
10,1,3
10,2,3
10,3,3
10,4,1
10,5,1
10,6,1
10,7,1
10,8,1
10,9,1
10,10,1
10,11,3
10,12,3
10,13,1
10,14,1
10,15,1
10,16,1
10,17,1
10,18,1
10,19,1
10,20,1
10,21,1
10,22,3
10,23,3
10,24,4
10,25,4
10,26,4
10,27,4
10,28,4
10,29,4
10,30,4
11,0,3
11,1,3
11,2,3
11,3,3
11,4,4
11,5,4
11,6,1
11,7,1
11,8,1
11,9,1
11,10,1
11,11,1
11,12,1
11,13,1
11,14,1
11,15,1
11,16,4
11,17,4
11,18,4
11,19,1
11,20,1
11,21,1
11,22,1
11,23,1
11,24,4
11,25,4
11,26,4
11,27,4
11,28,4
11,29,2
11,30,2
12,0,3
12,1,3
12,2,3
12,3,4
12,4,4
12,5,4
12,6,4
12,7,1
12,8,1
12,9,1
12,10,1
12,11,1
12,12,1
12,13,1
12,14,1
12,15,4
12,16,4
12,17,4
12,18,4
12,19,4
12,20,1
12,21,1
12,22,1
12,23,1
12,24,1
12,25,4
12,26,4
12,27,4
12,28,2
12,29,2
12,30,2
13,0,3
13,1,3
13,2,3
13,3,4
13,4,4
13,5,4
13,6,4
13,7,4
13,8,4
13,9,4
13,10,1
13,11,1
13,12,3
13,13,3
13,14,3
13,15,4
13,16,4
13,17,4
13,18,4
13,19,4
13,20,1
13,21,1
13,22,1
13,23,1
13,24,1
13,25,4
13,26,4
13,27,4
13,28,2
13,29,2
13,30,2
14,0,3
14,1,3
14,2,3
14,3,3
14,4,4
14,5,4
14,6,4
14,7,4
14,8,4
14,9,4
14,10,4
14,11,3
14,12,3
14,13,3
14,14,3
14,15,3
14,16,4
14,17,4
14,18,4
14,19,3
14,20,3
14,21,1
14,22,1
14,23,1
14,24,4
14,25,4
14,26,4
14,27,4
14,28,4
14,29,2
14,30,2
15,0,3
15,1,3
15,2,3
15,3,3
15,4,4
15,5,4
15,6,4
15,7,4
15,8,4
15,9,4
15,10,4
15,11,3
15,12,3
15,13,3
15,14,3
15,15,3
15,16,3
15,17,3
15,18,3
15,19,3
15,20,3
15,21,3
15,22,1
15,23,1
15,24,4
15,25,4
15,26,4
15,27,4
15,28,4
15,29,4
15,30,4
16,0,3
16,1,3
16,2,3
16,3,3
16,4,4
16,5,4
16,6,4
16,7,4
16,8,4
16,9,4
16,10,4
16,11,4
16,12,3
16,13,3
16,14,3
16,15,3
16,16,3
16,17,3
16,18,3
16,19,3
16,20,3
16,21,3
16,22,1
16,23,1
16,24,4
16,25,4
16,26,4
16,27,4
16,28,4
16,29,4
16,30,4
17,0,3
17,1,3
17,2,3
17,3,4
17,4,4
17,5,4
17,6,4
17,7,4
17,8,4
17,9,4
17,10,4
17,11,4
17,12,2
17,13,2
17,14,3
17,15,3
17,16,3
17,17,3
17,18,3
17,19,3
17,20,3
17,21,1
17,22,1
17,23,1
17,24,1
17,25,4
17,26,4
17,27,4
17,28,4
17,29,4
17,30,4
18,0,4
18,1,4
18,2,4
18,3,4
18,4,4
18,5,4
18,6,4
18,7,4
18,8,4
18,9,4
18,10,4
18,11,2
18,12,2
18,13,2
18,14,2
18,15,3
18,16,3
18,17,3
18,18,3
18,19,3
18,20,3
18,21,1
18,22,1
18,23,1
18,24,1
18,25,4
18,26,4
18,27,4
18,28,4
18,29,4
18,30,4
19,0,4
19,1,4
19,2,4
19,3,4
19,4,4
19,5,4
19,6,4
19,7,4
19,8,4
19,9,4
19,10,4
19,11,2
19,12,2
19,13,2
19,14,2
19,15,3
19,16,3
19,17,3
19,18,3
19,19,3
19,20,1
19,21,1
19,22,1
19,23,1
19,24,4
19,25,4
19,26,4
19,27,4
19,28,4
19,29,4
19,30,4
20,0,1
20,1,1
20,2,1
20,3,1
20,4,1
20,5,1
20,6,1
20,7,4
20,8,4
20,9,4
20,10,1
20,11,1
20,12,2
20,13,2
20,14,1
20,15,1
20,16,3
20,17,3
20,18,4
20,19,4
20,20,1
20,21,1
20,22,1
20,23,1
20,24,4
20,25,4
20,26,4
20,27,4
20,28,4
20,29,4
20,30,4
21,0,1
21,1,1
21,2,1
21,3,1
21,4,1
21,5,1
21,6,1
21,7,1
21,8,1
21,9,1
21,10,1
21,11,1
21,12,1
21,13,1
21,14,1
21,15,1
21,16,1
21,17,4
21,18,4
21,19,4
21,20,4
21,21,1
21,22,1
21,23,4
21,24,4
21,25,4
21,26,4
21,27,3
21,28,3
21,29,4
21,30,4
22,0,4
22,1,4
22,2,4
22,3,4
22,4,4
22,5,1
22,6,1
22,7,1
22,8,1
22,9,1
22,10,1
22,11,1
22,12,1
22,13,1
22,14,1
22,15,1
22,16,1
22,17,4
22,18,4
22,19,4
22,20,4
22,21,2
22,22,2
22,23,4
22,24,4
22,25,4
22,26,3
22,27,3
22,28,3
22,29,3
22,30,3
23,0,4
23,1,4
23,2,4
23,3,4
23,4,4
23,5,4
23,6,1
23,7,1
23,8,1
23,9,1
23,10,1
23,11,1
23,12,1
23,13,1
23,14,1
23,15,1
23,16,1
23,17,4
23,18,4
23,19,4
23,20,2
23,21,2
23,22,2
23,23,2
23,24,4
23,25,4
23,26,3
23,27,3
23,28,3
23,29,3
23,30,3
24,0,4
24,1,4
24,2,4
24,3,4
24,4,4
24,5,4
24,6,2
24,7,2
24,8,1
24,9,1
24,10,1
24,11,1
24,12,1
24,13,1
24,14,1
24,15,1
24,16,4
24,17,4
24,18,4
24,19,4
24,20,2
24,21,2
24,22,2
24,23,2
24,24,4
24,25,4
24,26,4
24,27,3
24,28,3
24,29,4
24,30,4
25,0,4
25,1,4
25,2,4
25,3,4
25,4,4
25,5,2
25,6,2
25,7,2
25,8,2
25,9,2
25,10,2
25,11,1
25,12,1
25,13,1
25,14,1
25,15,4
25,16,4
25,17,4
25,18,4
25,19,4
25,20,4
25,21,2
25,22,2
25,23,4
25,24,4
25,25,4
25,26,4
25,27,4
25,28,4
25,29,4
25,30,4
26,0,2
26,1,2
26,2,4
26,3,4
26,4,4
26,5,2
26,6,2
26,7,2
26,8,2
26,9,2
26,10,2
26,11,2
26,12,1
26,13,1
26,14,4
26,15,4
26,16,4
26,17,4
26,18,4
26,19,4
26,20,4
26,21,1
26,22,1
26,23,4
26,24,4
26,25,4
26,26,4
26,27,4
26,28,4
26,29,4
26,30,4
27,0,2
27,1,2
27,2,2
27,3,4
27,4,4
27,5,2
27,6,2
27,7,2
27,8,2
27,9,2
27,10,2
27,11,2
27,12,3
27,13,3
27,14,4
27,15,4
27,16,4
27,17,4
27,18,4
27,19,4
27,20,1
27,21,1
27,22,1
27,23,1
27,24,4
27,25,4
27,26,4
27,27,4
27,28,4
27,29,4
27,30,4
28,0,2
28,1,2
28,2,2
28,3,4
28,4,4
28,5,2
28,6,2
28,7,2
28,8,2
28,9,2
28,10,2
28,11,3
28,12,3
28,13,3
28,14,3
28,15,4
28,16,4
28,17,4
28,18,4
28,19,4
28,20,1
28,21,1
28,22,1
28,23,1
28,24,4
28,25,4
28,26,4
28,27,4
28,28,4
28,29,4
28,30,4
29,0,2
29,1,2
29,2,2
29,3,4
29,4,4
29,5,2
29,6,2
29,7,2
29,8,2
29,9,2
29,10,3
29,11,3
29,12,3
29,13,3
29,14,3
29,15,4
29,16,4
29,17,4
29,18,4
29,19,4
29,20,4
29,21,1
29,22,1
29,23,4
29,24,4
29,25,4
29,26,4
29,27,4
29,28,4
29,29,4
29,30,4
30,0,2
30,1,2
30,2,2
30,3,4
30,4,4
30,5,2
30,6,2
30,7,2
30,8,2
30,9,2
30,10,3
30,11,3
30,12,3
30,13,3
30,14,3
30,15,4
30,16,4
30,17,4
30,18,4
30,19,4
30,20,4
30,21,1
30,22,1
30,23,4
30,24,4
30,25,4
30,26,4
30,27,4
30,28,4
30,29,4
30,30,4