8
13
8
7
2,2
2,12
2,22
12,2
12,12
12,22
22,2
22,22
6,7,4
4,7,1
4,6,2
3,6,2
2,5,1
1,2,2
0,4,1
4,5,1
1,4,1
3,4,1
0,1,2
0,3,1
1,5,2
0,0,4
0,1,4
0,2,4
0,3,4
0,4,4
0,5,4
0,6,4
0,7,4
0,8,4
0,9,4
0,10,4
0,11,4
0,12,4
0,13,4
0,14,4
0,15,4
0,16,3
0,17,3
0,18,3
0,19,3
0,20,4
0,21,4
0,22,4
0,23,4
0,24,4
0,25,4
0,26,3
0,27,3
0,28,3
0,29,1
0,30,1
1,0,4
1,1,4
1,2,4
1,3,4
1,4,4
1,5,4
1,6,4
1,7,4
1,8,4
1,9,4
1,10,4
1,11,4
1,12,4
1,13,4
1,14,4
1,15,4
1,16,3
1,17,3
1,18,3
1,19,3
1,20,4
1,21,4
1,22,4
1,23,4
1,24,4
1,25,4
1,26,3
1,27,3
1,28,3
1,29,1
1,30,1
2,0,4
2,1,4
2,2,4
2,3,4
2,4,4
2,5,4
2,6,4
2,7,4
2,8,4
2,9,4
2,10,4
2,11,4
2,12,4
2,13,4
2,14,4
2,15,4
2,16,4
2,17,3
2,18,3
2,19,4
2,20,4
2,21,4
2,22,4
2,23,4
2,24,4
2,25,4
2,26,3
2,27,3
2,28,1
2,29,1
2,30,1
3,0,4
3,1,4
3,2,4
3,3,4
3,4,4
3,5,4
3,6,4
3,7,4
3,8,4
3,9,4
3,10,4
3,11,4
3,12,4
3,13,4
3,14,4
3,15,4
3,16,4
3,17,4
3,18,4
3,19,4
3,20,4
3,21,4
3,22,4
3,23,4
3,24,4
3,25,4
3,26,3
3,27,3
3,28,1
3,29,1
3,30,1
4,0,4
4,1,4
4,2,4
4,3,4
4,4,4
4,5,4
4,6,4
4,7,4
4,8,4
4,9,4
4,10,4
4,11,4
4,12,4
4,13,4
4,14,4
4,15,4
4,16,4
4,17,4
4,18,4
4,19,4
4,20,4
4,21,4
4,22,4
4,23,4
4,24,4
4,25,4
4,26,3
4,27,3
4,28,3
4,29,1
4,30,1
5,0,4
5,1,4
5,2,4
5,3,4
5,4,4
5,5,4
5,6,3
5,7,3
5,8,3
5,9,3
5,10,3
5,11,4
5,12,4
5,13,2
5,14,2
5,15,4
5,16,4
5,17,4
5,18,4
5,19,4
5,20,4
5,21,4
5,22,4
5,23,4
5,24,4
5,25,4
5,26,3
5,27,3
5,28,3
5,29,3
5,30,3
6,0,4
6,1,4
6,2,4
6,3,4
6,4,4
6,5,3
6,6,3
6,7,3
6,8,3
6,9,3
6,10,3
6,11,3
6,12,2
6,13,2
6,14,2
6,15,2
6,16,4
6,17,4
6,18,4
6,19,4
6,20,4
6,21,4
6,22,4
6,23,4
6,24,4
6,25,4
6,26,4
6,27,3
6,28,3
6,29,3
6,30,3
7,0,4
7,1,4
7,2,4
7,3,4
7,4,4
7,5,3
7,6,3
7,7,3
7,8,3
7,9,3
7,10,3
7,11,3
7,12,2
7,13,2
7,14,2
7,15,2
7,16,2
7,17,4
7,18,4
7,19,4
7,20,4
7,21,1
7,22,1
7,23,4
7,24,4
7,25,4
7,26,4
7,27,1
7,28,1
7,29,3
7,30,3
8,0,4
8,1,4
8,2,4
8,3,4
8,4,1
8,5,1
8,6,3
8,7,3
8,8,3
8,9,3
8,10,3
8,11,3
8,12,2
8,13,2
8,14,2
8,15,2
8,16,2
8,17,2
8,18,4
8,19,4
8,20,1
8,21,1
8,22,1
8,23,1
8,24,4
8,25,4
8,26,1
8,27,1
8,28,1
8,29,1
8,30,1
9,0,4
9,1,4
9,2,4
9,3,1
9,4,1
9,5,1
9,6,1
9,7,1
9,8,1
9,9,3
9,10,3
9,11,4
9,12,4
9,13,2
9,14,2
9,15,2
9,16,2
9,17,2
9,18,4
9,19,4
9,20,1
9,21,1
9,22,1
9,23,1
9,24,1
9,25,1
9,26,1
9,27,1
9,28,1
9,29,1
9,30,1
10,0,1
10,1,1
10,2,1
10,3,1
10,4,1
10,5,1
10,6,1
10,7,1
10,8,1
10,9,1
10,10,4
10,11,4
10,12,4
10,13,4
10,14,4
10,15,2
10,16,2
10,17,4
10,18,4
10,19,4
10,20,1
10,21,1
10,22,1
10,23,1
10,24,1
10,25,1
10,26,1
10,27,1
10,28,1
10,29,2
10,30,2
11,0,1
11,1,1
11,2,1
11,3,1
11,4,1
11,5,1
11,6,1
11,7,1
11,8,1
11,9,1
11,10,4
11,11,4
11,12,4
11,13,4
11,14,4
11,15,4
11,16,4
11,17,4
11,18,4
11,19,4
11,20,1
11,21,1
11,22,1
11,23,1
11,24,1
11,25,1
11,26,2
11,27,2
11,28,2
11,29,2
11,30,2
12,0,1
12,1,1
12,2,1
12,3,1
12,4,1
12,5,1
12,6,1
12,7,1
12,8,1
12,9,4
12,10,4
12,11,4
12,12,4
12,13,4
12,14,4
12,15,4
12,16,4
12,17,4
12,18,4
12,19,1
12,20,1
12,21,1
12,22,1
12,23,1
12,24,1
12,25,2
12,26,2
12,27,2
12,28,2
12,29,2
12,30,2
13,0,1
13,1,1
13,2,1
13,3,1
13,4,1
13,5,1
13,6,1
13,7,1
13,8,1
13,9,4
13,10,4
13,11,4
13,12,4
13,13,4
13,14,4
13,15,4
13,16,4
13,17,4
13,18,1
13,19,1
13,20,1
13,21,1
13,22,1
13,23,1
13,24,1
13,25,2
13,26,2
13,27,2
13,28,1
13,29,1
13,30,1
14,0,1
14,1,1
14,2,1
14,3,1
14,4,1
14,5,1
14,6,1
14,7,1
14,8,1
14,9,1
14,10,4
14,11,4
14,12,4
14,13,4
14,14,4
14,15,1
14,16,1
14,17,1
14,18,1
14,19,1
14,20,1
14,21,1
14,22,1
14,23,1
14,24,1
14,25,2
14,26,2
14,27,1
14,28,1
14,29,1
14,30,1
15,0,1
15,1,1
15,2,1
15,3,1
15,4,4
15,5,4
15,6,1
15,7,1
15,8,1
15,9,1
15,10,2
15,11,2
15,12,4
15,13,4
15,14,1
15,15,1
15,16,1
15,17,1
15,18,1
15,19,1
15,20,1
15,21,1
15,22,1
15,23,1
15,24,1
15,25,2
15,26,2
15,27,1
15,28,1
15,29,1
15,30,1
16,0,1
16,1,1
16,2,1
16,3,4
16,4,4
16,5,4
16,6,4
16,7,1
16,8,1
16,9,2
16,10,2
16,11,2
16,12,2
16,13,1
16,14,1
16,15,1
16,16,1
16,17,4
16,18,4
16,19,1
16,20,1
16,21,1
16,22,1
16,23,1
16,24,2
16,25,2
16,26,2
16,27,2
16,28,1
16,29,1
16,30,1
17,0,2
17,1,2
17,2,2
17,3,4
17,4,4
17,5,4
17,6,4
17,7,3
17,8,3
17,9,2
17,10,2
17,11,2
17,12,2
17,13,1
17,14,1
17,15,1
17,16,4
17,17,4
17,18,4
17,19,4
17,20,1
17,21,1
17,22,3
17,23,3
17,24,2
17,25,2
17,26,2
17,27,2
17,28,4
17,29,4
17,30,4
18,0,2
18,1,2
18,2,2
18,3,2
18,4,4
18,5,4
18,6,3
18,7,3
18,8,3
18,9,3
18,10,2
18,11,2
18,12,2
18,13,2
18,14,1
18,15,1
18,16,4
18,17,4
18,18,4
18,19,4
18,20,3
18,21,3
18,22,3
18,23,3
18,24,3
18,25,2
18,26,2
18,27,4
18,28,4
18,29,4
18,30,4
19,0,2
19,1,2
19,2,2
19,3,2
19,4,2
19,5,3
19,6,3
19,7,3
19,8,3
19,9,3
19,10,3
19,11,2
19,12,2
19,13,2
19,14,1
19,15,1
19,16,1
19,17,4
19,18,4
19,19,3
19,20,3
19,21,3
19,22,3
19,23,3
19,24,3
19,25,3
19,26,4
19,27,4
19,28,4
19,29,4
19,30,4
20,0,2
20,1,2
20,2,2
20,3,2
20,4,2
20,5,3
20,6,3
20,7,3
20,8,3
20,9,3
20,10,3
20,11,2
20,12,2
20,13,2
20,14,1
20,15,1
20,16,1
20,17,1
20,18,3
20,19,3
20,20,3
20,21,3
20,22,3
20,23,3
20,24,3
20,25,3
20,26,4
20,27,4
20,28,4
20,29,1
20,30,1
21,0,2
21,1,2
21,2,2
21,3,2
21,4,2
21,5,3
21,6,3
21,7,3
21,8,3
21,9,3
21,10,3
21,11,2
21,12,2
21,13,2
21,14,2
21,15,1
21,16,1
21,17,1
21,18,3
21,19,3
21,20,3
21,21,3
21,22,3
21,23,3
21,24,3
21,25,3
21,26,4
21,27,4
21,28,1
21,29,1
21,30,1
22,0,2
22,1,2
22,2,2
22,3,2
22,4,2
22,5,2
22,6,3
22,7,3
22,8,3
22,9,3
22,10,4
22,11,4
22,12,2
22,13,2
22,14,2
22,15,1
22,16,1
22,17,1
22,18,3
22,19,3
22,20,3
22,21,3
22,22,3
22,23,3
22,24,3
22,25,4
22,26,4
22,27,4
22,28,1
22,29,1
22,30,1
23,0,2
23,1,2
23,2,2
23,3,2
23,4,2
23,5,2
23,6,4
23,7,4
23,8,4
23,9,4
23,10,4
23,11,4
23,12,4
23,13,2
23,14,2
23,15,1
23,16,1
23,17,1
23,18,1
23,19,3
23,20,3
23,21,3
23,22,3
23,23,3
23,24,3
23,25,4
23,26,4
23,27,4
23,28,4
23,29,1
23,30,1
24,0,2
24,1,2
24,2,2
24,3,2
24,4,2
24,5,4
24,6,4
24,7,4
24,8,4
24,9,4
24,10,4
24,11,4
24,12,4
24,13,2
24,14,2
24,15,1
24,16,1
24,17,1
24,18,1
24,19,3
24,20,3
24,21,3
24,22,3
24,23,3
24,24,3
24,25,3
24,26,4
24,27,4
24,28,4
24,29,4
24,30,4
25,0,4
25,1,4
25,2,4
25,3,4
25,4,4
25,5,4
25,6,4
25,7,4
25,8,4
25,9,4
25,10,4
25,11,4
25,12,2
25,13,2
25,14,2
25,15,1
25,16,1
25,17,1
25,18,3
25,19,3
25,20,3
25,21,3
25,22,3
25,23,3
25,24,3
25,25,3
25,26,3
25,27,4
25,28,4
25,29,4
25,30,4
26,0,4
26,1,4
26,2,4
26,3,4
26,4,4
26,5,4
26,6,4
26,7,4
26,8,4
26,9,4
26,10,4
26,11,2
26,12,2
26,13,2
26,14,2
26,15,1
26,16,1
26,17,1
26,18,3
26,19,3
26,20,3
26,21,3
26,22,1
26,23,1
26,24,3
26,25,3
26,26,3
26,27,3
26,28,4
26,29,4
26,30,4
27,0,1
27,1,1
27,2,4
27,3,4
27,4,2
27,5,2
27,6,4
27,7,4
27,8,4
27,9,4
27,10,4
27,11,2
27,12,2
27,13,2
27,14,2
27,15,1
27,16,1
27,17,1
27,18,1
27,19,3
27,20,3
27,21,1
27,22,1
27,23,1
27,24,1
27,25,3
27,26,3
27,27,3
27,28,3
27,29,4
27,30,4
28,0,1
28,1,1
28,2,1
28,3,2
28,4,2
28,5,2
28,6,2
28,7,4
28,8,4
28,9,4
28,10,4
28,11,4
28,12,2
28,13,2
28,14,1
28,15,1
28,16,1
28,17,1
28,18,1
28,19,4
28,20,4
28,21,1
28,22,1
28,23,1
28,24,1
28,25,3
28,26,3
28,27,3
28,28,3
28,29,4
28,30,4
29,0,1
29,1,1
29,2,1
29,3,2
29,4,2
29,5,2
29,6,2
29,7,4
29,8,4
29,9,4
29,10,4
29,11,4
29,12,4
29,13,1
29,14,1
29,15,1
29,16,1
29,17,1
29,18,4
29,19,4
29,20,4
29,21,4
29,22,1
29,23,1
29,24,3
29,25,3
29,26,3
29,27,3
29,28,4
29,29,4
29,30,4
30,0,1
30,1,1
30,2,1
30,3,2
30,4,2
30,5,2
30,6,2
30,7,4
30,8,4
30,9,4
30,10,4
30,11,4
30,12,4
30,13,1
30,14,1
30,15,1
30,16,1
30,17,1
30,18,4
30,19,4
30,20,4
30,21,4
30,22,1
30,23,1
30,24,3
30,25,3
30,26,3
30,27,3
30,28,4
30,29,4
30,30,4