8
13
10
2
2,2
2,12
12,2
12,12
12,22
22,12
22,22
27,2
2,5,2
2,3,2
0,2,1
1,2,1
2,7,3
5,6,2
3,6,1
4,6,2
3,5,1
3,4,2
1,3,1
1,4,2
0,1,2
0,0,3
0,1,3
0,2,3
0,3,3
0,4,3
0,5,3
0,6,3
0,7,3
0,8,2
0,9,2
0,10,4
0,11,4
0,12,4
0,13,4
0,14,4
0,15,4
0,16,1
0,17,1
0,18,3
0,19,3
0,20,3
0,21,3
0,22,1
0,23,1
0,24,4
0,25,4
0,26,4
0,27,4
0,28,4
0,29,4
0,30,4
1,0,3
1,1,3
1,2,3
1,3,3
1,4,3
1,5,3
1,6,3
1,7,3
1,8,2
1,9,2
1,10,4
1,11,4
1,12,4
1,13,4
1,14,4
1,15,4
1,16,1
1,17,1
1,18,3
1,19,3
1,20,3
1,21,3
1,22,1
1,23,1
1,24,4
1,25,4
1,26,4
1,27,4
1,28,4
1,29,4
1,30,4
2,0,3
2,1,3
2,2,3
2,3,3
2,4,3
2,5,3
2,6,3
2,7,2
2,8,2
2,9,2
2,10,4
2,11,4
2,12,4
2,13,4
2,14,4
2,15,4
2,16,1
2,17,1
2,18,1
2,19,3
2,20,3
2,21,1
2,22,1
2,23,1
2,24,4
2,25,4
2,26,4
2,27,3
2,28,3
2,29,4
2,30,4
3,0,3
3,1,3
3,2,3
3,3,3
3,4,3
3,5,3
3,6,3
3,7,2
3,8,2
3,9,2
3,10,4
3,11,4
3,12,4
3,13,4
3,14,4
3,15,4
3,16,1
3,17,1
3,18,1
3,19,1
3,20,1
3,21,1
3,22,1
3,23,1
3,24,4
3,25,4
3,26,3
3,27,3
3,28,3
3,29,3
3,30,3
4,0,3
4,1,3
4,2,3
4,3,3
4,4,3
4,5,3
4,6,2
4,7,2
4,8,2
4,9,4
4,10,4
4,11,4
4,12,4
4,13,4
4,14,4
4,15,4
4,16,4
4,17,1
4,18,1
4,19,1
4,20,1
4,21,1
4,22,1
4,23,4
4,24,4
4,25,4
4,26,3
4,27,3
4,28,3
4,29,3
4,30,3
5,0,4
5,1,4
5,2,4
5,3,4
5,4,4
5,5,4
5,6,2
5,7,2
5,8,2
5,9,4
5,10,4
5,11,4
5,12,4
5,13,4
5,14,4
5,15,4
5,16,4
5,17,4
5,18,1
5,19,1
5,20,1
5,21,1
5,22,1
5,23,4
5,24,4
5,25,4
5,26,4
5,27,3
5,28,3
5,29,3
5,30,3
6,0,4
6,1,4
6,2,4
6,3,4
6,4,4
6,5,4
6,6,4
6,7,2
6,8,2
6,9,4
6,10,4
6,11,4
6,12,4
6,13,4
6,14,4
6,15,4
6,16,4
6,17,4
6,18,2
6,19,2
6,20,1
6,21,1
6,22,1
6,23,1
6,24,4
6,25,4
6,26,4
6,27,4
6,28,3
6,29,3
6,30,3
7,0,4
7,1,4
7,2,4
7,3,4
7,4,4
7,5,4
7,6,4
7,7,2
7,8,2
7,9,4
7,10,4
7,11,4
7,12,4
7,13,4
7,14,4
7,15,4
7,16,4
7,17,2
7,18,2
7,19,2
7,20,2
7,21,1
7,22,1
7,23,1
7,24,1
7,25,4
7,26,4
7,27,4
7,28,3
7,29,3
7,30,3
8,0,4
8,1,4
8,2,4
8,3,4
8,4,4
8,5,4
8,6,2
8,7,2
8,8,2
8,9,2
8,10,4
8,11,4
8,12,4
8,13,4
8,14,4
8,15,4
8,16,2
8,17,2
8,18,2
8,19,2
8,20,2
8,21,1
8,22,1
8,23,1
8,24,1
8,25,4
8,26,4
8,27,4
8,28,4
8,29,3
8,30,3
9,0,4
9,1,4
9,2,4
9,3,4
9,4,4
9,5,2
9,6,2
9,7,2
9,8,2
9,9,2
9,10,3
9,11,3
9,12,3
9,13,3
9,14,3
9,15,3
9,16,2
9,17,2
9,18,2
9,19,2
9,20,3
9,21,3
9,22,1
9,23,1
9,24,3
9,25,3
9,26,4
9,27,4
9,28,4
9,29,4
9,30,4
10,0,4
10,1,4
10,2,4
10,3,4
10,4,4
10,5,2
10,6,2
10,7,2
10,8,2
10,9,3
10,10,3
10,11,3
10,12,3
10,13,3
10,14,3
10,15,3
10,16,3
10,17,2
10,18,2
10,19,3
10,20,3
10,21,3
10,22,3
10,23,3
10,24,3
10,25,3
10,26,3
10,27,4
10,28,4
10,29,4
10,30,4
11,0,4
11,1,4
11,2,4
11,3,4
11,4,4
11,5,2
11,6,2
11,7,2
11,8,2
11,9,3
11,10,3
11,11,3
11,12,3
11,13,3
11,14,3
11,15,3
11,16,3
11,17,4
11,18,4
11,19,3
11,20,3
11,21,3
11,22,3
11,23,3
11,24,3
11,25,3
11,26,3
11,27,4
11,28,4
11,29,4
11,30,4
12,0,4
12,1,4
12,2,4
12,3,4
12,4,4
12,5,4
12,6,2
12,7,2
12,8,3
12,9,3
12,10,3
12,11,3
12,12,3
12,13,3
12,14,3
12,15,3
12,16,4
12,17,4
12,18,4
12,19,4
12,20,3
12,21,3
12,22,3
12,23,3
12,24,3
12,25,3
12,26,4
12,27,4
12,28,4
12,29,4
12,30,4
13,0,4
13,1,4
13,2,4
13,3,4
13,4,4
13,5,4
13,6,3
13,7,3
13,8,3
13,9,3
13,10,3
13,11,3
13,12,3
13,13,3
13,14,3
13,15,3
13,16,4
13,17,4
13,18,4
13,19,4
13,20,3
13,21,3
13,22,3
13,23,3
13,24,3
13,25,3
13,26,4
13,27,4
13,28,4
13,29,4
13,30,4
14,0,4
14,1,4
14,2,4
14,3,4
14,4,4
14,5,3
14,6,3
14,7,3
14,8,3
14,9,3
14,10,3
14,11,3
14,12,3
14,13,3
14,14,3
14,15,3
14,16,4
14,17,4
14,18,4
14,19,4
14,20,3
14,21,3
14,22,3
14,23,3
14,24,3
14,25,1
14,26,1
14,27,4
14,28,4
14,29,1
14,30,1
15,0,4
15,1,4
15,2,4
15,3,4
15,4,4
15,5,3
15,6,3
15,7,3
15,8,3
15,9,3
15,10,3
15,11,3
15,12,3
15,13,3
15,14,3
15,15,1
15,16,1
15,17,4
15,18,4
15,19,4
15,20,4
15,21,3
15,22,3
15,23,1
15,24,1
15,25,1
15,26,1
15,27,1
15,28,1
15,29,1
15,30,1
16,0,4
16,1,4
16,2,4
16,3,4
16,4,4
16,5,4
16,6,3
16,7,3
16,8,3
16,9,3
16,10,1
16,11,1
16,12,1
16,13,1
16,14,1
16,15,1
16,16,1
16,17,1
16,18,4
16,19,4
16,20,4
16,21,4
16,22,1
16,23,1
16,24,1
16,25,1
16,26,1
16,27,1
16,28,1
16,29,1
16,30,1
17,0,4
17,1,4
17,2,4
17,3,4
17,4,4
17,5,4
17,6,4
17,7,3
17,8,3
17,9,1
17,10,1
17,11,1
17,12,1
17,13,1
17,14,1
17,15,1
17,16,1
17,17,1
17,18,4
17,19,4
17,20,4
17,21,4
17,22,1
17,23,1
17,24,1
17,25,4
17,26,4
17,27,1
17,28,1
17,29,3
17,30,3
18,0,4
18,1,4
18,2,4
18,3,4
18,4,4
18,5,4
18,6,4
18,7,2
18,8,2
18,9,1
18,10,1
18,11,1
18,12,1
18,13,1
18,14,1
18,15,1
18,16,1
18,17,2
18,18,2
18,19,4
18,20,4
18,21,1
18,22,1
18,23,1
18,24,4
18,25,4
18,26,4
18,27,4
18,28,3
18,29,3
18,30,3
19,0,4
19,1,4
19,2,4
19,3,4
19,4,4
19,5,4
19,6,2
19,7,2
19,8,2
19,9,2
19,10,1
19,11,1
19,12,3
19,13,3
19,14,1
19,15,1
19,16,2
19,17,2
19,18,2
19,19,2
19,20,1
19,21,1
19,22,1
19,23,1
19,24,4
19,25,4
19,26,4
19,27,4
19,28,3
19,29,3
19,30,3
20,0,4
20,1,4
20,2,4
20,3,4
20,4,4
20,5,4
20,6,2
20,7,2
20,8,2
20,9,2
20,10,3
20,11,3
20,12,3
20,13,3
20,14,3
20,15,2
20,16,2
20,17,2
20,18,2
20,19,2
20,20,1
20,21,1
20,22,1
20,23,1
20,24,1
20,25,4
20,26,4
20,27,4
20,28,4
20,29,3
20,30,3
21,0,4
21,1,4
21,2,4
21,3,4
21,4,4
21,5,4
21,6,4
21,7,2
21,8,2
21,9,3
21,10,3
21,11,3
21,12,3
21,13,3
21,14,3
21,15,2
21,16,2
21,17,2
21,18,2
21,19,1
21,20,1
21,21,1
21,22,1
21,23,1
21,24,1
21,25,4
21,26,4
21,27,4
21,28,4
21,29,1
21,30,1
22,0,4
22,1,4
22,2,4
22,3,4
22,4,4
22,5,4
22,6,4
22,7,4
22,8,4
22,9,3
22,10,3
22,11,3
22,12,3
22,13,3
22,14,3
22,15,3
22,16,2
22,17,2
22,18,1
22,19,1
22,20,1
22,21,1
22,22,1
22,23,1
22,24,1
22,25,1
22,26,4
22,27,4
22,28,1
22,29,1
22,30,1
23,0,4
23,1,4
23,2,4
23,3,4
23,4,4
23,5,4
23,6,4
23,7,4
23,8,4
23,9,4
23,10,3
23,11,3
23,12,3
23,13,3
23,14,3
23,15,3
23,16,3
23,17,1
23,18,1
23,19,1
23,20,1
23,21,1
23,22,1
23,23,1
23,24,1
23,25,1
23,26,1
23,27,1
23,28,1
23,29,1
23,30,1
24,0,4
24,1,4
24,2,4
24,3,4
24,4,4
24,5,4
24,6,4
24,7,4
24,8,4
24,9,4
24,10,3
24,11,3
24,12,3
24,13,3
24,14,3
24,15,3
24,16,3
24,17,1
24,18,1
24,19,1
24,20,1
24,21,1
24,22,1
24,23,1
24,24,1
24,25,1
24,26,1
24,27,1
24,28,1
24,29,1
24,30,1
25,0,1
25,1,1
25,2,1
25,3,1
25,4,1
25,5,1
25,6,4
25,7,4
25,8,4
25,9,4
25,10,3
25,11,3
25,12,3
25,13,3
25,14,3
25,15,3
25,16,1
25,17,1
25,18,1
25,19,1
25,20,3
25,21,3
25,22,3
25,23,3
25,24,3
25,25,3
25,26,3
25,27,3
25,28,3
25,29,3
25,30,3
26,0,1
26,1,1
26,2,1
26,3,1
26,4,1
26,5,1
26,6,1
26,7,4
26,8,4
26,9,2
26,10,2
26,11,3
26,12,3
26,13,3
26,14,3
26,15,1
26,16,1
26,17,1
26,18,1
26,19,3
26,20,3
26,21,3
26,22,3
26,23,3
26,24,3
26,25,3
26,26,3
26,27,3
26,28,3
26,29,3
26,30,3
27,0,1
27,1,1
27,2,1
27,3,1
27,4,1
27,5,1
27,6,1
27,7,1
27,8,2
27,9,2
27,10,2
27,11,2
27,12,3
27,13,3
27,14,1
27,15,1
27,16,1
27,17,1
27,18,1
27,19,3
27,20,3
27,21,3
27,22,1
27,23,1
27,24,1
27,25,3
27,26,3
27,27,3
27,28,3
27,29,3
27,30,3
28,0,1
28,1,1
28,2,1
28,3,1
28,4,1
28,5,1
28,6,1
28,7,1
28,8,2
28,9,2
28,10,2
28,11,2
28,12,3
28,13,3
28,14,1
28,15,1
28,16,1
28,17,1
28,18,1
28,19,3
28,20,3
28,21,1
28,22,1
28,23,1
28,24,1
28,25,1
28,26,3
28,27,3
28,28,4
28,29,4
28,30,4
29,0,1
29,1,1
29,2,1
29,3,1
29,4,1
29,5,1
29,6,1
29,7,1
29,8,1
29,9,2
29,10,2
29,11,3
29,12,3
29,13,3
29,14,1
29,15,1
29,16,1
29,17,1
29,18,3
29,19,3
29,20,3
29,21,1
29,22,1
29,23,1
29,24,1
29,25,1
29,26,1
29,27,4
29,28,4
29,29,4
29,30,4
30,0,1
30,1,1
30,2,1
30,3,1
30,4,1
30,5,1
30,6,1
30,7,1
30,8,1
30,9,2
30,10,2
30,11,3
30,12,3
30,13,3
30,14,1
30,15,1
30,16,1
30,17,1
30,18,3
30,19,3
30,20,3
30,21,1
30,22,1
30,23,1
30,24,1
30,25,1
30,26,1
30,27,4
30,28,4
30,29,4
30,30,4