9
15
10
5
2,2
2,12
2,27
12,2
12,12
12,22
22,2
22,12
22,22
1,5,1
5,8,1
5,7,2
4,5,2
0,1,2
1,2,2
1,4,1
6,7,2
3,6,1
4,6,1
0,3,1
0,4,2
7,8,2
4,7,2
3,4,2
0,0,1
0,1,1
0,2,1
0,3,1
0,4,1
0,5,4
0,6,4
0,7,4
0,8,4
0,9,4
0,10,2
0,11,2
0,12,2
0,13,2
0,14,2
0,15,4
0,16,4
0,17,4
0,18,4
0,19,4
0,20,4
0,21,4
0,22,4
0,23,1
0,24,1
0,25,4
0,26,4
0,27,4
0,28,4
0,29,4
0,30,4
1,0,1
1,1,1
1,2,1
1,3,1
1,4,1
1,5,4
1,6,4
1,7,4
1,8,4
1,9,4
1,10,2
1,11,2
1,12,2
1,13,2
1,14,2
1,15,4
1,16,4
1,17,4
1,18,4
1,19,4
1,20,4
1,21,4
1,22,4
1,23,1
1,24,1
1,25,4
1,26,4
1,27,4
1,28,4
1,29,4
1,30,4
2,0,1
2,1,1
2,2,1
2,3,1
2,4,1
2,5,4
2,6,4
2,7,4
2,8,4
2,9,2
2,10,2
2,11,2
2,12,2
2,13,2
2,14,2
2,15,4
2,16,4
2,17,4
2,18,4
2,19,4
2,20,4
2,21,4
2,22,4
2,23,1
2,24,1
2,25,4
2,26,4
2,27,4
2,28,4
2,29,4
2,30,4
3,0,1
3,1,1
3,2,1
3,3,1
3,4,1
3,5,1
3,6,4
3,7,4
3,8,2
3,9,2
3,10,2
3,11,2
3,12,2
3,13,2
3,14,2
3,15,2
3,16,4
3,17,4
3,18,4
3,19,4
3,20,4
3,21,4
3,22,1
3,23,1
3,24,1
3,25,4
3,26,4
3,27,4
3,28,4
3,29,4
3,30,4
4,0,1
4,1,1
4,2,1
4,3,1
4,4,1
4,5,1
4,6,1
4,7,1
4,8,2
4,9,2
4,10,2
4,11,2
4,12,2
4,13,2
4,14,2
4,15,2
4,16,2
4,17,4
4,18,4
4,19,3
4,20,3
4,21,3
4,22,1
4,23,1
4,24,1
4,25,4
4,26,4
4,27,4
4,28,4
4,29,4
4,30,4
5,0,4
5,1,4
5,2,4
5,3,4
5,4,1
5,5,1
5,6,1
5,7,1
5,8,1
5,9,2
5,10,2
5,11,2
5,12,2
5,13,2
5,14,2
5,15,2
5,16,2
5,17,2
5,18,3
5,19,3
5,20,3
5,21,3
5,22,3
5,23,1
5,24,1
5,25,1
5,26,4
5,27,4
5,28,1
5,29,1
5,30,1
6,0,4
6,1,4
6,2,4
6,3,4
6,4,4
6,5,4
6,6,1
6,7,1
6,8,1
6,9,1
6,10,1
6,11,1
6,12,2
6,13,2
6,14,2
6,15,2
6,16,2
6,17,2
6,18,3
6,19,3
6,20,3
6,21,3
6,22,3
6,23,1
6,24,1
6,25,1
6,26,1
6,27,1
6,28,1
6,29,1
6,30,1
7,0,4
7,1,4
7,2,4
7,3,4
7,4,4
7,5,4
7,6,4
7,7,1
7,8,1
7,9,1
7,10,1
7,11,1
7,12,1
7,13,2
7,14,2
7,15,2
7,16,2
7,17,3
7,18,3
7,19,3
7,20,3
7,21,3
7,22,4
7,23,4
7,24,1
7,25,1
7,26,1
7,27,1
7,28,1
7,29,1
7,30,1
8,0,4
8,1,4
8,2,4
8,3,4
8,4,4
8,5,4
8,6,4
8,7,3
8,8,3
8,9,1
8,10,1
8,11,1
8,12,1
8,13,1
8,14,1
8,15,1
8,16,1
8,17,3
8,18,3
8,19,3
8,20,3
8,21,4
8,22,4
8,23,4
8,24,4
8,25,4
8,26,4
8,27,4
8,28,1
8,29,1
8,30,1
9,0,4
9,1,4
9,2,4
9,3,4
9,4,4
9,5,4
9,6,3
9,7,3
9,8,3
9,9,3
9,10,1
9,11,1
9,12,1
9,13,1
9,14,1
9,15,1
9,16,1
9,17,1
9,18,3
9,19,3
9,20,4
9,21,4
9,22,4
9,23,4
9,24,4
9,25,4
9,26,4
9,27,4
9,28,4
9,29,4
9,30,4
10,0,1
10,1,1
10,2,1
10,3,1
10,4,1
10,5,1
10,6,3
10,7,3
10,8,3
10,9,3
10,10,4
10,11,4
10,12,4
10,13,4
10,14,4
10,15,1
10,16,1
10,17,1
10,18,1
10,19,4
10,20,4
10,21,4
10,22,4
10,23,4
10,24,4
10,25,4
10,26,4
10,27,4
10,28,4
10,29,4
10,30,4
11,0,1
11,1,1
11,2,1
11,3,1
11,4,1
11,5,1
11,6,1
11,7,3
11,8,3
11,9,4
11,10,4
11,11,4
11,12,4
11,13,4
11,14,4
11,15,4
11,16,1
11,17,1
11,18,1
11,19,4
11,20,4
11,21,4
11,22,4
11,23,4
11,24,4
11,25,4
11,26,4
11,27,4
11,28,4
11,29,1
11,30,1
12,0,1
12,1,1
12,2,1
12,3,1
12,4,1
12,5,1
12,6,1
12,7,1
12,8,4
12,9,4
12,10,4
12,11,4
12,12,4
12,13,4
12,14,4
12,15,4
12,16,1
12,17,1
12,18,1
12,19,4
12,20,4
12,21,4
12,22,4
12,23,4
12,24,4
12,25,4
12,26,4
12,27,1
12,28,1
12,29,1
12,30,1
13,0,1
13,1,1
13,2,1
13,3,1
13,4,1
13,5,1
13,6,1
13,7,1
13,8,4
13,9,4
13,10,4
13,11,4
13,12,4
13,13,4
13,14,4
13,15,4
13,16,1
13,17,1
13,18,1
13,19,1
13,20,4
13,21,4
13,22,4
13,23,4
13,24,4
13,25,4
13,26,1
13,27,1
13,28,1
13,29,1
13,30,1
14,0,1
14,1,1
14,2,1
14,3,1
14,4,1
14,5,1
14,6,1
14,7,4
14,8,4
14,9,4
14,10,4
14,11,4
14,12,4
14,13,4
14,14,4
14,15,1
14,16,1
14,17,1
14,18,1
14,19,1
14,20,4
14,21,4
14,22,4
14,23,4
14,24,4
14,25,4
14,26,1
14,27,1
14,28,1
14,29,4
14,30,4
15,0,3
15,1,3
15,2,3
15,3,3
15,4,3
15,5,3
15,6,3
15,7,4
15,8,4
15,9,4
15,10,4
15,11,4
15,12,4
15,13,4
15,14,1
15,15,1
15,16,1
15,17,1
15,18,1
15,19,1
15,20,1
15,21,4
15,22,4
15,23,4
15,24,4
15,25,1
15,26,1
15,27,1
15,28,4
15,29,4
15,30,4
16,0,3
16,1,3
16,2,3
16,3,3
16,4,3
16,5,3
16,6,3
16,7,3
16,8,4
16,9,4
16,10,4
16,11,4
16,12,4
16,13,4
16,14,1
16,15,1
16,16,1
16,17,1
16,18,1
16,19,1
16,20,1
16,21,1
16,22,4
16,23,4
16,24,4
16,25,1
16,26,1
16,27,1
16,28,4
16,29,4
16,30,4
17,0,3
17,1,3
17,2,3
17,3,1
17,4,1
17,5,3
17,6,3
17,7,3
17,8,3
17,9,3
17,10,3
17,11,4
17,12,4
17,13,3
17,14,3
17,15,1
17,16,1
17,17,1
17,18,1
17,19,1
17,20,1
17,21,1
17,22,4
17,23,4
17,24,4
17,25,4
17,26,1
17,27,1
17,28,1
17,29,4
17,30,4
18,0,3
18,1,3
18,2,1
18,3,1
18,4,1
18,5,1
18,6,3
18,7,3
18,8,3
18,9,3
18,10,3
18,11,3
18,12,3
18,13,3
18,14,3
18,15,3
18,16,1
18,17,1
18,18,1
18,19,1
18,20,1
18,21,1
18,22,4
18,23,4
18,24,4
18,25,4
18,26,1
18,27,1
18,28,1
18,29,3
18,30,3
19,0,1
19,1,1
19,2,1
19,3,1
19,4,1
19,5,1
19,6,2
19,7,2
19,8,2
19,9,3
19,10,3
19,11,3
19,12,3
19,13,3
19,14,3
19,15,3
19,16,4
19,17,4
19,18,1
19,19,1
19,20,1
19,21,4
19,22,4
19,23,4
19,24,4
19,25,4
19,26,1
19,27,1
19,28,3
19,29,3
19,30,3
20,0,1
20,1,1
20,2,1
20,3,1
20,4,1
20,5,2
20,6,2
20,7,2
20,8,2
20,9,2
20,10,3
20,11,3
20,12,3
20,13,3
20,14,3
20,15,4
20,16,4
20,17,4
20,18,4
20,19,4
20,20,4
20,21,4
20,22,4
20,23,4
20,24,4
20,25,4
20,26,1
20,27,1
20,28,3
20,29,3
20,30,3
21,0,1
21,1,1
21,2,1
21,3,1
21,4,1
21,5,2
21,6,2
21,7,2
21,8,2
21,9,2
21,10,3
21,11,3
21,12,3
21,13,3
21,14,3
21,15,4
21,16,4
21,17,4
21,18,4
21,19,4
21,20,4
21,21,4
21,22,4
21,23,4
21,24,4
21,25,4
21,26,1
21,27,1
21,28,3
21,29,3
21,30,3
22,0,1
22,1,1
22,2,1
22,3,1
22,4,1
22,5,2
22,6,2
22,7,2
22,8,2
22,9,3
22,10,3
22,11,3
22,12,3
22,13,3
22,14,3
22,15,4
22,16,4
22,17,4
22,18,4
22,19,4
22,20,4
22,21,4
22,22,4
22,23,4
22,24,4
22,25,4
22,26,1
22,27,1
22,28,1
22,29,3
22,30,3
23,0,1
23,1,1
23,2,1
23,3,1
23,4,1
23,5,2
23,6,2
23,7,2
23,8,2
23,9,3
23,10,3
23,11,3
23,12,3
23,13,3
23,14,3
23,15,3
23,16,4
23,17,4
23,18,4
23,19,4
23,20,4
23,21,4
23,22,4
23,23,4
23,24,4
23,25,4
23,26,1
23,27,1
23,28,1
23,29,1
23,30,1
24,0,1
24,1,1
24,2,1
24,3,1
24,4,1
24,5,2
24,6,2
24,7,2
24,8,2
24,9,3
24,10,3
24,11,3
24,12,3
24,13,3
24,14,3
24,15,3
24,16,3
24,17,4
24,18,4
24,19,4
24,20,4
24,21,4
24,22,4
24,23,4
24,24,4
24,25,3
24,26,3
24,27,1
24,28,1
24,29,1
24,30,1
25,0,1
25,1,1
25,2,1
25,3,1
25,4,4
25,5,4
25,6,2
25,7,2
25,8,4
25,9,4
25,10,3
25,11,3
25,12,1
25,13,1
25,14,3
25,15,3
25,16,3
25,17,4
25,18,4
25,19,4
25,20,4
25,21,4
25,22,3
25,23,3
25,24,3
25,25,3
25,26,3
25,27,3
25,28,3
25,29,3
25,30,3
26,0,1
26,1,1
26,2,4
26,3,4
26,4,4
26,5,4
26,6,4
26,7,4
26,8,4
26,9,4
26,10,4
26,11,1
26,12,1
26,13,1
26,14,1
26,15,3
26,16,3
26,17,4
26,18,4
26,19,4
26,20,4
26,21,3
26,22,3
26,23,3
26,24,3
26,25,3
26,26,3
26,27,3
26,28,3
26,29,3
26,30,3
27,0,4
27,1,4
27,2,4
27,3,4
27,4,4
27,5,4
27,6,4
27,7,4
27,8,4
27,9,4
27,10,4
27,11,1
27,12,1
27,13,1
27,14,1
27,15,3
27,16,3
27,17,4
27,18,4
27,19,4
27,20,3
27,21,3
27,22,3
27,23,3
27,24,3
27,25,3
27,26,3
27,27,3
27,28,3
27,29,1
27,30,1
28,0,4
28,1,4
28,2,4
28,3,4
28,4,4
28,5,3
28,6,3
28,7,3
28,8,4
28,9,4
28,10,2
28,11,2
28,12,1
28,13,1
28,14,3
28,15,3
28,16,3
28,17,4
28,18,4
28,19,4
28,20,3
28,21,3
28,22,3
28,23,2
28,24,2
28,25,3
28,26,3
28,27,3
28,28,1
28,29,1
28,30,1
29,0,4
29,1,4
29,2,4
29,3,4
29,4,3
29,5,3
29,6,3
29,7,3
29,8,3
29,9,2
29,10,2
29,11,2
29,12,2
29,13,3
29,14,3
29,15,3
29,16,3
29,17,4
29,18,4
29,19,4
29,20,3
29,21,3
29,22,2
29,23,2
29,24,2
29,25,2
29,26,3
29,27,3
29,28,1
29,29,1
29,30,1
30,0,4
30,1,4
30,2,4
30,3,4
30,4,3
30,5,3
30,6,3
30,7,3
30,8,3
30,9,2
30,10,2
30,11,2
30,12,2
30,13,3
30,14,3
30,15,3
30,16,3
30,17,4
30,18,4
30,19,4
30,20,3
30,21,3
30,22,2
30,23,2
30,24,2
30,25,2
30,26,3
30,27,3
30,28,1
30,29,1
30,30,1