8
13
10
4
7,2
7,12
7,22
17,2
17,12
17,22
27,2
27,12
4,7,2
4,5,2
1,4,2
3,4,2
5,7,2
3,7,2
6,7,1
1,5,1
0,1,2
0,3,1
1,2,1
1,3,2
3,6,2
0,0,1
0,1,1
0,2,1
0,3,1
0,4,1
0,5,3
0,6,3
0,7,1
0,8,1
0,9,3
0,10,3
0,11,3
0,12,3
0,13,3
0,14,3
0,15,3
0,16,3
0,17,3
0,18,3
0,19,3
0,20,3
0,21,3
0,22,3
0,23,3
0,24,3
0,25,3
0,26,3
0,27,1
0,28,1
0,29,1
0,30,1
1,0,1
1,1,1
1,2,1
1,3,1
1,4,1
1,5,3
1,6,3
1,7,1
1,8,1
1,9,3
1,10,3
1,11,3
1,12,3
1,13,3
1,14,3
1,15,3
1,16,3
1,17,3
1,18,3
1,19,3
1,20,3
1,21,3
1,22,3
1,23,3
1,24,3
1,25,3
1,26,3
1,27,1
1,28,1
1,29,1
1,30,1
2,0,1
2,1,1
2,2,1
2,3,1
2,4,1
2,5,3
2,6,3
2,7,1
2,8,1
2,9,1
2,10,3
2,11,3
2,12,3
2,13,3
2,14,3
2,15,3
2,16,3
2,17,3
2,18,3
2,19,3
2,20,3
2,21,3
2,22,3
2,23,3
2,24,3
2,25,3
2,26,1
2,27,1
2,28,1
2,29,1
2,30,1
3,0,1
3,1,1
3,2,1
3,3,1
3,4,3
3,5,3
3,6,3
3,7,1
3,8,1
3,9,1
3,10,1
3,11,1
3,12,1
3,13,1
3,14,1
3,15,1
3,16,1
3,17,1
3,18,1
3,19,1
3,20,1
3,21,1
3,22,1
3,23,1
3,24,1
3,25,1
3,26,1
3,27,1
3,28,1
3,29,3
3,30,3
4,0,4
4,1,4
4,2,4
4,3,4
4,4,3
4,5,3
4,6,3
4,7,3
4,8,1
4,9,1
4,10,1
4,11,1
4,12,1
4,13,1
4,14,1
4,15,1
4,16,1
4,17,1
4,18,1
4,19,1
4,20,1
4,21,1
4,22,1
4,23,1
4,24,1
4,25,1
4,26,1
4,27,1
4,28,3
4,29,3
4,30,3
5,0,4
5,1,4
5,2,4
5,3,4
5,4,4
5,5,3
5,6,3
5,7,3
5,8,2
5,9,2
5,10,2
5,11,2
5,12,2
5,13,2
5,14,2
5,15,1
5,16,1
5,17,4
5,18,4
5,19,4
5,20,4
5,21,4
5,22,4
5,23,4
5,24,4
5,25,4
5,26,4
5,27,4
5,28,3
5,29,3
5,30,3
6,0,4
6,1,4
6,2,4
6,3,4
6,4,4
6,5,3
6,6,3
6,7,2
6,8,2
6,9,2
6,10,2
6,11,2
6,12,2
6,13,2
6,14,2
6,15,2
6,16,4
6,17,4
6,18,4
6,19,4
6,20,4
6,21,4
6,22,4
6,23,4
6,24,4
6,25,4
6,26,4
6,27,4
6,28,4
6,29,3
6,30,3
7,0,4
7,1,4
7,2,4
7,3,4
7,4,4
7,5,3
7,6,3
7,7,2
7,8,2
7,9,2
7,10,2
7,11,2
7,12,2
7,13,2
7,14,2
7,15,2
7,16,4
7,17,4
7,18,4
7,19,4
7,20,4
7,21,4
7,22,4
7,23,4
7,24,4
7,25,4
7,26,4
7,27,4
7,28,4
7,29,2
7,30,2
8,0,4
8,1,4
8,2,4
8,3,4
8,4,4
8,5,3
8,6,3
8,7,2
8,8,2
8,9,2
8,10,2
8,11,2
8,12,2
8,13,2
8,14,2
8,15,2
8,16,4
8,17,4
8,18,4
8,19,4
8,20,4
8,21,4
8,22,4
8,23,4
8,24,4
8,25,4
8,26,4
8,27,4
8,28,2
8,29,2
8,30,2
9,0,4
9,1,4
9,2,4
9,3,4
9,4,4
9,5,3
9,6,3
9,7,2
9,8,2
9,9,2
9,10,2
9,11,2
9,12,2
9,13,2
9,14,2
9,15,1
9,16,1
9,17,4
9,18,4
9,19,4
9,20,4
9,21,4
9,22,4
9,23,4
9,24,4
9,25,4
9,26,4
9,27,4
9,28,2
9,29,2
9,30,2
10,0,4
10,1,4
10,2,4
10,3,4
10,4,4
10,5,3
10,6,3
10,7,3
10,8,2
10,9,2
10,10,2
10,11,1
10,12,1
10,13,1
10,14,1
10,15,1
10,16,1
10,17,1
10,18,4
10,19,4
10,20,4
10,21,2
10,22,2
10,23,4
10,24,4
10,25,4
10,26,4
10,27,4
10,28,2
10,29,2
10,30,2
11,0,4
11,1,4
11,2,4
11,3,4
11,4,3
11,5,3
11,6,3
11,7,3
11,8,1
11,9,1
11,10,1
11,11,1
11,12,1
11,13,1
11,14,1
11,15,1
11,16,1
11,17,1
11,18,4
11,19,4
11,20,2
11,21,2
11,22,2
11,23,2
11,24,4
11,25,4
11,26,4
11,27,4
11,28,2
11,29,2
11,30,2
12,0,4
12,1,4
12,2,4
12,3,3
12,4,3
12,5,3
12,6,3
12,7,1
12,8,1
12,9,1
12,10,1
12,11,1
12,12,1
12,13,4
12,14,4
12,15,1
12,16,1
12,17,4
12,18,4
12,19,4
12,20,2
12,21,2
12,22,2
12,23,2
12,24,4
12,25,4
12,26,4
12,27,4
12,28,2
12,29,2
12,30,2
13,0,3
13,1,3
13,2,3
13,3,3
13,4,3
13,5,3
13,6,1
13,7,1
13,8,1
13,9,1
13,10,4
13,11,4
13,12,4
13,13,4
13,14,4
13,15,4
13,16,4
13,17,4
13,18,4
13,19,4
13,20,4
13,21,2
13,22,2
13,23,4
13,24,4
13,25,4
13,26,4
13,27,1
13,28,1
13,29,2
13,30,2
14,0,3
14,1,3
14,2,3
14,3,3
14,4,3
14,5,1
14,6,1
14,7,1
14,8,1
14,9,4
14,10,4
14,11,4
14,12,4
14,13,4
14,14,4
14,15,4
14,16,4
14,17,4
14,18,4
14,19,4
14,20,4
14,21,4
14,22,4
14,23,4
14,24,4
14,25,4
14,26,1
14,27,1
14,28,1
14,29,1
14,30,1
15,0,2
15,1,2
15,2,2
15,3,2
15,4,2
15,5,1
15,6,1
15,7,1
15,8,1
15,9,4
15,10,4
15,11,4
15,12,4
15,13,4
15,14,4
15,15,4
15,16,1
15,17,1
15,18,4
15,19,4
15,20,4
15,21,4
15,22,4
15,23,4
15,24,4
15,25,4
15,26,1
15,27,1
15,28,1
15,29,1
15,30,1
16,0,2
16,1,2
16,2,2
16,3,2
16,4,2
16,5,2
16,6,1
16,7,1
16,8,1
16,9,1
16,10,4
16,11,4
16,12,4
16,13,4
16,14,4
16,15,1
16,16,1
16,17,1
16,18,1
16,19,4
16,20,4
16,21,4
16,22,4
16,23,4
16,24,4
16,25,4
16,26,4
16,27,1
16,28,1
16,29,3
16,30,3
17,0,2
17,1,2
17,2,2
17,3,2
17,4,2
17,5,2
17,6,1
17,7,1
17,8,1
17,9,1
17,10,4
17,11,4
17,12,4
17,13,4
17,14,4
17,15,1
17,16,1
17,17,1
17,18,1
17,19,4
17,20,4
17,21,4
17,22,4
17,23,4
17,24,4
17,25,4
17,26,4
17,27,3
17,28,3
17,29,3
17,30,3
18,0,2
18,1,2
18,2,2
18,3,2
18,4,2
18,5,2
18,6,2
18,7,1
18,8,1
18,9,4
18,10,4
18,11,4
18,12,4
18,13,4
18,14,4
18,15,4
18,16,1
18,17,1
18,18,4
18,19,4
18,20,4
18,21,4
18,22,4
18,23,4
18,24,4
18,25,4
18,26,3
18,27,3
18,28,3
18,29,3
18,30,3
19,0,2
19,1,2
19,2,2
19,3,2
19,4,2
19,5,2
19,6,2
19,7,2
19,8,4
19,9,4
19,10,4
19,11,4
19,12,4
19,13,4
19,14,4
19,15,4
19,16,2
19,17,2
19,18,4
19,19,4
19,20,4
19,21,4
19,22,4
19,23,4
19,24,4
19,25,4
19,26,3
19,27,3
19,28,3
19,29,3
19,30,3
20,0,1
20,1,1
20,2,1
20,3,2
20,4,2
20,5,2
20,6,2
20,7,2
20,8,4
20,9,4
20,10,4
20,11,3
20,12,3
20,13,4
20,14,4
20,15,2
20,16,2
20,17,2
20,18,2
20,19,4
20,20,4
20,21,4
20,22,4
20,23,4
20,24,4
20,25,2
20,26,2
20,27,3
20,28,3
20,29,2
20,30,2
21,0,1
21,1,1
21,2,1
21,3,1
21,4,2
21,5,2
21,6,2
21,7,4
21,8,4
21,9,4
21,10,3
21,11,3
21,12,3
21,13,3
21,14,3
21,15,2
21,16,2
21,17,2
21,18,2
21,19,2
21,20,2
21,21,2
21,22,2
21,23,2
21,24,2
21,25,2
21,26,2
21,27,2
21,28,2
21,29,2
21,30,2
22,0,1
22,1,1
22,2,1
22,3,1
22,4,4
22,5,4
22,6,4
22,7,4
22,8,4
22,9,4
22,10,3
22,11,3
22,12,3
22,13,3
22,14,3
22,15,3
22,16,2
22,17,2
22,18,2
22,19,2
22,20,2
22,21,2
22,22,2
22,23,2
22,24,2
22,25,2
22,26,2
22,27,2
22,28,2
22,29,2
22,30,2
23,0,1
23,1,1
23,2,1
23,3,4
23,4,4
23,5,4
23,6,4
23,7,4
23,8,4
23,9,1
23,10,1
23,11,3
23,12,3
23,13,3
23,14,3
23,15,3
23,16,1
23,17,1
23,18,2
23,19,2
23,20,4
23,21,4
23,22,4
23,23,4
23,24,4
23,25,4
23,26,2
23,27,2
23,28,4
23,29,4
23,30,4
24,0,4
24,1,4
24,2,4
24,3,4
24,4,4
24,5,4
24,6,4
24,7,4
24,8,1
24,9,1
24,10,1
24,11,1
24,12,3
24,13,3
24,14,3
24,15,1
24,16,1
24,17,1
24,18,1
24,19,4
24,20,4
24,21,4
24,22,4
24,23,4
24,24,4
24,25,4
24,26,4
24,27,4
24,28,4
24,29,4
24,30,4
25,0,4
25,1,4
25,2,4
25,3,4
25,4,4
25,5,4
25,6,4
25,7,1
25,8,1
25,9,1
25,10,1
25,11,1
25,12,1
25,13,1
25,14,1
25,15,1
25,16,1
25,17,1
25,18,1
25,19,4
25,20,4
25,21,4
25,22,1
25,23,1
25,24,4
25,25,4
25,26,4
25,27,4
25,28,4
25,29,4
25,30,4
26,0,4
26,1,4
26,2,4
26,3,4
26,4,4
26,5,4
26,6,1
26,7,1
26,8,1
26,9,1
26,10,1
26,11,1
26,12,1
26,13,1
26,14,1
26,15,1
26,16,1
26,17,1
26,18,4
26,19,4
26,20,4
26,21,1
26,22,1
26,23,1
26,24,1
26,25,4
26,26,4
26,27,4
26,28,4
26,29,1
26,30,1
27,0,4
27,1,4
27,2,4
27,3,4
27,4,4
27,5,4
27,6,1
27,7,1
27,8,1
27,9,1
27,10,1
27,11,1
27,12,1
27,13,1
27,14,1
27,15,1
27,16,3
27,17,3
27,18,4
27,19,4
27,20,4
27,21,1
27,22,1
27,23,1
27,24,1
27,25,4
27,26,4
27,27,4
27,28,1
27,29,1
27,30,1
28,0,4
28,1,4
28,2,4
28,3,4
28,4,4
28,5,4
28,6,1
28,7,1
28,8,1
28,9,1
28,10,1
28,11,1
28,12,1
28,13,1
28,14,1
28,15,3
28,16,3
28,17,3
28,18,3
28,19,4
28,20,4
28,21,1
28,22,1
28,23,1
28,24,4
28,25,4
28,26,4
28,27,4
28,28,1
28,29,1
28,30,1
29,0,4
29,1,4
29,2,4
29,3,4
29,4,4
29,5,4
29,6,1
29,7,1
29,8,1
29,9,1
29,10,1
29,11,1
29,12,1
29,13,1
29,14,1
29,15,3
29,16,3
29,17,3
29,18,3
29,19,4
29,20,4
29,21,1
29,22,1
29,23,1
29,24,4
29,25,4
29,26,4
29,27,4
29,28,4
29,29,1
29,30,1
30,0,4
30,1,4
30,2,4
30,3,4
30,4,4
30,5,4
30,6,1
30,7,1
30,8,1
30,9,1
30,10,1
30,11,1
30,12,1
30,13,1
30,14,1
30,15,3
30,16,3
30,17,3
30,18,3
30,19,4
30,20,4
30,21,1
30,22,1
30,23,1
30,24,4
30,25,4
30,26,4
30,27,4
30,28,4
30,29,1
30,30,1