9
15
8
7
7,2
7,12
7,22
17,2
17,12
17,22
27,2
27,12
27,22
6,7,1
4,7,1
5,7,2
7,8,1
4,6,1
3,6,2
1,2,1
2,5,1
1,4,2
1,3,2
1,5,1
0,1,1
3,4,2
0,3,1
5,8,1
0,0,4
0,1,4
0,2,4
0,3,4
0,4,4
0,5,3
0,6,3
0,7,3
0,8,3
0,9,3
0,10,3
0,11,3
0,12,3
0,13,2
0,14,2
0,15,4
0,16,4
0,17,2
0,18,2
0,19,2
0,20,2
0,21,4
0,22,4
0,23,4
0,24,1
0,25,1
0,26,1
0,27,2
0,28,2
0,29,2
0,30,2
1,0,4
1,1,4
1,2,4
1,3,4
1,4,4
1,5,3
1,6,3
1,7,3
1,8,3
1,9,3
1,10,3
1,11,3
1,12,3
1,13,2
1,14,2
1,15,4
1,16,4
1,17,2
1,18,2
1,19,2
1,20,2
1,21,4
1,22,4
1,23,4
1,24,1
1,25,1
1,26,1
1,27,2
1,28,2
1,29,2
1,30,2
2,0,4
2,1,4
2,2,4
2,3,4
2,4,2
2,5,2
2,6,3
2,7,3
2,8,2
2,9,2
2,10,3
2,11,3
2,12,2
2,13,2
2,14,2
2,15,4
2,16,4
2,17,4
2,18,2
2,19,2
2,20,4
2,21,4
2,22,4
2,23,4
2,24,1
2,25,1
2,26,1
2,27,1
2,28,2
2,29,2
2,30,2
3,0,2
3,1,2
3,2,2
3,3,2
3,4,2
3,5,2
3,6,2
3,7,2
3,8,2
3,9,2
3,10,2
3,11,2
3,12,2
3,13,2
3,14,2
3,15,4
3,16,4
3,17,4
3,18,4
3,19,4
3,20,4
3,21,4
3,22,4
3,23,4
3,24,1
3,25,1
3,26,1
3,27,1
3,28,2
3,29,2
3,30,2
4,0,2
4,1,2
4,2,2
4,3,2
4,4,2
4,5,2
4,6,2
4,7,2
4,8,2
4,9,2
4,10,2
4,11,2
4,12,2
4,13,2
4,14,1
4,15,1
4,16,4
4,17,4
4,18,4
4,19,4
4,20,4
4,21,4
4,22,4
4,23,2
4,24,2
4,25,1
4,26,1
4,27,3
4,28,3
4,29,2
4,30,2
5,0,4
5,1,4
5,2,4
5,3,4
5,4,4
5,5,4
5,6,4
5,7,2
5,8,2
5,9,1
5,10,1
5,11,1
5,12,1
5,13,1
5,14,1
5,15,1
5,16,1
5,17,4
5,18,4
5,19,4
5,20,2
5,21,2
5,22,2
5,23,2
5,24,2
5,25,2
5,26,3
5,27,3
5,28,3
5,29,3
5,30,3
6,0,4
6,1,4
6,2,4
6,3,4
6,4,4
6,5,4
6,6,4
6,7,4
6,8,1
6,9,1
6,10,1
6,11,1
6,12,1
6,13,1
6,14,1
6,15,1
6,16,1
6,17,4
6,18,4
6,19,2
6,20,2
6,21,2
6,22,2
6,23,2
6,24,2
6,25,2
6,26,3
6,27,3
6,28,3
6,29,3
6,30,3
7,0,4
7,1,4
7,2,4
7,3,4
7,4,4
7,5,4
7,6,4
7,7,4
7,8,1
7,9,1
7,10,1
7,11,1
7,12,1
7,13,1
7,14,1
7,15,1
7,16,4
7,17,4
7,18,4
7,19,2
7,20,2
7,21,2
7,22,2
7,23,2
7,24,2
7,25,2
7,26,3
7,27,3
7,28,3
7,29,3
7,30,3
8,0,4
8,1,4
8,2,4
8,3,4
8,4,4
8,5,4
8,6,4
8,7,1
8,8,1
8,9,1
8,10,1
8,11,1
8,12,1
8,13,1
8,14,1
8,15,4
8,16,4
8,17,4
8,18,4
8,19,2
8,20,2
8,21,2
8,22,2
8,23,2
8,24,2
8,25,2
8,26,3
8,27,3
8,28,3
8,29,3
8,30,3
9,0,4
9,1,4
9,2,4
9,3,4
9,4,4
9,5,2
9,6,2
9,7,1
9,8,1
9,9,1
9,10,1
9,11,1
9,12,1
9,13,1
9,14,1
9,15,4
9,16,4
9,17,4
9,18,2
9,19,2
9,20,2
9,21,2
9,22,2
9,23,2
9,24,2
9,25,4
9,26,4
9,27,3
9,28,3
9,29,2
9,30,2
10,0,4
10,1,4
10,2,4
10,3,4
10,4,2
10,5,2
10,6,2
10,7,2
10,8,1
10,9,1
10,10,1
10,11,1
10,12,1
10,13,1
10,14,4
10,15,4
10,16,4
10,17,4
10,18,2
10,19,2
10,20,2
10,21,2
10,22,4
10,23,4
10,24,4
10,25,4
10,26,4
10,27,4
10,28,2
10,29,2
10,30,2
11,0,4
11,1,4
11,2,4
11,3,4
11,4,2
11,5,2
11,6,2
11,7,2
11,8,2
11,9,2
11,10,1
11,11,1
11,12,1
11,13,1
11,14,4
11,15,4
11,16,4
11,17,4
11,18,4
11,19,2
11,20,2
11,21,4
11,22,4
11,23,4
11,24,4
11,25,4
11,26,4
11,27,4
11,28,2
11,29,2
11,30,2
12,0,4
12,1,4
12,2,4
12,3,4
12,4,4
12,5,2
12,6,2
12,7,2
12,8,2
12,9,2
12,10,2
12,11,1
12,12,1
12,13,4
12,14,4
12,15,4
12,16,4
12,17,4
12,18,4
12,19,4
12,20,4
12,21,4
12,22,4
12,23,4
12,24,4
12,25,4
12,26,4
12,27,4
12,28,4
12,29,2
12,30,2
13,0,4
13,1,4
13,2,4
13,3,4
13,4,4
13,5,3
13,6,3
13,7,2
13,8,2
13,9,2
13,10,2
13,11,3
13,12,3
13,13,4
13,14,4
13,15,4
13,16,4
13,17,4
13,18,4
13,19,4
13,20,4
13,21,4
13,22,4
13,23,4
13,24,4
13,25,4
13,26,4
13,27,4
13,28,4
13,29,4
13,30,4
14,0,4
14,1,4
14,2,4
14,3,4
14,4,3
14,5,3
14,6,3
14,7,3
14,8,2
14,9,2
14,10,3
14,11,3
14,12,3
14,13,3
14,14,4
14,15,4
14,16,2
14,17,2
14,18,2
14,19,4
14,20,4
14,21,1
14,22,1
14,23,4
14,24,4
14,25,4
14,26,4
14,27,4
14,28,4
14,29,4
14,30,4
15,0,3
15,1,3
15,2,3
15,3,3
15,4,3
15,5,3
15,6,3
15,7,3
15,8,3
15,9,3
15,10,3
15,11,3
15,12,3
15,13,3
15,14,3
15,15,2
15,16,2
15,17,2
15,18,2
15,19,2
15,20,1
15,21,1
15,22,1
15,23,1
15,24,1
15,25,4
15,26,4
15,27,4
15,28,4
15,29,1
15,30,1
16,0,3
16,1,3
16,2,3
16,3,3
16,4,3
16,5,3
16,6,3
16,7,3
16,8,3
16,9,3
16,10,3
16,11,3
16,12,3
16,13,3
16,14,3
16,15,2
16,16,2
16,17,2
16,18,2
16,19,2
16,20,1
16,21,1
16,22,1
16,23,1
16,24,1
16,25,1
16,26,4
16,27,4
16,28,1
16,29,1
16,30,1
17,0,3
17,1,3
17,2,3
17,3,3
17,4,3
17,5,3
17,6,3
17,7,3
17,8,3
17,9,3
17,10,3
17,11,3
17,12,3
17,13,3
17,14,3
17,15,3
17,16,2
17,17,2
17,18,2
17,19,1
17,20,1
17,21,1
17,22,1
17,23,1
17,24,1
17,25,1
17,26,4
17,27,4
17,28,1
17,29,1
17,30,1
18,0,3
18,1,3
18,2,3
18,3,3
18,4,3
18,5,3
18,6,3
18,7,2
18,8,2
18,9,3
18,10,3
18,11,3
18,12,3
18,13,3
18,14,3
18,15,3
18,16,1
18,17,1
18,18,1
18,19,1
18,20,1
18,21,1
18,22,1
18,23,1
18,24,1
18,25,4
18,26,4
18,27,4
18,28,1
18,29,1
18,30,1
19,0,3
19,1,3
19,2,3
19,3,3
19,4,3
19,5,3
19,6,2
19,7,2
19,8,2
19,9,2
19,10,3
19,11,3
19,12,3
19,13,3
19,14,3
19,15,1
19,16,1
19,17,1
19,18,1
19,19,1
19,20,1
19,21,1
19,22,1
19,23,1
19,24,1
19,25,4
19,26,4
19,27,4
19,28,4
19,29,1
19,30,1
20,0,2
20,1,2
20,2,2
20,3,2
20,4,2
20,5,2
20,6,2
20,7,2
20,8,2
20,9,2
20,10,1
20,11,1
20,12,1
20,13,1
20,14,1
20,15,1
20,16,1
20,17,1
20,18,1
20,19,1
20,20,1
20,21,1
20,22,1
20,23,1
20,24,3
20,25,3
20,26,4
20,27,4
20,28,4
20,29,4
20,30,4
21,0,2
21,1,2
21,2,2
21,3,2
21,4,2
21,5,2
21,6,2
21,7,2
21,8,2
21,9,1
21,10,1
21,11,1
21,12,1
21,13,1
21,14,1
21,15,1
21,16,1
21,17,1
21,18,2
21,19,2
21,20,2
21,21,1
21,22,1
21,23,3
21,24,3
21,25,3
21,26,3
21,27,4
21,28,4
21,29,4
21,30,4
22,0,4
22,1,4
22,2,4
22,3,4
22,4,4
22,5,4
22,6,2
22,7,2
22,8,1
22,9,1
22,10,1
22,11,1
22,12,4
22,13,4
22,14,4
22,15,1
22,16,1
22,17,2
22,18,2
22,19,2
22,20,2
22,21,2
22,22,3
22,23,3
22,24,3
22,25,3
22,26,3
22,27,2
22,28,2
22,29,4
22,30,4
23,0,4
23,1,4
23,2,4
23,3,4
23,4,4
23,5,4
23,6,4
23,7,1
23,8,1
23,9,1
23,10,1
23,11,4
23,12,4
23,13,4
23,14,4
23,15,4
23,16,4
23,17,2
23,18,2
23,19,2
23,20,2
23,21,2
23,22,3
23,23,3
23,24,3
23,25,3
23,26,2
23,27,2
23,28,2
23,29,2
23,30,2
24,0,4
24,1,4
24,2,2
24,3,2
24,4,4
24,5,4
24,6,4
24,7,1
24,8,1
24,9,1
24,10,1
24,11,4
24,12,4
24,13,4
24,14,4
24,15,4
24,16,4
24,17,4
24,18,2
24,19,2
24,20,2
24,21,3
24,22,3
24,23,3
24,24,3
24,25,3
24,26,2
24,27,2
24,28,2
24,29,2
24,30,2
25,0,2
25,1,2
25,2,2
25,3,2
25,4,2
25,5,4
25,6,4
25,7,4
25,8,1
25,9,1
25,10,4
25,11,4
25,12,4
25,13,4
25,14,4
25,15,4
25,16,4
25,17,4
25,18,3
25,19,3
25,20,3
25,21,3
25,22,3
25,23,3
25,24,3
25,25,2
25,26,2
25,27,2
25,28,2
25,29,2
25,30,2
26,0,2
26,1,2
26,2,2
26,3,2
26,4,2
26,5,4
26,6,4
26,7,4
26,8,1
26,9,1
26,10,4
26,11,4
26,12,4
26,13,4
26,14,4
26,15,4
26,16,4
26,17,3
26,18,3
26,19,3
26,20,3
26,21,3
26,22,3
26,23,3
26,24,3
26,25,2
26,26,2
26,27,2
26,28,2
26,29,2
26,30,2
27,0,2
27,1,2
27,2,2
27,3,2
27,4,2
27,5,4
27,6,4
27,7,4
27,8,1
27,9,1
27,10,4
27,11,4
27,12,4
27,13,4
27,14,4
27,15,4
27,16,4
27,17,3
27,18,3
27,19,3
27,20,3
27,21,3
27,22,3
27,23,3
27,24,3
27,25,3
27,26,2
27,27,2
27,28,2
27,29,2
27,30,2
28,0,2
28,1,2
28,2,2
28,3,2
28,4,2
28,5,4
28,6,4
28,7,4
28,8,1
28,9,1
28,10,4
28,11,4
28,12,4
28,13,4
28,14,4
28,15,4
28,16,4
28,17,4
28,18,3
28,19,3
28,20,3
28,21,3
28,22,3
28,23,3
28,24,3
28,25,3
28,26,1
28,27,1
28,28,2
28,29,2
28,30,2
29,0,2
29,1,2
29,2,2
29,3,2
29,4,2
29,5,4
29,6,4
29,7,4
29,8,1
29,9,1
29,10,4
29,11,4
29,12,4
29,13,4
29,14,4
29,15,4
29,16,4
29,17,4
29,18,4
29,19,3
29,20,3
29,21,3
29,22,3
29,23,3
29,24,3
29,25,1
29,26,1
29,27,1
29,28,1
29,29,1
29,30,1
30,0,2
30,1,2
30,2,2
30,3,2
30,4,2
30,5,4
30,6,4
30,7,4
30,8,1
30,9,1
30,10,4
30,11,4
30,12,4
30,13,4
30,14,4
30,15,4
30,16,4
30,17,4
30,18,4
30,19,3
30,20,3
30,21,3
30,22,3
30,23,3
30,24,3
30,25,1
30,26,1
30,27,1
30,28,1
30,29,1
30,30,1