9
15
8
0
2,2
2,12
2,22
12,2
12,12
12,22
22,2
22,12
22,22
0,3,2
0,1,2
0,4,1
7,8,2
4,8,1
5,8,1
3,6,1
3,4,1
6,7,2
4,7,1
1,4,2
1,2,1
4,6,2
2,4,1
2,5,1
0,0,4
0,1,4
0,2,4
0,3,4
0,4,4
0,5,3
0,6,3
0,7,3
0,8,1
0,9,1
0,10,1
0,11,1
0,12,1
0,13,1
0,14,1
0,15,1
0,16,1
0,17,2
0,18,2
0,19,2
0,20,4
0,21,4
0,22,4
0,23,4
0,24,4
0,25,1
0,26,1
0,27,2
0,28,2
0,29,2
0,30,2
1,0,4
1,1,4
1,2,4
1,3,4
1,4,4
1,5,3
1,6,3
1,7,3
1,8,1
1,9,1
1,10,1
1,11,1
1,12,1
1,13,1
1,14,1
1,15,1
1,16,1
1,17,2
1,18,2
1,19,2
1,20,4
1,21,4
1,22,4
1,23,4
1,24,4
1,25,1
1,26,1
1,27,2
1,28,2
1,29,2
1,30,2
2,0,4
2,1,4
2,2,4
2,3,4
2,4,4
2,5,3
2,6,3
2,7,3
2,8,1
2,9,1
2,10,1
2,11,1
2,12,1
2,13,1
2,14,1
2,15,1
2,16,2
2,17,2
2,18,2
2,19,4
2,20,4
2,21,4
2,22,4
2,23,4
2,24,4
2,25,1
2,26,1
2,27,2
2,28,2
2,29,2
2,30,2
3,0,4
3,1,4
3,2,4
3,3,4
3,4,4
3,5,3
3,6,3
3,7,3
3,8,3
3,9,1
3,10,1
3,11,1
3,12,1
3,13,1
3,14,1
3,15,1
3,16,2
3,17,2
3,18,2
3,19,4
3,20,4
3,21,4
3,22,4
3,23,4
3,24,4
3,25,1
3,26,1
3,27,2
3,28,2
3,29,2
3,30,2
4,0,4
4,1,4
4,2,4
4,3,4
4,4,4
4,5,3
4,6,3
4,7,3
4,8,3
4,9,1
4,10,1
4,11,1
4,12,1
4,13,1
4,14,1
4,15,2
4,16,2
4,17,2
4,18,2
4,19,4
4,20,4
4,21,4
4,22,4
4,23,4
4,24,4
4,25,1
4,26,1
4,27,1
4,28,2
4,29,2
4,30,2
5,0,4
5,1,4
5,2,4
5,3,4
5,4,4
5,5,3
5,6,3
5,7,3
5,8,3
5,9,3
5,10,1
5,11,1
5,12,3
5,13,3
5,14,3
5,15,2
5,16,2
5,17,2
5,18,2
5,19,4
5,20,4
5,21,4
5,22,4
5,23,4
5,24,4
5,25,1
5,26,1
5,27,1
5,28,1
5,29,1
5,30,1
6,0,4
6,1,4
6,2,4
6,3,4
6,4,4
6,5,3
6,6,3
6,7,3
6,8,3
6,9,3
6,10,3
6,11,3
6,12,3
6,13,3
6,14,3
6,15,3
6,16,2
6,17,2
6,18,1
6,19,1
6,20,4
6,21,4
6,22,4
6,23,4
6,24,4
6,25,4
6,26,1
6,27,1
6,28,1
6,29,1
6,30,1
7,0,4
7,1,4
7,2,4
7,3,4
7,4,1
7,5,1
7,6,3
7,7,3
7,8,3
7,9,3
7,10,3
7,11,3
7,12,3
7,13,3
7,14,3
7,15,3
7,16,3
7,17,1
7,18,1
7,19,1
7,20,1
7,21,4
7,22,4
7,23,4
7,24,4
7,25,4
7,26,1
7,27,1
7,28,1
7,29,3
7,30,3
8,0,4
8,1,4
8,2,4
8,3,1
8,4,1
8,5,1
8,6,1
8,7,1
8,8,1
8,9,1
8,10,1
8,11,3
8,12,3
8,13,3
8,14,3
8,15,3
8,16,3
8,17,1
8,18,1
8,19,1
8,20,1
8,21,4
8,22,4
8,23,4
8,24,4
8,25,4
8,26,1
8,27,1
8,28,3
8,29,3
8,30,3
9,0,4
9,1,4
9,2,1
9,3,1
9,4,1
9,5,1
9,6,1
9,7,1
9,8,1
9,9,1
9,10,1
9,11,1
9,12,3
9,13,3
9,14,3
9,15,3
9,16,1
9,17,1
9,18,1
9,19,1
9,20,4
9,21,4
9,22,4
9,23,4
9,24,4
9,25,4
9,26,1
9,27,1
9,28,3
9,29,3
9,30,3
10,0,1
10,1,1
10,2,1
10,3,1
10,4,1
10,5,1
10,6,3
10,7,3
10,8,3
10,9,1
10,10,1
10,11,1
10,12,1
10,13,1
10,14,1
10,15,1
10,16,1
10,17,1
10,18,1
10,19,1
10,20,4
10,21,4
10,22,4
10,23,4
10,24,4
10,25,1
10,26,1
10,27,1
10,28,1
10,29,3
10,30,3
11,0,1
11,1,1
11,2,1
11,3,1
11,4,1
11,5,3
11,6,3
11,7,3
11,8,3
11,9,3
11,10,1
11,11,1
11,12,1
11,13,1
11,14,1
11,15,1
11,16,1
11,17,1
11,18,1
11,19,4
11,20,4
11,21,4
11,22,4
11,23,4
11,24,4
11,25,1
11,26,1
11,27,1
11,28,1
11,29,1
11,30,1
12,0,1
12,1,1
12,2,1
12,3,1
12,4,1
12,5,3
12,6,3
12,7,3
12,8,3
12,9,3
12,10,1
12,11,1
12,12,1
12,13,1
12,14,1
12,15,1
12,16,1
12,17,1
12,18,4
12,19,4
12,20,4
12,21,4
12,22,4
12,23,4
12,24,4
12,25,4
12,26,1
12,27,1
12,28,1
12,29,1
12,30,1
13,0,1
13,1,1
13,2,1
13,3,1
13,4,1
13,5,1
13,6,3
13,7,3
13,8,3
13,9,3
13,10,1
13,11,1
13,12,1
13,13,1
13,14,1
13,15,1
13,16,1
13,17,1
13,18,4
13,19,4
13,20,4
13,21,4
13,22,4
13,23,4
13,24,4
13,25,4
13,26,4
13,27,1
13,28,1
13,29,1
13,30,1
14,0,1
14,1,1
14,2,1
14,3,1
14,4,1
14,5,1
14,6,1
14,7,3
14,8,3
14,9,1
14,10,1
14,11,1
14,12,1
14,13,1
14,14,1
14,15,1
14,16,1
14,17,1
14,18,1
14,19,4
14,20,4
14,21,4
14,22,4
14,23,4
14,24,4
14,25,4
14,26,4
14,27,4
14,28,1
14,29,1
14,30,1
15,0,4
15,1,4
15,2,4
15,3,1
15,4,1
15,5,1
15,6,1
15,7,1
15,8,1
15,9,1
15,10,1
15,11,1
15,12,2
15,13,2
15,14,2
15,15,2
15,16,1
15,17,1
15,18,1
15,19,1
15,20,4
15,21,4
15,22,4
15,23,1
15,24,1
15,25,4
15,26,4
15,27,4
15,28,1
15,29,1
15,30,1
16,0,4
16,1,4
16,2,4
16,3,4
16,4,4
16,5,1
16,6,1
16,7,1
16,8,1
16,9,1
16,10,1
16,11,2
16,12,2
16,13,2
16,14,2
16,15,2
16,16,2
16,17,1
16,18,1
16,19,1
16,20,1
16,21,1
16,22,1
16,23,1
16,24,1
16,25,1
16,26,4
16,27,4
16,28,4
16,29,1
16,30,1
17,0,4
17,1,4
17,2,4
17,3,4
17,4,4
17,5,4
17,6,1
17,7,1
17,8,3
17,9,3
17,10,3
17,11,2
17,12,2
17,13,2
17,14,2
17,15,2
17,16,2
17,17,1
17,18,1
17,19,1
17,20,1
17,21,1
17,22,1
17,23,1
17,24,1
17,25,1
17,26,4
17,27,4
17,28,4
17,29,4
17,30,4
18,0,4
18,1,4
18,2,4
18,3,4
18,4,4
18,5,4
18,6,3
18,7,3
18,8,3
18,9,3
18,10,3
18,11,3
18,12,2
18,13,2
18,14,2
18,15,2
18,16,4
18,17,4
18,18,1
18,19,1
18,20,2
18,21,2
18,22,2
18,23,1
18,24,1
18,25,1
18,26,1
18,27,4
18,28,4
18,29,4
18,30,4
19,0,4
19,1,4
19,2,4
19,3,4
19,4,4
19,5,3
19,6,3
19,7,3
19,8,3
19,9,3
19,10,3
19,11,3
19,12,3
19,13,2
19,14,2
19,15,4
19,16,4
19,17,4
19,18,4
19,19,2
19,20,2
19,21,2
19,22,2
19,23,2
19,24,1
19,25,1
19,26,1
19,27,1
19,28,4
19,29,4
19,30,4
20,0,1
20,1,1
20,2,1
20,3,1
20,4,1
20,5,3
20,6,3
20,7,3
20,8,3
20,9,3
20,10,3
20,11,3
20,12,3
20,13,3
20,14,3
20,15,4
20,16,4
20,17,4
20,18,4
20,19,2
20,20,2
20,21,2
20,22,2
20,23,2
20,24,2
20,25,1
20,26,1
20,27,1
20,28,3
20,29,3
20,30,3
21,0,1
21,1,1
21,2,1
21,3,1
21,4,1
21,5,1
21,6,3
21,7,3
21,8,3
21,9,3
21,10,3
21,11,3
21,12,3
21,13,3
21,14,3
21,15,3
21,16,4
21,17,4
21,18,4
21,19,4
21,20,2
21,21,2
21,22,2
21,23,2
21,24,2
21,25,1
21,26,1
21,27,3
21,28,3
21,29,3
21,30,3
22,0,1
22,1,1
22,2,1
22,3,1
22,4,1
22,5,1
22,6,2
22,7,2
22,8,2
22,9,3
22,10,3
22,11,3
22,12,3
22,13,3
22,14,3
22,15,3
22,16,3
22,17,4
22,18,4
22,19,4
22,20,2
22,21,2
22,22,2
22,23,2
22,24,2
22,25,1
22,26,1
22,27,3
22,28,3
22,29,3
22,30,3
23,0,1
23,1,1
23,2,1
23,3,1
23,4,1
23,5,2
23,6,2
23,7,2
23,8,2
23,9,2
23,10,3
23,11,3
23,12,3
23,13,3
23,14,3
23,15,3
23,16,3
23,17,4
23,18,4
23,19,4
23,20,2
23,21,2
23,22,2
23,23,2
23,24,2
23,25,1
23,26,1
23,27,1
23,28,3
23,29,3
23,30,3
24,0,1
24,1,1
24,2,1
24,3,1
24,4,1
24,5,2
24,6,2
24,7,2
24,8,2
24,9,2
24,10,3
24,11,3
24,12,3
24,13,3
24,14,3
24,15,3
24,16,4
24,17,4
24,18,4
24,19,4
24,20,2
24,21,2
24,22,2
24,23,2
24,24,2
24,25,1
24,26,1
24,27,1
24,28,1
24,29,1
24,30,1
25,0,4
25,1,4
25,2,1
25,3,1
25,4,2
25,5,2
25,6,2
25,7,2
25,8,2
25,9,4
25,10,4
25,11,3
25,12,3
25,13,4
25,14,4
25,15,4
25,16,4
25,17,4
25,18,4
25,19,3
25,20,3
25,21,2
25,22,2
25,23,2
25,24,2
25,25,1
25,26,1
25,27,1
25,28,1
25,29,1
25,30,1
26,0,4
26,1,4
26,2,4
26,3,2
26,4,2
26,5,2
26,6,2
26,7,2
26,8,4
26,9,4
26,10,4
26,11,4
26,12,4
26,13,4
26,14,4
26,15,4
26,16,4
26,17,4
26,18,3
26,19,3
26,20,3
26,21,3
26,22,2
26,23,2
26,24,1
26,25,1
26,26,1
26,27,1
26,28,4
26,29,4
26,30,4
27,0,4
27,1,4
27,2,4
27,3,2
27,4,2
27,5,2
27,6,2
27,7,4
27,8,4
27,9,4
27,10,4
27,11,4
27,12,4
27,13,4
27,14,4
27,15,4
27,16,4
27,17,4
27,18,3
27,19,3
27,20,3
27,21,3
27,22,1
27,23,1
27,24,1
27,25,1
27,26,1
27,27,4
27,28,4
27,29,4
27,30,4
28,0,4
28,1,4
28,2,1
28,3,1
28,4,2
28,5,2
28,6,4
28,7,4
28,8,4
28,9,4
28,10,4
28,11,4
28,12,4
28,13,4
28,14,4
28,15,4
28,16,4
28,17,1
28,18,1
28,19,3
28,20,3
28,21,1
28,22,1
28,23,1
28,24,1
28,25,1
28,26,1
28,27,4
28,28,4
28,29,4
28,30,4
29,0,1
29,1,1
29,2,1
29,3,1
29,4,1
29,5,4
29,6,4
29,7,4
29,8,4
29,9,4
29,10,4
29,11,4
29,12,4
29,13,4
29,14,4
29,15,4
29,16,1
29,17,1
29,18,1
29,19,1
29,20,1
29,21,1
29,22,1
29,23,1
29,24,1
29,25,1
29,26,1
29,27,1
29,28,4
29,29,4
29,30,4
30,0,1
30,1,1
30,2,1
30,3,1
30,4,1
30,5,4
30,6,4
30,7,4
30,8,4
30,9,4
30,10,4
30,11,4
30,12,4
30,13,4
30,14,4
30,15,4
30,16,1
30,17,1
30,18,1
30,19,1
30,20,1
30,21,1
30,22,1
30,23,1
30,24,1
30,25,1
30,26,1
30,27,1
30,28,4
30,29,4
30,30,4