9
15
8
4
2,2
2,12
2,22
12,2
12,12
12,22
22,2
22,12
22,22
3,4,2
4,5,1
4,8,1
0,4,2
1,4,1
3,6,1
3,7,1
0,3,1
6,7,2
7,8,1
2,5,2
5,8,1
1,5,1
1,2,1
0,1,2
0,0,4
0,1,4
0,2,4
0,3,4
0,4,4
0,5,2
0,6,2
0,7,2
0,8,2
0,9,1
0,10,1
0,11,1
0,12,1
0,13,1
0,14,1
0,15,1
0,16,4
0,17,4
0,18,4
0,19,4
0,20,2
0,21,2
0,22,2
0,23,2
0,24,2
0,25,2
0,26,4
0,27,4
0,28,4
0,29,4
0,30,4
1,0,4
1,1,4
1,2,4
1,3,4
1,4,4
1,5,2
1,6,2
1,7,2
1,8,2
1,9,1
1,10,1
1,11,1
1,12,1
1,13,1
1,14,1
1,15,1
1,16,4
1,17,4
1,18,4
1,19,4
1,20,2
1,21,2
1,22,2
1,23,2
1,24,2
1,25,2
1,26,4
1,27,4
1,28,4
1,29,4
1,30,4
2,0,4
2,1,4
2,2,4
2,3,4
2,4,4
2,5,4
2,6,2
2,7,2
2,8,1
2,9,1
2,10,1
2,11,1
2,12,1
2,13,1
2,14,1
2,15,1
2,16,1
2,17,4
2,18,4
2,19,2
2,20,2
2,21,2
2,22,2
2,23,2
2,24,2
2,25,2
2,26,2
2,27,4
2,28,4
2,29,4
2,30,4
3,0,4
3,1,4
3,2,4
3,3,4
3,4,4
3,5,4
3,6,4
3,7,1
3,8,1
3,9,1
3,10,1
3,11,1
3,12,1
3,13,1
3,14,1
3,15,1
3,16,1
3,17,3
3,18,3
3,19,2
3,20,2
3,21,2
3,22,2
3,23,2
3,24,2
3,25,2
3,26,2
3,27,2
3,28,4
3,29,4
3,30,4
4,0,4
4,1,4
4,2,4
4,3,4
4,4,4
4,5,4
4,6,4
4,7,1
4,8,1
4,9,1
4,10,1
4,11,1
4,12,1
4,13,1
4,14,1
4,15,1
4,16,3
4,17,3
4,18,3
4,19,3
4,20,2
4,21,2
4,22,2
4,23,2
4,24,2
4,25,2
4,26,2
4,27,2
4,28,3
4,29,3
4,30,3
5,0,4
5,1,4
5,2,4
5,3,4
5,4,4
5,5,4
5,6,4
5,7,1
5,8,1
5,9,1
5,10,1
5,11,1
5,12,1
5,13,4
5,14,4
5,15,4
5,16,3
5,17,3
5,18,3
5,19,3
5,20,4
5,21,4
5,22,2
5,23,2
5,24,2
5,25,2
5,26,2
5,27,3
5,28,3
5,29,3
5,30,3
6,0,3
6,1,3
6,2,4
6,3,4
6,4,4
6,5,4
6,6,3
6,7,3
6,8,1
6,9,1
6,10,1
6,11,1
6,12,4
6,13,4
6,14,4
6,15,4
6,16,4
6,17,3
6,18,3
6,19,4
6,20,4
6,21,4
6,22,4
6,23,2
6,24,2
6,25,2
6,26,2
6,27,3
6,28,3
6,29,3
6,30,3
7,0,3
7,1,3
7,2,3
7,3,4
7,4,4
7,5,3
7,6,3
7,7,3
7,8,3
7,9,1
7,10,1
7,11,1
7,12,4
7,13,4
7,14,4
7,15,4
7,16,4
7,17,4
7,18,4
7,19,4
7,20,4
7,21,4
7,22,4
7,23,2
7,24,2
7,25,2
7,26,2
7,27,3
7,28,3
7,29,3
7,30,3
8,0,3
8,1,3
8,2,3
8,3,1
8,4,1
8,5,3
8,6,3
8,7,3
8,8,3
8,9,1
8,10,1
8,11,1
8,12,4
8,13,4
8,14,4
8,15,4
8,16,4
8,17,4
8,18,4
8,19,4
8,20,4
8,21,4
8,22,1
8,23,1
8,24,2
8,25,2
8,26,3
8,27,3
8,28,3
8,29,3
8,30,3
9,0,3
9,1,3
9,2,1
9,3,1
9,4,1
9,5,1
9,6,3
9,7,3
9,8,1
9,9,1
9,10,1
9,11,1
9,12,1
9,13,4
9,14,4
9,15,1
9,16,1
9,17,1
9,18,1
9,19,1
9,20,1
9,21,1
9,22,1
9,23,1
9,24,1
9,25,3
9,26,3
9,27,3
9,28,3
9,29,3
9,30,3
10,0,1
10,1,1
10,2,1
10,3,1
10,4,1
10,5,1
10,6,4
10,7,4
10,8,1
10,9,1
10,10,1
10,11,1
10,12,1
10,13,1
10,14,1
10,15,1
10,16,1
10,17,1
10,18,1
10,19,1
10,20,1
10,21,1
10,22,1
10,23,1
10,24,1
10,25,3
10,26,3
10,27,3
10,28,3
10,29,3
10,30,3
11,0,1
11,1,1
11,2,1
11,3,1
11,4,1
11,5,4
11,6,4
11,7,4
11,8,4
11,9,1
11,10,1
11,11,1
11,12,1
11,13,1
11,14,1
11,15,1
11,16,1
11,17,2
11,18,2
11,19,1
11,20,1
11,21,1
11,22,1
11,23,1
11,24,1
11,25,3
11,26,3
11,27,3
11,28,3
11,29,3
11,30,3
12,0,1
12,1,1
12,2,1
12,3,1
12,4,1
12,5,4
12,6,4
12,7,4
12,8,4
12,9,1
12,10,1
12,11,1
12,12,1
12,13,1
12,14,1
12,15,1
12,16,2
12,17,2
12,18,2
12,19,2
12,20,1
12,21,1
12,22,1
12,23,1
12,24,1
12,25,3
12,26,3
12,27,3
12,28,3
12,29,4
12,30,4
13,0,1
13,1,1
13,2,1
13,3,1
13,4,1
13,5,1
13,6,4
13,7,4
13,8,1
13,9,1
13,10,1
13,11,1
13,12,1
13,13,1
13,14,1
13,15,1
13,16,2
13,17,2
13,18,2
13,19,2
13,20,1
13,21,1
13,22,1
13,23,1
13,24,1
13,25,1
13,26,3
13,27,3
13,28,4
13,29,4
13,30,4
14,0,1
14,1,1
14,2,1
14,3,1
14,4,1
14,5,1
14,6,4
14,7,4
14,8,1
14,9,1
14,10,1
14,11,1
14,12,1
14,13,1
14,14,1
14,15,1
14,16,1
14,17,2
14,18,2
14,19,1
14,20,1
14,21,1
14,22,1
14,23,1
14,24,1
14,25,1
14,26,1
14,27,4
14,28,4
14,29,4
14,30,4
15,0,4
15,1,4
15,2,4
15,3,1
15,4,1
15,5,4
15,6,4
15,7,4
15,8,4
15,9,1
15,10,1
15,11,1
15,12,1
15,13,1
15,14,1
15,15,1
15,16,1
15,17,1
15,18,1
15,19,1
15,20,1
15,21,1
15,22,4
15,23,4
15,24,1
15,25,1
15,26,1
15,27,4
15,28,4
15,29,4
15,30,4
16,0,4
16,1,4
16,2,4
16,3,4
16,4,4
16,5,4
16,6,4
16,7,4
16,8,4
16,9,1
16,10,1
16,11,1
16,12,1
16,13,2
16,14,2
16,15,1
16,16,1
16,17,1
16,18,1
16,19,1
16,20,1
16,21,4
16,22,4
16,23,4
16,24,4
16,25,1
16,26,1
16,27,4
16,28,4
16,29,4
16,30,4
17,0,4
17,1,4
17,2,4
17,3,4
17,4,4
17,5,4
17,6,4
17,7,4
17,8,2
17,9,2
17,10,1
17,11,1
17,12,2
17,13,2
17,14,2
17,15,2
17,16,1
17,17,1
17,18,1
17,19,4
17,20,4
17,21,4
17,22,4
17,23,4
17,24,4
17,25,1
17,26,1
17,27,4
17,28,4
17,29,4
17,30,4
18,0,2
18,1,2
18,2,2
18,3,2
18,4,2
18,5,2
18,6,2
18,7,2
18,8,2
18,9,2
18,10,2
18,11,2
18,12,2
18,13,2
18,14,2
18,15,2
18,16,4
18,17,4
18,18,4
18,19,4
18,20,4
18,21,4
18,22,4
18,23,4
18,24,1
18,25,1
18,26,1
18,27,4
18,28,4
18,29,4
18,30,4
19,0,2
19,1,2
19,2,2
19,3,2
19,4,2
19,5,2
19,6,2
19,7,2
19,8,2
19,9,2
19,10,2
19,11,2
19,12,2
19,13,2
19,14,2
19,15,4
19,16,4
19,17,4
19,18,4
19,19,4
19,20,4
19,21,4
19,22,4
19,23,1
19,24,1
19,25,1
19,26,1
19,27,4
19,28,4
19,29,4
19,30,4
20,0,2
20,1,2
20,2,2
20,3,2
20,4,2
20,5,2
20,6,1
20,7,1
20,8,2
20,9,2
20,10,4
20,11,4
20,12,4
20,13,4
20,14,4
20,15,4
20,16,4
20,17,4
20,18,4
20,19,4
20,20,1
20,21,1
20,22,1
20,23,1
20,24,1
20,25,1
20,26,3
20,27,3
20,28,4
20,29,4
20,30,4
21,0,2
21,1,2
21,2,2
21,3,2
21,4,2
21,5,1
21,6,1
21,7,1
21,8,1
21,9,4
21,10,4
21,11,4
21,12,4
21,13,4
21,14,4
21,15,4
21,16,4
21,17,4
21,18,4
21,19,1
21,20,1
21,21,1
21,22,1
21,23,1
21,24,1
21,25,3
21,26,3
21,27,3
21,28,3
21,29,4
21,30,4
22,0,2
22,1,2
22,2,2
22,3,2
22,4,2
22,5,1
22,6,1
22,7,1
22,8,1
22,9,4
22,10,4
22,11,4
22,12,4
22,13,4
22,14,4
22,15,4
22,16,4
22,17,4
22,18,4
22,19,1
22,20,1
22,21,1
22,22,1
22,23,1
22,24,1
22,25,3
22,26,3
22,27,3
22,28,3
22,29,3
22,30,3
23,0,2
23,1,2
23,2,2
23,3,2
23,4,2
23,5,1
23,6,1
23,7,1
23,8,1
23,9,4
23,10,4
23,11,4
23,12,4
23,13,4
23,14,4
23,15,4
23,16,4
23,17,4
23,18,4
23,19,1
23,20,1
23,21,1
23,22,1
23,23,1
23,24,1
23,25,3
23,26,3
23,27,3
23,28,3
23,29,3
23,30,3
24,0,2
24,1,2
24,2,2
24,3,2
24,4,2
24,5,2
24,6,1
24,7,1
24,8,3
24,9,3
24,10,4
24,11,4
24,12,4
24,13,4
24,14,4
24,15,4
24,16,4
24,17,4
24,18,1
24,19,1
24,20,1
24,21,1
24,22,1
24,23,1
24,24,1
24,25,1
24,26,3
24,27,3
24,28,3
24,29,3
24,30,3
25,0,1
25,1,1
25,2,2
25,3,2
25,4,2
25,5,2
25,6,2
25,7,3
25,8,3
25,9,3
25,10,3
25,11,4
25,12,4
25,13,2
25,14,2
25,15,4
25,16,4
25,17,1
25,18,1
25,19,1
25,20,1
25,21,1
25,22,1
25,23,1
25,24,1
25,25,1
25,26,1
25,27,1
25,28,1
25,29,3
25,30,3
26,0,1
26,1,1
26,2,1
26,3,2
26,4,2
26,5,2
26,6,2
26,7,3
26,8,3
26,9,3
26,10,3
26,11,3
26,12,2
26,13,2
26,14,2
26,15,2
26,16,1
26,17,1
26,18,1
26,19,1
26,20,1
26,21,4
26,22,4
26,23,1
26,24,1
26,25,1
26,26,1
26,27,1
26,28,1
26,29,1
26,30,1
27,0,1
27,1,1
27,2,1
27,3,1
27,4,2
27,5,2
27,6,3
27,7,3
27,8,3
27,9,3
27,10,3
27,11,3
27,12,2
27,13,2
27,14,2
27,15,2
27,16,1
27,17,1
27,18,1
27,19,1
27,20,4
27,21,4
27,22,4
27,23,4
27,24,1
27,25,1
27,26,1
27,27,1
27,28,1
27,29,1
27,30,1
28,0,1
28,1,1
28,2,1
28,3,1
28,4,1
28,5,3
28,6,3
28,7,3
28,8,3
28,9,3
28,10,3
28,11,1
28,12,1
28,13,2
28,14,2
28,15,2
28,16,2
28,17,1
28,18,1
28,19,1
28,20,4
28,21,4
28,22,4
28,23,4
28,24,2
28,25,2
28,26,2
28,27,2
28,28,1
28,29,1
28,30,1
29,0,1
29,1,1
29,2,1
29,3,1
29,4,1
29,5,3
29,6,3
29,7,3
29,8,3
29,9,3
29,10,1
29,11,1
29,12,1
29,13,1
29,14,2
29,15,2
29,16,2
29,17,1
29,18,1
29,19,1
29,20,1
29,21,4
29,22,4
29,23,2
29,24,2
29,25,2
29,26,2
29,27,2
29,28,2
29,29,1
29,30,1
30,0,1
30,1,1
30,2,1
30,3,1
30,4,1
30,5,3
30,6,3
30,7,3
30,8,3
30,9,3
30,10,1
30,11,1
30,12,1
30,13,1
30,14,2
30,15,2
30,16,2
30,17,1
30,18,1
30,19,1
30,20,1
30,21,4
30,22,4
30,23,2
30,24,2
30,25,2
30,26,2
30,27,2
30,28,2
30,29,1
30,30,1