9
15
12
8
2,2
2,22
7,12
17,2
17,12
17,22
27,2
27,12
27,22
4,8,2
7,8,1
5,8,2
3,4,1
2,4,1
4,7,2
4,6,1
4,5,1
0,3,4
2,3,1
3,6,1
0,1,3
1,5,3
2,5,2
6,7,1
0,0,4
0,1,4
0,2,4
0,3,4
0,4,4
0,5,4
0,6,4
0,7,4
0,8,4
0,9,4
0,10,1
0,11,1
0,12,1
0,13,1
0,14,1
0,15,1
0,16,4
0,17,4
0,18,4
0,19,4
0,20,4
0,21,4
0,22,4
0,23,4
0,24,4
0,25,4
0,26,4
0,27,4
0,28,4
0,29,4
0,30,4
1,0,4
1,1,4
1,2,4
1,3,4
1,4,4
1,5,4
1,6,4
1,7,4
1,8,4
1,9,4
1,10,1
1,11,1
1,12,1
1,13,1
1,14,1
1,15,1
1,16,4
1,17,4
1,18,4
1,19,4
1,20,4
1,21,4
1,22,4
1,23,4
1,24,4
1,25,4
1,26,4
1,27,4
1,28,4
1,29,4
1,30,4
2,0,4
2,1,4
2,2,4
2,3,4
2,4,4
2,5,4
2,6,4
2,7,4
2,8,4
2,9,4
2,10,1
2,11,1
2,12,1
2,13,1
2,14,1
2,15,4
2,16,4
2,17,4
2,18,4
2,19,4
2,20,4
2,21,4
2,22,4
2,23,4
2,24,4
2,25,4
2,26,4
2,27,4
2,28,4
2,29,4
2,30,4
3,0,4
3,1,4
3,2,4
3,3,4
3,4,4
3,5,4
3,6,4
3,7,4
3,8,4
3,9,3
3,10,3
3,11,1
3,12,1
3,13,1
3,14,4
3,15,4
3,16,4
3,17,4
3,18,4
3,19,4
3,20,4
3,21,4
3,22,4
3,23,4
3,24,4
3,25,4
3,26,4
3,27,4
3,28,4
3,29,4
3,30,4
4,0,4
4,1,4
4,2,4
4,3,4
4,4,4
4,5,4
4,6,3
4,7,3
4,8,3
4,9,3
4,10,3
4,11,3
4,12,3
4,13,3
4,14,4
4,15,4
4,16,4
4,17,4
4,18,3
4,19,3
4,20,4
4,21,4
4,22,4
4,23,4
4,24,4
4,25,4
4,26,2
4,27,2
4,28,2
4,29,2
4,30,2
5,0,2
5,1,2
5,2,2
5,3,4
5,4,4
5,5,3
5,6,3
5,7,3
5,8,3
5,9,3
5,10,3
5,11,3
5,12,3
5,13,3
5,14,3
5,15,4
5,16,4
5,17,3
5,18,3
5,19,3
5,20,3
5,21,3
5,22,3
5,23,4
5,24,4
5,25,2
5,26,2
5,27,2
5,28,2
5,29,2
5,30,2
6,0,2
6,1,2
6,2,2
6,3,2
6,4,2
6,5,3
6,6,3
6,7,3
6,8,3
6,9,3
6,10,3
6,11,3
6,12,3
6,13,3
6,14,3
6,15,4
6,16,4
6,17,3
6,18,3
6,19,3
6,20,3
6,21,3
6,22,3
6,23,3
6,24,3
6,25,2
6,26,2
6,27,2
6,28,2
6,29,4
6,30,4
7,0,2
7,1,2
7,2,2
7,3,2
7,4,2
7,5,2
7,6,3
7,7,3
7,8,3
7,9,3
7,10,3
7,11,3
7,12,3
7,13,3
7,14,3
7,15,4
7,16,4
7,17,4
7,18,3
7,19,3
7,20,3
7,21,3
7,22,3
7,23,3
7,24,3
7,25,3
7,26,2
7,27,2
7,28,4
7,29,4
7,30,4
8,0,3
8,1,3
8,2,2
8,3,2
8,4,2
8,5,2
8,6,4
8,7,4
8,8,4
8,9,3
8,10,3
8,11,3
8,12,3
8,13,3
8,14,3
8,15,4
8,16,4
8,17,4
8,18,4
8,19,3
8,20,3
8,21,3
8,22,3
8,23,3
8,24,3
8,25,3
8,26,3
8,27,3
8,28,4
8,29,4
8,30,4
9,0,3
9,1,3
9,2,3
9,3,2
9,4,2
9,5,4
9,6,4
9,7,4
9,8,4
9,9,4
9,10,3
9,11,3
9,12,3
9,13,3
9,14,3
9,15,4
9,16,4
9,17,4
9,18,4
9,19,4
9,20,3
9,21,3
9,22,2
9,23,2
9,24,3
9,25,3
9,26,3
9,27,3
9,28,3
9,29,4
9,30,4
10,0,3
10,1,3
10,2,3
10,3,3
10,4,3
10,5,4
10,6,4
10,7,4
10,8,4
10,9,4
10,10,3
10,11,3
10,12,3
10,13,3
10,14,4
10,15,4
10,16,4
10,17,4
10,18,4
10,19,4
10,20,2
10,21,2
10,22,2
10,23,2
10,24,2
10,25,3
10,26,3
10,27,3
10,28,3
10,29,4
10,30,4
11,0,3
11,1,3
11,2,3
11,3,3
11,4,3
11,5,3
11,6,4
11,7,4
11,8,4
11,9,3
11,10,3
11,11,3
11,12,3
11,13,4
11,14,4
11,15,4
11,16,4
11,17,4
11,18,4
11,19,2
11,20,2
11,21,2
11,22,2
11,23,2
11,24,2
11,25,3
11,26,3
11,27,3
11,28,3
11,29,4
11,30,4
12,0,3
12,1,3
12,2,3
12,3,3
12,4,3
12,5,3
12,6,3
12,7,3
12,8,3
12,9,3
12,10,3
12,11,3
12,12,4
12,13,4
12,14,4
12,15,4
12,16,4
12,17,4
12,18,2
12,19,2
12,20,2
12,21,2
12,22,2
12,23,2
12,24,2
12,25,2
12,26,3
12,27,3
12,28,4
12,29,4
12,30,4
13,0,3
13,1,3
13,2,3
13,3,3
13,4,3
13,5,3
13,6,3
13,7,3
13,8,3
13,9,3
13,10,3
13,11,3
13,12,4
13,13,4
13,14,4
13,15,4
13,16,3
13,17,3
13,18,2
13,19,2
13,20,2
13,21,2
13,22,2
13,23,2
13,24,2
13,25,2
13,26,2
13,27,2
13,28,4
13,29,4
13,30,4
14,0,3
14,1,3
14,2,4
14,3,4
14,4,3
14,5,3
14,6,1
14,7,1
14,8,1
14,9,3
14,10,3
14,11,4
14,12,4
14,13,4
14,14,4
14,15,3
14,16,3
14,17,3
14,18,3
14,19,2
14,20,2
14,21,1
14,22,1
14,23,2
14,24,2
14,25,2
14,26,2
14,27,2
14,28,2
14,29,4
14,30,4
15,0,4
15,1,4
15,2,4
15,3,4
15,4,4
15,5,1
15,6,1
15,7,1
15,8,1
15,9,1
15,10,4
15,11,4
15,12,4
15,13,4
15,14,4
15,15,3
15,16,3
15,17,3
15,18,3
15,19,1
15,20,1
15,21,1
15,22,1
15,23,1
15,24,1
15,25,1
15,26,2
15,27,2
15,28,2
15,29,2
15,30,2
16,0,4
16,1,4
16,2,4
16,3,4
16,4,4
16,5,1
16,6,1
16,7,1
16,8,1
16,9,1
16,10,4
16,11,4
16,12,4
16,13,4
16,14,4
16,15,4
16,16,3
16,17,3
16,18,1
16,19,1
16,20,1
16,21,1
16,22,1
16,23,1
16,24,1
16,25,1
16,26,1
16,27,2
16,28,2
16,29,2
16,30,2
17,0,4
17,1,4
17,2,4
17,3,4
17,4,4
17,5,1
17,6,1
17,7,1
17,8,1
17,9,4
17,10,4
17,11,4
17,12,4
17,13,4
17,14,4
17,15,4
17,16,1
17,17,1
17,18,1
17,19,1
17,20,1
17,21,1
17,22,1
17,23,1
17,24,1
17,25,1
17,26,1
17,27,4
17,28,4
17,29,4
17,30,4
18,0,4
18,1,4
18,2,4
18,3,4
18,4,4
18,5,1
18,6,1
18,7,1
18,8,4
18,9,4
18,10,4
18,11,4
18,12,4
18,13,4
18,14,4
18,15,1
18,16,1
18,17,1
18,18,1
18,19,1
18,20,1
18,21,1
18,22,1
18,23,1
18,24,1
18,25,1
18,26,4
18,27,4
18,28,4
18,29,4
18,30,4
19,0,4
19,1,4
19,2,4
19,3,4
19,4,4
19,5,1
19,6,1
19,7,1
19,8,4
19,9,4
19,10,4
19,11,4
19,12,4
19,13,4
19,14,4
19,15,1
19,16,1
19,17,1
19,18,1
19,19,1
19,20,1
19,21,1
19,22,1
19,23,1
19,24,1
19,25,4
19,26,4
19,27,4
19,28,4
19,29,4
19,30,4
20,0,4
20,1,4
20,2,4
20,3,4
20,4,1
20,5,1
20,6,1
20,7,1
20,8,1
20,9,4
20,10,4
20,11,4
20,12,4
20,13,4
20,14,4
20,15,4
20,16,1
20,17,1
20,18,2
20,19,2
20,20,2
20,21,2
20,22,2
20,23,2
20,24,2
20,25,4
20,26,4
20,27,4
20,28,4
20,29,4
20,30,4
21,0,4
21,1,4
21,2,4
21,3,4
21,4,1
21,5,1
21,6,1
21,7,1
21,8,1
21,9,1
21,10,4
21,11,4
21,12,4
21,13,4
21,14,4
21,15,4
21,16,4
21,17,2
21,18,2
21,19,2
21,20,2
21,21,2
21,22,2
21,23,2
21,24,2
21,25,2
21,26,4
21,27,4
21,28,2
21,29,2
21,30,2
22,0,4
22,1,4
22,2,4
22,3,4
22,4,4
22,5,1
22,6,1
22,7,1
22,8,1
22,9,1
22,10,4
22,11,4
22,12,4
22,13,4
22,14,4
22,15,4
22,16,4
22,17,2
22,18,2
22,19,2
22,20,4
22,21,4
22,22,4
22,23,2
22,24,2
22,25,2
22,26,2
22,27,2
22,28,2
22,29,2
22,30,2
23,0,4
23,1,4
23,2,4
23,3,4
23,4,4
23,5,4
23,6,1
23,7,1
23,8,1
23,9,4
23,10,4
23,11,4
23,12,4
23,13,4
23,14,4
23,15,4
23,16,4
23,17,2
23,18,2
23,19,4
23,20,4
23,21,4
23,22,4
23,23,4
23,24,2
23,25,2
23,26,2
23,27,2
23,28,2
23,29,2
23,30,2
24,0,4
24,1,4
24,2,4
24,3,4
24,4,4
24,5,4
24,6,3
24,7,3
24,8,3
24,9,4
24,10,4
24,11,4
24,12,4
24,13,4
24,14,4
24,15,4
24,16,2
24,17,2
24,18,2
24,19,4
24,20,4
24,21,4
24,22,4
24,23,4
24,24,4
24,25,4
24,26,2
24,27,2
24,28,2
24,29,2
24,30,2
25,0,4
25,1,4
25,2,4
25,3,4
25,4,4
25,5,3
25,6,3
25,7,3
25,8,3
25,9,3
25,10,4
25,11,4
25,12,4
25,13,4
25,14,4
25,15,4
25,16,2
25,17,2
25,18,2
25,19,4
25,20,4
25,21,4
25,22,4
25,23,4
25,24,4
25,25,4
25,26,4
25,27,2
25,28,2
25,29,2
25,30,2
26,0,4
26,1,4
26,2,4
26,3,4
26,4,4
26,5,3
26,6,3
26,7,3
26,8,3
26,9,3
26,10,4
26,11,4
26,12,4
26,13,4
26,14,4
26,15,4
26,16,2
26,17,2
26,18,4
26,19,4
26,20,4
26,21,4
26,22,4
26,23,4
26,24,4
26,25,4
26,26,4
26,27,2
26,28,2
26,29,2
26,30,2
27,0,4
27,1,4
27,2,4
27,3,4
27,4,4
27,5,4
27,6,3
27,7,3
27,8,3
27,9,3
27,10,4
27,11,4
27,12,4
27,13,4
27,14,4
27,15,2
27,16,2
27,17,2
27,18,4
27,19,4
27,20,4
27,21,4
27,22,4
27,23,4
27,24,4
27,25,4
27,26,2
27,27,2
27,28,2
27,29,2
27,30,2
28,0,4
28,1,4
28,2,4
28,3,4
28,4,4
28,5,4
28,6,3
28,7,3
28,8,3
28,9,4
28,10,4
28,11,4
28,12,4
28,13,4
28,14,4
28,15,2
28,16,2
28,17,2
28,18,2
28,19,4
28,20,4
28,21,4
28,22,4
28,23,4
28,24,4
28,25,4
28,26,2
28,27,2
28,28,2
28,29,1
28,30,1
29,0,4
29,1,4
29,2,4
29,3,4
29,4,4
29,5,3
29,6,3
29,7,3
29,8,3
29,9,4
29,10,4
29,11,4
29,12,4
29,13,4
29,14,4
29,15,2
29,16,2
29,17,2
29,18,2
29,19,4
29,20,4
29,21,4
29,22,4
29,23,4
29,24,4
29,25,4
29,26,2
29,27,2
29,28,1
29,29,1
29,30,1
30,0,4
30,1,4
30,2,4
30,3,4
30,4,4
30,5,3
30,6,3
30,7,3
30,8,3
30,9,4
30,10,4
30,11,4
30,12,4
30,13,4
30,14,4
30,15,2
30,16,2
30,17,2
30,18,2
30,19,4
30,20,4
30,21,4
30,22,4
30,23,4
30,24,4
30,25,4
30,26,2
30,27,2
30,28,1
30,29,1
30,30,1