8
13
11
2
2,12
2,27
12,2
12,12
12,22
22,2
22,12
22,22
2,3,2
0,2,2
2,5,1
0,3,2
3,4,2
3,5,1
3,6,1
3,7,1
0,4,2
0,1,4
4,7,1
5,6,1
6,7,1
0,0,3
0,1,3
0,2,2
0,3,2
0,4,2
0,5,2
0,6,4
0,7,4
0,8,4
0,9,4
0,10,4
0,11,4
0,12,4
0,13,4
0,14,4
0,15,4
0,16,3
0,17,3
0,18,3
0,19,3
0,20,4
0,21,4
0,22,4
0,23,4
0,24,4
0,25,4
0,26,4
0,27,4
0,28,4
0,29,4
0,30,4
1,0,3
1,1,3
1,2,2
1,3,2
1,4,2
1,5,2
1,6,4
1,7,4
1,8,4
1,9,4
1,10,4
1,11,4
1,12,4
1,13,4
1,14,4
1,15,4
1,16,3
1,17,3
1,18,3
1,19,3
1,20,4
1,21,4
1,22,4
1,23,4
1,24,4
1,25,4
1,26,4
1,27,4
1,28,4
1,29,4
1,30,4
2,0,3
2,1,3
2,2,2
2,3,2
2,4,2
2,5,2
2,6,4
2,7,4
2,8,4
2,9,4
2,10,4
2,11,4
2,12,4
2,13,4
2,14,4
2,15,4
2,16,4
2,17,3
2,18,3
2,19,4
2,20,4
2,21,4
2,22,4
2,23,4
2,24,4
2,25,4
2,26,4
2,27,4
2,28,4
2,29,4
2,30,4
3,0,3
3,1,3
3,2,3
3,3,2
3,4,2
3,5,1
3,6,1
3,7,4
3,8,4
3,9,4
3,10,4
3,11,4
3,12,4
3,13,4
3,14,4
3,15,4
3,16,4
3,17,4
3,18,4
3,19,4
3,20,4
3,21,4
3,22,4
3,23,4
3,24,4
3,25,4
3,26,4
3,27,4
3,28,4
3,29,4
3,30,4
4,0,3
4,1,3
4,2,3
4,3,3
4,4,1
4,5,1
4,6,1
4,7,1
4,8,1
4,9,4
4,10,4
4,11,4
4,12,4
4,13,4
4,14,4
4,15,4
4,16,4
4,17,4
4,18,4
4,19,4
4,20,4
4,21,4
4,22,4
4,23,4
4,24,4
4,25,4
4,26,4
4,27,4
4,28,4
4,29,4
4,30,4
5,0,3
5,1,3
5,2,3
5,3,3
5,4,1
5,5,1
5,6,1
5,7,1
5,8,1
5,9,1
5,10,4
5,11,4
5,12,4
5,13,4
5,14,4
5,15,4
5,16,4
5,17,4
5,18,1
5,19,1
5,20,4
5,21,4
5,22,4
5,23,4
5,24,4
5,25,4
5,26,1
5,27,1
5,28,4
5,29,4
5,30,4
6,0,3
6,1,3
6,2,3
6,3,3
6,4,3
6,5,1
6,6,1
6,7,1
6,8,1
6,9,1
6,10,1
6,11,1
6,12,1
6,13,1
6,14,1
6,15,1
6,16,1
6,17,1
6,18,1
6,19,1
6,20,1
6,21,1
6,22,1
6,23,1
6,24,1
6,25,1
6,26,1
6,27,1
6,28,1
6,29,4
6,30,4
7,0,3
7,1,3
7,2,3
7,3,3
7,4,3
7,5,4
7,6,4
7,7,4
7,8,1
7,9,1
7,10,1
7,11,1
7,12,1
7,13,1
7,14,1
7,15,1
7,16,1
7,17,1
7,18,1
7,19,1
7,20,1
7,21,1
7,22,1
7,23,1
7,24,1
7,25,1
7,26,1
7,27,1
7,28,1
7,29,3
7,30,3
8,0,3
8,1,3
8,2,3
8,3,3
8,4,4
8,5,4
8,6,4
8,7,4
8,8,4
8,9,4
8,10,4
8,11,4
8,12,4
8,13,4
8,14,4
8,15,4
8,16,4
8,17,1
8,18,1
8,19,1
8,20,1
8,21,1
8,22,1
8,23,1
8,24,2
8,25,2
8,26,1
8,27,1
8,28,3
8,29,3
8,30,3
9,0,3
9,1,3
9,2,1
9,3,1
9,4,4
9,5,4
9,6,4
9,7,4
9,8,4
9,9,4
9,10,4
9,11,4
9,12,4
9,13,4
9,14,4
9,15,4
9,16,4
9,17,4
9,18,1
9,19,1
9,20,2
9,21,2
9,22,2
9,23,2
9,24,2
9,25,2
9,26,2
9,27,3
9,28,3
9,29,3
9,30,3
10,0,1
10,1,1
10,2,1
10,3,1
10,4,1
10,5,4
10,6,4
10,7,4
10,8,4
10,9,4
10,10,3
10,11,3
10,12,3
10,13,3
10,14,3
10,15,4
10,16,4
10,17,4
10,18,4
10,19,2
10,20,2
10,21,2
10,22,2
10,23,2
10,24,2
10,25,2
10,26,2
10,27,3
10,28,3
10,29,3
10,30,3
11,0,1
11,1,1
11,2,1
11,3,1
11,4,1
11,5,4
11,6,4
11,7,4
11,8,4
11,9,3
11,10,3
11,11,3
11,12,3
11,13,3
11,14,3
11,15,3
11,16,4
11,17,4
11,18,4
11,19,2
11,20,2
11,21,2
11,22,2
11,23,2
11,24,2
11,25,2
11,26,2
11,27,2
11,28,3
11,29,3
11,30,3
12,0,1
12,1,1
12,2,1
12,3,1
12,4,1
12,5,4
12,6,4
12,7,4
12,8,4
12,9,3
12,10,3
12,11,3
12,12,3
12,13,3
12,14,3
12,15,3
12,16,4
12,17,4
12,18,4
12,19,2
12,20,2
12,21,2
12,22,2
12,23,2
12,24,2
12,25,2
12,26,2
12,27,2
12,28,3
12,29,3
12,30,3
13,0,1
13,1,1
13,2,1
13,3,1
13,4,1
13,5,1
13,6,4
13,7,4
13,8,3
13,9,3
13,10,3
13,11,3
13,12,3
13,13,3
13,14,3
13,15,4
13,16,4
13,17,4
13,18,4
13,19,2
13,20,2
13,21,2
13,22,2
13,23,2
13,24,2
13,25,2
13,26,2
13,27,3
13,28,3
13,29,3
13,30,3
14,0,1
14,1,1
14,2,1
14,3,1
14,4,1
14,5,1
14,6,2
14,7,2
14,8,3
14,9,3
14,10,3
14,11,3
14,12,3
14,13,3
14,14,3
14,15,4
14,16,4
14,17,4
14,18,4
14,19,4
14,20,2
14,21,2
14,22,2
14,23,2
14,24,2
14,25,3
14,26,3
14,27,3
14,28,3
14,29,3
14,30,3
15,0,4
15,1,4
15,2,4
15,3,1
15,4,1
15,5,2
15,6,2
15,7,2
15,8,2
15,9,3
15,10,3
15,11,3
15,12,3
15,13,3
15,14,2
15,15,2
15,16,4
15,17,4
15,18,4
15,19,4
15,20,3
15,21,3
15,22,3
15,23,3
15,24,3
15,25,3
15,26,3
15,27,3
15,28,3
15,29,3
15,30,3
16,0,4
16,1,4
16,2,4
16,3,4
16,4,4
16,5,2
16,6,2
16,7,2
16,8,2
16,9,3
16,10,3
16,11,3
16,12,3
16,13,2
16,14,2
16,15,2
16,16,2
16,17,4
16,18,4
16,19,3
16,20,3
16,21,3
16,22,3
16,23,3
16,24,3
16,25,3
16,26,3
16,27,2
16,28,2
16,29,2
16,30,2
17,0,4
17,1,4
17,2,4
17,3,4
17,4,4
17,5,4
17,6,2
17,7,2
17,8,3
17,9,3
17,10,3
17,11,3
17,12,3
17,13,2
17,14,2
17,15,2
17,16,2
17,17,3
17,18,3
17,19,3
17,20,3
17,21,3
17,22,3
17,23,3
17,24,2
17,25,2
17,26,2
17,27,2
17,28,2
17,29,2
17,30,2
18,0,4
18,1,4
18,2,4
18,3,4
18,4,4
18,5,4
18,6,4
18,7,3
18,8,3
18,9,3
18,10,3
18,11,3
18,12,1
18,13,1
18,14,2
18,15,2
18,16,3
18,17,3
18,18,3
18,19,3
18,20,3
18,21,2
18,22,2
18,23,2
18,24,2
18,25,2
18,26,2
18,27,2
18,28,2
18,29,2
18,30,2
19,0,4
19,1,4
19,2,4
19,3,4
19,4,4
19,5,4
19,6,4
19,7,3
19,8,3
19,9,3
19,10,3
19,11,1
19,12,1
19,13,1
19,14,1
19,15,3
19,16,3
19,17,3
19,18,3
19,19,3
19,20,2
19,21,2
19,22,2
19,23,2
19,24,2
19,25,2
19,26,1
19,27,1
19,28,2
19,29,2
19,30,2
20,0,4
20,1,4
20,2,4
20,3,4
20,4,4
20,5,4
20,6,4
20,7,3
20,8,3
20,9,3
20,10,1
20,11,1
20,12,1
20,13,1
20,14,1
20,15,3
20,16,3
20,17,3
20,18,3
20,19,3
20,20,2
20,21,2
20,22,2
20,23,2
20,24,2
20,25,1
20,26,1
20,27,1
20,28,1
20,29,2
20,30,2
21,0,4
21,1,4
21,2,4
21,3,4
21,4,4
21,5,4
21,6,4
21,7,3
21,8,3
21,9,3
21,10,1
21,11,1
21,12,1
21,13,1
21,14,1
21,15,3
21,16,3
21,17,3
21,18,3
21,19,2
21,20,2
21,21,2
21,22,2
21,23,2
21,24,2
21,25,1
21,26,1
21,27,1
21,28,1
21,29,1
21,30,1
22,0,4
22,1,4
22,2,4
22,3,4
22,4,4
22,5,4
22,6,4
22,7,3
22,8,3
22,9,3
22,10,1
22,11,1
22,12,1
22,13,1
22,14,1
22,15,3
22,16,3
22,17,3
22,18,3
22,19,2
22,20,2
22,21,2
22,22,2
22,23,2
22,24,2
22,25,1
22,26,1
22,27,1
22,28,1
22,29,1
22,30,1
23,0,4
23,1,4
23,2,4
23,3,4
23,4,4
23,5,4
23,6,4
23,7,4
23,8,3
23,9,3
23,10,1
23,11,1
23,12,1
23,13,1
23,14,1
23,15,1
23,16,3
23,17,3
23,18,2
23,19,2
23,20,2
23,21,2
23,22,2
23,23,2
23,24,2
23,25,2
23,26,1
23,27,1
23,28,1
23,29,2
23,30,2
24,0,4
24,1,4
24,2,4
24,3,4
24,4,4
24,5,4
24,6,4
24,7,4
24,8,3
24,9,3
24,10,1
24,11,1
24,12,1
24,13,1
24,14,1
24,15,1
24,16,2
24,17,2
24,18,2
24,19,2
24,20,2
24,21,2
24,22,2
24,23,2
24,24,2
24,25,2
24,26,2
24,27,2
24,28,2
24,29,2
24,30,2
25,0,1
25,1,1
25,2,4
25,3,4
25,4,4
25,5,4
25,6,4
25,7,3
25,8,3
25,9,3
25,10,1
25,11,1
25,12,1
25,13,1
25,14,1
25,15,2
25,16,2
25,17,2
25,18,2
25,19,2
25,20,1
25,21,1
25,22,1
25,23,2
25,24,2
25,25,2
25,26,2
25,27,2
25,28,2
25,29,2
25,30,2
26,0,1
26,1,1
26,2,1
26,3,4
26,4,4
26,5,3
26,6,3
26,7,3
26,8,3
26,9,3
26,10,1
26,11,1
26,12,1
26,13,1
26,14,2
26,15,2
26,16,2
26,17,2
26,18,2
26,19,1
26,20,1
26,21,1
26,22,1
26,23,1
26,24,1
26,25,1
26,26,1
26,27,1
26,28,1
26,29,1
26,30,1
27,0,1
27,1,1
27,2,1
27,3,3
27,4,3
27,5,3
27,6,3
27,7,3
27,8,3
27,9,3
27,10,1
27,11,1
27,12,1
27,13,1
27,14,2
27,15,2
27,16,2
27,17,2
27,18,1
27,19,1
27,20,1
27,21,1
27,22,1
27,23,1
27,24,1
27,25,1
27,26,1
27,27,1
27,28,1
27,29,1
27,30,1
28,0,1
28,1,1
28,2,3
28,3,3
28,4,3
28,5,3
28,6,3
28,7,3
28,8,3
28,9,2
28,10,2
28,11,1
28,12,1
28,13,1
28,14,2
28,15,2
28,16,2
28,17,2
28,18,1
28,19,1
28,20,1
28,21,1
28,22,3
28,23,3
28,24,3
28,25,1
28,26,1
28,27,1
28,28,1
28,29,3
28,30,3
29,0,1
29,1,1
29,2,3
29,3,3
29,4,3
29,5,3
29,6,3
29,7,3
29,8,2
29,9,2
29,10,2
29,11,2
29,12,1
29,13,1
29,14,1
29,15,2
29,16,2
29,17,2
29,18,2
29,19,1
29,20,1
29,21,3
29,22,3
29,23,3
29,24,3
29,25,3
29,26,3
29,27,3
29,28,3
29,29,3
29,30,3
30,0,1
30,1,1
30,2,3
30,3,3
30,4,3
30,5,3
30,6,3
30,7,3
30,8,2
30,9,2
30,10,2
30,11,2
30,12,1
30,13,1
30,14,1
30,15,2
30,16,2
30,17,2
30,18,2
30,19,1
30,20,1
30,21,3
30,22,3
30,23,3
30,24,3
30,25,3
30,26,3
30,27,3
30,28,3
30,29,3
30,30,3