9
15
9
8
7,2
7,12
7,22
17,2
17,12
17,22
27,2
27,12
27,22
5,8,2
7,8,2
0,3,1
3,6,1
3,4,1
0,4,2
0,1,1
2,5,1
1,5,1
5,7,2
4,6,1
6,7,1
1,2,1
1,4,1
4,7,2
0,0,4
0,1,4
0,2,4
0,3,4
0,4,4
0,5,4
0,6,4
0,7,4
0,8,4
0,9,4
0,10,1
0,11,1
0,12,1
0,13,4
0,14,4
0,15,3
0,16,3
0,17,3
0,18,4
0,19,4
0,20,4
0,21,4
0,22,1
0,23,1
0,24,1
0,25,1
0,26,1
0,27,1
0,28,1
0,29,1
0,30,1
1,0,4
1,1,4
1,2,4
1,3,4
1,4,4
1,5,4
1,6,4
1,7,4
1,8,4
1,9,4
1,10,1
1,11,1
1,12,1
1,13,4
1,14,4
1,15,3
1,16,3
1,17,3
1,18,4
1,19,4
1,20,4
1,21,4
1,22,1
1,23,1
1,24,1
1,25,1
1,26,1
1,27,1
1,28,1
1,29,1
1,30,1
2,0,2
2,1,2
2,2,2
2,3,2
2,4,2
2,5,2
2,6,2
2,7,4
2,8,4
2,9,1
2,10,1
2,11,1
2,12,4
2,13,4
2,14,4
2,15,4
2,16,3
2,17,3
2,18,4
2,19,4
2,20,4
2,21,4
2,22,1
2,23,1
2,24,1
2,25,1
2,26,1
2,27,1
2,28,1
2,29,1
2,30,1
3,0,2
3,1,2
3,2,2
3,3,2
3,4,2
3,5,2
3,6,2
3,7,2
3,8,1
3,9,1
3,10,1
3,11,1
3,12,4
3,13,4
3,14,4
3,15,4
3,16,3
3,17,3
3,18,4
3,19,4
3,20,4
3,21,2
3,22,2
3,23,1
3,24,1
3,25,2
3,26,2
3,27,1
3,28,1
3,29,1
3,30,1
4,0,4
4,1,4
4,2,2
4,3,2
4,4,2
4,5,2
4,6,2
4,7,2
4,8,1
4,9,1
4,10,1
4,11,3
4,12,3
4,13,4
4,14,4
4,15,3
4,16,3
4,17,3
4,18,4
4,19,4
4,20,2
4,21,2
4,22,2
4,23,2
4,24,2
4,25,2
4,26,2
4,27,2
4,28,2
4,29,2
4,30,2
5,0,4
5,1,4
5,2,4
5,3,4
5,4,4
5,5,2
5,6,2
5,7,1
5,8,1
5,9,1
5,10,3
5,11,3
5,12,3
5,13,3
5,14,3
5,15,3
5,16,3
5,17,3
5,18,4
5,19,4
5,20,2
5,21,2
5,22,2
5,23,2
5,24,2
5,25,2
5,26,2
5,27,2
5,28,2
5,29,2
5,30,2
6,0,4
6,1,4
6,2,4
6,3,4
6,4,4
6,5,4
6,6,1
6,7,1
6,8,1
6,9,1
6,10,3
6,11,3
6,12,3
6,13,3
6,14,3
6,15,3
6,16,3
6,17,3
6,18,4
6,19,4
6,20,2
6,21,2
6,22,2
6,23,2
6,24,2
6,25,2
6,26,3
6,27,3
6,28,2
6,29,2
6,30,2
7,0,4
7,1,4
7,2,4
7,3,4
7,4,4
7,5,4
7,6,1
7,7,1
7,8,1
7,9,1
7,10,3
7,11,3
7,12,3
7,13,3
7,14,3
7,15,3
7,16,3
7,17,3
7,18,4
7,19,4
7,20,2
7,21,2
7,22,2
7,23,2
7,24,2
7,25,3
7,26,3
7,27,3
7,28,3
7,29,2
7,30,2
8,0,4
8,1,4
8,2,4
8,3,4
8,4,4
8,5,4
8,6,4
8,7,1
8,8,1
8,9,3
8,10,3
8,11,3
8,12,3
8,13,3
8,14,3
8,15,3
8,16,3
8,17,4
8,18,4
8,19,4
8,20,2
8,21,2
8,22,2
8,23,2
8,24,2
8,25,3
8,26,3
8,27,3
8,28,3
8,29,4
8,30,4
9,0,4
9,1,4
9,2,4
9,3,4
9,4,4
9,5,4
9,6,4
9,7,2
9,8,2
9,9,3
9,10,3
9,11,3
9,12,3
9,13,3
9,14,3
9,15,1
9,16,1
9,17,4
9,18,4
9,19,4
9,20,2
9,21,2
9,22,2
9,23,2
9,24,2
9,25,2
9,26,3
9,27,3
9,28,4
9,29,4
9,30,4
10,0,4
10,1,4
10,2,4
10,3,4
10,4,4
10,5,4
10,6,2
10,7,2
10,8,2
10,9,2
10,10,3
10,11,3
10,12,3
10,13,3
10,14,1
10,15,1
10,16,1
10,17,1
10,18,4
10,19,4
10,20,2
10,21,2
10,22,2
10,23,2
10,24,2
10,25,2
10,26,3
10,27,3
10,28,4
10,29,4
10,30,4
11,0,4
11,1,4
11,2,4
11,3,4
11,4,3
11,5,3
11,6,2
11,7,2
11,8,2
11,9,2
11,10,4
11,11,4
11,12,4
11,13,4
11,14,1
11,15,1
11,16,1
11,17,1
11,18,4
11,19,4
11,20,4
11,21,2
11,22,2
11,23,2
11,24,2
11,25,3
11,26,3
11,27,3
11,28,4
11,29,4
11,30,4
12,0,4
12,1,4
12,2,4
12,3,3
12,4,3
12,5,3
12,6,3
12,7,2
12,8,2
12,9,4
12,10,4
12,11,4
12,12,4
12,13,4
12,14,4
12,15,1
12,16,1
12,17,4
12,18,4
12,19,4
12,20,4
12,21,1
12,22,1
12,23,1
12,24,1
12,25,3
12,26,3
12,27,3
12,28,3
12,29,4
12,30,4
13,0,4
13,1,4
13,2,4
13,3,3
13,4,3
13,5,3
13,6,3
13,7,2
13,8,2
13,9,4
13,10,4
13,11,4
13,12,4
13,13,4
13,14,4
13,15,4
13,16,4
13,17,4
13,18,4
13,19,4
13,20,1
13,21,1
13,22,1
13,23,1
13,24,1
13,25,1
13,26,3
13,27,3
13,28,3
13,29,4
13,30,4
14,0,4
14,1,4
14,2,4
14,3,4
14,4,3
14,5,3
14,6,2
14,7,2
14,8,2
14,9,4
14,10,4
14,11,4
14,12,4
14,13,4
14,14,4
14,15,4
14,16,4
14,17,4
14,18,4
14,19,1
14,20,1
14,21,1
14,22,1
14,23,1
14,24,1
14,25,1
14,26,3
14,27,3
14,28,4
14,29,4
14,30,4
15,0,4
15,1,4
15,2,4
15,3,4
15,4,4
15,5,4
15,6,2
15,7,2
15,8,2
15,9,2
15,10,4
15,11,4
15,12,4
15,13,4
15,14,4
15,15,4
15,16,3
15,17,3
15,18,3
15,19,1
15,20,1
15,21,1
15,22,1
15,23,1
15,24,1
15,25,3
15,26,3
15,27,3
15,28,4
15,29,4
15,30,4
16,0,4
16,1,4
16,2,4
16,3,4
16,4,4
16,5,4
16,6,4
16,7,2
16,8,2
16,9,2
16,10,4
16,11,4
16,12,4
16,13,4
16,14,4
16,15,3
16,16,3
16,17,3
16,18,3
16,19,3
16,20,1
16,21,1
16,22,1
16,23,1
16,24,1
16,25,3
16,26,3
16,27,3
16,28,3
16,29,4
16,30,4
17,0,4
17,1,4
17,2,4
17,3,4
17,4,4
17,5,4
17,6,4
17,7,2
17,8,2
17,9,4
17,10,4
17,11,4
17,12,4
17,13,4
17,14,4
17,15,3
17,16,3
17,17,3
17,18,3
17,19,3
17,20,1
17,21,1
17,22,1
17,23,1
17,24,1
17,25,3
17,26,3
17,27,3
17,28,3
17,29,3
17,30,3
18,0,4
18,1,4
18,2,4
18,3,4
18,4,4
18,5,4
18,6,2
18,7,2
18,8,2
18,9,4
18,10,4
18,11,4
18,12,4
18,13,4
18,14,4
18,15,4
18,16,3
18,17,3
18,18,3
18,19,1
18,20,1
18,21,1
18,22,1
18,23,1
18,24,1
18,25,1
18,26,3
18,27,3
18,28,3
18,29,3
18,30,3
19,0,4
19,1,4
19,2,4
19,3,4
19,4,4
19,5,2
19,6,2
19,7,2
19,8,2
19,9,4
19,10,4
19,11,4
19,12,4
19,13,4
19,14,4
19,15,4
19,16,1
19,17,1
19,18,1
19,19,1
19,20,1
19,21,1
19,22,1
19,23,1
19,24,1
19,25,1
19,26,3
19,27,3
19,28,3
19,29,3
19,30,3
20,0,4
20,1,4
20,2,4
20,3,4
20,4,2
20,5,2
20,6,2
20,7,2
20,8,3
20,9,3
20,10,4
20,11,4
20,12,4
20,13,4
20,14,4
20,15,1
20,16,1
20,17,1
20,18,1
20,19,1
20,20,1
20,21,4
20,22,4
20,23,1
20,24,1
20,25,4
20,26,4
20,27,3
20,28,3
20,29,4
20,30,4
21,0,4
21,1,4
21,2,4
21,3,4
21,4,2
21,5,2
21,6,2
21,7,3
21,8,3
21,9,3
21,10,3
21,11,3
21,12,3
21,13,3
21,14,3
21,15,1
21,16,1
21,17,1
21,18,1
21,19,4
21,20,4
21,21,4
21,22,4
21,23,4
21,24,4
21,25,4
21,26,4
21,27,4
21,28,4
21,29,4
21,30,4
22,0,4
22,1,4
22,2,4
22,3,4
22,4,2
22,5,2
22,6,2
22,7,3
22,8,3
22,9,3
22,10,3
22,11,3
22,12,3
22,13,3
22,14,3
22,15,3
22,16,1
22,17,1
22,18,4
22,19,4
22,20,4
22,21,4
22,22,4
22,23,4
22,24,4
22,25,4
22,26,4
22,27,4
22,28,4
22,29,4
22,30,4
23,0,4
23,1,4
23,2,4
23,3,4
23,4,2
23,5,2
23,6,2
23,7,2
23,8,3
23,9,3
23,10,3
23,11,3
23,12,3
23,13,3
23,14,3
23,15,3
23,16,3
23,17,3
23,18,4
23,19,4
23,20,4
23,21,4
23,22,4
23,23,4
23,24,4
23,25,4
23,26,3
23,27,3
23,28,4
23,29,4
23,30,4
24,0,4
24,1,4
24,2,4
24,3,3
24,4,3
24,5,2
24,6,2
24,7,2
24,8,2
24,9,2
24,10,2
24,11,2
24,12,3
24,13,3
24,14,3
24,15,3
24,16,3
24,17,3
24,18,3
24,19,4
24,20,4
24,21,2
24,22,2
24,23,4
24,24,4
24,25,3
24,26,3
24,27,3
24,28,3
24,29,4
24,30,4
25,0,3
25,1,3
25,2,3
25,3,3
25,4,3
25,5,3
25,6,2
25,7,2
25,8,2
25,9,2
25,10,2
25,11,2
25,12,2
25,13,2
25,14,2
25,15,3
25,16,3
25,17,3
25,18,3
25,19,3
25,20,2
25,21,2
25,22,2
25,23,2
25,24,2
25,25,3
25,26,3
25,27,3
25,28,3
25,29,1
25,30,1
26,0,3
26,1,3
26,2,3
26,3,3
26,4,3
26,5,3
26,6,3
26,7,3
26,8,2
26,9,2
26,10,2
26,11,2
26,12,2
26,13,2
26,14,2
26,15,2
26,16,3
26,17,3
26,18,3
26,19,3
26,20,2
26,21,2
26,22,2
26,23,2
26,24,2
26,25,2
26,26,3
26,27,3
26,28,1
26,29,1
26,30,1
27,0,3
27,1,3
27,2,3
27,3,3
27,4,3
27,5,3
27,6,3
27,7,3
27,8,3
27,9,2
27,10,2
27,11,2
27,12,2
27,13,2
27,14,2
27,15,2
27,16,2
27,17,3
27,18,3
27,19,3
27,20,2
27,21,2
27,22,2
27,23,2
27,24,2
27,25,2
27,26,4
27,27,4
27,28,1
27,29,1
27,30,1
28,0,3
28,1,3
28,2,3
28,3,3
28,4,3
28,5,3
28,6,3
28,7,3
28,8,3
28,9,3
28,10,2
28,11,2
28,12,2
28,13,2
28,14,2
28,15,2
28,16,2
28,17,3
28,18,3
28,19,3
28,20,2
28,21,2
28,22,2
28,23,2
28,24,2
28,25,4
28,26,4
28,27,4
28,28,4
28,29,1
28,30,1
29,0,3
29,1,3
29,2,3
29,3,3
29,4,3
29,5,3
29,6,3
29,7,3
29,8,3
29,9,3
29,10,2
29,11,2
29,12,2
29,13,2
29,14,2
29,15,2
29,16,3
29,17,3
29,18,3
29,19,3
29,20,2
29,21,2
29,22,2
29,23,2
29,24,2
29,25,4
29,26,4
29,27,4
29,28,4
29,29,4
29,30,4
30,0,3
30,1,3
30,2,3
30,3,3
30,4,3
30,5,3
30,6,3
30,7,3
30,8,3
30,9,3
30,10,2
30,11,2
30,12,2
30,13,2
30,14,2
30,15,2
30,16,3
30,17,3
30,18,3
30,19,3
30,20,2
30,21,2
30,22,2
30,23,2
30,24,2
30,25,4
30,26,4
30,27,4
30,28,4
30,29,4
30,30,4