4
5
4
3
17,17
17,27
27,7
27,17
1,3,1
0,3,1
2,3,2
0,1,2
0,2,2
0,0,4
0,1,4
0,2,4
0,3,4
0,4,4
0,5,4
0,6,4
0,7,4
0,8,2
0,9,2
0,10,4
0,11,4
0,12,4
0,13,3
0,14,3
0,15,3
0,16,3
0,17,1
0,18,1
0,19,1
0,20,2
0,21,2
0,22,2
0,23,3
0,24,3
0,25,3
0,26,3
0,27,3
0,28,4
0,29,4
0,30,4
1,0,4
1,1,4
1,2,4
1,3,4
1,4,4
1,5,4
1,6,4
1,7,4
1,8,2
1,9,2
1,10,4
1,11,4
1,12,4
1,13,3
1,14,3
1,15,3
1,16,3
1,17,1
1,18,1
1,19,1
1,20,2
1,21,2
1,22,2
1,23,3
1,24,3
1,25,3
1,26,3
1,27,3
1,28,4
1,29,4
1,30,4
2,0,4
2,1,4
2,2,4
2,3,4
2,4,4
2,5,4
2,6,4
2,7,4
2,8,2
2,9,2
2,10,4
2,11,4
2,12,3
2,13,3
2,14,3
2,15,3
2,16,3
2,17,1
2,18,1
2,19,1
2,20,2
2,21,2
2,22,2
2,23,3
2,24,3
2,25,3
2,26,3
2,27,3
2,28,4
2,29,4
2,30,4
3,0,4
3,1,4
3,2,4
3,3,4
3,4,4
3,5,4
3,6,4
3,7,4
3,8,2
3,9,2
3,10,4
3,11,4
3,12,3
3,13,3
3,14,3
3,15,3
3,16,3
3,17,3
3,18,1
3,19,1
3,20,2
3,21,2
3,22,2
3,23,2
3,24,3
3,25,3
3,26,3
3,27,2
3,28,2
3,29,4
3,30,4
4,0,1
4,1,1
4,2,1
4,3,4
4,4,4
4,5,4
4,6,4
4,7,2
4,8,2
4,9,2
4,10,4
4,11,4
4,12,4
4,13,3
4,14,3
4,15,3
4,16,3
4,17,3
4,18,1
4,19,1
4,20,2
4,21,2
4,22,2
4,23,2
4,24,2
4,25,2
4,26,2
4,27,2
4,28,2
4,29,2
4,30,2
5,0,1
5,1,1
5,2,1
5,3,1
5,4,4
5,5,4
5,6,2
5,7,2
5,8,2
5,9,2
5,10,4
5,11,4
5,12,4
5,13,3
5,14,3
5,15,3
5,16,3
5,17,3
5,18,1
5,19,1
5,20,1
5,21,2
5,22,2
5,23,2
5,24,2
5,25,2
5,26,2
5,27,2
5,28,2
5,29,2
5,30,2
6,0,1
6,1,1
6,2,1
6,3,1
6,4,4
6,5,4
6,6,2
6,7,2
6,8,2
6,9,2
6,10,2
6,11,4
6,12,4
6,13,4
6,14,3
6,15,3
6,16,3
6,17,1
6,18,1
6,19,1
6,20,1
6,21,2
6,22,2
6,23,2
6,24,1
6,25,1
6,26,2
6,27,2
6,28,2
6,29,2
6,30,2
7,0,1
7,1,1
7,2,1
7,3,4
7,4,4
7,5,4
7,6,4
7,7,2
7,8,2
7,9,2
7,10,2
7,11,4
7,12,4
7,13,4
7,14,4
7,15,4
7,16,4
7,17,1
7,18,1
7,19,1
7,20,1
7,21,2
7,22,2
7,23,1
7,24,1
7,25,1
7,26,1
7,27,2
7,28,2
7,29,1
7,30,1
8,0,2
8,1,2
8,2,2
8,3,4
8,4,4
8,5,4
8,6,4
8,7,4
8,8,2
8,9,2
8,10,1
8,11,1
8,12,4
8,13,4
8,14,4
8,15,4
8,16,4
8,17,4
8,18,1
8,19,1
8,20,2
8,21,2
8,22,2
8,23,1
8,24,1
8,25,1
8,26,1
8,27,1
8,28,1
8,29,1
8,30,1
9,0,2
9,1,2
9,2,2
9,3,2
9,4,4
9,5,4
9,6,4
9,7,4
9,8,4
9,9,1
9,10,1
9,11,1
9,12,1
9,13,4
9,14,4
9,15,4
9,16,4
9,17,4
9,18,3
9,19,3
9,20,2
9,21,2
9,22,2
9,23,1
9,24,1
9,25,1
9,26,1
9,27,1
9,28,1
9,29,1
9,30,1
10,0,2
10,1,2
10,2,2
10,3,2
10,4,1
10,5,1
10,6,4
10,7,4
10,8,4
10,9,1
10,10,1
10,11,1
10,12,1
10,13,1
10,14,1
10,15,4
10,16,4
10,17,3
10,18,3
10,19,3
10,20,3
10,21,2
10,22,2
10,23,2
10,24,1
10,25,1
10,26,3
10,27,3
10,28,3
10,29,1
10,30,1
11,0,2
11,1,2
11,2,2
11,3,1
11,4,1
11,5,1
11,6,1
11,7,4
11,8,4
11,9,1
11,10,1
11,11,1
11,12,1
11,13,1
11,14,1
11,15,1
11,16,3
11,17,3
11,18,3
11,19,3
11,20,3
11,21,2
11,22,2
11,23,2
11,24,2
11,25,3
11,26,3
11,27,3
11,28,3
11,29,3
11,30,3
12,0,2
12,1,2
12,2,1
12,3,1
12,4,1
12,5,1
12,6,1
12,7,4
12,8,4
12,9,1
12,10,1
12,11,1
12,12,1
12,13,1
12,14,1
12,15,1
12,16,3
12,17,3
12,18,3
12,19,3
12,20,3
12,21,2
12,22,2
12,23,2
12,24,2
12,25,3
12,26,3
12,27,3
12,28,3
12,29,3
12,30,3
13,0,1
13,1,1
13,2,1
13,3,1
13,4,1
13,5,1
13,6,4
13,7,4
13,8,4
13,9,4
13,10,1
13,11,1
13,12,1
13,13,1
13,14,1
13,15,1
13,16,3
13,17,3
13,18,3
13,19,3
13,20,4
13,21,4
13,22,2
13,23,2
13,24,2
13,25,2
13,26,3
13,27,3
13,28,3
13,29,3
13,30,3
14,0,1
14,1,1
14,2,1
14,3,1
14,4,3
14,5,3
14,6,4
14,7,4
14,8,4
14,9,4
14,10,3
14,11,3
14,12,3
14,13,1
14,14,1
14,15,4
14,16,4
14,17,3
14,18,3
14,19,4
14,20,4
14,21,4
14,22,4
14,23,2
14,24,2
14,25,2
14,26,4
14,27,4
14,28,4
14,29,4
14,30,4
15,0,1
15,1,1
15,2,1
15,3,3
15,4,3
15,5,3
15,6,3
15,7,4
15,8,4
15,9,3
15,10,3
15,11,3
15,12,3
15,13,3
15,14,4
15,15,4
15,16,4
15,17,4
15,18,4
15,19,4
15,20,4
15,21,4
15,22,4
15,23,2
15,24,2
15,25,4
15,26,4
15,27,4
15,28,4
15,29,4
15,30,4
16,0,4
16,1,4
16,2,4
16,3,3
16,4,3
16,5,3
16,6,3
16,7,4
16,8,4
16,9,3
16,10,3
16,11,3
16,12,3
16,13,3
16,14,4
16,15,4
16,16,4
16,17,4
16,18,4
16,19,4
16,20,4
16,21,4
16,22,2
16,23,2
16,24,2
16,25,4
16,26,4
16,27,4
16,28,4
16,29,4
16,30,4
17,0,4
17,1,4
17,2,4
17,3,4
17,4,3
17,5,3
17,6,4
17,7,4
17,8,4
17,9,4
17,10,3
17,11,3
17,12,3
17,13,3
17,14,4
17,15,4
17,16,4
17,17,4
17,18,4
17,19,4
17,20,4
17,21,2
17,22,2
17,23,2
17,24,2
17,25,4
17,26,4
17,27,4
17,28,4
17,29,4
17,30,4
18,0,4
18,1,4
18,2,4
18,3,4
18,4,4
18,5,4
18,6,4
18,7,4
18,8,4
18,9,4
18,10,3
18,11,3
18,12,3
18,13,3
18,14,4
18,15,4
18,16,4
18,17,4
18,18,4
18,19,4
18,20,4
18,21,2
18,22,2
18,23,2
18,24,4
18,25,4
18,26,4
18,27,4
18,28,4
18,29,4
18,30,4
19,0,2
19,1,2
19,2,4
19,3,4
19,4,4
19,5,4
19,6,4
19,7,4
19,8,4
19,9,1
19,10,1
19,11,3
19,12,3
19,13,1
19,14,1
19,15,4
19,16,4
19,17,4
19,18,4
19,19,4
19,20,4
19,21,2
19,22,2
19,23,4
19,24,4
19,25,4
19,26,4
19,27,4
19,28,4
19,29,4
19,30,4
20,0,2
20,1,2
20,2,2
20,3,2
20,4,2
20,5,2
20,6,4
20,7,4
20,8,1
20,9,1
20,10,1
20,11,1
20,12,1
20,13,1
20,14,1
20,15,1
20,16,1
20,17,4
20,18,4
20,19,4
20,20,2
20,21,2
20,22,2
20,23,4
20,24,4
20,25,4
20,26,4
20,27,4
20,28,4
20,29,4
20,30,4
21,0,2
21,1,2
21,2,2
21,3,2
21,4,2
21,5,2
21,6,2
21,7,1
21,8,1
21,9,1
21,10,1
21,11,1
21,12,1
21,13,1
21,14,1
21,15,1
21,16,1
21,17,1
21,18,1
21,19,1
21,20,2
21,21,2
21,22,2
21,23,4
21,24,4
21,25,4
21,26,3
21,27,3
21,28,4
21,29,4
21,30,4
22,0,2
22,1,2
22,2,2
22,3,2
22,4,2
22,5,2
22,6,2
22,7,1
22,8,1
22,9,1
22,10,1
22,11,4
22,12,4
22,13,4
22,14,4
22,15,1
22,16,1
22,17,1
22,18,1
22,19,1
22,20,1
22,21,2
22,22,2
22,23,4
22,24,4
22,25,3
22,26,3
22,27,3
22,28,3
22,29,4
22,30,4
23,0,2
23,1,2
23,2,1
23,3,1
23,4,2
23,5,2
23,6,3
23,7,3
23,8,1
23,9,1
23,10,4
23,11,4
23,12,4
23,13,4
23,14,4
23,15,4
23,16,1
23,17,1
23,18,1
23,19,1
23,20,1
23,21,2
23,22,2
23,23,4
23,24,4
23,25,3
23,26,3
23,27,3
23,28,3
23,29,4
23,30,4
24,0,1
24,1,1
24,2,1
24,3,1
24,4,1
24,5,3
24,6,3
24,7,3
24,8,3
24,9,3
24,10,4
24,11,4
24,12,4
24,13,4
24,14,4
24,15,4
24,16,2
24,17,2
24,18,1
24,19,1
24,20,2
24,21,2
24,22,2
24,23,4
24,24,4
24,25,4
24,26,3
24,27,3
24,28,4
24,29,4
24,30,4
25,0,1
25,1,1
25,2,1
25,3,1
25,4,1
25,5,3
25,6,3
25,7,3
25,8,3
25,9,3
25,10,3
25,11,4
25,12,4
25,13,4
25,14,4
25,15,2
25,16,2
25,17,2
25,18,2
25,19,2
25,20,2
25,21,2
25,22,2
25,23,4
25,24,4
25,25,4
25,26,4
25,27,4
25,28,4
25,29,4
25,30,4
26,0,4
26,1,4
26,2,1
26,3,1
26,4,3
26,5,3
26,6,3
26,7,3
26,8,3
26,9,3
26,10,3
26,11,4
26,12,4
26,13,4
26,14,2
26,15,2
26,16,2
26,17,2
26,18,2
26,19,2
26,20,2
26,21,2
26,22,4
26,23,4
26,24,4
26,25,4
26,26,4
26,27,4
26,28,4
26,29,4
26,30,4
27,0,4
27,1,4
27,2,4
27,3,3
27,4,3
27,5,3
27,6,3
27,7,3
27,8,3
27,9,3
27,10,4
27,11,4
27,12,4
27,13,2
27,14,2
27,15,2
27,16,2
27,17,2
27,18,2
27,19,2
27,20,2
27,21,4
27,22,4
27,23,4
27,24,4
27,25,3
27,26,3
27,27,4
27,28,4
27,29,4
27,30,4
28,0,4
28,1,4
28,2,4
28,3,3
28,4,3
28,5,3
28,6,3
28,7,3
28,8,3
28,9,3
28,10,4
28,11,4
28,12,4
28,13,2
28,14,2
28,15,2
28,16,2
28,17,2
28,18,2
28,19,2
28,20,4
28,21,4
28,22,4
28,23,4
28,24,3
28,25,3
28,26,3
28,27,3
28,28,4
28,29,4
28,30,4
29,0,4
29,1,4
29,2,3
29,3,3
29,4,3
29,5,3
29,6,3
29,7,3
29,8,3
29,9,3
29,10,4
29,11,4
29,12,2
29,13,2
29,14,2
29,15,2
29,16,2
29,17,2
29,18,2
29,19,2
29,20,4
29,21,4
29,22,4
29,23,4
29,24,3
29,25,3
29,26,3
29,27,3
29,28,4
29,29,4
29,30,4
30,0,4
30,1,4
30,2,3
30,3,3
30,4,3
30,5,3
30,6,3
30,7,3
30,8,3
30,9,3
30,10,4
30,11,4
30,12,2
30,13,2
30,14,2
30,15,2
30,16,2
30,17,2
30,18,2
30,19,2
30,20,4
30,21,4
30,22,4
30,23,4
30,24,3
30,25,3
30,26,3
30,27,3
30,28,4
30,29,4
30,30,4