4
5
4
3
17,2
17,22
27,12
27,22
2,3,2
1,3,1
0,2,2
0,1,3
1,2,1
0,0,4
0,1,4
0,2,4
0,3,4
0,4,4
0,5,4
0,6,4
0,7,1
0,8,1
0,9,4
0,10,4
0,11,3
0,12,3
0,13,3
0,14,3
0,15,3
0,16,1
0,17,1
0,18,1
0,19,1
0,20,4
0,21,4
0,22,4
0,23,4
0,24,4
0,25,4
0,26,4
0,27,4
0,28,4
0,29,2
0,30,2
1,0,4
1,1,4
1,2,4
1,3,4
1,4,4
1,5,4
1,6,4
1,7,1
1,8,1
1,9,4
1,10,4
1,11,3
1,12,3
1,13,3
1,14,3
1,15,3
1,16,1
1,17,1
1,18,1
1,19,1
1,20,4
1,21,4
1,22,4
1,23,4
1,24,4
1,25,4
1,26,4
1,27,4
1,28,4
1,29,2
1,30,2
2,0,4
2,1,4
2,2,3
2,3,3
2,4,4
2,5,4
2,6,1
2,7,1
2,8,1
2,9,4
2,10,4
2,11,4
2,12,3
2,13,3
2,14,3
2,15,1
2,16,1
2,17,1
2,18,1
2,19,2
2,20,2
2,21,4
2,22,4
2,23,3
2,24,3
2,25,4
2,26,4
2,27,4
2,28,2
2,29,2
2,30,2
3,0,3
3,1,3
3,2,3
3,3,3
3,4,3
3,5,1
3,6,1
3,7,1
3,8,1
3,9,4
3,10,4
3,11,4
3,12,4
3,13,4
3,14,4
3,15,1
3,16,1
3,17,1
3,18,2
3,19,2
3,20,2
3,21,2
3,22,3
3,23,3
3,24,3
3,25,3
3,26,4
3,27,4
3,28,2
3,29,2
3,30,2
4,0,3
4,1,3
4,2,3
4,3,3
4,4,3
4,5,1
4,6,1
4,7,1
4,8,3
4,9,3
4,10,4
4,11,4
4,12,4
4,13,4
4,14,4
4,15,4
4,16,1
4,17,1
4,18,2
4,19,2
4,20,2
4,21,2
4,22,3
4,23,3
4,24,3
4,25,3
4,26,4
4,27,4
4,28,4
4,29,2
4,30,2
5,0,3
5,1,3
5,2,3
5,3,3
5,4,3
5,5,1
5,6,1
5,7,3
5,8,3
5,9,3
5,10,3
5,11,3
5,12,4
5,13,4
5,14,4
5,15,4
5,16,1
5,17,1
5,18,2
5,19,2
5,20,2
5,21,2
5,22,3
5,23,3
5,24,3
5,25,3
5,26,4
5,27,4
5,28,4
5,29,1
5,30,1
6,0,3
6,1,3
6,2,3
6,3,3
6,4,3
6,5,1
6,6,1
6,7,3
6,8,3
6,9,3
6,10,3
6,11,3
6,12,3
6,13,4
6,14,4
6,15,1
6,16,1
6,17,1
6,18,2
6,19,2
6,20,2
6,21,2
6,22,3
6,23,3
6,24,3
6,25,3
6,26,4
6,27,4
6,28,1
6,29,1
6,30,1
7,0,3
7,1,3
7,2,3
7,3,3
7,4,1
7,5,1
7,6,1
7,7,3
7,8,3
7,9,3
7,10,3
7,11,3
7,12,3
7,13,3
7,14,1
7,15,1
7,16,1
7,17,1
7,18,1
7,19,2
7,20,2
7,21,4
7,22,4
7,23,3
7,24,3
7,25,4
7,26,4
7,27,4
7,28,1
7,29,1
7,30,1
8,0,3
8,1,3
8,2,1
8,3,1
8,4,1
8,5,1
8,6,1
8,7,3
8,8,3
8,9,3
8,10,3
8,11,3
8,12,3
8,13,3
8,14,1
8,15,1
8,16,1
8,17,1
8,18,1
8,19,4
8,20,4
8,21,4
8,22,4
8,23,4
8,24,4
8,25,4
8,26,4
8,27,4
8,28,4
8,29,1
8,30,1
9,0,1
9,1,1
9,2,1
9,3,1
9,4,1
9,5,1
9,6,3
9,7,3
9,8,3
9,9,3
9,10,3
9,11,3
9,12,3
9,13,1
9,14,1
9,15,1
9,16,1
9,17,1
9,18,4
9,19,4
9,20,4
9,21,4
9,22,4
9,23,4
9,24,4
9,25,4
9,26,4
9,27,4
9,28,4
9,29,4
9,30,4
10,0,1
10,1,1
10,2,1
10,3,1
10,4,1
10,5,1
10,6,3
10,7,3
10,8,3
10,9,3
10,10,3
10,11,4
10,12,4
10,13,1
10,14,1
10,15,1
10,16,1
10,17,4
10,18,4
10,19,4
10,20,4
10,21,2
10,22,2
10,23,4
10,24,4
10,25,2
10,26,2
10,27,4
10,28,4
10,29,4
10,30,4
11,0,4
11,1,4
11,2,4
11,3,1
11,4,1
11,5,4
11,6,4
11,7,3
11,8,3
11,9,4
11,10,4
11,11,4
11,12,4
11,13,4
11,14,1
11,15,1
11,16,4
11,17,4
11,18,4
11,19,4
11,20,2
11,21,2
11,22,2
11,23,2
11,24,2
11,25,2
11,26,2
11,27,2
11,28,4
11,29,4
11,30,4
12,0,4
12,1,4
12,2,4
12,3,4
12,4,4
12,5,4
12,6,4
12,7,4
12,8,4
12,9,4
12,10,4
12,11,4
12,12,4
12,13,4
12,14,4
12,15,4
12,16,4
12,17,4
12,18,4
12,19,4
12,20,2
12,21,2
12,22,2
12,23,2
12,24,2
12,25,2
12,26,2
12,27,2
12,28,4
12,29,4
12,30,4
13,0,4
13,1,4
13,2,4
13,3,4
13,4,4
13,5,4
13,6,4
13,7,4
13,8,4
13,9,4
13,10,4
13,11,4
13,12,4
13,13,4
13,14,4
13,15,4
13,16,4
13,17,4
13,18,4
13,19,4
13,20,4
13,21,2
13,22,2
13,23,4
13,24,4
13,25,2
13,26,2
13,27,2
13,28,4
13,29,4
13,30,4
14,0,3
14,1,3
14,2,3
14,3,3
14,4,4
14,5,4
14,6,1
14,7,1
14,8,4
14,9,4
14,10,4
14,11,4
14,12,4
14,13,4
14,14,4
14,15,4
14,16,4
14,17,4
14,18,4
14,19,4
14,20,4
14,21,4
14,22,4
14,23,4
14,24,4
14,25,4
14,26,2
14,27,2
14,28,4
14,29,4
14,30,4
15,0,3
15,1,3
15,2,3
15,3,3
15,4,3
15,5,1
15,6,1
15,7,1
15,8,1
15,9,4
15,10,4
15,11,4
15,12,4
15,13,4
15,14,4
15,15,4
15,16,3
15,17,3
15,18,4
15,19,4
15,20,4
15,21,4
15,22,4
15,23,4
15,24,4
15,25,4
15,26,2
15,27,2
15,28,2
15,29,4
15,30,4
16,0,3
16,1,3
16,2,3
16,3,3
16,4,3
16,5,1
16,6,1
16,7,1
16,8,1
16,9,4
16,10,4
16,11,4
16,12,4
16,13,4
16,14,4
16,15,3
16,16,3
16,17,3
16,18,3
16,19,4
16,20,4
16,21,4
16,22,4
16,23,4
16,24,4
16,25,4
16,26,2
16,27,2
16,28,2
16,29,2
16,30,2
17,0,3
17,1,3
17,2,3
17,3,3
17,4,3
17,5,1
17,6,1
17,7,1
17,8,3
17,9,3
17,10,4
17,11,4
17,12,4
17,13,4
17,14,3
17,15,3
17,16,3
17,17,3
17,18,3
17,19,4
17,20,4
17,21,4
17,22,4
17,23,4
17,24,4
17,25,2
17,26,2
17,27,2
17,28,2
17,29,2
17,30,2
18,0,3
18,1,3
18,2,3
18,3,3
18,4,3
18,5,1
18,6,1
18,7,3
18,8,3
18,9,3
18,10,3
18,11,3
18,12,3
18,13,3
18,14,3
18,15,3
18,16,3
18,17,3
18,18,4
18,19,4
18,20,4
18,21,4
18,22,4
18,23,4
18,24,4
18,25,2
18,26,2
18,27,2
18,28,1
18,29,1
18,30,1
19,0,3
19,1,3
19,2,3
19,3,3
19,4,3
19,5,1
19,6,1
19,7,3
19,8,3
19,9,3
19,10,3
19,11,3
19,12,3
19,13,3
19,14,3
19,15,3
19,16,1
19,17,1
19,18,4
19,19,4
19,20,4
19,21,4
19,22,4
19,23,4
19,24,4
19,25,2
19,26,2
19,27,1
19,28,1
19,29,1
19,30,1
20,0,4
20,1,4
20,2,3
20,3,3
20,4,1
20,5,1
20,6,1
20,7,1
20,8,3
20,9,3
20,10,2
20,11,2
20,12,3
20,13,3
20,14,1
20,15,1
20,16,1
20,17,1
20,18,1
20,19,4
20,20,4
20,21,4
20,22,4
20,23,4
20,24,4
20,25,2
20,26,2
20,27,1
20,28,1
20,29,1
20,30,1
21,0,4
21,1,4
21,2,4
21,3,4
21,4,1
21,5,1
21,6,1
21,7,1
21,8,1
21,9,2
21,10,2
21,11,2
21,12,2
21,13,1
21,14,1
21,15,1
21,16,1
21,17,1
21,18,1
21,19,4
21,20,4
21,21,4
21,22,4
21,23,4
21,24,2
21,25,2
21,26,2
21,27,1
21,28,1
21,29,1
21,30,1
22,0,4
22,1,4
22,2,4
22,3,4
22,4,4
22,5,1
22,6,1
22,7,1
22,8,1
22,9,2
22,10,2
22,11,2
22,12,2
22,13,1
22,14,1
22,15,1
22,16,1
22,17,1
22,18,4
22,19,4
22,20,4
22,21,4
22,22,4
22,23,4
22,24,2
22,25,2
22,26,2
22,27,2
22,28,1
22,29,1
22,30,1
23,0,4
23,1,4
23,2,4
23,3,4
23,4,4
23,5,1
23,6,1
23,7,1
23,8,4
23,9,4
23,10,2
23,11,2
23,12,4
23,13,4
23,14,1
23,15,1
23,16,3
23,17,3
23,18,4
23,19,4
23,20,4
23,21,4
23,22,4
23,23,4
23,24,2
23,25,2
23,26,2
23,27,2
23,28,3
23,29,3
23,30,3
24,0,4
24,1,4
24,2,4
24,3,4
24,4,1
24,5,1
24,6,1
24,7,4
24,8,4
24,9,4
24,10,4
24,11,4
24,12,4
24,13,4
24,14,4
24,15,3
24,16,3
24,17,3
24,18,3
24,19,4
24,20,4
24,21,4
24,22,4
24,23,1
24,24,1
24,25,2
24,26,2
24,27,3
24,28,3
24,29,3
24,30,3
25,0,2
25,1,2
25,2,2
25,3,2
25,4,1
25,5,1
25,6,1
25,7,4
25,8,4
25,9,4
25,10,4
25,11,4
25,12,4
25,13,4
25,14,4
25,15,3
25,16,3
25,17,3
25,18,3
25,19,1
25,20,1
25,21,1
25,22,1
25,23,1
25,24,1
25,25,1
25,26,3
25,27,3
25,28,3
25,29,3
25,30,3
26,0,2
26,1,2
26,2,2
26,3,2
26,4,2
26,5,1
26,6,1
26,7,4
26,8,4
26,9,4
26,10,4
26,11,4
26,12,4
26,13,4
26,14,4
26,15,3
26,16,3
26,17,3
26,18,1
26,19,1
26,20,1
26,21,1
26,22,1
26,23,1
26,24,1
26,25,1
26,26,3
26,27,3
26,28,3
26,29,2
26,30,2
27,0,2
27,1,2
27,2,2
27,3,2
27,4,2
27,5,1
27,6,1
27,7,4
27,8,4
27,9,4
27,10,4
27,11,4
27,12,4
27,13,4
27,14,4
27,15,3
27,16,3
27,17,1
27,18,1
27,19,1
27,20,1
27,21,1
27,22,1
27,23,1
27,24,1
27,25,1
27,26,3
27,27,3
27,28,2
27,29,2
27,30,2
28,0,4
28,1,4
28,2,2
28,3,2
28,4,2
28,5,1
28,6,1
28,7,4
28,8,4
28,9,4
28,10,4
28,11,4
28,12,4
28,13,4
28,14,4
28,15,3
28,16,3
28,17,1
28,18,1
28,19,1
28,20,1
28,21,1
28,22,1
28,23,1
28,24,1
28,25,1
28,26,3
28,27,3
28,28,2
28,29,2
28,30,2
29,0,4
29,1,4
29,2,4
29,3,2
29,4,2
29,5,1
29,6,1
29,7,4
29,8,4
29,9,4
29,10,4
29,11,4
29,12,4
29,13,4
29,14,4
29,15,3
29,16,3
29,17,3
29,18,1
29,19,1
29,20,1
29,21,1
29,22,1
29,23,1
29,24,1
29,25,1
29,26,3
29,27,3
29,28,3
29,29,2
29,30,2
30,0,4
30,1,4
30,2,4
30,3,2
30,4,2
30,5,1
30,6,1
30,7,4
30,8,4
30,9,4
30,10,4
30,11,4
30,12,4
30,13,4
30,14,4
30,15,3
30,16,3
30,17,3
30,18,1
30,19,1
30,20,1
30,21,1
30,22,1
30,23,1
30,24,1
30,25,1
30,26,3
30,27,3
30,28,3
30,29,2
30,30,2