4
5
5
0
2,2
2,27
27,2
27,27
0,3,4
0,2,2
0,1,3
2,3,2
1,3,1
0,0,4
0,1,4
0,2,4
0,3,4
0,4,4
0,5,2
0,6,2
0,7,2
0,8,4
0,9,4
0,10,4
0,11,4
0,12,4
0,13,4
0,14,4
0,15,2
0,16,2
0,17,2
0,18,2
0,19,3
0,20,3
0,21,3
0,22,3
0,23,3
0,24,3
0,25,1
0,26,1
0,27,1
0,28,1
0,29,1
0,30,1
1,0,4
1,1,4
1,2,4
1,3,4
1,4,4
1,5,2
1,6,2
1,7,2
1,8,4
1,9,4
1,10,4
1,11,4
1,12,4
1,13,4
1,14,4
1,15,2
1,16,2
1,17,2
1,18,2
1,19,3
1,20,3
1,21,3
1,22,3
1,23,3
1,24,3
1,25,1
1,26,1
1,27,1
1,28,1
1,29,1
1,30,1
2,0,4
2,1,4
2,2,4
2,3,4
2,4,4
2,5,4
2,6,2
2,7,2
2,8,4
2,9,4
2,10,4
2,11,4
2,12,4
2,13,4
2,14,4
2,15,4
2,16,2
2,17,2
2,18,4
2,19,4
2,20,3
2,21,3
2,22,3
2,23,3
2,24,1
2,25,1
2,26,1
2,27,1
2,28,1
2,29,1
2,30,1
3,0,4
3,1,4
3,2,4
3,3,4
3,4,4
3,5,4
3,6,2
3,7,2
3,8,2
3,9,4
3,10,4
3,11,3
3,12,3
3,13,4
3,14,4
3,15,4
3,16,4
3,17,4
3,18,4
3,19,4
3,20,4
3,21,3
3,22,3
3,23,1
3,24,1
3,25,1
3,26,1
3,27,1
3,28,1
3,29,1
3,30,1
4,0,4
4,1,4
4,2,4
4,3,4
4,4,4
4,5,2
4,6,2
4,7,2
4,8,2
4,9,2
4,10,3
4,11,3
4,12,3
4,13,3
4,14,4
4,15,4
4,16,4
4,17,4
4,18,4
4,19,4
4,20,4
4,21,2
4,22,2
4,23,1
4,24,1
4,25,1
4,26,1
4,27,1
4,28,1
4,29,1
4,30,1
5,0,4
5,1,4
5,2,4
5,3,3
5,4,3
5,5,2
5,6,2
5,7,2
5,8,2
5,9,2
5,10,3
5,11,3
5,12,3
5,13,3
5,14,1
5,15,1
5,16,1
5,17,4
5,18,4
5,19,4
5,20,2
5,21,2
5,22,2
5,23,2
5,24,1
5,25,1
5,26,1
5,27,1
5,28,3
5,29,3
5,30,3
6,0,4
6,1,4
6,2,3
6,3,3
6,4,3
6,5,3
6,6,2
6,7,2
6,8,2
6,9,2
6,10,2
6,11,3
6,12,3
6,13,1
6,14,1
6,15,1
6,16,1
6,17,1
6,18,4
6,19,4
6,20,2
6,21,2
6,22,2
6,23,2
6,24,2
6,25,1
6,26,1
6,27,3
6,28,3
6,29,3
6,30,3
7,0,3
7,1,3
7,2,3
7,3,3
7,4,3
7,5,3
7,6,3
7,7,2
7,8,2
7,9,2
7,10,2
7,11,4
7,12,4
7,13,1
7,14,1
7,15,1
7,16,1
7,17,1
7,18,4
7,19,4
7,20,2
7,21,2
7,22,2
7,23,2
7,24,2
7,25,4
7,26,4
7,27,3
7,28,3
7,29,3
7,30,3
8,0,3
8,1,3
8,2,3
8,3,3
8,4,3
8,5,3
8,6,3
8,7,3
8,8,2
8,9,2
8,10,4
8,11,4
8,12,4
8,13,4
8,14,1
8,15,1
8,16,1
8,17,4
8,18,4
8,19,4
8,20,2
8,21,2
8,22,2
8,23,2
8,24,4
8,25,4
8,26,4
8,27,4
8,28,3
8,29,3
8,30,3
9,0,3
9,1,3
9,2,4
9,3,4
9,4,3
9,5,3
9,6,3
9,7,3
9,8,3
9,9,4
9,10,4
9,11,4
9,12,4
9,13,4
9,14,1
9,15,1
9,16,1
9,17,4
9,18,4
9,19,4
9,20,4
9,21,2
9,22,2
9,23,2
9,24,4
9,25,4
9,26,4
9,27,4
9,28,1
9,29,1
9,30,1
10,0,4
10,1,4
10,2,4
10,3,4
10,4,4
10,5,3
10,6,3
10,7,3
10,8,3
10,9,4
10,10,4
10,11,4
10,12,4
10,13,4
10,14,1
10,15,1
10,16,1
10,17,1
10,18,4
10,19,4
10,20,4
10,21,2
10,22,2
10,23,2
10,24,2
10,25,4
10,26,4
10,27,1
10,28,1
10,29,1
10,30,1
11,0,4
11,1,4
11,2,4
11,3,4
11,4,4
11,5,4
11,6,3
11,7,3
11,8,1
11,9,1
11,10,4
11,11,4
11,12,4
11,13,4
11,14,4
11,15,1
11,16,1
11,17,1
11,18,1
11,19,4
11,20,4
11,21,4
11,22,2
11,23,2
11,24,2
11,25,4
11,26,4
11,27,1
11,28,1
11,29,1
11,30,1
12,0,4
12,1,4
12,2,4
12,3,4
12,4,4
12,5,4
12,6,4
12,7,1
12,8,1
12,9,1
12,10,1
12,11,4
12,12,4
12,13,4
12,14,4
12,15,1
12,16,1
12,17,1
12,18,1
12,19,4
12,20,4
12,21,4
12,22,4
12,23,2
12,24,2
12,25,4
12,26,4
12,27,4
12,28,1
12,29,1
12,30,1
13,0,4
13,1,4
13,2,4
13,3,4
13,4,4
13,5,4
13,6,4
13,7,1
13,8,1
13,9,1
13,10,1
13,11,4
13,12,4
13,13,4
13,14,2
13,15,2
13,16,1
13,17,1
13,18,3
13,19,3
13,20,4
13,21,4
13,22,4
13,23,2
13,24,2
13,25,4
13,26,4
13,27,4
13,28,4
13,29,4
13,30,4
14,0,4
14,1,4
14,2,4
14,3,4
14,4,4
14,5,4
14,6,4
14,7,4
14,8,1
14,9,1
14,10,4
14,11,4
14,12,4
14,13,2
14,14,2
14,15,2
14,16,2
14,17,3
14,18,3
14,19,3
14,20,3
14,21,4
14,22,4
14,23,2
14,24,2
14,25,2
14,26,4
14,27,4
14,28,4
14,29,4
14,30,4
15,0,4
15,1,4
15,2,4
15,3,4
15,4,4
15,5,4
15,6,4
15,7,4
15,8,1
15,9,1
15,10,4
15,11,4
15,12,4
15,13,2
15,14,2
15,15,2
15,16,2
15,17,3
15,18,3
15,19,3
15,20,3
15,21,4
15,22,4
15,23,2
15,24,2
15,25,2
15,26,1
15,27,1
15,28,4
15,29,4
15,30,4
16,0,4
16,1,4
16,2,4
16,3,4
16,4,4
16,5,4
16,6,4
16,7,1
16,8,1
16,9,1
16,10,4
16,11,4
16,12,4
16,13,2
16,14,2
16,15,2
16,16,2
16,17,3
16,18,3
16,19,3
16,20,4
16,21,4
16,22,4
16,23,2
16,24,2
16,25,1
16,26,1
16,27,1
16,28,1
16,29,4
16,30,4
17,0,4
17,1,4
17,2,4
17,3,4
17,4,4
17,5,2
17,6,2
17,7,1
17,8,1
17,9,1
17,10,4
17,11,4
17,12,4
17,13,4
17,14,2
17,15,2
17,16,3
17,17,3
17,18,3
17,19,4
17,20,4
17,21,4
17,22,4
17,23,2
17,24,2
17,25,1
17,26,1
17,27,1
17,28,1
17,29,4
17,30,4
18,0,4
18,1,4
18,2,4
18,3,4
18,4,2
18,5,2
18,6,2
18,7,2
18,8,1
18,9,1
18,10,4
18,11,4
18,12,4
18,13,4
18,14,4
18,15,3
18,16,3
18,17,3
18,18,3
18,19,4
18,20,4
18,21,4
18,22,4
18,23,2
18,24,2
18,25,1
18,26,1
18,27,1
18,28,1
18,29,4
18,30,4
19,0,4
19,1,4
19,2,4
19,3,4
19,4,2
19,5,2
19,6,2
19,7,2
19,8,1
19,9,1
19,10,4
19,11,4
19,12,4
19,13,4
19,14,4
19,15,3
19,16,3
19,17,3
19,18,3
19,19,4
19,20,4
19,21,4
19,22,4
19,23,2
19,24,2
19,25,1
19,26,1
19,27,1
19,28,1
19,29,4
19,30,4
20,0,4
20,1,4
20,2,4
20,3,4
20,4,4
20,5,2
20,6,2
20,7,1
20,8,1
20,9,1
20,10,4
20,11,4
20,12,4
20,13,4
20,14,2
20,15,2
20,16,3
20,17,3
20,18,2
20,19,2
20,20,4
20,21,4
20,22,4
20,23,2
20,24,2
20,25,2
20,26,1
20,27,1
20,28,4
20,29,4
20,30,4
21,0,4
21,1,4
21,2,4
21,3,4
21,4,4
21,5,3
21,6,3
21,7,1
21,8,1
21,9,1
21,10,1
21,11,4
21,12,4
21,13,2
21,14,2
21,15,2
21,16,2
21,17,2
21,18,2
21,19,2
21,20,2
21,21,4
21,22,4
21,23,2
21,24,2
21,25,2
21,26,2
21,27,4
21,28,4
21,29,4
21,30,4
22,0,4
22,1,4
22,2,4
22,3,4
22,4,3
22,5,3
22,6,3
22,7,3
22,8,1
22,9,1
22,10,1
22,11,1
22,12,2
22,13,2
22,14,2
22,15,2
22,16,2
22,17,2
22,18,2
22,19,2
22,20,2
22,21,4
22,22,4
22,23,2
22,24,2
22,25,2
22,26,2
22,27,4
22,28,4
22,29,4
22,30,4
23,0,3
23,1,3
23,2,3
23,3,3
23,4,3
23,5,3
23,6,3
23,7,3
23,8,1
23,9,1
23,10,1
23,11,1
23,12,2
23,13,2
23,14,2
23,15,2
23,16,3
23,17,3
23,18,2
23,19,2
23,20,4
23,21,4
23,22,4
23,23,4
23,24,2
23,25,2
23,26,4
23,27,4
23,28,4
23,29,4
23,30,4
24,0,3
24,1,3
24,2,3
24,3,3
24,4,3
24,5,3
24,6,3
24,7,3
24,8,1
24,9,1
24,10,1
24,11,4
24,12,4
24,13,2
24,14,2
24,15,3
24,16,3
24,17,3
24,18,3
24,19,3
24,20,4
24,21,4
24,22,4
24,23,4
24,24,4
24,25,4
24,26,4
24,27,4
24,28,4
24,29,4
24,30,4
25,0,1
25,1,1
25,2,1
25,3,1
25,4,1
25,5,3
25,6,3
25,7,1
25,8,1
25,9,1
25,10,4
25,11,4
25,12,4
25,13,4
25,14,3
25,15,3
25,16,3
25,17,3
25,18,3
25,19,3
25,20,3
25,21,4
25,22,4
25,23,4
25,24,4
25,25,4
25,26,4
25,27,4
25,28,4
25,29,4
25,30,4
26,0,1
26,1,1
26,2,1
26,3,1
26,4,1
26,5,1
26,6,1
26,7,1
26,8,1
26,9,1
26,10,4
26,11,4
26,12,4
26,13,4
26,14,3
26,15,3
26,16,3
26,17,3
26,18,3
26,19,3
26,20,3
26,21,3
26,22,3
26,23,3
26,24,4
26,25,4
26,26,4
26,27,4
26,28,4
26,29,4
26,30,4
27,0,1
27,1,1
27,2,1
27,3,1
27,4,1
27,5,1
27,6,1
27,7,1
27,8,1
27,9,1
27,10,4
27,11,4
27,12,4
27,13,1
27,14,1
27,15,3
27,16,3
27,17,3
27,18,3
27,19,3
27,20,3
27,21,3
27,22,3
27,23,3
27,24,3
27,25,4
27,26,4
27,27,4
27,28,4
27,29,4
27,30,4
28,0,1
28,1,1
28,2,1
28,3,1
28,4,1
28,5,1
28,6,1
28,7,1
28,8,1
28,9,4
28,10,4
28,11,4
28,12,1
28,13,1
28,14,1
28,15,1
28,16,3
28,17,3
28,18,3
28,19,3
28,20,3
28,21,3
28,22,3
28,23,3
28,24,3
28,25,4
28,26,4
28,27,4
28,28,4
28,29,4
28,30,4
29,0,1
29,1,1
29,2,1
29,3,1
29,4,1
29,5,1
29,6,1
29,7,1
29,8,4
29,9,4
29,10,4
29,11,4
29,12,1
29,13,1
29,14,1
29,15,1
29,16,3
29,17,3
29,18,3
29,19,3
29,20,3
29,21,3
29,22,3
29,23,3
29,24,3
29,25,4
29,26,4
29,27,4
29,28,4
29,29,4
29,30,4
30,0,1
30,1,1
30,2,1
30,3,1
30,4,1
30,5,1
30,6,1
30,7,1
30,8,4
30,9,4
30,10,4
30,11,4
30,12,1
30,13,1
30,14,1
30,15,1
30,16,3
30,17,3
30,18,3
30,19,3
30,20,3
30,21,3
30,22,3
30,23,3
30,24,3
30,25,4
30,26,4
30,27,4
30,28,4
30,29,4
30,30,4