4
5
7
3
2,7
2,22
17,7
17,22
2,3,4
1,3,4
0,3,3
0,2,2
0,1,2
0,0,1
0,1,1
0,2,3
0,3,3
0,4,3
0,5,3
0,6,3
0,7,3
0,8,3
0,9,3
0,10,4
0,11,4
0,12,4
0,13,4
0,14,3
0,15,3
0,16,3
0,17,3
0,18,4
0,19,4
0,20,4
0,21,4
0,22,4
0,23,4
0,24,4
0,25,2
0,26,2
0,27,1
0,28,1
0,29,1
0,30,1
1,0,1
1,1,1
1,2,3
1,3,3
1,4,3
1,5,3
1,6,3
1,7,3
1,8,3
1,9,3
1,10,4
1,11,4
1,12,4
1,13,4
1,14,3
1,15,3
1,16,3
1,17,3
1,18,4
1,19,4
1,20,4
1,21,4
1,22,4
1,23,4
1,24,4
1,25,2
1,26,2
1,27,1
1,28,1
1,29,1
1,30,1
2,0,1
2,1,1
2,2,1
2,3,3
2,4,3
2,5,3
2,6,3
2,7,3
2,8,3
2,9,3
2,10,3
2,11,4
2,12,4
2,13,4
2,14,4
2,15,3
2,16,3
2,17,3
2,18,4
2,19,4
2,20,4
2,21,4
2,22,4
2,23,4
2,24,4
2,25,2
2,26,2
2,27,2
2,28,1
2,29,1
2,30,1
3,0,1
3,1,1
3,2,1
3,3,3
3,4,3
3,5,3
3,6,3
3,7,3
3,8,3
3,9,3
3,10,3
3,11,3
3,12,4
3,13,4
3,14,4
3,15,4
3,16,3
3,17,3
3,18,3
3,19,4
3,20,4
3,21,4
3,22,4
3,23,4
3,24,4
3,25,2
3,26,2
3,27,2
3,28,3
3,29,3
3,30,3
4,0,1
4,1,1
4,2,3
4,3,3
4,4,3
4,5,3
4,6,3
4,7,3
4,8,3
4,9,3
4,10,3
4,11,3
4,12,4
4,13,4
4,14,4
4,15,4
4,16,3
4,17,3
4,18,3
4,19,3
4,20,4
4,21,4
4,22,4
4,23,4
4,24,4
4,25,2
4,26,2
4,27,3
4,28,3
4,29,3
4,30,3
5,0,4
5,1,4
5,2,3
5,3,3
5,4,3
5,5,3
5,6,4
5,7,4
5,8,4
5,9,3
5,10,3
5,11,4
5,12,4
5,13,4
5,14,4
5,15,3
5,16,3
5,17,3
5,18,3
5,19,3
5,20,4
5,21,4
5,22,4
5,23,4
5,24,2
5,25,2
5,26,2
5,27,3
5,28,3
5,29,3
5,30,3
6,0,4
6,1,4
6,2,4
6,3,3
6,4,3
6,5,4
6,6,4
6,7,4
6,8,4
6,9,4
6,10,4
6,11,4
6,12,4
6,13,4
6,14,3
6,15,3
6,16,3
6,17,3
6,18,3
6,19,4
6,20,4
6,21,4
6,22,4
6,23,2
6,24,2
6,25,2
6,26,2
6,27,3
6,28,3
6,29,3
6,30,3
7,0,4
7,1,4
7,2,4
7,3,2
7,4,2
7,5,4
7,6,4
7,7,4
7,8,4
7,9,4
7,10,4
7,11,4
7,12,4
7,13,3
7,14,3
7,15,3
7,16,3
7,17,4
7,18,4
7,19,4
7,20,4
7,21,4
7,22,4
7,23,2
7,24,2
7,25,2
7,26,3
7,27,3
7,28,3
7,29,3
7,30,3
8,0,4
8,1,4
8,2,2
8,3,2
8,4,2
8,5,2
8,6,4
8,7,4
8,8,4
8,9,4
8,10,4
8,11,4
8,12,4
8,13,3
8,14,3
8,15,3
8,16,4
8,17,4
8,18,4
8,19,4
8,20,4
8,21,4
8,22,2
8,23,2
8,24,2
8,25,3
8,26,3
8,27,3
8,28,3
8,29,2
8,30,2
9,0,4
9,1,4
9,2,2
9,3,2
9,4,2
9,5,2
9,6,2
9,7,4
9,8,4
9,9,4
9,10,4
9,11,4
9,12,3
9,13,3
9,14,3
9,15,3
9,16,4
9,17,4
9,18,4
9,19,4
9,20,2
9,21,2
9,22,2
9,23,2
9,24,2
9,25,3
9,26,3
9,27,3
9,28,2
9,29,2
9,30,2
10,0,4
10,1,4
10,2,4
10,3,2
10,4,2
10,5,2
10,6,2
10,7,2
10,8,4
10,9,4
10,10,4
10,11,4
10,12,3
10,13,3
10,14,3
10,15,1
10,16,1
10,17,4
10,18,4
10,19,2
10,20,2
10,21,2
10,22,2
10,23,2
10,24,3
10,25,3
10,26,3
10,27,3
10,28,2
10,29,2
10,30,2
11,0,4
11,1,4
11,2,4
11,3,3
11,4,3
11,5,2
11,6,2
11,7,2
11,8,2
11,9,4
11,10,4
11,11,3
11,12,3
11,13,3
11,14,1
11,15,1
11,16,1
11,17,1
11,18,1
11,19,2
11,20,2
11,21,2
11,22,2
11,23,3
11,24,3
11,25,3
11,26,3
11,27,3
11,28,3
11,29,2
11,30,2
12,0,4
12,1,4
12,2,3
12,3,3
12,4,3
12,5,3
12,6,2
12,7,2
12,8,2
12,9,2
12,10,3
12,11,3
12,12,3
12,13,3
12,14,1
12,15,1
12,16,1
12,17,1
12,18,1
12,19,1
12,20,2
12,21,2
12,22,3
12,23,3
12,24,3
12,25,3
12,26,3
12,27,3
12,28,3
12,29,3
12,30,3
13,0,4
13,1,4
13,2,3
13,3,3
13,4,3
13,5,3
13,6,2
13,7,2
13,8,2
13,9,2
13,10,3
13,11,3
13,12,3
13,13,3
13,14,1
13,15,1
13,16,1
13,17,1
13,18,1
13,19,1
13,20,1
13,21,1
13,22,3
13,23,3
13,24,3
13,25,3
13,26,3
13,27,3
13,28,3
13,29,3
13,30,3
14,0,4
14,1,4
14,2,3
14,3,3
14,4,3
14,5,2
14,6,2
14,7,2
14,8,2
14,9,2
14,10,3
14,11,3
14,12,3
14,13,3
14,14,1
14,15,1
14,16,1
14,17,1
14,18,1
14,19,1
14,20,1
14,21,1
14,22,1
14,23,3
14,24,3
14,25,3
14,26,1
14,27,1
14,28,3
14,29,3
14,30,3
15,0,4
15,1,4
15,2,3
15,3,3
15,4,2
15,5,2
15,6,2
15,7,2
15,8,2
15,9,2
15,10,3
15,11,3
15,12,3
15,13,4
15,14,4
15,15,1
15,16,1
15,17,3
15,18,3
15,19,1
15,20,1
15,21,1
15,22,1
15,23,1
15,24,1
15,25,1
15,26,1
15,27,1
15,28,1
15,29,1
15,30,1
16,0,4
16,1,4
16,2,3
16,3,3
16,4,2
16,5,2
16,6,2
16,7,2
16,8,2
16,9,2
16,10,3
16,11,3
16,12,4
16,13,4
16,14,4
16,15,4
16,16,3
16,17,3
16,18,3
16,19,3
16,20,1
16,21,1
16,22,1
16,23,1
16,24,1
16,25,1
16,26,1
16,27,1
16,28,1
16,29,1
16,30,1
17,0,4
17,1,4
17,2,3
17,3,3
17,4,3
17,5,2
17,6,2
17,7,2
17,8,2
17,9,2
17,10,3
17,11,3
17,12,4
17,13,4
17,14,4
17,15,4
17,16,3
17,17,3
17,18,3
17,19,3
17,20,1
17,21,1
17,22,1
17,23,1
17,24,1
17,25,1
17,26,3
17,27,3
17,28,3
17,29,3
17,30,3
18,0,4
18,1,4
18,2,3
18,3,3
18,4,3
18,5,2
18,6,2
18,7,2
18,8,2
18,9,2
18,10,3
18,11,3
18,12,4
18,13,4
18,14,4
18,15,4
18,16,4
18,17,3
18,18,3
18,19,1
18,20,1
18,21,1
18,22,1
18,23,1
18,24,1
18,25,3
18,26,3
18,27,3
18,28,3
18,29,3
18,30,3
19,0,4
19,1,4
19,2,4
19,3,3
19,4,3
19,5,2
19,6,2
19,7,2
19,8,2
19,9,2
19,10,3
19,11,3
19,12,4
19,13,4
19,14,4
19,15,4
19,16,4
19,17,4
19,18,1
19,19,1
19,20,1
19,21,1
19,22,1
19,23,1
19,24,1
19,25,3
19,26,3
19,27,3
19,28,3
19,29,3
19,30,3
20,0,4
20,1,4
20,2,4
20,3,3
20,4,3
20,5,3
20,6,2
20,7,2
20,8,2
20,9,3
20,10,3
20,11,3
20,12,3
20,13,4
20,14,4
20,15,4
20,16,4
20,17,4
20,18,1
20,19,1
20,20,1
20,21,1
20,22,1
20,23,1
20,24,1
20,25,1
20,26,3
20,27,3
20,28,3
20,29,3
20,30,3
21,0,4
21,1,4
21,2,3
21,3,3
21,4,3
21,5,3
21,6,1
21,7,1
21,8,1
21,9,3
21,10,3
21,11,3
21,12,3
21,13,3
21,14,4
21,15,4
21,16,4
21,17,4
21,18,1
21,19,1
21,20,1
21,21,1
21,22,1
21,23,1
21,24,1
21,25,1
21,26,1
21,27,1
21,28,3
21,29,3
21,30,3
22,0,3
22,1,3
22,2,3
22,3,3
22,4,3
22,5,1
22,6,1
22,7,1
22,8,1
22,9,1
22,10,3
22,11,3
22,12,3
22,13,3
22,14,4
22,15,4
22,16,4
22,17,4
22,18,1
22,19,1
22,20,1
22,21,1
22,22,1
22,23,1
22,24,1
22,25,1
22,26,1
22,27,1
22,28,1
22,29,3
22,30,3
23,0,3
23,1,3
23,2,3
23,3,3
23,4,1
23,5,1
23,6,1
23,7,1
23,8,1
23,9,1
23,10,1
23,11,3
23,12,3
23,13,4
23,14,4
23,15,4
23,16,4
23,17,4
23,18,4
23,19,1
23,20,1
23,21,2
23,22,2
23,23,2
23,24,2
23,25,1
23,26,1
23,27,1
23,28,1
23,29,3
23,30,3
24,0,3
24,1,3
24,2,3
24,3,3
24,4,1
24,5,1
24,6,1
24,7,1
24,8,1
24,9,1
24,10,1
24,11,2
24,12,2
24,13,4
24,14,4
24,15,4
24,16,4
24,17,4
24,18,4
24,19,4
24,20,2
24,21,2
24,22,2
24,23,2
24,24,2
24,25,2
24,26,1
24,27,1
24,28,3
24,29,3
24,30,3
25,0,3
25,1,3
25,2,3
25,3,2
25,4,2
25,5,1
25,6,1
25,7,1
25,8,1
25,9,1
25,10,2
25,11,2
25,12,2
25,13,2
25,14,4
25,15,4
25,16,4
25,17,4
25,18,4
25,19,4
25,20,2
25,21,2
25,22,2
25,23,2
25,24,2
25,25,2
25,26,4
25,27,4
25,28,3
25,29,3
25,30,3
26,0,2
26,1,2
26,2,2
26,3,2
26,4,2
26,5,2
26,6,2
26,7,2
26,8,2
26,9,2
26,10,2
26,11,2
26,12,2
26,13,2
26,14,2
26,15,4
26,16,4
26,17,4
26,18,4
26,19,2
26,20,2
26,21,2
26,22,2
26,23,2
26,24,2
26,25,4
26,26,4
26,27,4
26,28,4
26,29,3
26,30,3
27,0,2
27,1,2
27,2,2
27,3,2
27,4,2
27,5,2
27,6,2
27,7,2
27,8,2
27,9,2
27,10,2
27,11,2
27,12,2
27,13,2
27,14,2
27,15,3
27,16,3
27,17,3
27,18,3
27,19,2
27,20,2
27,21,2
27,22,2
27,23,3
27,24,3
27,25,4
27,26,4
27,27,4
27,28,4
27,29,3
27,30,3
28,0,3
28,1,3
28,2,2
28,3,2
28,4,4
28,5,4
28,6,2
28,7,2
28,8,4
28,9,4
28,10,4
28,11,2
28,12,2
28,13,2
28,14,3
28,15,3
28,16,3
28,17,3
28,18,3
28,19,3
28,20,2
28,21,2
28,22,3
28,23,3
28,24,3
28,25,3
28,26,4
28,27,4
28,28,4
28,29,3
28,30,3
29,0,3
29,1,3
29,2,3
29,3,4
29,4,4
29,5,4
29,6,4
29,7,4
29,8,4
29,9,4
29,10,4
29,11,4
29,12,2
29,13,2
29,14,3
29,15,3
29,16,3
29,17,3
29,18,3
29,19,3
29,20,2
29,21,2
29,22,3
29,23,3
29,24,3
29,25,3
29,26,3
29,27,4
29,28,4
29,29,3
29,30,3
30,0,3
30,1,3
30,2,3
30,3,4
30,4,4
30,5,4
30,6,4
30,7,4
30,8,4
30,9,4
30,10,4
30,11,4
30,12,2
30,13,2
30,14,3
30,15,3
30,16,3
30,17,3
30,18,3
30,19,3
30,20,2
30,21,2
30,22,3
30,23,3
30,24,3
30,25,3
30,26,3
30,27,4
30,28,4
30,29,3
30,30,3