4
5
4
3
2,12
2,27
17,12
17,27
0,3,1
1,3,2
2,3,4
0,1,4
0,2,1
0,0,4
0,1,4
0,2,4
0,3,3
0,4,3
0,5,1
0,6,1
0,7,1
0,8,1
0,9,1
0,10,3
0,11,3
0,12,3
0,13,3
0,14,3
0,15,1
0,16,1
0,17,1
0,18,1
0,19,1
0,20,3
0,21,3
0,22,4
0,23,4
0,24,4
0,25,3
0,26,3
0,27,3
0,28,3
0,29,3
0,30,3
1,0,4
1,1,4
1,2,4
1,3,3
1,4,3
1,5,1
1,6,1
1,7,1
1,8,1
1,9,1
1,10,3
1,11,3
1,12,3
1,13,3
1,14,3
1,15,1
1,16,1
1,17,1
1,18,1
1,19,1
1,20,3
1,21,3
1,22,4
1,23,4
1,24,4
1,25,3
1,26,3
1,27,3
1,28,3
1,29,3
1,30,3
2,0,4
2,1,4
2,2,3
2,3,3
2,4,3
2,5,3
2,6,1
2,7,1
2,8,1
2,9,1
2,10,3
2,11,3
2,12,3
2,13,3
2,14,3
2,15,3
2,16,1
2,17,1
2,18,1
2,19,3
2,20,3
2,21,3
2,22,4
2,23,4
2,24,4
2,25,3
2,26,3
2,27,3
2,28,3
2,29,3
2,30,3
3,0,3
3,1,3
3,2,3
3,3,3
3,4,3
3,5,3
3,6,1
3,7,1
3,8,1
3,9,3
3,10,3
3,11,3
3,12,3
3,13,3
3,14,3
3,15,3
3,16,3
3,17,3
3,18,3
3,19,3
3,20,3
3,21,3
3,22,4
3,23,4
3,24,4
3,25,3
3,26,3
3,27,3
3,28,3
3,29,3
3,30,3
4,0,3
4,1,3
4,2,3
4,3,3
4,4,3
4,5,1
4,6,1
4,7,1
4,8,3
4,9,3
4,10,3
4,11,3
4,12,3
4,13,3
4,14,3
4,15,3
4,16,3
4,17,3
4,18,3
4,19,3
4,20,3
4,21,4
4,22,4
4,23,4
4,24,4
4,25,3
4,26,3
4,27,3
4,28,3
4,29,3
4,30,3
5,0,2
5,1,2
5,2,3
5,3,3
5,4,1
5,5,1
5,6,1
5,7,1
5,8,3
5,9,3
5,10,3
5,11,3
5,12,4
5,13,4
5,14,3
5,15,3
5,16,3
5,17,4
5,18,4
5,19,4
5,20,4
5,21,4
5,22,4
5,23,4
5,24,3
5,25,3
5,26,3
5,27,3
5,28,3
5,29,3
5,30,3
6,0,2
6,1,2
6,2,2
6,3,1
6,4,1
6,5,1
6,6,1
6,7,2
6,8,2
6,9,3
6,10,3
6,11,4
6,12,4
6,13,4
6,14,4
6,15,4
6,16,4
6,17,4
6,18,4
6,19,4
6,20,4
6,21,4
6,22,4
6,23,4
6,24,3
6,25,3
6,26,3
6,27,3
6,28,3
6,29,3
6,30,3
7,0,2
7,1,2
7,2,2
7,3,1
7,4,1
7,5,1
7,6,2
7,7,2
7,8,2
7,9,2
7,10,2
7,11,4
7,12,4
7,13,4
7,14,4
7,15,4
7,16,4
7,17,4
7,18,4
7,19,2
7,20,2
7,21,4
7,22,4
7,23,2
7,24,2
7,25,3
7,26,3
7,27,3
7,28,3
7,29,3
7,30,3
8,0,2
8,1,2
8,2,1
8,3,1
8,4,1
8,5,1
8,6,2
8,7,2
8,8,2
8,9,2
8,10,2
8,11,2
8,12,4
8,13,4
8,14,4
8,15,4
8,16,4
8,17,4
8,18,2
8,19,2
8,20,2
8,21,2
8,22,2
8,23,2
8,24,2
8,25,2
8,26,2
8,27,2
8,28,2
8,29,2
8,30,2
9,0,2
9,1,2
9,2,1
9,3,1
9,4,1
9,5,1
9,6,2
9,7,2
9,8,2
9,9,2
9,10,2
9,11,2
9,12,4
9,13,4
9,14,4
9,15,4
9,16,1
9,17,1
9,18,2
9,19,2
9,20,2
9,21,2
9,22,2
9,23,2
9,24,2
9,25,2
9,26,2
9,27,2
9,28,2
9,29,2
9,30,2
10,0,2
10,1,2
10,2,2
10,3,1
10,4,1
10,5,1
10,6,1
10,7,2
10,8,2
10,9,2
10,10,2
10,11,1
10,12,1
10,13,4
10,14,4
10,15,1
10,16,1
10,17,1
10,18,1
10,19,2
10,20,2
10,21,1
10,22,1
10,23,1
10,24,1
10,25,1
10,26,1
10,27,1
10,28,1
10,29,1
10,30,1
11,0,2
11,1,2
11,2,2
11,3,2
11,4,1
11,5,1
11,6,1
11,7,1
11,8,1
11,9,1
11,10,1
11,11,1
11,12,1
11,13,1
11,14,1
11,15,1
11,16,1
11,17,1
11,18,1
11,19,1
11,20,1
11,21,1
11,22,1
11,23,1
11,24,1
11,25,1
11,26,1
11,27,1
11,28,1
11,29,1
11,30,1
12,0,2
12,1,2
12,2,2
12,3,2
12,4,1
12,5,1
12,6,1
12,7,1
12,8,1
12,9,1
12,10,1
12,11,1
12,12,1
12,13,1
12,14,1
12,15,1
12,16,1
12,17,1
12,18,1
12,19,1
12,20,1
12,21,1
12,22,1
12,23,4
12,24,4
12,25,4
12,26,4
12,27,4
12,28,4
12,29,4
12,30,4
13,0,2
13,1,2
13,2,2
13,3,4
13,4,4
13,5,1
13,6,1
13,7,1
13,8,4
13,9,4
13,10,4
13,11,4
13,12,4
13,13,4
13,14,4
13,15,4
13,16,4
13,17,4
13,18,4
13,19,4
13,20,4
13,21,4
13,22,4
13,23,4
13,24,4
13,25,4
13,26,4
13,27,4
13,28,4
13,29,4
13,30,4
14,0,4
14,1,4
14,2,4
14,3,4
14,4,4
14,5,4
14,6,4
14,7,4
14,8,4
14,9,4
14,10,4
14,11,4
14,12,4
14,13,4
14,14,4
14,15,4
14,16,4
14,17,4
14,18,4
14,19,4
14,20,4
14,21,4
14,22,4
14,23,4
14,24,4
14,25,4
14,26,1
14,27,1
14,28,1
14,29,1
14,30,1
15,0,4
15,1,4
15,2,4
15,3,4
15,4,4
15,5,4
15,6,4
15,7,4
15,8,4
15,9,4
15,10,2
15,11,2
15,12,2
15,13,2
15,14,2
15,15,4
15,16,4
15,17,1
15,18,1
15,19,4
15,20,4
15,21,4
15,22,4
15,23,1
15,24,1
15,25,1
15,26,1
15,27,1
15,28,1
15,29,1
15,30,1
16,0,2
16,1,2
16,2,2
16,3,2
16,4,2
16,5,2
16,6,2
16,7,2
16,8,2
16,9,2
16,10,2
16,11,2
16,12,2
16,13,2
16,14,2
16,15,2
16,16,1
16,17,1
16,18,1
16,19,1
16,20,4
16,21,4
16,22,1
16,23,1
16,24,1
16,25,1
16,26,1
16,27,1
16,28,1
16,29,1
16,30,1
17,0,2
17,1,2
17,2,2
17,3,2
17,4,2
17,5,2
17,6,2
17,7,2
17,8,2
17,9,2
17,10,2
17,11,2
17,12,2
17,13,2
17,14,2
17,15,2
17,16,1
17,17,1
17,18,1
17,19,1
17,20,4
17,21,4
17,22,1
17,23,1
17,24,1
17,25,1
17,26,1
17,27,1
17,28,1
17,29,1
17,30,1
18,0,3
18,1,3
18,2,3
18,3,2
18,4,2
18,5,3
18,6,3
18,7,2
18,8,2
18,9,2
18,10,2
18,11,2
18,12,2
18,13,2
18,14,2
18,15,2
18,16,1
18,17,1
18,18,1
18,19,4
18,20,4
18,21,4
18,22,1
18,23,1
18,24,1
18,25,1
18,26,1
18,27,1
18,28,1
18,29,1
18,30,1
19,0,3
19,1,3
19,2,3
19,3,3
19,4,3
19,5,3
19,6,3
19,7,3
19,8,2
19,9,2
19,10,2
19,11,2
19,12,2
19,13,2
19,14,2
19,15,1
19,16,1
19,17,1
19,18,1
19,19,4
19,20,4
19,21,4
19,22,1
19,23,1
19,24,1
19,25,1
19,26,1
19,27,1
19,28,1
19,29,1
19,30,1
20,0,3
20,1,3
20,2,3
20,3,3
20,4,3
20,5,3
20,6,3
20,7,3
20,8,1
20,9,1
20,10,1
20,11,1
20,12,1
20,13,1
20,14,1
20,15,1
20,16,1
20,17,1
20,18,1
20,19,4
20,20,4
20,21,1
20,22,1
20,23,1
20,24,1
20,25,1
20,26,1
20,27,1
20,28,4
20,29,4
20,30,4
21,0,4
21,1,4
21,2,3
21,3,3
21,4,3
21,5,3
21,6,3
21,7,1
21,8,1
21,9,1
21,10,1
21,11,1
21,12,1
21,13,1
21,14,1
21,15,1
21,16,1
21,17,1
21,18,4
21,19,4
21,20,4
21,21,1
21,22,1
21,23,1
21,24,1
21,25,1
21,26,1
21,27,4
21,28,4
21,29,4
21,30,4
22,0,4
22,1,4
22,2,4
22,3,3
22,4,3
22,5,1
22,6,1
22,7,1
22,8,1
22,9,1
22,10,4
22,11,4
22,12,4
22,13,4
22,14,4
22,15,4
22,16,4
22,17,4
22,18,4
22,19,4
22,20,4
22,21,4
22,22,1
22,23,1
22,24,1
22,25,1
22,26,1
22,27,4
22,28,4
22,29,4
22,30,4
23,0,4
23,1,4
23,2,4
23,3,1
23,4,1
23,5,1
23,6,1
23,7,1
23,8,1
23,9,4
23,10,4
23,11,4
23,12,4
23,13,4
23,14,4
23,15,4
23,16,4
23,17,4
23,18,4
23,19,4
23,20,4
23,21,4
23,22,4
23,23,4
23,24,1
23,25,1
23,26,2
23,27,2
23,28,4
23,29,4
23,30,4
24,0,4
24,1,4
24,2,1
24,3,1
24,4,1
24,5,1
24,6,1
24,7,2
24,8,2
24,9,4
24,10,4
24,11,4
24,12,4
24,13,4
24,14,2
24,15,2
24,16,4
24,17,4
24,18,4
24,19,4
24,20,4
24,21,4
24,22,4
24,23,4
24,24,4
24,25,2
24,26,2
24,27,2
24,28,2
24,29,2
24,30,2
25,0,3
25,1,3
25,2,1
25,3,1
25,4,1
25,5,1
25,6,2
25,7,2
25,8,2
25,9,2
25,10,4
25,11,4
25,12,4
25,13,2
25,14,2
25,15,2
25,16,2
25,17,2
25,18,4
25,19,4
25,20,3
25,21,3
25,22,4
25,23,4
25,24,4
25,25,2
25,26,2
25,27,2
25,28,2
25,29,2
25,30,2
26,0,3
26,1,3
26,2,3
26,3,1
26,4,1
26,5,1
26,6,2
26,7,2
26,8,2
26,9,2
26,10,3
26,11,3
26,12,3
26,13,2
26,14,2
26,15,2
26,16,2
26,17,2
26,18,2
26,19,3
26,20,3
26,21,3
26,22,3
26,23,4
26,24,4
26,25,4
26,26,2
26,27,2
26,28,4
26,29,4
26,30,4
27,0,3
27,1,3
27,2,3
27,3,3
27,4,1
27,5,1
27,6,1
27,7,2
27,8,2
27,9,3
27,10,3
27,11,3
27,12,3
27,13,3
27,14,2
27,15,2
27,16,2
27,17,2
27,18,2
27,19,3
27,20,3
27,21,3
27,22,3
27,23,4
27,24,4
27,25,4
27,26,4
27,27,4
27,28,4
27,29,4
27,30,4
28,0,3
28,1,3
28,2,3
28,3,3
28,4,1
28,5,1
28,6,1
28,7,3
28,8,3
28,9,3
28,10,3
28,11,3
28,12,3
28,13,3
28,14,4
28,15,4
28,16,2
28,17,2
28,18,1
28,19,1
28,20,3
28,21,3
28,22,1
28,23,1
28,24,4
28,25,4
28,26,4
28,27,4
28,28,4
28,29,4
28,30,4
29,0,3
29,1,3
29,2,3
29,3,3
29,4,1
29,5,1
29,6,3
29,7,3
29,8,3
29,9,3
29,10,3
29,11,3
29,12,3
29,13,4
29,14,4
29,15,4
29,16,4
29,17,1
29,18,1
29,19,1
29,20,1
29,21,1
29,22,1
29,23,1
29,24,1
29,25,4
29,26,4
29,27,4
29,28,4
29,29,4
29,30,4
30,0,3
30,1,3
30,2,3
30,3,3
30,4,1
30,5,1
30,6,3
30,7,3
30,8,3
30,9,3
30,10,3
30,11,3
30,12,3
30,13,4
30,14,4
30,15,4
30,16,4
30,17,1
30,18,1
30,19,1
30,20,1
30,21,1
30,22,1
30,23,1
30,24,1
30,25,4
30,26,4
30,27,4
30,28,4
30,29,4
30,30,4