4
5
7
3
7,2
7,17
22,2
22,17
1,3,2
2,3,2
0,1,3
0,2,3
1,2,4
0,0,1
0,1,1
0,2,1
0,3,4
0,4,4
0,5,1
0,6,1
0,7,2
0,8,2
0,9,1
0,10,1
0,11,1
0,12,1
0,13,3
0,14,3
0,15,4
0,16,4
0,17,4
0,18,4
0,19,4
0,20,4
0,21,4
0,22,4
0,23,4
0,24,4
0,25,4
0,26,4
0,27,4
0,28,2
0,29,2
0,30,2
1,0,1
1,1,1
1,2,1
1,3,4
1,4,4
1,5,1
1,6,1
1,7,2
1,8,2
1,9,1
1,10,1
1,11,1
1,12,1
1,13,3
1,14,3
1,15,4
1,16,4
1,17,4
1,18,4
1,19,4
1,20,4
1,21,4
1,22,4
1,23,4
1,24,4
1,25,4
1,26,4
1,27,4
1,28,2
1,29,2
1,30,2
2,0,1
2,1,1
2,2,4
2,3,4
2,4,4
2,5,1
2,6,1
2,7,2
2,8,2
2,9,2
2,10,1
2,11,1
2,12,3
2,13,3
2,14,3
2,15,4
2,16,4
2,17,4
2,18,4
2,19,4
2,20,4
2,21,4
2,22,4
2,23,4
2,24,4
2,25,4
2,26,4
2,27,1
2,28,1
2,29,2
2,30,2
3,0,4
3,1,4
3,2,4
3,3,4
3,4,4
3,5,1
3,6,1
3,7,2
3,8,2
3,9,2
3,10,2
3,11,3
3,12,3
3,13,3
3,14,3
3,15,3
3,16,4
3,17,4
3,18,1
3,19,1
3,20,4
3,21,4
3,22,4
3,23,4
3,24,4
3,25,4
3,26,1
3,27,1
3,28,1
3,29,1
3,30,1
4,0,4
4,1,4
4,2,4
4,3,4
4,4,4
4,5,1
4,6,1
4,7,2
4,8,2
4,9,2
4,10,2
4,11,3
4,12,3
4,13,3
4,14,3
4,15,3
4,16,1
4,17,1
4,18,1
4,19,1
4,20,1
4,21,4
4,22,4
4,23,4
4,24,2
4,25,2
4,26,1
4,27,1
4,28,1
4,29,1
4,30,1
5,0,4
5,1,4
5,2,4
5,3,4
5,4,4
5,5,1
5,6,1
5,7,2
5,8,2
5,9,2
5,10,2
5,11,3
5,12,3
5,13,3
5,14,3
5,15,1
5,16,1
5,17,1
5,18,1
5,19,1
5,20,1
5,21,2
5,22,2
5,23,2
5,24,2
5,25,2
5,26,2
5,27,1
5,28,1
5,29,1
5,30,1
6,0,4
6,1,4
6,2,4
6,3,4
6,4,4
6,5,1
6,6,1
6,7,2
6,8,2
6,9,2
6,10,2
6,11,2
6,12,3
6,13,3
6,14,1
6,15,1
6,16,1
6,17,1
6,18,1
6,19,1
6,20,2
6,21,2
6,22,2
6,23,2
6,24,2
6,25,2
6,26,2
6,27,1
6,28,1
6,29,1
6,30,1
7,0,4
7,1,4
7,2,4
7,3,4
7,4,4
7,5,1
7,6,1
7,7,2
7,8,2
7,9,2
7,10,2
7,11,2
7,12,2
7,13,2
7,14,1
7,15,1
7,16,1
7,17,1
7,18,1
7,19,1
7,20,2
7,21,2
7,22,2
7,23,2
7,24,2
7,25,2
7,26,2
7,27,1
7,28,1
7,29,1
7,30,1
8,0,4
8,1,4
8,2,4
8,3,4
8,4,4
8,5,1
8,6,1
8,7,2
8,8,2
8,9,2
8,10,2
8,11,2
8,12,2
8,13,2
8,14,2
8,15,1
8,16,1
8,17,1
8,18,1
8,19,1
8,20,1
8,21,2
8,22,2
8,23,2
8,24,2
8,25,2
8,26,4
8,27,4
8,28,1
8,29,1
8,30,1
9,0,4
9,1,4
9,2,4
9,3,4
9,4,4
9,5,1
9,6,1
9,7,2
9,8,2
9,9,2
9,10,4
9,11,4
9,12,2
9,13,2
9,14,2
9,15,1
9,16,1
9,17,1
9,18,1
9,19,1
9,20,1
9,21,1
9,22,1
9,23,2
9,24,2
9,25,4
9,26,4
9,27,4
9,28,4
9,29,4
9,30,4
10,0,4
10,1,4
10,2,4
10,3,4
10,4,4
10,5,1
10,6,1
10,7,2
10,8,2
10,9,4
10,10,4
10,11,4
10,12,4
10,13,2
10,14,2
10,15,2
10,16,1
10,17,1
10,18,1
10,19,1
10,20,1
10,21,1
10,22,1
10,23,1
10,24,1
10,25,4
10,26,4
10,27,4
10,28,4
10,29,4
10,30,4
11,0,4
11,1,4
11,2,4
11,3,4
11,4,4
11,5,1
11,6,1
11,7,2
11,8,2
11,9,4
11,10,4
11,11,4
11,12,4
11,13,2
11,14,2
11,15,2
11,16,2
11,17,1
11,18,1
11,19,3
11,20,3
11,21,1
11,22,1
11,23,1
11,24,1
11,25,1
11,26,4
11,27,4
11,28,4
11,29,4
11,30,4
12,0,4
12,1,4
12,2,4
12,3,4
12,4,4
12,5,1
12,6,1
12,7,2
12,8,2
12,9,2
12,10,4
12,11,4
12,12,4
12,13,4
12,14,2
12,15,2
12,16,2
12,17,2
12,18,3
12,19,3
12,20,3
12,21,3
12,22,1
12,23,1
12,24,1
12,25,1
12,26,1
12,27,1
12,28,4
12,29,4
12,30,4
13,0,4
13,1,4
13,2,4
13,3,4
13,4,1
13,5,1
13,6,1
13,7,2
13,8,2
13,9,2
13,10,4
13,11,4
13,12,4
13,13,4
13,14,2
13,15,2
13,16,2
13,17,2
13,18,3
13,19,3
13,20,3
13,21,3
13,22,2
13,23,2
13,24,1
13,25,1
13,26,1
13,27,1
13,28,1
13,29,1
13,30,1
14,0,4
14,1,4
14,2,4
14,3,4
14,4,1
14,5,1
14,6,1
14,7,1
14,8,2
14,9,2
14,10,2
14,11,4
14,12,4
14,13,3
14,14,3
14,15,2
14,16,2
14,17,4
14,18,4
14,19,3
14,20,3
14,21,2
14,22,2
14,23,2
14,24,2
14,25,1
14,26,1
14,27,1
14,28,1
14,29,1
14,30,1
15,0,4
15,1,4
15,2,4
15,3,3
15,4,3
15,5,1
15,6,1
15,7,1
15,8,2
15,9,2
15,10,2
15,11,2
15,12,3
15,13,3
15,14,3
15,15,3
15,16,4
15,17,4
15,18,4
15,19,4
15,20,2
15,21,2
15,22,2
15,23,2
15,24,2
15,25,3
15,26,3
15,27,3
15,28,3
15,29,3
15,30,3
16,0,3
16,1,3
16,2,3
16,3,3
16,4,3
16,5,3
16,6,1
16,7,1
16,8,2
16,9,2
16,10,2
16,11,2
16,12,3
16,13,3
16,14,3
16,15,3
16,16,4
16,17,4
16,18,4
16,19,4
16,20,2
16,21,2
16,22,2
16,23,2
16,24,3
16,25,3
16,26,3
16,27,3
16,28,3
16,29,3
16,30,3
17,0,3
17,1,3
17,2,3
17,3,3
17,4,3
17,5,3
17,6,1
17,7,1
17,8,2
17,9,2
17,10,2
17,11,2
17,12,3
17,13,3
17,14,3
17,15,3
17,16,4
17,17,4
17,18,4
17,19,4
17,20,2
17,21,2
17,22,2
17,23,3
17,24,3
17,25,3
17,26,3
17,27,3
17,28,1
17,29,1
17,30,1
18,0,4
18,1,4
18,2,3
18,3,3
18,4,3
18,5,3
18,6,1
18,7,1
18,8,2
18,9,2
18,10,2
18,11,2
18,12,3
18,13,3
18,14,3
18,15,3
18,16,4
18,17,4
18,18,4
18,19,4
18,20,2
18,21,2
18,22,2
18,23,3
18,24,3
18,25,3
18,26,1
18,27,1
18,28,1
18,29,1
18,30,1
19,0,4
19,1,4
19,2,4
19,3,3
19,4,3
19,5,1
19,6,1
19,7,1
19,8,2
19,9,2
19,10,2
19,11,2
19,12,3
19,13,3
19,14,3
19,15,3
19,16,4
19,17,4
19,18,4
19,19,4
19,20,2
19,21,2
19,22,2
19,23,3
19,24,3
19,25,1
19,26,1
19,27,1
19,28,1
19,29,1
19,30,1
20,0,4
20,1,4
20,2,4
20,3,4
20,4,4
20,5,1
20,6,1
20,7,1
20,8,1
20,9,2
20,10,2
20,11,3
20,12,3
20,13,3
20,14,3
20,15,4
20,16,4
20,17,4
20,18,4
20,19,4
20,20,2
20,21,2
20,22,3
20,23,3
20,24,3
20,25,1
20,26,1
20,27,1
20,28,1
20,29,2
20,30,2
21,0,4
21,1,4
21,2,4
21,3,4
21,4,4
21,5,4
21,6,1
21,7,1
21,8,1
21,9,1
21,10,1
21,11,3
21,12,3
21,13,3
21,14,3
21,15,4
21,16,4
21,17,4
21,18,4
21,19,4
21,20,2
21,21,2
21,22,3
21,23,3
21,24,3
21,25,3
21,26,1
21,27,1
21,28,2
21,29,2
21,30,2
22,0,4
22,1,4
22,2,4
22,3,4
22,4,4
22,5,4
22,6,1
22,7,1
22,8,1
22,9,1
22,10,1
22,11,1
22,12,3
22,13,3
22,14,4
22,15,4
22,16,4
22,17,4
22,18,4
22,19,4
22,20,2
22,21,2
22,22,3
22,23,3
22,24,3
22,25,3
22,26,4
22,27,4
22,28,2
22,29,2
22,30,2
23,0,4
23,1,4
23,2,4
23,3,4
23,4,4
23,5,4
23,6,1
23,7,1
23,8,1
23,9,1
23,10,1
23,11,1
23,12,1
23,13,1
23,14,4
23,15,4
23,16,4
23,17,4
23,18,4
23,19,4
23,20,2
23,21,2
23,22,2
23,23,3
23,24,3
23,25,4
23,26,4
23,27,4
23,28,4
23,29,2
23,30,2
24,0,4
24,1,4
24,2,4
24,3,4
24,4,4
24,5,4
24,6,1
24,7,1
24,8,1
24,9,1
24,10,1
24,11,1
24,12,1
24,13,1
24,14,1
24,15,4
24,16,4
24,17,4
24,18,4
24,19,4
24,20,2
24,21,2
24,22,2
24,23,2
24,24,2
24,25,4
24,26,4
24,27,4
24,28,4
24,29,4
24,30,4
25,0,4
25,1,4
25,2,4
25,3,4
25,4,4
25,5,2
25,6,2
25,7,1
25,8,1
25,9,4
25,10,4
25,11,4
25,12,1
25,13,1
25,14,1
25,15,1
25,16,4
25,17,4
25,18,4
25,19,1
25,20,1
25,21,2
25,22,2
25,23,2
25,24,2
25,25,2
25,26,4
25,27,4
25,28,4
25,29,4
25,30,4
26,0,4
26,1,4
26,2,4
26,3,4
26,4,2
26,5,2
26,6,2
26,7,2
26,8,4
26,9,4
26,10,4
26,11,4
26,12,4
26,13,1
26,14,1
26,15,1
26,16,1
26,17,1
26,18,1
26,19,1
26,20,1
26,21,1
26,22,1
26,23,2
26,24,2
26,25,2
26,26,2
26,27,2
26,28,2
26,29,2
26,30,2
27,0,4
27,1,4
27,2,4
27,3,4
27,4,2
27,5,2
27,6,2
27,7,2
27,8,4
27,9,4
27,10,4
27,11,4
27,12,4
27,13,1
27,14,1
27,15,1
27,16,1
27,17,1
27,18,1
27,19,1
27,20,1
27,21,1
27,22,1
27,23,1
27,24,2
27,25,2
27,26,2
27,27,2
27,28,2
27,29,2
27,30,2
28,0,4
28,1,4
28,2,4
28,3,4
28,4,4
28,5,2
28,6,2
28,7,2
28,8,4
28,9,4
28,10,4
28,11,4
28,12,4
28,13,1
28,14,1
28,15,1
28,16,4
28,17,4
28,18,4
28,19,4
28,20,4
28,21,1
28,22,1
28,23,1
28,24,1
28,25,2
28,26,2
28,27,4
28,28,4
28,29,4
28,30,4
29,0,4
29,1,4
29,2,4
29,3,4
29,4,4
29,5,2
29,6,2
29,7,4
29,8,4
29,9,4
29,10,4
29,11,4
29,12,4
29,13,1
29,14,1
29,15,4
29,16,4
29,17,4
29,18,4
29,19,4
29,20,4
29,21,4
29,22,1
29,23,1
29,24,1
29,25,1
29,26,4
29,27,4
29,28,4
29,29,4
29,30,4
30,0,4
30,1,4
30,2,4
30,3,4
30,4,4
30,5,2
30,6,2
30,7,4
30,8,4
30,9,4
30,10,4
30,11,4
30,12,4
30,13,1
30,14,1
30,15,4
30,16,4
30,17,4
30,18,4
30,19,4
30,20,4
30,21,4
30,22,1
30,23,1
30,24,1
30,25,1
30,26,4
30,27,4
30,28,4
30,29,4
30,30,4