4
5
4
1
2,7
2,22
17,7
17,22
1,3,4
0,1,1
2,3,2
0,3,1
0,2,4
0,0,4
0,1,4
0,2,4
0,3,1
0,4,1
0,5,4
0,6,4
0,7,4
0,8,4
0,9,4
0,10,2
0,11,2
0,12,1
0,13,1
0,14,1
0,15,4
0,16,4
0,17,4
0,18,4
0,19,4
0,20,3
0,21,3
0,22,3
0,23,3
0,24,3
0,25,1
0,26,1
0,27,1
0,28,1
0,29,4
0,30,4
1,0,4
1,1,4
1,2,4
1,3,1
1,4,1
1,5,4
1,6,4
1,7,4
1,8,4
1,9,4
1,10,2
1,11,2
1,12,1
1,13,1
1,14,1
1,15,4
1,16,4
1,17,4
1,18,4
1,19,4
1,20,3
1,21,3
1,22,3
1,23,3
1,24,3
1,25,1
1,26,1
1,27,1
1,28,1
1,29,4
1,30,4
2,0,4
2,1,4
2,2,4
2,3,1
2,4,1
2,5,4
2,6,4
2,7,4
2,8,4
2,9,4
2,10,2
2,11,2
2,12,1
2,13,1
2,14,1
2,15,1
2,16,4
2,17,4
2,18,4
2,19,4
2,20,3
2,21,3
2,22,3
2,23,3
2,24,3
2,25,3
2,26,1
2,27,1
2,28,4
2,29,4
2,30,4
3,0,4
3,1,4
3,2,4
3,3,1
3,4,1
3,5,4
3,6,4
3,7,4
3,8,4
3,9,4
3,10,2
3,11,2
3,12,2
3,13,1
3,14,1
3,15,1
3,16,1
3,17,4
3,18,4
3,19,3
3,20,3
3,21,3
3,22,3
3,23,3
3,24,3
3,25,3
3,26,3
3,27,3
3,28,4
3,29,4
3,30,4
4,0,4
4,1,4
4,2,4
4,3,1
4,4,1
4,5,4
4,6,4
4,7,4
4,8,4
4,9,4
4,10,2
4,11,2
4,12,2
4,13,2
4,14,1
4,15,1
4,16,1
4,17,1
4,18,3
4,19,3
4,20,3
4,21,3
4,22,3
4,23,3
4,24,3
4,25,3
4,26,3
4,27,3
4,28,3
4,29,4
4,30,4
5,0,4
5,1,4
5,2,1
5,3,1
5,4,1
5,5,4
5,6,4
5,7,4
5,8,4
5,9,4
5,10,4
5,11,2
5,12,2
5,13,2
5,14,2
5,15,1
5,16,1
5,17,1
5,18,3
5,19,3
5,20,3
5,21,3
5,22,4
5,23,4
5,24,4
5,25,3
5,26,3
5,27,3
5,28,3
5,29,1
5,30,1
6,0,4
6,1,4
6,2,1
6,3,1
6,4,1
6,5,1
6,6,4
6,7,4
6,8,4
6,9,4
6,10,4
6,11,4
6,12,2
6,13,2
6,14,2
6,15,2
6,16,1
6,17,1
6,18,1
6,19,3
6,20,3
6,21,4
6,22,4
6,23,4
6,24,4
6,25,4
6,26,3
6,27,3
6,28,1
6,29,1
6,30,1
7,0,4
7,1,4
7,2,4
7,3,1
7,4,1
7,5,1
7,6,1
7,7,1
7,8,1
7,9,4
7,10,4
7,11,4
7,12,4
7,13,2
7,14,2
7,15,2
7,16,1
7,17,1
7,18,1
7,19,3
7,20,3
7,21,4
7,22,4
7,23,4
7,24,4
7,25,4
7,26,3
7,27,3
7,28,1
7,29,1
7,30,1
8,0,4
8,1,4
8,2,4
8,3,4
8,4,1
8,5,1
8,6,1
8,7,1
8,8,1
8,9,1
8,10,4
8,11,4
8,12,4
8,13,4
8,14,2
8,15,2
8,16,2
8,17,1
8,18,1
8,19,3
8,20,3
8,21,4
8,22,4
8,23,4
8,24,4
8,25,4
8,26,3
8,27,3
8,28,1
8,29,1
8,30,1
9,0,4
9,1,4
9,2,4
9,3,4
9,4,4
9,5,4
9,6,4
9,7,1
9,8,1
9,9,1
9,10,4
9,11,4
9,12,4
9,13,4
9,14,2
9,15,2
9,16,2
9,17,1
9,18,1
9,19,3
9,20,3
9,21,3
9,22,4
9,23,4
9,24,4
9,25,4
9,26,3
9,27,3
9,28,1
9,29,1
9,30,1
10,0,2
10,1,2
10,2,4
10,3,4
10,4,4
10,5,4
10,6,4
10,7,4
10,8,1
10,9,1
10,10,1
10,11,4
10,12,4
10,13,4
10,14,4
10,15,2
10,16,2
10,17,1
10,18,1
10,19,3
10,20,3
10,21,3
10,22,4
10,23,4
10,24,4
10,25,3
10,26,3
10,27,3
10,28,3
10,29,1
10,30,1
11,0,2
11,1,2
11,2,2
11,3,4
11,4,4
11,5,4
11,6,4
11,7,4
11,8,1
11,9,1
11,10,1
11,11,4
11,12,4
11,13,4
11,14,4
11,15,2
11,16,2
11,17,1
11,18,1
11,19,3
11,20,3
11,21,4
11,22,4
11,23,4
11,24,4
11,25,3
11,26,3
11,27,3
11,28,3
11,29,3
11,30,3
12,0,2
12,1,2
12,2,2
12,3,4
12,4,4
12,5,4
12,6,4
12,7,1
12,8,1
12,9,1
12,10,1
12,11,4
12,12,4
12,13,4
12,14,4
12,15,2
12,16,2
12,17,1
12,18,1
12,19,3
12,20,3
12,21,4
12,22,4
12,23,4
12,24,4
12,25,4
12,26,3
12,27,3
12,28,3
12,29,3
12,30,3
13,0,2
13,1,2
13,2,4
13,3,4
13,4,4
13,5,4
13,6,4
13,7,1
13,8,1
13,9,1
13,10,1
13,11,4
13,12,4
13,13,4
13,14,4
13,15,2
13,16,2
13,17,1
13,18,1
13,19,3
13,20,3
13,21,3
13,22,4
13,23,4
13,24,4
13,25,4
13,26,4
13,27,3
13,28,3
13,29,4
13,30,4
14,0,4
14,1,4
14,2,4
14,3,4
14,4,4
14,5,4
14,6,2
14,7,2
14,8,1
14,9,1
14,10,2
14,11,2
14,12,4
14,13,4
14,14,2
14,15,2
14,16,2
14,17,1
14,18,1
14,19,3
14,20,3
14,21,3
14,22,3
14,23,3
14,24,4
14,25,4
14,26,4
14,27,4
14,28,4
14,29,4
14,30,4
15,0,4
15,1,4
15,2,4
15,3,4
15,4,4
15,5,2
15,6,2
15,7,2
15,8,2
15,9,2
15,10,2
15,11,2
15,12,2
15,13,2
15,14,2
15,15,2
15,16,2
15,17,1
15,18,1
15,19,3
15,20,3
15,21,3
15,22,3
15,23,3
15,24,3
15,25,4
15,26,4
15,27,4
15,28,4
15,29,4
15,30,4
16,0,4
16,1,4
16,2,4
16,3,4
16,4,2
16,5,2
16,6,2
16,7,2
16,8,2
16,9,2
16,10,2
16,11,2
16,12,2
16,13,2
16,14,2
16,15,2
16,16,1
16,17,1
16,18,1
16,19,3
16,20,3
16,21,3
16,22,3
16,23,3
16,24,3
16,25,4
16,26,4
16,27,4
16,28,4
16,29,4
16,30,4
17,0,4
17,1,4
17,2,4
17,3,2
17,4,2
17,5,2
17,6,2
17,7,2
17,8,2
17,9,2
17,10,2
17,11,4
17,12,4
17,13,2
17,14,2
17,15,2
17,16,1
17,17,1
17,18,1
17,19,3
17,20,3
17,21,3
17,22,3
17,23,3
17,24,3
17,25,4
17,26,4
17,27,4
17,28,4
17,29,4
17,30,4
18,0,4
18,1,4
18,2,4
18,3,2
18,4,2
18,5,2
18,6,2
18,7,2
18,8,2
18,9,2
18,10,4
18,11,4
18,12,4
18,13,4
18,14,2
18,15,2
18,16,1
18,17,1
18,18,1
18,19,1
18,20,3
18,21,3
18,22,3
18,23,3
18,24,3
18,25,3
18,26,4
18,27,4
18,28,4
18,29,4
18,30,4
19,0,4
19,1,4
19,2,4
19,3,4
19,4,2
19,5,2
19,6,2
19,7,2
19,8,2
19,9,2
19,10,4
19,11,4
19,12,4
19,13,4
19,14,2
19,15,2
19,16,1
19,17,1
19,18,1
19,19,1
19,20,3
19,21,3
19,22,3
19,23,3
19,24,3
19,25,3
19,26,3
19,27,3
19,28,4
19,29,4
19,30,4
20,0,4
20,1,4
20,2,4
20,3,4
20,4,4
20,5,4
20,6,4
20,7,2
20,8,2
20,9,2
20,10,2
20,11,4
20,12,4
20,13,2
20,14,2
20,15,2
20,16,2
20,17,1
20,18,1
20,19,2
20,20,2
20,21,3
20,22,3
20,23,3
20,24,3
20,25,3
20,26,3
20,27,3
20,28,3
20,29,3
20,30,3
21,0,4
21,1,4
21,2,4
21,3,4
21,4,4
21,5,4
21,6,4
21,7,4
21,8,2
21,9,2
21,10,2
21,11,3
21,12,3
21,13,2
21,14,2
21,15,2
21,16,2
21,17,2
21,18,2
21,19,2
21,20,2
21,21,2
21,22,2
21,23,2
21,24,2
21,25,2
21,26,3
21,27,3
21,28,3
21,29,3
21,30,3
22,0,4
22,1,4
22,2,4
22,3,4
22,4,4
22,5,4
22,6,4
22,7,4
22,8,2
22,9,2
22,10,3
22,11,3
22,12,3
22,13,3
22,14,2
22,15,2
22,16,2
22,17,2
22,18,2
22,19,2
22,20,2
22,21,2
22,22,2
22,23,2
22,24,2
22,25,2
22,26,2
22,27,2
22,28,2
22,29,2
22,30,2
23,0,4
23,1,4
23,2,4
23,3,4
23,4,4
23,5,4
23,6,4
23,7,2
23,8,2
23,9,2
23,10,3
23,11,3
23,12,3
23,13,3
23,14,1
23,15,1
23,16,2
23,17,2
23,18,3
23,19,3
23,20,3
23,21,3
23,22,3
23,23,3
23,24,2
23,25,2
23,26,2
23,27,2
23,28,2
23,29,2
23,30,2
24,0,4
24,1,4
24,2,4
24,3,4
24,4,4
24,5,4
24,6,2
24,7,2
24,8,2
24,9,2
24,10,2
24,11,3
24,12,3
24,13,1
24,14,1
24,15,1
24,16,1
24,17,3
24,18,3
24,19,3
24,20,3
24,21,3
24,22,3
24,23,3
24,24,3
24,25,2
24,26,2
24,27,1
24,28,1
24,29,1
24,30,1
25,0,3
25,1,3
25,2,4
25,3,4
25,4,3
25,5,3
25,6,2
25,7,2
25,8,2
25,9,2
25,10,2
25,11,3
25,12,3
25,13,1
25,14,1
25,15,1
25,16,1
25,17,3
25,18,3
25,19,3
25,20,2
25,21,2
25,22,3
25,23,3
25,24,3
25,25,3
25,26,1
25,27,1
25,28,1
25,29,1
25,30,1
26,0,3
26,1,3
26,2,3
26,3,3
26,4,3
26,5,3
26,6,3
26,7,2
26,8,2
26,9,2
26,10,3
26,11,3
26,12,3
26,13,3
26,14,1
26,15,1
26,16,3
26,17,3
26,18,3
26,19,2
26,20,2
26,21,2
26,22,2
26,23,3
26,24,3
26,25,3
26,26,1
26,27,1
26,28,1
26,29,4
26,30,4
27,0,3
27,1,3
27,2,3
27,3,3
27,4,3
27,5,3
27,6,3
27,7,4
27,8,4
27,9,4
27,10,3
27,11,3
27,12,3
27,13,3
27,14,3
27,15,3
27,16,3
27,17,3
27,18,3
27,19,2
27,20,2
27,21,2
27,22,2
27,23,3
27,24,3
27,25,3
27,26,1
27,27,1
27,28,4
27,29,4
27,30,4
28,0,3
28,1,3
28,2,3
28,3,3
28,4,3
28,5,3
28,6,4
28,7,4
28,8,4
28,9,4
28,10,4
28,11,3
28,12,3
28,13,3
28,14,3
28,15,3
28,16,3
28,17,3
28,18,4
28,19,4
28,20,2
28,21,2
28,22,3
28,23,3
28,24,3
28,25,3
28,26,1
28,27,1
28,28,4
28,29,4
28,30,4
29,0,3
29,1,3
29,2,3
29,3,3
29,4,3
29,5,3
29,6,4
29,7,4
29,8,4
29,9,4
29,10,4
29,11,4
29,12,4
29,13,4
29,14,4
29,15,4
29,16,4
29,17,4
29,18,4
29,19,4
29,20,4
29,21,3
29,22,3
29,23,3
29,24,3
29,25,3
29,26,1
29,27,1
29,28,4
29,29,4
29,30,4
30,0,3
30,1,3
30,2,3
30,3,3
30,4,3
30,5,3
30,6,4
30,7,4
30,8,4
30,9,4
30,10,4
30,11,4
30,12,4
30,13,4
30,14,4
30,15,4
30,16,4
30,17,4
30,18,4
30,19,4
30,20,4
30,21,3
30,22,3
30,23,3
30,24,3
30,25,3
30,26,1
30,27,1
30,28,4
30,29,4
30,30,4