4
5
6
0
12,2
12,17
27,2
27,17
0,2,1
0,1,2
2,3,3
1,2,2
1,3,4
0,0,3
0,1,3
0,2,3
0,3,2
0,4,2
0,5,2
0,6,2
0,7,4
0,8,4
0,9,4
0,10,4
0,11,4
0,12,4
0,13,4
0,14,4
0,15,3
0,16,3
0,17,3
0,18,3
0,19,1
0,20,1
0,21,1
0,22,1
0,23,3
0,24,3
0,25,3
0,26,3
0,27,3
0,28,3
0,29,3
0,30,3
1,0,3
1,1,3
1,2,3
1,3,2
1,4,2
1,5,2
1,6,2
1,7,4
1,8,4
1,9,4
1,10,4
1,11,4
1,12,4
1,13,4
1,14,4
1,15,3
1,16,3
1,17,3
1,18,3
1,19,1
1,20,1
1,21,1
1,22,1
1,23,3
1,24,3
1,25,3
1,26,3
1,27,3
1,28,3
1,29,3
1,30,3
2,0,3
2,1,3
2,2,3
2,3,2
2,4,2
2,5,2
2,6,2
2,7,4
2,8,4
2,9,4
2,10,2
2,11,2
2,12,4
2,13,4
2,14,3
2,15,3
2,16,3
2,17,3
2,18,1
2,19,1
2,20,1
2,21,1
2,22,1
2,23,3
2,24,3
2,25,3
2,26,3
2,27,3
2,28,3
2,29,4
2,30,4
3,0,3
3,1,3
3,2,3
3,3,3
3,4,2
3,5,2
3,6,4
3,7,4
3,8,4
3,9,2
3,10,2
3,11,2
3,12,2
3,13,3
3,14,3
3,15,3
3,16,3
3,17,3
3,18,1
3,19,1
3,20,1
3,21,1
3,22,2
3,23,2
3,24,3
3,25,3
3,26,4
3,27,4
3,28,4
3,29,4
3,30,4
4,0,3
4,1,3
4,2,3
4,3,3
4,4,3
4,5,4
4,6,4
4,7,4
4,8,4
4,9,2
4,10,2
4,11,2
4,12,2
4,13,3
4,14,3
4,15,3
4,16,3
4,17,3
4,18,3
4,19,1
4,20,1
4,21,2
4,22,2
4,23,2
4,24,2
4,25,4
4,26,4
4,27,4
4,28,4
4,29,4
4,30,4
5,0,3
5,1,3
5,2,3
5,3,3
5,4,3
5,5,4
5,6,4
5,7,4
5,8,4
5,9,2
5,10,2
5,11,2
5,12,2
5,13,3
5,14,3
5,15,3
5,16,3
5,17,3
5,18,3
5,19,3
5,20,2
5,21,2
5,22,2
5,23,2
5,24,2
5,25,4
5,26,4
5,27,4
5,28,4
5,29,4
5,30,4
6,0,1
6,1,1
6,2,3
6,3,3
6,4,4
6,5,4
6,6,4
6,7,4
6,8,4
6,9,2
6,10,2
6,11,2
6,12,2
6,13,2
6,14,3
6,15,3
6,16,3
6,17,3
6,18,3
6,19,3
6,20,2
6,21,2
6,22,2
6,23,2
6,24,2
6,25,4
6,26,4
6,27,4
6,28,4
6,29,4
6,30,4
7,0,1
7,1,1
7,2,1
7,3,4
7,4,4
7,5,4
7,6,4
7,7,4
7,8,4
7,9,4
7,10,2
7,11,2
7,12,2
7,13,2
7,14,3
7,15,3
7,16,3
7,17,3
7,18,3
7,19,3
7,20,3
7,21,2
7,22,2
7,23,2
7,24,2
7,25,4
7,26,4
7,27,4
7,28,4
7,29,4
7,30,4
8,0,1
8,1,1
8,2,1
8,3,4
8,4,4
8,5,4
8,6,4
8,7,4
8,8,4
8,9,4
8,10,4
8,11,2
8,12,2
8,13,2
8,14,2
8,15,3
8,16,3
8,17,3
8,18,3
8,19,3
8,20,3
8,21,3
8,22,2
8,23,2
8,24,4
8,25,4
8,26,4
8,27,4
8,28,4
8,29,2
8,30,2
9,0,1
9,1,1
9,2,4
9,3,4
9,4,4
9,5,4
9,6,1
9,7,1
9,8,4
9,9,4
9,10,4
9,11,2
9,12,2
9,13,2
9,14,2
9,15,1
9,16,1
9,17,1
9,18,1
9,19,3
9,20,3
9,21,3
9,22,3
9,23,4
9,24,4
9,25,4
9,26,4
9,27,4
9,28,2
9,29,2
9,30,2
10,0,4
10,1,4
10,2,4
10,3,4
10,4,4
10,5,1
10,6,1
10,7,1
10,8,1
10,9,4
10,10,4
10,11,4
10,12,2
10,13,2
10,14,1
10,15,1
10,16,1
10,17,1
10,18,1
10,19,1
10,20,3
10,21,3
10,22,3
10,23,4
10,24,4
10,25,4
10,26,1
10,27,1
10,28,2
10,29,2
10,30,2
11,0,4
11,1,4
11,2,4
11,3,4
11,4,4
11,5,1
11,6,1
11,7,1
11,8,1
11,9,4
11,10,4
11,11,4
11,12,3
11,13,3
11,14,1
11,15,1
11,16,1
11,17,1
11,18,1
11,19,1
11,20,3
11,21,3
11,22,4
11,23,4
11,24,4
11,25,1
11,26,1
11,27,1
11,28,1
11,29,2
11,30,2
12,0,4
12,1,4
12,2,4
12,3,4
12,4,4
12,5,1
12,6,1
12,7,1
12,8,4
12,9,4
12,10,4
12,11,3
12,12,3
12,13,3
12,14,3
12,15,1
12,16,1
12,17,1
12,18,1
12,19,1
12,20,3
12,21,3
12,22,4
12,23,4
12,24,4
12,25,1
12,26,1
12,27,1
12,28,1
12,29,1
12,30,1
13,0,4
13,1,4
13,2,4
13,3,4
13,4,4
13,5,1
13,6,1
13,7,1
13,8,4
13,9,4
13,10,4
13,11,3
13,12,3
13,13,3
13,14,3
13,15,1
13,16,1
13,17,1
13,18,1
13,19,1
13,20,3
13,21,3
13,22,4
13,23,4
13,24,4
13,25,4
13,26,1
13,27,1
13,28,1
13,29,1
13,30,1
14,0,4
14,1,4
14,2,4
14,3,4
14,4,4
14,5,1
14,6,1
14,7,4
14,8,4
14,9,4
14,10,4
14,11,4
14,12,3
14,13,3
14,14,1
14,15,1
14,16,1
14,17,1
14,18,1
14,19,1
14,20,3
14,21,3
14,22,4
14,23,4
14,24,4
14,25,4
14,26,2
14,27,2
14,28,2
14,29,2
14,30,2
15,0,4
15,1,4
15,2,4
15,3,4
15,4,1
15,5,1
15,6,1
15,7,4
15,8,4
15,9,4
15,10,4
15,11,4
15,12,4
15,13,1
15,14,1
15,15,1
15,16,1
15,17,1
15,18,1
15,19,3
15,20,3
15,21,3
15,22,4
15,23,4
15,24,4
15,25,2
15,26,2
15,27,2
15,28,2
15,29,2
15,30,2
16,0,4
16,1,4
16,2,4
16,3,1
16,4,1
16,5,1
16,6,1
16,7,1
16,8,4
16,9,4
16,10,4
16,11,4
16,12,4
16,13,1
16,14,1
16,15,1
16,16,3
16,17,3
16,18,3
16,19,3
16,20,3
16,21,3
16,22,4
16,23,4
16,24,2
16,25,2
16,26,2
16,27,2
16,28,3
16,29,3
16,30,3
17,0,4
17,1,4
17,2,4
17,3,1
17,4,1
17,5,1
17,6,1
17,7,1
17,8,4
17,9,4
17,10,4
17,11,4
17,12,4
17,13,1
17,14,1
17,15,3
17,16,3
17,17,3
17,18,3
17,19,3
17,20,3
17,21,3
17,22,4
17,23,4
17,24,2
17,25,2
17,26,2
17,27,3
17,28,3
17,29,3
17,30,3
18,0,4
18,1,4
18,2,4
18,3,4
18,4,1
18,5,1
18,6,1
18,7,1
18,8,4
18,9,4
18,10,4
18,11,4
18,12,1
18,13,1
18,14,1
18,15,3
18,16,3
18,17,3
18,18,3
18,19,3
18,20,3
18,21,3
18,22,4
18,23,4
18,24,2
18,25,2
18,26,3
18,27,3
18,28,3
18,29,3
18,30,3
19,0,4
19,1,4
19,2,4
19,3,4
19,4,4
19,5,1
19,6,1
19,7,4
19,8,4
19,9,4
19,10,4
19,11,1
19,12,1
19,13,1
19,14,1
19,15,1
19,16,3
19,17,3
19,18,3
19,19,3
19,20,3
19,21,3
19,22,4
19,23,4
19,24,2
19,25,2
19,26,3
19,27,3
19,28,3
19,29,3
19,30,3
20,0,3
20,1,3
20,2,4
20,3,4
20,4,4
20,5,4
20,6,4
20,7,4
20,8,4
20,9,4
20,10,4
20,11,1
20,12,1
20,13,1
20,14,1
20,15,1
20,16,1
20,17,3
20,18,3
20,19,3
20,20,3
20,21,3
20,22,4
20,23,4
20,24,2
20,25,2
20,26,2
20,27,3
20,28,3
20,29,3
20,30,3
21,0,3
21,1,3
21,2,3
21,3,4
21,4,4
21,5,4
21,6,4
21,7,4
21,8,4
21,9,4
21,10,4
21,11,4
21,12,1
21,13,1
21,14,1
21,15,1
21,16,1
21,17,4
21,18,4
21,19,3
21,20,3
21,21,4
21,22,4
21,23,4
21,24,2
21,25,2
21,26,2
21,27,2
21,28,3
21,29,3
21,30,3
22,0,3
22,1,3
22,2,3
22,3,4
22,4,4
22,5,4
22,6,4
22,7,4
22,8,4
22,9,4
22,10,4
22,11,4
22,12,4
22,13,1
22,14,1
22,15,1
22,16,4
22,17,4
22,18,4
22,19,4
22,20,4
22,21,4
22,22,4
22,23,4
22,24,4
22,25,2
22,26,2
22,27,2
22,28,2
22,29,2
22,30,2
23,0,3
23,1,3
23,2,3
23,3,4
23,4,4
23,5,4
23,6,4
23,7,4
23,8,2
23,9,2
23,10,4
23,11,4
23,12,4
23,13,4
23,14,4
23,15,4
23,16,4
23,17,4
23,18,4
23,19,4
23,20,4
23,21,4
23,22,4
23,23,4
23,24,4
23,25,2
23,26,2
23,27,2
23,28,2
23,29,2
23,30,2
24,0,3
24,1,3
24,2,1
24,3,1
24,4,4
24,5,4
24,6,4
24,7,2
24,8,2
24,9,2
24,10,2
24,11,4
24,12,4
24,13,4
24,14,4
24,15,4
24,16,4
24,17,4
24,18,4
24,19,4
24,20,4
24,21,4
24,22,4
24,23,4
24,24,4
24,25,2
24,26,2
24,27,2
24,28,2
24,29,2
24,30,2
25,0,1
25,1,1
25,2,1
25,3,1
25,4,1
25,5,4
25,6,4
25,7,2
25,8,2
25,9,2
25,10,2
25,11,2
25,12,4
25,13,4
25,14,4
25,15,1
25,16,1
25,17,1
25,18,1
25,19,1
25,20,4
25,21,4
25,22,4
25,23,4
25,24,1
25,25,1
25,26,2
25,27,2
25,28,2
25,29,2
25,30,2
26,0,1
26,1,1
26,2,1
26,3,1
26,4,1
26,5,4
26,6,4
26,7,4
26,8,2
26,9,2
26,10,2
26,11,2
26,12,4
26,13,4
26,14,1
26,15,1
26,16,1
26,17,1
26,18,1
26,19,1
26,20,1
26,21,4
26,22,4
26,23,1
26,24,1
26,25,1
26,26,1
26,27,2
26,28,2
26,29,4
26,30,4
27,0,1
27,1,1
27,2,1
27,3,1
27,4,1
27,5,4
27,6,4
27,7,4
27,8,4
27,9,2
27,10,2
27,11,4
27,12,4
27,13,4
27,14,1
27,15,1
27,16,1
27,17,1
27,18,1
27,19,1
27,20,1
27,21,4
27,22,4
27,23,1
27,24,1
27,25,1
27,26,1
27,27,1
27,28,4
27,29,4
27,30,4
28,0,1
28,1,1
28,2,1
28,3,1
28,4,1
28,5,4
28,6,4
28,7,4
28,8,4
28,9,1
28,10,1
28,11,4
28,12,4
28,13,4
28,14,4
28,15,1
28,16,1
28,17,1
28,18,1
28,19,1
28,20,4
28,21,4
28,22,4
28,23,1
28,24,1
28,25,1
28,26,1
28,27,1
28,28,4
28,29,4
28,30,4
29,0,1
29,1,1
29,2,1
29,3,1
29,4,1
29,5,4
29,6,4
29,7,4
29,8,1
29,9,1
29,10,1
29,11,1
29,12,4
29,13,4
29,14,4
29,15,1
29,16,1
29,17,1
29,18,1
29,19,1
29,20,4
29,21,4
29,22,4
29,23,1
29,24,1
29,25,1
29,26,1
29,27,1
29,28,1
29,29,4
29,30,4
30,0,1
30,1,1
30,2,1
30,3,1
30,4,1
30,5,4
30,6,4
30,7,4
30,8,1
30,9,1
30,10,1
30,11,1
30,12,4
30,13,4
30,14,4
30,15,1
30,16,1
30,17,1
30,18,1
30,19,1
30,20,4
30,21,4
30,22,4
30,23,1
30,24,1
30,25,1
30,26,1
30,27,1
30,28,1
30,29,4
30,30,4