4
5
4
3
2,12
2,22
12,2
12,22
0,3,1
2,3,2
1,3,1
0,2,2
0,1,2
0,0,4
0,1,4
0,2,2
0,3,2
0,4,2
0,5,2
0,6,2
0,7,2
0,8,4
0,9,4
0,10,4
0,11,4
0,12,4
0,13,4
0,14,4
0,15,4
0,16,4
0,17,4
0,18,1
0,19,1
0,20,1
0,21,1
0,22,1
0,23,1
0,24,1
0,25,4
0,26,4
0,27,4
0,28,4
0,29,4
0,30,4
1,0,4
1,1,4
1,2,2
1,3,2
1,4,2
1,5,2
1,6,2
1,7,2
1,8,4
1,9,4
1,10,4
1,11,4
1,12,4
1,13,4
1,14,4
1,15,4
1,16,4
1,17,4
1,18,1
1,19,1
1,20,1
1,21,1
1,22,1
1,23,1
1,24,1
1,25,4
1,26,4
1,27,4
1,28,4
1,29,4
1,30,4
2,0,4
2,1,4
2,2,4
2,3,2
2,4,2
2,5,2
2,6,2
2,7,4
2,8,4
2,9,4
2,10,4
2,11,4
2,12,4
2,13,4
2,14,4
2,15,4
2,16,4
2,17,4
2,18,4
2,19,1
2,20,1
2,21,1
2,22,1
2,23,1
2,24,1
2,25,1
2,26,4
2,27,4
2,28,4
2,29,4
2,30,4
3,0,4
3,1,4
3,2,4
3,3,2
3,4,2
3,5,2
3,6,2
3,7,4
3,8,4
3,9,4
3,10,4
3,11,4
3,12,4
3,13,4
3,14,4
3,15,4
3,16,4
3,17,4
3,18,4
3,19,1
3,20,1
3,21,1
3,22,1
3,23,1
3,24,1
3,25,1
3,26,2
3,27,2
3,28,2
3,29,2
3,30,2
4,0,4
4,1,4
4,2,4
4,3,2
4,4,2
4,5,2
4,6,2
4,7,2
4,8,4
4,9,4
4,10,4
4,11,4
4,12,4
4,13,4
4,14,4
4,15,4
4,16,4
4,17,4
4,18,1
4,19,1
4,20,1
4,21,1
4,22,1
4,23,1
4,24,1
4,25,2
4,26,2
4,27,2
4,28,2
4,29,2
4,30,2
5,0,4
5,1,4
5,2,4
5,3,4
5,4,2
5,5,2
5,6,2
5,7,2
5,8,2
5,9,2
5,10,4
5,11,4
5,12,3
5,13,3
5,14,4
5,15,4
5,16,4
5,17,1
5,18,1
5,19,1
5,20,1
5,21,1
5,22,1
5,23,1
5,24,2
5,25,2
5,26,2
5,27,2
5,28,4
5,29,4
5,30,4
6,0,4
6,1,4
6,2,4
6,3,4
6,4,4
6,5,4
6,6,2
6,7,2
6,8,2
6,9,2
6,10,2
6,11,3
6,12,3
6,13,3
6,14,3
6,15,4
6,16,4
6,17,1
6,18,1
6,19,1
6,20,1
6,21,4
6,22,4
6,23,4
6,24,2
6,25,2
6,26,2
6,27,4
6,28,4
6,29,4
6,30,4
7,0,4
7,1,4
7,2,4
7,3,4
7,4,4
7,5,4
7,6,4
7,7,2
7,8,2
7,9,2
7,10,2
7,11,3
7,12,3
7,13,3
7,14,3
7,15,4
7,16,4
7,17,4
7,18,1
7,19,1
7,20,4
7,21,4
7,22,4
7,23,4
7,24,4
7,25,2
7,26,2
7,27,4
7,28,4
7,29,4
7,30,4
8,0,4
8,1,4
8,2,4
8,3,4
8,4,4
8,5,4
8,6,4
8,7,2
8,8,2
8,9,2
8,10,3
8,11,3
8,12,3
8,13,3
8,14,3
8,15,4
8,16,4
8,17,4
8,18,4
8,19,4
8,20,4
8,21,4
8,22,4
8,23,4
8,24,4
8,25,2
8,26,2
8,27,2
8,28,4
8,29,4
8,30,4
9,0,4
9,1,4
9,2,4
9,3,4
9,4,4
9,5,4
9,6,4
9,7,4
9,8,2
9,9,2
9,10,3
9,11,3
9,12,3
9,13,3
9,14,4
9,15,4
9,16,4
9,17,4
9,18,4
9,19,4
9,20,4
9,21,4
9,22,4
9,23,4
9,24,2
9,25,2
9,26,2
9,27,2
9,28,3
9,29,3
9,30,3
10,0,4
10,1,4
10,2,4
10,3,4
10,4,4
10,5,4
10,6,4
10,7,4
10,8,2
10,9,2
10,10,2
10,11,3
10,12,3
10,13,4
10,14,4
10,15,4
10,16,4
10,17,4
10,18,4
10,19,4
10,20,2
10,21,2
10,22,2
10,23,2
10,24,2
10,25,2
10,26,2
10,27,3
10,28,3
10,29,3
10,30,3
11,0,4
11,1,4
11,2,4
11,3,4
11,4,4
11,5,4
11,6,4
11,7,4
11,8,2
11,9,2
11,10,2
11,11,2
11,12,4
11,13,4
11,14,4
11,15,4
11,16,4
11,17,4
11,18,4
11,19,2
11,20,2
11,21,2
11,22,2
11,23,2
11,24,2
11,25,2
11,26,2
11,27,3
11,28,3
11,29,3
11,30,3
12,0,4
12,1,4
12,2,4
12,3,4
12,4,4
12,5,4
12,6,4
12,7,1
12,8,1
12,9,2
12,10,2
12,11,2
12,12,4
12,13,4
12,14,4
12,15,4
12,16,2
12,17,2
12,18,2
12,19,2
12,20,2
12,21,2
12,22,2
12,23,2
12,24,2
12,25,2
12,26,1
12,27,1
12,28,3
12,29,3
12,30,3
13,0,4
13,1,4
13,2,4
13,3,4
13,4,4
13,5,4
13,6,1
13,7,1
13,8,1
13,9,1
13,10,2
13,11,2
13,12,2
13,13,4
13,14,4
13,15,2
13,16,2
13,17,2
13,18,2
13,19,2
13,20,2
13,21,2
13,22,2
13,23,2
13,24,2
13,25,1
13,26,1
13,27,1
13,28,1
13,29,1
13,30,1
14,0,4
14,1,4
14,2,4
14,3,4
14,4,4
14,5,1
14,6,1
14,7,1
14,8,1
14,9,1
14,10,2
14,11,2
14,12,2
14,13,2
14,14,2
14,15,2
14,16,2
14,17,2
14,18,2
14,19,2
14,20,2
14,21,2
14,22,2
14,23,2
14,24,2
14,25,1
14,26,1
14,27,1
14,28,1
14,29,1
14,30,1
15,0,4
15,1,4
15,2,1
15,3,1
15,4,1
15,5,1
15,6,1
15,7,1
15,8,1
15,9,2
15,10,2
15,11,2
15,12,2
15,13,2
15,14,2
15,15,2
15,16,2
15,17,1
15,18,1
15,19,2
15,20,2
15,21,2
15,22,2
15,23,2
15,24,2
15,25,1
15,26,1
15,27,1
15,28,3
15,29,3
15,30,3
16,0,1
16,1,1
16,2,1
16,3,1
16,4,1
16,5,1
16,6,1
16,7,1
16,8,2
16,9,2
16,10,2
16,11,2
16,12,2
16,13,1
16,14,1
16,15,1
16,16,1
16,17,1
16,18,1
16,19,1
16,20,1
16,21,2
16,22,2
16,23,2
16,24,2
16,25,1
16,26,1
16,27,3
16,28,3
16,29,3
16,30,3
17,0,1
17,1,1
17,2,1
17,3,1
17,4,4
17,5,4
17,6,4
17,7,4
17,8,2
17,9,2
17,10,2
17,11,2
17,12,1
17,13,1
17,14,1
17,15,1
17,16,1
17,17,1
17,18,1
17,19,1
17,20,1
17,21,1
17,22,2
17,23,2
17,24,2
17,25,1
17,26,1
17,27,3
17,28,3
17,29,3
17,30,3
18,0,4
18,1,4
18,2,4
18,3,4
18,4,4
18,5,4
18,6,4
18,7,4
18,8,4
18,9,2
18,10,2
18,11,1
18,12,1
18,13,1
18,14,1
18,15,2
18,16,2
18,17,1
18,18,1
18,19,1
18,20,1
18,21,1
18,22,2
18,23,2
18,24,2
18,25,1
18,26,1
18,27,1
18,28,3
18,29,3
18,30,3
19,0,4
19,1,4
19,2,4
19,3,4
19,4,4
19,5,4
19,6,4
19,7,4
19,8,4
19,9,4
19,10,1
19,11,1
19,12,1
19,13,1
19,14,2
19,15,2
19,16,2
19,17,2
19,18,1
19,19,1
19,20,1
19,21,1
19,22,1
19,23,2
19,24,2
19,25,1
19,26,1
19,27,1
19,28,1
19,29,3
19,30,3
20,0,1
20,1,1
20,2,1
20,3,1
20,4,1
20,5,1
20,6,1
20,7,4
20,8,4
20,9,4
20,10,1
20,11,1
20,12,1
20,13,1
20,14,2
20,15,2
20,16,2
20,17,2
20,18,1
20,19,1
20,20,1
20,21,1
20,22,1
20,23,2
20,24,2
20,25,1
20,26,1
20,27,1
20,28,1
20,29,4
20,30,4
21,0,1
21,1,1
21,2,1
21,3,1
21,4,1
21,5,1
21,6,1
21,7,1
21,8,4
21,9,4
21,10,4
21,11,1
21,12,1
21,13,4
21,14,4
21,15,2
21,16,2
21,17,4
21,18,4
21,19,1
21,20,1
21,21,1
21,22,1
21,23,2
21,24,2
21,25,2
21,26,1
21,27,1
21,28,4
21,29,4
21,30,4
22,0,1
22,1,1
22,2,1
22,3,2
22,4,2
22,5,1
22,6,1
22,7,1
22,8,4
22,9,4
22,10,4
22,11,4
22,12,4
22,13,4
22,14,4
22,15,4
22,16,4
22,17,4
22,18,4
22,19,4
22,20,1
22,21,1
22,22,2
22,23,2
22,24,2
22,25,2
22,26,4
22,27,4
22,28,4
22,29,4
22,30,4
23,0,2
23,1,2
23,2,2
23,3,2
23,4,2
23,5,2
23,6,1
23,7,1
23,8,4
23,9,4
23,10,4
23,11,4
23,12,4
23,13,4
23,14,4
23,15,4
23,16,4
23,17,4
23,18,4
23,19,4
23,20,2
23,21,2
23,22,2
23,23,2
23,24,2
23,25,4
23,26,4
23,27,4
23,28,4
23,29,4
23,30,4
24,0,2
24,1,2
24,2,2
24,3,2
24,4,2
24,5,2
24,6,1
24,7,1
24,8,1
24,9,4
24,10,4
24,11,1
24,12,1
24,13,1
24,14,1
24,15,1
24,16,1
24,17,4
24,18,4
24,19,2
24,20,2
24,21,2
24,22,2
24,23,2
24,24,4
24,25,4
24,26,4
24,27,4
24,28,4
24,29,1
24,30,1
25,0,4
25,1,4
25,2,2
25,3,2
25,4,2
25,5,2
25,6,1
25,7,1
25,8,1
25,9,1
25,10,1
25,11,1
25,12,1
25,13,1
25,14,1
25,15,1
25,16,1
25,17,1
25,18,2
25,19,2
25,20,2
25,21,2
25,22,4
25,23,4
25,24,4
25,25,4
25,26,4
25,27,4
25,28,1
25,29,1
25,30,1
26,0,4
26,1,4
26,2,4
26,3,2
26,4,2
26,5,3
26,6,3
26,7,1
26,8,1
26,9,1
26,10,1
26,11,1
26,12,1
26,13,3
26,14,3
26,15,1
26,16,1
26,17,1
26,18,2
26,19,2
26,20,2
26,21,4
26,22,4
26,23,4
26,24,4
26,25,4
26,26,3
26,27,3
26,28,1
26,29,1
26,30,1
27,0,4
27,1,4
27,2,4
27,3,3
27,4,3
27,5,3
27,6,3
27,7,3
27,8,1
27,9,1
27,10,1
27,11,1
27,12,3
27,13,3
27,14,3
27,15,3
27,16,1
27,17,1
27,18,1
27,19,2
27,20,2
27,21,4
27,22,4
27,23,4
27,24,4
27,25,3
27,26,3
27,27,3
27,28,3
27,29,1
27,30,1
28,0,4
28,1,4
28,2,3
28,3,3
28,4,3
28,5,3
28,6,3
28,7,3
28,8,3
28,9,1
28,10,1
28,11,1
28,12,3
28,13,3
28,14,3
28,15,3
28,16,1
28,17,1
28,18,1
28,19,2
28,20,2
28,21,4
28,22,4
28,23,4
28,24,3
28,25,3
28,26,3
28,27,3
28,28,3
28,29,4
28,30,4
29,0,4
29,1,4
29,2,3
29,3,3
29,4,3
29,5,3
29,6,3
29,7,3
29,8,3
29,9,1
29,10,1
29,11,1
29,12,1
29,13,3
29,14,3
29,15,3
29,16,3
29,17,1
29,18,1
29,19,2
29,20,2
29,21,4
29,22,4
29,23,4
29,24,3
29,25,3
29,26,3
29,27,3
29,28,4
29,29,4
29,30,4
30,0,4
30,1,4
30,2,3
30,3,3
30,4,3
30,5,3
30,6,3
30,7,3
30,8,3
30,9,1
30,10,1
30,11,1
30,12,1
30,13,3
30,14,3
30,15,3
30,16,3
30,17,1
30,18,1
30,19,2
30,20,2
30,21,4
30,22,4
30,23,4
30,24,3
30,25,3
30,26,3
30,27,3
30,28,4
30,29,4
30,30,4