4
5
6
3
2,2
2,22
22,2
22,22
2,3,4
1,3,4
0,2,1
1,2,1
0,1,3
0,0,3
0,1,3
0,2,3
0,3,3
0,4,3
0,5,3
0,6,3
0,7,3
0,8,2
0,9,2
0,10,2
0,11,2
0,12,3
0,13,3
0,14,4
0,15,4
0,16,4
0,17,4
0,18,4
0,19,4
0,20,4
0,21,4
0,22,4
0,23,4
0,24,4
0,25,1
0,26,1
0,27,1
0,28,1
0,29,1
0,30,1
1,0,3
1,1,3
1,2,3
1,3,3
1,4,3
1,5,3
1,6,3
1,7,3
1,8,2
1,9,2
1,10,2
1,11,2
1,12,3
1,13,3
1,14,4
1,15,4
1,16,4
1,17,4
1,18,4
1,19,4
1,20,4
1,21,4
1,22,4
1,23,4
1,24,4
1,25,1
1,26,1
1,27,1
1,28,1
1,29,1
1,30,1
2,0,3
2,1,3
2,2,3
2,3,3
2,4,3
2,5,3
2,6,3
2,7,3
2,8,2
2,9,2
2,10,2
2,11,2
2,12,3
2,13,3
2,14,3
2,15,4
2,16,4
2,17,4
2,18,4
2,19,4
2,20,4
2,21,4
2,22,4
2,23,4
2,24,4
2,25,4
2,26,1
2,27,1
2,28,1
2,29,1
2,30,1
3,0,3
3,1,3
3,2,3
3,3,3
3,4,3
3,5,3
3,6,3
3,7,4
3,8,4
3,9,2
3,10,2
3,11,3
3,12,3
3,13,3
3,14,3
3,15,1
3,16,1
3,17,4
3,18,4
3,19,4
3,20,4
3,21,4
3,22,4
3,23,4
3,24,4
3,25,4
3,26,4
3,27,4
3,28,4
3,29,4
3,30,4
4,0,3
4,1,3
4,2,3
4,3,3
4,4,3
4,5,3
4,6,4
4,7,4
4,8,4
4,9,4
4,10,3
4,11,3
4,12,3
4,13,3
4,14,1
4,15,1
4,16,1
4,17,1
4,18,4
4,19,4
4,20,4
4,21,4
4,22,4
4,23,4
4,24,4
4,25,4
4,26,4
4,27,4
4,28,4
4,29,4
4,30,4
5,0,4
5,1,4
5,2,3
5,3,3
5,4,2
5,5,2
5,6,4
5,7,4
5,8,4
5,9,4
5,10,3
5,11,3
5,12,3
5,13,3
5,14,1
5,15,1
5,16,1
5,17,1
5,18,4
5,19,4
5,20,4
5,21,4
5,22,4
5,23,4
5,24,4
5,25,4
5,26,4
5,27,4
5,28,4
5,29,4
5,30,4
6,0,4
6,1,4
6,2,4
6,3,2
6,4,2
6,5,2
6,6,2
6,7,4
6,8,4
6,9,2
6,10,2
6,11,3
6,12,3
6,13,2
6,14,2
6,15,1
6,16,1
6,17,1
6,18,4
6,19,4
6,20,4
6,21,4
6,22,4
6,23,1
6,24,1
6,25,4
6,26,4
6,27,4
6,28,4
6,29,4
6,30,4
7,0,4
7,1,4
7,2,4
7,3,2
7,4,2
7,5,2
7,6,2
7,7,2
7,8,2
7,9,2
7,10,2
7,11,2
7,12,2
7,13,2
7,14,2
7,15,2
7,16,1
7,17,1
7,18,4
7,19,4
7,20,4
7,21,4
7,22,1
7,23,1
7,24,1
7,25,1
7,26,4
7,27,4
7,28,4
7,29,4
7,30,4
8,0,4
8,1,4
8,2,4
8,3,4
8,4,2
8,5,2
8,6,2
8,7,2
8,8,2
8,9,2
8,10,2
8,11,2
8,12,2
8,13,2
8,14,2
8,15,2
8,16,1
8,17,1
8,18,4
8,19,4
8,20,4
8,21,4
8,22,1
8,23,1
8,24,1
8,25,1
8,26,4
8,27,4
8,28,4
8,29,2
8,30,2
9,0,4
9,1,4
9,2,4
9,3,4
9,4,4
9,5,2
9,6,2
9,7,2
9,8,2
9,9,2
9,10,2
9,11,2
9,12,2
9,13,2
9,14,2
9,15,1
9,16,1
9,17,1
9,18,4
9,19,4
9,20,4
9,21,4
9,22,4
9,23,1
9,24,1
9,25,4
9,26,4
9,27,4
9,28,2
9,29,2
9,30,2
10,0,4
10,1,4
10,2,4
10,3,4
10,4,4
10,5,2
10,6,2
10,7,2
10,8,2
10,9,2
10,10,2
10,11,2
10,12,2
10,13,2
10,14,2
10,15,1
10,16,1
10,17,1
10,18,4
10,19,4
10,20,4
10,21,4
10,22,4
10,23,4
10,24,4
10,25,4
10,26,4
10,27,4
10,28,2
10,29,2
10,30,2
11,0,4
11,1,4
11,2,4
11,3,4
11,4,4
11,5,2
11,6,2
11,7,2
11,8,2
11,9,2
11,10,2
11,11,2
11,12,2
11,13,2
11,14,2
11,15,1
11,16,1
11,17,4
11,18,4
11,19,4
11,20,4
11,21,4
11,22,4
11,23,4
11,24,4
11,25,4
11,26,4
11,27,4
11,28,4
11,29,2
11,30,2
12,0,3
12,1,3
12,2,4
12,3,4
12,4,3
12,5,3
12,6,2
12,7,2
12,8,4
12,9,4
12,10,2
12,11,2
12,12,2
12,13,2
12,14,1
12,15,1
12,16,1
12,17,4
12,18,4
12,19,4
12,20,4
12,21,4
12,22,4
12,23,4
12,24,1
12,25,1
12,26,4
12,27,4
12,28,4
12,29,4
12,30,4
13,0,3
13,1,3
13,2,3
13,3,3
13,4,3
13,5,3
13,6,3
13,7,4
13,8,4
13,9,4
13,10,4
13,11,2
13,12,2
13,13,1
13,14,1
13,15,1
13,16,1
13,17,4
13,18,4
13,19,4
13,20,4
13,21,4
13,22,4
13,23,1
13,24,1
13,25,1
13,26,1
13,27,4
13,28,4
13,29,4
13,30,4
14,0,3
14,1,3
14,2,3
14,3,3
14,4,3
14,5,3
14,6,3
14,7,4
14,8,4
14,9,4
14,10,4
14,11,3
14,12,3
14,13,1
14,14,1
14,15,1
14,16,1
14,17,4
14,18,4
14,19,4
14,20,4
14,21,3
14,22,3
14,23,1
14,24,1
14,25,1
14,26,1
14,27,4
14,28,4
14,29,4
14,30,4
15,0,3
15,1,3
15,2,3
15,3,3
15,4,3
15,5,3
15,6,2
15,7,2
15,8,4
15,9,4
15,10,3
15,11,3
15,12,3
15,13,3
15,14,1
15,15,1
15,16,1
15,17,1
15,18,4
15,19,4
15,20,3
15,21,3
15,22,3
15,23,3
15,24,1
15,25,1
15,26,3
15,27,3
15,28,4
15,29,4
15,30,4
16,0,3
16,1,3
16,2,3
16,3,3
16,4,3
16,5,2
16,6,2
16,7,2
16,8,2
16,9,2
16,10,3
16,11,3
16,12,3
16,13,3
16,14,3
16,15,1
16,16,1
16,17,1
16,18,1
16,19,1
16,20,3
16,21,3
16,22,3
16,23,3
16,24,3
16,25,3
16,26,3
16,27,3
16,28,3
16,29,3
16,30,3
17,0,3
17,1,3
17,2,3
17,3,3
17,4,3
17,5,2
17,6,2
17,7,2
17,8,2
17,9,2
17,10,2
17,11,3
17,12,3
17,13,3
17,14,3
17,15,1
17,16,1
17,17,1
17,18,1
17,19,1
17,20,1
17,21,3
17,22,3
17,23,3
17,24,3
17,25,3
17,26,3
17,27,3
17,28,3
17,29,3
17,30,3
18,0,3
18,1,3
18,2,3
18,3,3
18,4,3
18,5,3
18,6,2
18,7,2
18,8,2
18,9,2
18,10,2
18,11,2
18,12,3
18,13,3
18,14,1
18,15,1
18,16,1
18,17,1
18,18,1
18,19,1
18,20,1
18,21,2
18,22,2
18,23,3
18,24,3
18,25,3
18,26,3
18,27,3
18,28,3
18,29,3
18,30,3
19,0,3
19,1,3
19,2,3
19,3,3
19,4,3
19,5,3
19,6,3
19,7,2
19,8,2
19,9,2
19,10,2
19,11,2
19,12,4
19,13,4
19,14,1
19,15,1
19,16,1
19,17,1
19,18,1
19,19,1
19,20,2
19,21,2
19,22,2
19,23,2
19,24,3
19,25,3
19,26,4
19,27,4
19,28,3
19,29,3
19,30,3
20,0,3
20,1,3
20,2,3
20,3,3
20,4,3
20,5,3
20,6,3
20,7,3
20,8,3
20,9,2
20,10,2
20,11,4
20,12,4
20,13,4
20,14,4
20,15,1
20,16,1
20,17,1
20,18,1
20,19,1
20,20,2
20,21,2
20,22,2
20,23,2
20,24,2
20,25,4
20,26,4
20,27,4
20,28,4
20,29,3
20,30,3
21,0,3
21,1,3
21,2,3
21,3,3
21,4,3
21,5,3
21,6,3
21,7,3
21,8,3
21,9,3
21,10,4
21,11,4
21,12,4
21,13,4
21,14,4
21,15,4
21,16,1
21,17,1
21,18,1
21,19,2
21,20,2
21,21,2
21,22,2
21,23,2
21,24,2
21,25,4
21,26,4
21,27,4
21,28,4
21,29,1
21,30,1
22,0,3
22,1,3
22,2,3
22,3,3
22,4,3
22,5,3
22,6,3
22,7,3
22,8,3
22,9,3
22,10,4
22,11,4
22,12,4
22,13,4
22,14,4
22,15,4
22,16,2
22,17,2
22,18,2
22,19,2
22,20,2
22,21,2
22,22,2
22,23,2
22,24,2
22,25,2
22,26,4
22,27,4
22,28,1
22,29,1
22,30,1
23,0,3
23,1,3
23,2,3
23,3,3
23,4,3
23,5,3
23,6,3
23,7,3
23,8,3
23,9,4
23,10,4
23,11,4
23,12,4
23,13,4
23,14,4
23,15,2
23,16,2
23,17,2
23,18,2
23,19,2
23,20,2
23,21,2
23,22,2
23,23,2
23,24,2
23,25,2
23,26,4
23,27,4
23,28,1
23,29,1
23,30,1
24,0,3
24,1,3
24,2,3
24,3,3
24,4,3
24,5,3
24,6,4
24,7,4
24,8,4
24,9,4
24,10,4
24,11,4
24,12,4
24,13,1
24,14,1
24,15,2
24,16,2
24,17,2
24,18,2
24,19,2
24,20,2
24,21,2
24,22,2
24,23,2
24,24,2
24,25,4
24,26,4
24,27,4
24,28,4
24,29,1
24,30,1
25,0,4
25,1,4
25,2,4
25,3,4
25,4,4
25,5,4
25,6,4
25,7,4
25,8,4
25,9,4
25,10,4
25,11,4
25,12,1
25,13,1
25,14,1
25,15,1
25,16,2
25,17,2
25,18,4
25,19,4
25,20,2
25,21,2
25,22,2
25,23,2
25,24,4
25,25,4
25,26,4
25,27,4
25,28,4
25,29,1
25,30,1
26,0,4
26,1,4
26,2,4
26,3,4
26,4,4
26,5,4
26,6,4
26,7,4
26,8,2
26,9,2
26,10,2
26,11,2
26,12,1
26,13,1
26,14,1
26,15,1
26,16,1
26,17,4
26,18,4
26,19,4
26,20,4
26,21,2
26,22,2
26,23,2
26,24,4
26,25,4
26,26,4
26,27,4
26,28,4
26,29,1
26,30,1
27,0,4
27,1,4
27,2,2
27,3,2
27,4,4
27,5,4
27,6,4
27,7,2
27,8,2
27,9,2
27,10,2
27,11,2
27,12,2
27,13,1
27,14,1
27,15,1
27,16,1
27,17,4
27,18,4
27,19,4
27,20,4
27,21,2
27,22,2
27,23,2
27,24,2
27,25,4
27,26,4
27,27,4
27,28,4
27,29,1
27,30,1
28,0,2
28,1,2
28,2,2
28,3,2
28,4,2
28,5,4
28,6,4
28,7,2
28,8,2
28,9,2
28,10,2
28,11,2
28,12,2
28,13,1
28,14,1
28,15,1
28,16,2
28,17,2
28,18,4
28,19,4
28,20,1
28,21,1
28,22,2
28,23,2
28,24,2
28,25,2
28,26,4
28,27,4
28,28,4
28,29,1
28,30,1
29,0,2
29,1,2
29,2,2
29,3,2
29,4,2
29,5,4
29,6,4
29,7,4
29,8,2
29,9,2
29,10,2
29,11,2
29,12,1
29,13,1
29,14,1
29,15,2
29,16,2
29,17,2
29,18,2
29,19,1
29,20,1
29,21,1
29,22,1
29,23,2
29,24,2
29,25,2
29,26,4
29,27,4
29,28,4
29,29,1
29,30,1
30,0,2
30,1,2
30,2,2
30,3,2
30,4,2
30,5,4
30,6,4
30,7,4
30,8,2
30,9,2
30,10,2
30,11,2
30,12,1
30,13,1
30,14,1
30,15,2
30,16,2
30,17,2
30,18,2
30,19,1
30,20,1
30,21,1
30,22,1
30,23,2
30,24,2
30,25,2
30,26,4
30,27,4
30,28,4
30,29,1
30,30,1