4
5
9
1
12,12
12,27
27,12
27,27
0,1,4
1,2,3
1,3,4
0,2,3
2,3,3
0,0,4
0,1,4
0,2,4
0,3,4
0,4,4
0,5,4
0,6,4
0,7,4
0,8,4
0,9,3
0,10,3
0,11,3
0,12,3
0,13,3
0,14,2
0,15,2
0,16,2
0,17,2
0,18,2
0,19,2
0,20,3
0,21,3
0,22,3
0,23,3
0,24,4
0,25,4
0,26,2
0,27,2
0,28,2
0,29,2
0,30,2
1,0,4
1,1,4
1,2,4
1,3,4
1,4,4
1,5,4
1,6,4
1,7,4
1,8,4
1,9,3
1,10,3
1,11,3
1,12,3
1,13,3
1,14,2
1,15,2
1,16,2
1,17,2
1,18,2
1,19,2
1,20,3
1,21,3
1,22,3
1,23,3
1,24,4
1,25,4
1,26,2
1,27,2
1,28,2
1,29,2
1,30,2
2,0,4
2,1,4
2,2,4
2,3,4
2,4,4
2,5,4
2,6,4
2,7,4
2,8,3
2,9,3
2,10,3
2,11,3
2,12,3
2,13,3
2,14,2
2,15,2
2,16,2
2,17,2
2,18,2
2,19,2
2,20,3
2,21,3
2,22,3
2,23,3
2,24,4
2,25,4
2,26,2
2,27,2
2,28,2
2,29,2
2,30,2
3,0,4
3,1,4
3,2,4
3,3,4
3,4,4
3,5,4
3,6,2
3,7,2
3,8,3
3,9,3
3,10,3
3,11,3
3,12,3
3,13,4
3,14,4
3,15,2
3,16,2
3,17,2
3,18,2
3,19,3
3,20,3
3,21,3
3,22,3
3,23,4
3,24,4
3,25,4
3,26,2
3,27,2
3,28,2
3,29,2
3,30,2
4,0,2
4,1,2
4,2,2
4,3,2
4,4,2
4,5,2
4,6,2
4,7,2
4,8,2
4,9,3
4,10,3
4,11,3
4,12,4
4,13,4
4,14,4
4,15,4
4,16,2
4,17,2
4,18,3
4,19,3
4,20,3
4,21,3
4,22,3
4,23,4
4,24,4
4,25,4
4,26,4
4,27,2
4,28,2
4,29,3
4,30,3
5,0,2
5,1,2
5,2,2
5,3,2
5,4,2
5,5,2
5,6,2
5,7,2
5,8,2
5,9,1
5,10,1
5,11,1
5,12,4
5,13,4
5,14,4
5,15,4
5,16,4
5,17,4
5,18,3
5,19,3
5,20,3
5,21,3
5,22,1
5,23,1
5,24,4
5,25,4
5,26,4
5,27,4
5,28,3
5,29,3
5,30,3
6,0,3
6,1,3
6,2,3
6,3,3
6,4,3
6,5,2
6,6,2
6,7,2
6,8,1
6,9,1
6,10,1
6,11,1
6,12,1
6,13,4
6,14,4
6,15,4
6,16,4
6,17,4
6,18,4
6,19,3
6,20,3
6,21,1
6,22,1
6,23,1
6,24,1
6,25,4
6,26,4
6,27,4
6,28,3
6,29,3
6,30,3
7,0,3
7,1,3
7,2,3
7,3,3
7,4,3
7,5,3
7,6,2
7,7,2
7,8,1
7,9,1
7,10,1
7,11,1
7,12,1
7,13,4
7,14,4
7,15,4
7,16,4
7,17,4
7,18,4
7,19,1
7,20,1
7,21,1
7,22,1
7,23,1
7,24,1
7,25,4
7,26,4
7,27,4
7,28,4
7,29,3
7,30,3
8,0,1
8,1,1
8,2,3
8,3,3
8,4,3
8,5,3
8,6,2
8,7,2
8,8,1
8,9,1
8,10,1
8,11,1
8,12,3
8,13,3
8,14,4
8,15,4
8,16,4
8,17,4
8,18,1
8,19,1
8,20,1
8,21,1
8,22,1
8,23,1
8,24,1
8,25,4
8,26,4
8,27,4
8,28,4
8,29,4
8,30,4
9,0,1
9,1,1
9,2,1
9,3,3
9,4,3
9,5,2
9,6,2
9,7,2
9,8,2
9,9,1
9,10,1
9,11,3
9,12,3
9,13,3
9,14,3
9,15,4
9,16,4
9,17,4
9,18,1
9,19,1
9,20,1
9,21,1
9,22,1
9,23,1
9,24,1
9,25,4
9,26,4
9,27,4
9,28,4
9,29,4
9,30,4
10,0,1
10,1,1
10,2,1
10,3,1
10,4,2
10,5,2
10,6,2
10,7,2
10,8,2
10,9,2
10,10,3
10,11,3
10,12,3
10,13,3
10,14,3
10,15,4
10,16,4
10,17,4
10,18,4
10,19,1
10,20,1
10,21,1
10,22,1
10,23,1
10,24,4
10,25,4
10,26,4
10,27,4
10,28,4
10,29,4
10,30,4
11,0,1
11,1,1
11,2,1
11,3,1
11,4,2
11,5,2
11,6,2
11,7,2
11,8,2
11,9,2
11,10,3
11,11,3
11,12,3
11,13,3
11,14,3
11,15,4
11,16,4
11,17,4
11,18,4
11,19,3
11,20,3
11,21,3
11,22,3
11,23,3
11,24,4
11,25,4
11,26,4
11,27,4
11,28,4
11,29,4
11,30,4
12,0,1
12,1,1
12,2,1
12,3,1
12,4,2
12,5,2
12,6,2
12,7,2
12,8,2
12,9,3
12,10,3
12,11,3
12,12,3
12,13,3
12,14,3
12,15,4
12,16,4
12,17,4
12,18,3
12,19,3
12,20,3
12,21,3
12,22,3
12,23,3
12,24,3
12,25,4
12,26,4
12,27,4
12,28,4
12,29,4
12,30,4
13,0,1
13,1,1
13,2,1
13,3,1
13,4,1
13,5,2
13,6,2
13,7,2
13,8,2
13,9,3
13,10,3
13,11,3
13,12,3
13,13,3
13,14,3
13,15,4
13,16,4
13,17,4
13,18,3
13,19,3
13,20,3
13,21,3
13,22,3
13,23,3
13,24,3
13,25,4
13,26,4
13,27,4
13,28,4
13,29,4
13,30,4
14,0,1
14,1,1
14,2,1
14,3,1
14,4,1
14,5,1
14,6,2
14,7,2
14,8,4
14,9,4
14,10,3
14,11,3
14,12,3
14,13,3
14,14,3
14,15,3
14,16,4
14,17,4
14,18,3
14,19,3
14,20,3
14,21,3
14,22,3
14,23,3
14,24,4
14,25,4
14,26,4
14,27,4
14,28,4
14,29,4
14,30,4
15,0,4
15,1,4
15,2,1
15,3,1
15,4,1
15,5,1
15,6,4
15,7,4
15,8,4
15,9,4
15,10,4
15,11,3
15,12,3
15,13,3
15,14,3
15,15,3
15,16,4
15,17,4
15,18,4
15,19,3
15,20,3
15,21,4
15,22,4
15,23,4
15,24,4
15,25,4
15,26,4
15,27,4
15,28,4
15,29,4
15,30,4
16,0,4
16,1,4
16,2,4
16,3,1
16,4,1
16,5,4
16,6,4
16,7,4
16,8,4
16,9,4
16,10,4
16,11,3
16,12,3
16,13,3
16,14,3
16,15,4
16,16,4
16,17,4
16,18,4
16,19,4
16,20,4
16,21,4
16,22,4
16,23,4
16,24,4
16,25,4
16,26,4
16,27,4
16,28,4
16,29,4
16,30,4
17,0,4
17,1,4
17,2,4
17,3,1
17,4,1
17,5,4
17,6,4
17,7,4
17,8,4
17,9,4
17,10,4
17,11,4
17,12,3
17,13,3
17,14,4
17,15,4
17,16,4
17,17,4
17,18,4
17,19,4
17,20,4
17,21,4
17,22,4
17,23,2
17,24,2
17,25,4
17,26,4
17,27,3
17,28,3
17,29,4
17,30,4
18,0,4
18,1,4
18,2,4
18,3,1
18,4,1
18,5,1
18,6,4
18,7,4
18,8,4
18,9,4
18,10,4
18,11,4
18,12,4
18,13,4
18,14,4
18,15,4
18,16,4
18,17,4
18,18,4
18,19,4
18,20,4
18,21,4
18,22,2
18,23,2
18,24,2
18,25,2
18,26,3
18,27,3
18,28,3
18,29,3
18,30,3
19,0,4
19,1,4
19,2,4
19,3,1
19,4,1
19,5,1
19,6,1
19,7,1
19,8,4
19,9,4
19,10,4
19,11,4
19,12,4
19,13,4
19,14,4
19,15,4
19,16,1
19,17,1
19,18,1
19,19,1
19,20,1
19,21,1
19,22,2
19,23,2
19,24,2
19,25,2
19,26,3
19,27,3
19,28,3
19,29,3
19,30,3
20,0,4
20,1,4
20,2,2
20,3,2
20,4,1
20,5,1
20,6,1
20,7,1
20,8,1
20,9,4
20,10,4
20,11,4
20,12,4
20,13,4
20,14,4
20,15,1
20,16,1
20,17,1
20,18,1
20,19,1
20,20,1
20,21,1
20,22,1
20,23,2
20,24,2
20,25,1
20,26,1
20,27,3
20,28,3
20,29,3
20,30,3
21,0,2
21,1,2
21,2,2
21,3,2
21,4,2
21,5,1
21,6,1
21,7,1
21,8,1
21,9,4
21,10,4
21,11,4
21,12,4
21,13,2
21,14,2
21,15,1
21,16,1
21,17,1
21,18,1
21,19,1
21,20,1
21,21,1
21,22,1
21,23,1
21,24,1
21,25,1
21,26,1
21,27,1
21,28,1
21,29,1
21,30,1
22,0,2
22,1,2
22,2,2
22,3,2
22,4,2
22,5,2
22,6,1
22,7,1
22,8,2
22,9,2
22,10,4
22,11,4
22,12,2
22,13,2
22,14,2
22,15,2
22,16,1
22,17,1
22,18,1
22,19,1
22,20,1
22,21,1
22,22,1
22,23,1
22,24,1
22,25,1
22,26,1
22,27,1
22,28,1
22,29,1
22,30,1
23,0,3
23,1,3
23,2,3
23,3,2
23,4,2
23,5,2
23,6,2
23,7,2
23,8,2
23,9,2
23,10,2
23,11,2
23,12,2
23,13,2
23,14,2
23,15,2
23,16,3
23,17,3
23,18,1
23,19,1
23,20,1
23,21,1
23,22,1
23,23,1
23,24,1
23,25,1
23,26,1
23,27,1
23,28,1
23,29,1
23,30,1
24,0,3
24,1,3
24,2,3
24,3,3
24,4,2
24,5,2
24,6,2
24,7,2
24,8,2
24,9,2
24,10,2
24,11,2
24,12,2
24,13,2
24,14,2
24,15,3
24,16,3
24,17,3
24,18,3
24,19,1
24,20,1
24,21,1
24,22,2
24,23,2
24,24,1
24,25,1
24,26,3
24,27,3
24,28,3
24,29,1
24,30,1
25,0,3
25,1,3
25,2,3
25,3,3
25,4,3
25,5,3
25,6,3
25,7,3
25,8,3
25,9,3
25,10,3
25,11,3
25,12,3
25,13,3
25,14,3
25,15,3
25,16,3
25,17,3
25,18,3
25,19,1
25,20,1
25,21,2
25,22,2
25,23,2
25,24,2
25,25,3
25,26,3
25,27,3
25,28,3
25,29,3
25,30,3
26,0,3
26,1,3
26,2,3
26,3,3
26,4,3
26,5,3
26,6,3
26,7,3
26,8,3
26,9,3
26,10,3
26,11,3
26,12,3
26,13,3
26,14,3
26,15,3
26,16,3
26,17,3
26,18,1
26,19,1
26,20,1
26,21,2
26,22,2
26,23,2
26,24,2
26,25,3
26,26,3
26,27,3
26,28,3
26,29,3
26,30,3
27,0,3
27,1,3
27,2,3
27,3,2
27,4,2
27,5,3
27,6,3
27,7,1
27,8,1
27,9,3
27,10,3
27,11,3
27,12,3
27,13,3
27,14,3
27,15,3
27,16,4
27,17,4
27,18,1
27,19,1
27,20,1
27,21,1
27,22,2
27,23,2
27,24,2
27,25,3
27,26,3
27,27,3
27,28,3
27,29,3
27,30,3
28,0,2
28,1,2
28,2,2
28,3,2
28,4,2
28,5,2
28,6,1
28,7,1
28,8,1
28,9,1
28,10,3
28,11,3
28,12,3
28,13,3
28,14,3
28,15,4
28,16,4
28,17,4
28,18,4
28,19,1
28,20,1
28,21,1
28,22,2
28,23,2
28,24,2
28,25,3
28,26,3
28,27,3
28,28,3
28,29,3
28,30,3
29,0,2
29,1,2
29,2,2
29,3,2
29,4,2
29,5,2
29,6,1
29,7,1
29,8,1
29,9,1
29,10,3
29,11,3
29,12,3
29,13,3
29,14,3
29,15,4
29,16,4
29,17,4
29,18,4
29,19,1
29,20,1
29,21,2
29,22,2
29,23,2
29,24,3
29,25,3
29,26,3
29,27,3
29,28,3
29,29,3
29,30,3
30,0,2
30,1,2
30,2,2
30,3,2
30,4,2
30,5,2
30,6,1
30,7,1
30,8,1
30,9,1
30,10,3
30,11,3
30,12,3
30,13,3
30,14,3
30,15,4
30,16,4
30,17,4
30,18,4
30,19,1
30,20,1
30,21,2
30,22,2
30,23,2
30,24,3
30,25,3
30,26,3
30,27,3
30,28,3
30,29,3
30,30,3