4
5
4
1
7,2
7,12
17,2
27,12
0,1,2
1,2,2
1,3,1
0,2,2
2,3,1
0,0,2
0,1,2
0,2,2
0,3,2
0,4,2
0,5,1
0,6,1
0,7,1
0,8,1
0,9,1
0,10,4
0,11,4
0,12,4
0,13,3
0,14,3
0,15,4
0,16,4
0,17,4
0,18,4
0,19,2
0,20,2
0,21,2
0,22,2
0,23,2
0,24,2
0,25,4
0,26,4
0,27,4
0,28,4
0,29,4
0,30,4
1,0,2
1,1,2
1,2,2
1,3,2
1,4,2
1,5,1
1,6,1
1,7,1
1,8,1
1,9,1
1,10,4
1,11,4
1,12,4
1,13,3
1,14,3
1,15,4
1,16,4
1,17,4
1,18,4
1,19,2
1,20,2
1,21,2
1,22,2
1,23,2
1,24,2
1,25,4
1,26,4
1,27,4
1,28,4
1,29,4
1,30,4
2,0,4
2,1,4
2,2,2
2,3,2
2,4,1
2,5,1
2,6,1
2,7,1
2,8,1
2,9,4
2,10,4
2,11,4
2,12,4
2,13,3
2,14,3
2,15,4
2,16,4
2,17,4
2,18,4
2,19,2
2,20,2
2,21,2
2,22,2
2,23,2
2,24,2
2,25,2
2,26,4
2,27,4
2,28,4
2,29,4
2,30,4
3,0,4
3,1,4
3,2,4
3,3,4
3,4,1
3,5,1
3,6,1
3,7,1
3,8,4
3,9,4
3,10,4
3,11,4
3,12,4
3,13,3
3,14,3
3,15,3
3,16,4
3,17,4
3,18,1
3,19,1
3,20,2
3,21,2
3,22,2
3,23,2
3,24,2
3,25,2
3,26,2
3,27,2
3,28,2
3,29,2
3,30,2
4,0,4
4,1,4
4,2,4
4,3,4
4,4,4
4,5,1
4,6,1
4,7,4
4,8,4
4,9,4
4,10,4
4,11,4
4,12,3
4,13,3
4,14,3
4,15,3
4,16,1
4,17,1
4,18,1
4,19,1
4,20,1
4,21,2
4,22,2
4,23,2
4,24,2
4,25,2
4,26,2
4,27,2
4,28,2
4,29,2
4,30,2
5,0,4
5,1,4
5,2,4
5,3,4
5,4,4
5,5,4
5,6,4
5,7,4
5,8,4
5,9,4
5,10,3
5,11,3
5,12,3
5,13,3
5,14,3
5,15,1
5,16,1
5,17,1
5,18,1
5,19,1
5,20,1
5,21,3
5,22,3
5,23,3
5,24,3
5,25,3
5,26,3
5,27,3
5,28,3
5,29,3
5,30,3
6,0,4
6,1,4
6,2,4
6,3,4
6,4,4
6,5,4
6,6,4
6,7,4
6,8,4
6,9,3
6,10,3
6,11,3
6,12,3
6,13,3
6,14,3
6,15,1
6,16,1
6,17,1
6,18,1
6,19,1
6,20,3
6,21,3
6,22,3
6,23,3
6,24,3
6,25,3
6,26,3
6,27,3
6,28,3
6,29,3
6,30,3
7,0,4
7,1,4
7,2,4
7,3,4
7,4,4
7,5,4
7,6,4
7,7,3
7,8,3
7,9,3
7,10,3
7,11,3
7,12,3
7,13,3
7,14,3
7,15,3
7,16,1
7,17,1
7,18,1
7,19,3
7,20,3
7,21,3
7,22,3
7,23,1
7,24,1
7,25,3
7,26,3
7,27,2
7,28,2
7,29,3
7,30,3
8,0,4
8,1,4
8,2,4
8,3,4
8,4,4
8,5,4
8,6,3
8,7,3
8,8,3
8,9,3
8,10,3
8,11,3
8,12,3
8,13,3
8,14,3
8,15,3
8,16,4
8,17,4
8,18,4
8,19,3
8,20,3
8,21,3
8,22,1
8,23,1
8,24,1
8,25,1
8,26,2
8,27,2
8,28,2
8,29,2
8,30,2
9,0,4
9,1,4
9,2,4
9,3,4
9,4,4
9,5,3
9,6,3
9,7,3
9,8,3
9,9,3
9,10,3
9,11,3
9,12,3
9,13,3
9,14,3
9,15,4
9,16,4
9,17,4
9,18,4
9,19,4
9,20,3
9,21,3
9,22,1
9,23,1
9,24,1
9,25,1
9,26,2
9,27,2
9,28,2
9,29,2
9,30,2
10,0,3
10,1,3
10,2,3
10,3,3
10,4,3
10,5,3
10,6,3
10,7,3
10,8,4
10,9,4
10,10,3
10,11,3
10,12,3
10,13,3
10,14,3
10,15,4
10,16,4
10,17,4
10,18,4
10,19,4
10,20,3
10,21,3
10,22,1
10,23,1
10,24,1
10,25,1
10,26,2
10,27,2
10,28,2
10,29,2
10,30,2
11,0,3
11,1,3
11,2,3
11,3,3
11,4,3
11,5,3
11,6,3
11,7,4
11,8,4
11,9,4
11,10,4
11,11,4
11,12,3
11,13,3
11,14,4
11,15,4
11,16,4
11,17,4
11,18,4
11,19,3
11,20,3
11,21,3
11,22,3
11,23,1
11,24,1
11,25,3
11,26,3
11,27,2
11,28,2
11,29,1
11,30,1
12,0,3
12,1,3
12,2,3
12,3,4
12,4,4
12,5,4
12,6,4
12,7,4
12,8,4
12,9,4
12,10,4
12,11,4
12,12,4
12,13,4
12,14,4
12,15,4
12,16,4
12,17,4
12,18,4
12,19,3
12,20,3
12,21,3
12,22,3
12,23,3
12,24,3
12,25,3
12,26,3
12,27,3
12,28,1
12,29,1
12,30,1
13,0,4
13,1,4
13,2,4
13,3,4
13,4,4
13,5,4
13,6,4
13,7,4
13,8,4
13,9,4
13,10,4
13,11,4
13,12,4
13,13,4
13,14,4
13,15,4
13,16,4
13,17,4
13,18,3
13,19,3
13,20,3
13,21,3
13,22,3
13,23,3
13,24,3
13,25,3
13,26,3
13,27,3
13,28,1
13,29,1
13,30,1
14,0,4
14,1,4
14,2,4
14,3,4
14,4,4
14,5,4
14,6,4
14,7,4
14,8,4
14,9,4
14,10,4
14,11,4
14,12,4
14,13,4
14,14,4
14,15,4
14,16,4
14,17,4
14,18,3
14,19,3
14,20,3
14,21,3
14,22,3
14,23,3
14,24,3
14,25,3
14,26,3
14,27,1
14,28,1
14,29,1
14,30,1
15,0,2
15,1,2
15,2,2
15,3,2
15,4,2
15,5,2
15,6,2
15,7,4
15,8,4
15,9,4
15,10,4
15,11,4
15,12,4
15,13,4
15,14,4
15,15,4
15,16,4
15,17,1
15,18,1
15,19,3
15,20,3
15,21,2
15,22,2
15,23,2
15,24,2
15,25,2
15,26,2
15,27,1
15,28,1
15,29,1
15,30,1
16,0,2
16,1,2
16,2,2
16,3,2
16,4,2
16,5,2
16,6,2
16,7,2
16,8,4
16,9,4
16,10,4
16,11,4
16,12,4
16,13,4
16,14,4
16,15,4
16,16,1
16,17,1
16,18,1
16,19,1
16,20,2
16,21,2
16,22,2
16,23,2
16,24,2
16,25,2
16,26,2
16,27,2
16,28,1
16,29,1
16,30,1
17,0,2
17,1,2
17,2,2
17,3,2
17,4,2
17,5,2
17,6,2
17,7,2
17,8,3
17,9,3
17,10,3
17,11,4
17,12,4
17,13,4
17,14,4
17,15,1
17,16,1
17,17,1
17,18,1
17,19,1
17,20,2
17,21,2
17,22,2
17,23,4
17,24,4
17,25,2
17,26,2
17,27,2
17,28,2
17,29,1
17,30,1
18,0,2
18,1,2
18,2,2
18,3,2
18,4,2
18,5,2
18,6,2
18,7,3
18,8,3
18,9,3
18,10,3
18,11,3
18,12,4
18,13,4
18,14,4
18,15,1
18,16,1
18,17,1
18,18,1
18,19,1
18,20,2
18,21,2
18,22,4
18,23,4
18,24,4
18,25,4
18,26,2
18,27,2
18,28,2
18,29,2
18,30,2
19,0,2
19,1,2
19,2,2
19,3,2
19,4,2
19,5,2
19,6,2
19,7,3
19,8,3
19,9,3
19,10,3
19,11,3
19,12,4
19,13,4
19,14,4
19,15,4
19,16,1
19,17,1
19,18,1
19,19,1
19,20,2
19,21,2
19,22,4
19,23,4
19,24,4
19,25,4
19,26,2
19,27,2
19,28,2
19,29,2
19,30,2
20,0,2
20,1,2
20,2,2
20,3,2
20,4,2
20,5,2
20,6,1
20,7,1
20,8,3
20,9,3
20,10,3
20,11,1
20,12,1
20,13,4
20,14,4
20,15,4
20,16,4
20,17,1
20,18,1
20,19,1
20,20,2
20,21,2
20,22,2
20,23,4
20,24,4
20,25,3
20,26,3
20,27,2
20,28,2
20,29,1
20,30,1
21,0,2
21,1,2
21,2,2
21,3,1
21,4,1
21,5,1
21,6,1
21,7,1
21,8,1
21,9,1
21,10,1
21,11,1
21,12,1
21,13,1
21,14,4
21,15,4
21,16,4
21,17,4
21,18,1
21,19,1
21,20,2
21,21,2
21,22,2
21,23,2
21,24,3
21,25,3
21,26,3
21,27,3
21,28,1
21,29,1
21,30,1
22,0,2
22,1,2
22,2,1
22,3,1
22,4,1
22,5,1
22,6,1
22,7,1
22,8,1
22,9,1
22,10,1
22,11,1
22,12,1
22,13,1
22,14,4
22,15,4
22,16,4
22,17,4
22,18,1
22,19,1
22,20,2
22,21,2
22,22,2
22,23,2
22,24,3
22,25,3
22,26,3
22,27,3
22,28,1
22,29,1
22,30,1
23,0,1
23,1,1
23,2,1
23,3,1
23,4,1
23,5,4
23,6,4
23,7,4
23,8,4
23,9,1
23,10,1
23,11,1
23,12,1
23,13,1
23,14,1
23,15,4
23,16,4
23,17,1
23,18,1
23,19,1
23,20,1
23,21,2
23,22,2
23,23,1
23,24,1
23,25,3
23,26,3
23,27,1
23,28,1
23,29,1
23,30,1
24,0,1
24,1,1
24,2,1
24,3,1
24,4,4
24,5,4
24,6,4
24,7,4
24,8,4
24,9,4
24,10,1
24,11,1
24,12,1
24,13,1
24,14,1
24,15,1
24,16,1
24,17,1
24,18,1
24,19,1
24,20,1
24,21,1
24,22,1
24,23,1
24,24,1
24,25,1
24,26,1
24,27,1
24,28,1
24,29,1
24,30,1
25,0,4
25,1,4
25,2,4
25,3,4
25,4,4
25,5,4
25,6,4
25,7,4
25,8,4
25,9,4
25,10,1
25,11,1
25,12,1
25,13,1
25,14,1
25,15,1
25,16,1
25,17,1
25,18,1
25,19,1
25,20,1
25,21,1
25,22,1
25,23,1
25,24,1
25,25,1
25,26,1
25,27,1
25,28,1
25,29,1
25,30,1
26,0,4
26,1,4
26,2,4
26,3,4
26,4,4
26,5,4
26,6,4
26,7,4
26,8,4
26,9,4
26,10,1
26,11,1
26,12,1
26,13,1
26,14,1
26,15,1
26,16,2
26,17,2
26,18,2
26,19,2
26,20,2
26,21,2
26,22,2
26,23,2
26,24,2
26,25,2
26,26,2
26,27,2
26,28,2
26,29,2
26,30,2
27,0,4
27,1,4
27,2,4
27,3,3
27,4,3
27,5,3
27,6,4
27,7,4
27,8,4
27,9,4
27,10,1
27,11,1
27,12,1
27,13,1
27,14,1
27,15,2
27,16,2
27,17,2
27,18,2
27,19,2
27,20,2
27,21,2
27,22,2
27,23,2
27,24,2
27,25,2
27,26,2
27,27,2
27,28,2
27,29,2
27,30,2
28,0,4
28,1,4
28,2,3
28,3,3
28,4,3
28,5,3
28,6,3
28,7,4
28,8,4
28,9,4
28,10,1
28,11,1
28,12,1
28,13,1
28,14,1
28,15,2
28,16,2
28,17,2
28,18,3
28,19,3
28,20,2
28,21,2
28,22,3
28,23,3
28,24,3
28,25,3
28,26,3
28,27,3
28,28,2
28,29,2
28,30,2
29,0,3
29,1,3
29,2,3
29,3,3
29,4,3
29,5,3
29,6,3
29,7,4
29,8,4
29,9,1
29,10,1
29,11,1
29,12,1
29,13,1
29,14,1
29,15,2
29,16,2
29,17,3
29,18,3
29,19,3
29,20,3
29,21,3
29,22,3
29,23,3
29,24,3
29,25,3
29,26,3
29,27,3
29,28,3
29,29,3
29,30,3
30,0,3
30,1,3
30,2,3
30,3,3
30,4,3
30,5,3
30,6,3
30,7,4
30,8,4
30,9,1
30,10,1
30,11,1
30,12,1
30,13,1
30,14,1
30,15,2
30,16,2
30,17,3
30,18,3
30,19,3
30,20,3
30,21,3
30,22,3
30,23,3
30,24,3
30,25,3
30,26,3
30,27,3
30,28,3
30,29,3
30,30,3