4
5
3
0
2,7
12,7
12,17
22,7
0,1,1
0,2,1
1,3,1
1,2,2
2,3,2
0,0,3
0,1,3
0,2,3
0,3,3
0,4,3
0,5,4
0,6,4
0,7,4
0,8,4
0,9,4
0,10,2
0,11,2
0,12,2
0,13,4
0,14,4
0,15,4
0,16,4
0,17,3
0,18,3
0,19,3
0,20,3
0,21,4
0,22,4
0,23,4
0,24,4
0,25,2
0,26,2
0,27,2
0,28,2
0,29,2
0,30,2
1,0,3
1,1,3
1,2,3
1,3,3
1,4,3
1,5,4
1,6,4
1,7,4
1,8,4
1,9,4
1,10,2
1,11,2
1,12,2
1,13,4
1,14,4
1,15,4
1,16,4
1,17,3
1,18,3
1,19,3
1,20,3
1,21,4
1,22,4
1,23,4
1,24,4
1,25,2
1,26,2
1,27,2
1,28,2
1,29,2
1,30,2
2,0,2
2,1,2
2,2,3
2,3,3
2,4,4
2,5,4
2,6,4
2,7,4
2,8,4
2,9,4
2,10,2
2,11,2
2,12,2
2,13,2
2,14,4
2,15,4
2,16,1
2,17,1
2,18,3
2,19,3
2,20,3
2,21,4
2,22,4
2,23,4
2,24,4
2,25,2
2,26,2
2,27,2
2,28,2
2,29,2
2,30,2
3,0,2
3,1,2
3,2,2
3,3,4
3,4,4
3,5,4
3,6,4
3,7,4
3,8,4
3,9,4
3,10,2
3,11,2
3,12,2
3,13,2
3,14,1
3,15,1
3,16,1
3,17,1
3,18,1
3,19,3
3,20,3
3,21,3
3,22,4
3,23,4
3,24,1
3,25,1
3,26,2
3,27,2
3,28,2
3,29,2
3,30,2
4,0,2
4,1,2
4,2,2
4,3,4
4,4,4
4,5,4
4,6,4
4,7,4
4,8,4
4,9,4
4,10,2
4,11,2
4,12,2
4,13,1
4,14,1
4,15,1
4,16,1
4,17,1
4,18,1
4,19,3
4,20,3
4,21,3
4,22,3
4,23,1
4,24,1
4,25,1
4,26,1
4,27,2
4,28,2
4,29,3
4,30,3
5,0,2
5,1,2
5,2,4
5,3,4
5,4,4
5,5,4
5,6,4
5,7,4
5,8,4
5,9,2
5,10,2
5,11,2
5,12,1
5,13,1
5,14,1
5,15,1
5,16,1
5,17,1
5,18,3
5,19,3
5,20,3
5,21,3
5,22,3
5,23,1
5,24,1
5,25,1
5,26,1
5,27,3
5,28,3
5,29,3
5,30,3
6,0,4
6,1,4
6,2,4
6,3,4
6,4,4
6,5,4
6,6,4
6,7,2
6,8,2
6,9,2
6,10,2
6,11,2
6,12,1
6,13,1
6,14,1
6,15,3
6,16,3
6,17,3
6,18,3
6,19,3
6,20,3
6,21,3
6,22,1
6,23,1
6,24,1
6,25,1
6,26,3
6,27,3
6,28,3
6,29,3
6,30,3
7,0,4
7,1,4
7,2,4
7,3,4
7,4,4
7,5,2
7,6,2
7,7,2
7,8,2
7,9,2
7,10,2
7,11,1
7,12,1
7,13,1
7,14,3
7,15,3
7,16,3
7,17,3
7,18,3
7,19,3
7,20,3
7,21,3
7,22,1
7,23,1
7,24,1
7,25,1
7,26,3
7,27,3
7,28,3
7,29,3
7,30,3
8,0,4
8,1,4
8,2,4
8,3,2
8,4,2
8,5,2
8,6,2
8,7,2
8,8,2
8,9,1
8,10,1
8,11,1
8,12,1
8,13,1
8,14,3
8,15,3
8,16,3
8,17,3
8,18,3
8,19,3
8,20,3
8,21,4
8,22,4
8,23,1
8,24,1
8,25,4
8,26,4
8,27,3
8,28,3
8,29,3
8,30,3
9,0,2
9,1,2
9,2,2
9,3,2
9,4,2
9,5,2
9,6,2
9,7,2
9,8,1
9,9,1
9,10,1
9,11,1
9,12,1
9,13,3
9,14,3
9,15,3
9,16,3
9,17,3
9,18,3
9,19,3
9,20,4
9,21,4
9,22,4
9,23,4
9,24,4
9,25,4
9,26,4
9,27,4
9,28,4
9,29,3
9,30,3
10,0,2
10,1,2
10,2,2
10,3,2
10,4,2
10,5,1
10,6,1
10,7,1
10,8,1
10,9,1
10,10,1
10,11,4
10,12,4
10,13,3
10,14,3
10,15,3
10,16,3
10,17,3
10,18,3
10,19,3
10,20,4
10,21,4
10,22,4
10,23,4
10,24,4
10,25,4
10,26,4
10,27,4
10,28,4
10,29,4
10,30,4
11,0,4
11,1,4
11,2,2
11,3,2
11,4,1
11,5,1
11,6,1
11,7,1
11,8,1
11,9,1
11,10,4
11,11,4
11,12,4
11,13,4
11,14,3
11,15,3
11,16,3
11,17,3
11,18,3
11,19,3
11,20,4
11,21,4
11,22,4
11,23,4
11,24,4
11,25,4
11,26,4
11,27,4
11,28,4
11,29,4
11,30,4
12,0,4
12,1,4
12,2,4
12,3,1
12,4,1
12,5,1
12,6,1
12,7,1
12,8,1
12,9,1
12,10,4
12,11,4
12,12,4
12,13,4
12,14,3
12,15,3
12,16,3
12,17,3
12,18,3
12,19,3
12,20,3
12,21,4
12,22,4
12,23,4
12,24,4
12,25,4
12,26,4
12,27,3
12,28,3
12,29,4
12,30,4
13,0,4
13,1,4
13,2,4
13,3,1
13,4,1
13,5,1
13,6,1
13,7,1
13,8,1
13,9,1
13,10,1
13,11,4
13,12,4
13,13,3
13,14,3
13,15,3
13,16,3
13,17,3
13,18,3
13,19,3
13,20,3
13,21,3
13,22,3
13,23,3
13,24,3
13,25,3
13,26,3
13,27,3
13,28,3
13,29,3
13,30,3
14,0,4
14,1,4
14,2,1
14,3,1
14,4,1
14,5,1
14,6,1
14,7,1
14,8,1
14,9,1
14,10,1
14,11,2
14,12,2
14,13,3
14,14,3
14,15,3
14,16,3
14,17,3
14,18,3
14,19,3
14,20,3
14,21,3
14,22,3
14,23,3
14,24,3
14,25,3
14,26,3
14,27,3
14,28,3
14,29,3
14,30,3
15,0,1
15,1,1
15,2,1
15,3,1
15,4,1
15,5,1
15,6,1
15,7,1
15,8,1
15,9,1
15,10,2
15,11,2
15,12,2
15,13,2
15,14,3
15,15,3
15,16,1
15,17,1
15,18,3
15,19,3
15,20,4
15,21,4
15,22,4
15,23,4
15,24,4
15,25,4
15,26,4
15,27,4
15,28,4
15,29,4
15,30,4
16,0,1
16,1,1
16,2,1
16,3,1
16,4,1
16,5,1
16,6,1
16,7,1
16,8,1
16,9,1
16,10,2
16,11,2
16,12,2
16,13,2
16,14,2
16,15,1
16,16,1
16,17,1
16,18,1
16,19,4
16,20,4
16,21,4
16,22,4
16,23,4
16,24,4
16,25,4
16,26,4
16,27,4
16,28,4
16,29,4
16,30,4
17,0,2
17,1,2
17,2,2
17,3,2
17,4,2
17,5,2
17,6,1
17,7,1
17,8,1
17,9,2
17,10,2
17,11,2
17,12,2
17,13,2
17,14,2
17,15,1
17,16,1
17,17,1
17,18,1
17,19,4
17,20,4
17,21,4
17,22,1
17,23,1
17,24,1
17,25,1
17,26,4
17,27,4
17,28,4
17,29,4
17,30,4
18,0,2
18,1,2
18,2,2
18,3,2
18,4,2
18,5,2
18,6,2
18,7,2
18,8,2
18,9,2
18,10,2
18,11,2
18,12,2
18,13,2
18,14,4
18,15,4
18,16,1
18,17,1
18,18,4
18,19,4
18,20,4
18,21,1
18,22,1
18,23,1
18,24,1
18,25,1
18,26,1
18,27,4
18,28,4
18,29,1
18,30,1
19,0,4
19,1,4
19,2,4
19,3,4
19,4,2
19,5,2
19,6,2
19,7,2
19,8,2
19,9,2
19,10,2
19,11,4
19,12,4
19,13,4
19,14,4
19,15,4
19,16,4
19,17,4
19,18,4
19,19,4
19,20,4
19,21,1
19,22,1
19,23,1
19,24,1
19,25,1
19,26,1
19,27,1
19,28,1
19,29,1
19,30,1
20,0,4
20,1,4
20,2,4
20,3,4
20,4,4
20,5,2
20,6,2
20,7,2
20,8,2
20,9,2
20,10,4
20,11,4
20,12,4
20,13,4
20,14,4
20,15,4
20,16,4
20,17,4
20,18,4
20,19,4
20,20,2
20,21,2
20,22,1
20,23,1
20,24,1
20,25,1
20,26,1
20,27,1
20,28,1
20,29,1
20,30,1
21,0,4
21,1,4
21,2,4
21,3,4
21,4,4
21,5,2
21,6,2
21,7,2
21,8,2
21,9,2
21,10,4
21,11,4
21,12,4
21,13,4
21,14,2
21,15,2
21,16,2
21,17,2
21,18,2
21,19,2
21,20,2
21,21,2
21,22,2
21,23,1
21,24,1
21,25,3
21,26,3
21,27,1
21,28,1
21,29,1
21,30,1
22,0,2
22,1,2
22,2,4
22,3,4
22,4,2
22,5,2
22,6,2
22,7,2
22,8,2
22,9,2
22,10,2
22,11,4
22,12,4
22,13,2
22,14,2
22,15,2
22,16,2
22,17,2
22,18,2
22,19,2
22,20,2
22,21,2
22,22,2
22,23,2
22,24,3
22,25,3
22,26,3
22,27,3
22,28,1
22,29,1
22,30,1
23,0,2
23,1,2
23,2,2
23,3,2
23,4,2
23,5,2
23,6,2
23,7,2
23,8,2
23,9,2
23,10,2
23,11,4
23,12,4
23,13,2
23,14,2
23,15,2
23,16,2
23,17,4
23,18,4
23,19,2
23,20,2
23,21,2
23,22,2
23,23,2
23,24,3
23,25,3
23,26,3
23,27,3
23,28,3
23,29,3
23,30,3
24,0,2
24,1,2
24,2,2
24,3,2
24,4,2
24,5,2
24,6,2
24,7,2
24,8,2
24,9,2
24,10,4
24,11,4
24,12,4
24,13,4
24,14,2
24,15,2
24,16,4
24,17,4
24,18,4
24,19,4
24,20,2
24,21,2
24,22,2
24,23,1
24,24,1
24,25,3
24,26,3
24,27,3
24,28,3
24,29,3
24,30,3
25,0,3
25,1,3
25,2,3
25,3,3
25,4,3
25,5,3
25,6,2
25,7,2
25,8,1
25,9,1
25,10,4
25,11,4
25,12,4
25,13,4
25,14,1
25,15,1
25,16,4
25,17,4
25,18,4
25,19,4
25,20,1
25,21,1
25,22,1
25,23,1
25,24,1
25,25,1
25,26,1
25,27,1
25,28,1
25,29,1
25,30,1
26,0,3
26,1,3
26,2,3
26,3,3
26,4,3
26,5,3
26,6,3
26,7,1
26,8,1
26,9,1
26,10,1
26,11,4
26,12,4
26,13,1
26,14,1
26,15,1
26,16,1
26,17,4
26,18,4
26,19,1
26,20,1
26,21,1
26,22,1
26,23,1
26,24,1
26,25,1
26,26,1
26,27,1
26,28,1
26,29,1
26,30,1
27,0,4
27,1,4
27,2,4
27,3,4
27,4,3
27,5,3
27,6,3
27,7,1
27,8,1
27,9,1
27,10,1
27,11,1
27,12,1
27,13,1
27,14,1
27,15,1
27,16,1
27,17,4
27,18,4
27,19,1
27,20,1
27,21,1
27,22,1
27,23,3
27,24,3
27,25,3
27,26,3
27,27,1
27,28,1
27,29,4
27,30,4
28,0,4
28,1,4
28,2,4
28,3,4
28,4,4
28,5,3
28,6,3
28,7,1
28,8,1
28,9,1
28,10,1
28,11,1
28,12,1
28,13,1
28,14,1
28,15,1
28,16,4
28,17,4
28,18,4
28,19,4
28,20,1
28,21,1
28,22,3
28,23,3
28,24,3
28,25,3
28,26,3
28,27,3
28,28,4
28,29,4
28,30,4
29,0,4
29,1,4
29,2,4
29,3,4
29,4,4
29,5,3
29,6,3
29,7,1
29,8,1
29,9,1
29,10,1
29,11,1
29,12,1
29,13,1
29,14,1
29,15,4
29,16,4
29,17,4
29,18,4
29,19,4
29,20,4
29,21,3
29,22,3
29,23,3
29,24,3
29,25,3
29,26,3
29,27,3
29,28,4
29,29,4
29,30,4
30,0,4
30,1,4
30,2,4
30,3,4
30,4,4
30,5,3
30,6,3
30,7,1
30,8,1
30,9,1
30,10,1
30,11,1
30,12,1
30,13,1
30,14,1
30,15,4
30,16,4
30,17,4
30,18,4
30,19,4
30,20,4
30,21,3
30,22,3
30,23,3
30,24,3
30,25,3
30,26,3
30,27,3
30,28,4
30,29,4
30,30,4