4
5
5
0
7,2
7,17
22,2
22,17
0,2,4
0,1,3
0,3,2
2,3,1
1,3,2
0,0,4
0,1,4
0,2,4
0,3,4
0,4,4
0,5,4
0,6,4
0,7,4
0,8,4
0,9,4
0,10,3
0,11,3
0,12,3
0,13,3
0,14,3
0,15,3
0,16,3
0,17,3
0,18,3
0,19,1
0,20,1
0,21,1
0,22,1
0,23,4
0,24,4
0,25,4
0,26,4
0,27,2
0,28,2
0,29,4
0,30,4
1,0,4
1,1,4
1,2,4
1,3,4
1,4,4
1,5,4
1,6,4
1,7,4
1,8,4
1,9,4
1,10,3
1,11,3
1,12,3
1,13,3
1,14,3
1,15,3
1,16,3
1,17,3
1,18,3
1,19,1
1,20,1
1,21,1
1,22,1
1,23,4
1,24,4
1,25,4
1,26,4
1,27,2
1,28,2
1,29,4
1,30,4
2,0,4
2,1,4
2,2,4
2,3,4
2,4,4
2,5,4
2,6,4
2,7,4
2,8,4
2,9,4
2,10,4
2,11,3
2,12,3
2,13,3
2,14,3
2,15,3
2,16,3
2,17,3
2,18,3
2,19,3
2,20,1
2,21,1
2,22,3
2,23,3
2,24,4
2,25,4
2,26,2
2,27,2
2,28,2
2,29,4
2,30,4
3,0,4
3,1,4
3,2,4
3,3,4
3,4,4
3,5,4
3,6,4
3,7,4
3,8,4
3,9,4
3,10,4
3,11,4
3,12,3
3,13,3
3,14,3
3,15,3
3,16,3
3,17,3
3,18,3
3,19,3
3,20,3
3,21,3
3,22,3
3,23,3
3,24,3
3,25,3
3,26,2
3,27,2
3,28,2
3,29,4
3,30,4
4,0,4
4,1,4
4,2,4
4,3,4
4,4,4
4,5,4
4,6,2
4,7,2
4,8,4
4,9,4
4,10,4
4,11,4
4,12,2
4,13,2
4,14,3
4,15,3
4,16,4
4,17,4
4,18,3
4,19,3
4,20,3
4,21,3
4,22,3
4,23,3
4,24,3
4,25,3
4,26,3
4,27,2
4,28,2
4,29,4
4,30,4
5,0,4
5,1,4
5,2,4
5,3,4
5,4,4
5,5,2
5,6,2
5,7,2
5,8,2
5,9,4
5,10,4
5,11,2
5,12,2
5,13,2
5,14,2
5,15,4
5,16,4
5,17,4
5,18,4
5,19,4
5,20,3
5,21,3
5,22,2
5,23,2
5,24,3
5,25,3
5,26,3
5,27,2
5,28,2
5,29,4
5,30,4
6,0,4
6,1,4
6,2,4
6,3,4
6,4,4
6,5,2
6,6,2
6,7,2
6,8,2
6,9,4
6,10,4
6,11,2
6,12,2
6,13,2
6,14,2
6,15,4
6,16,4
6,17,4
6,18,4
6,19,4
6,20,4
6,21,2
6,22,2
6,23,2
6,24,2
6,25,3
6,26,3
6,27,2
6,28,2
6,29,4
6,30,4
7,0,4
7,1,4
7,2,4
7,3,4
7,4,4
7,5,4
7,6,2
7,7,2
7,8,4
7,9,4
7,10,4
7,11,2
7,12,2
7,13,2
7,14,2
7,15,4
7,16,4
7,17,4
7,18,4
7,19,4
7,20,4
7,21,2
7,22,2
7,23,2
7,24,2
7,25,3
7,26,3
7,27,2
7,28,2
7,29,4
7,30,4
8,0,4
8,1,4
8,2,4
8,3,4
8,4,4
8,5,4
8,6,1
8,7,1
8,8,4
8,9,4
8,10,4
8,11,4
8,12,2
8,13,2
8,14,4
8,15,4
8,16,4
8,17,4
8,18,4
8,19,4
8,20,4
8,21,4
8,22,2
8,23,2
8,24,3
8,25,3
8,26,3
8,27,2
8,28,2
8,29,4
8,30,4
9,0,4
9,1,4
9,2,4
9,3,4
9,4,4
9,5,1
9,6,1
9,7,1
9,8,1
9,9,4
9,10,4
9,11,4
9,12,4
9,13,4
9,14,4
9,15,4
9,16,4
9,17,4
9,18,4
9,19,4
9,20,4
9,21,4
9,22,4
9,23,3
9,24,3
9,25,3
9,26,3
9,27,2
9,28,2
9,29,4
9,30,4
10,0,4
10,1,4
10,2,4
10,3,4
10,4,4
10,5,1
10,6,1
10,7,1
10,8,1
10,9,1
10,10,4
10,11,4
10,12,4
10,13,4
10,14,4
10,15,4
10,16,4
10,17,4
10,18,4
10,19,4
10,20,4
10,21,4
10,22,4
10,23,3
10,24,3
10,25,3
10,26,3
10,27,2
10,28,2
10,29,4
10,30,4
11,0,4
11,1,4
11,2,4
11,3,4
11,4,4
11,5,4
11,6,1
11,7,1
11,8,1
11,9,1
11,10,1
11,11,4
11,12,4
11,13,2
11,14,2
11,15,4
11,16,4
11,17,4
11,18,4
11,19,4
11,20,4
11,21,4
11,22,2
11,23,2
11,24,3
11,25,3
11,26,2
11,27,2
11,28,2
11,29,4
11,30,4
12,0,4
12,1,4
12,2,4
12,3,4
12,4,4
12,5,4
12,6,1
12,7,1
12,8,1
12,9,1
12,10,1
12,11,1
12,12,2
12,13,2
12,14,2
12,15,2
12,16,2
12,17,4
12,18,4
12,19,4
12,20,4
12,21,2
12,22,2
12,23,2
12,24,2
12,25,2
12,26,2
12,27,2
12,28,2
12,29,4
12,30,4
13,0,2
13,1,2
13,2,2
13,3,4
13,4,4
13,5,3
13,6,3
13,7,1
13,8,1
13,9,1
13,10,1
13,11,1
13,12,2
13,13,2
13,14,2
13,15,2
13,16,2
13,17,2
13,18,4
13,19,4
13,20,2
13,21,2
13,22,2
13,23,2
13,24,2
13,25,2
13,26,2
13,27,2
13,28,4
13,29,4
13,30,4
14,0,2
14,1,2
14,2,2
14,3,2
14,4,3
14,5,3
14,6,3
14,7,3
14,8,3
14,9,1
14,10,1
14,11,3
14,12,3
14,13,2
14,14,2
14,15,2
14,16,2
14,17,2
14,18,4
14,19,4
14,20,2
14,21,2
14,22,2
14,23,2
14,24,2
14,25,2
14,26,4
14,27,4
14,28,4
14,29,4
14,30,4
15,0,2
15,1,2
15,2,2
15,3,2
15,4,3
15,5,3
15,6,3
15,7,3
15,8,3
15,9,3
15,10,3
15,11,3
15,12,3
15,13,3
15,14,2
15,15,2
15,16,2
15,17,4
15,18,4
15,19,4
15,20,4
15,21,2
15,22,2
15,23,2
15,24,2
15,25,4
15,26,4
15,27,4
15,28,4
15,29,4
15,30,4
16,0,2
16,1,2
16,2,2
16,3,1
16,4,1
16,5,3
16,6,3
16,7,3
16,8,3
16,9,3
16,10,3
16,11,3
16,12,3
16,13,3
16,14,3
16,15,2
16,16,2
16,17,4
16,18,4
16,19,4
16,20,4
16,21,4
16,22,4
16,23,4
16,24,4
16,25,4
16,26,4
16,27,4
16,28,4
16,29,4
16,30,4
17,0,1
17,1,1
17,2,1
17,3,1
17,4,1
17,5,1
17,6,3
17,7,3
17,8,4
17,9,4
17,10,3
17,11,3
17,12,3
17,13,3
17,14,3
17,15,2
17,16,2
17,17,4
17,18,4
17,19,4
17,20,4
17,21,4
17,22,4
17,23,4
17,24,4
17,25,4
17,26,4
17,27,4
17,28,1
17,29,1
17,30,1
18,0,1
18,1,1
18,2,1
18,3,1
18,4,1
18,5,1
18,6,1
18,7,4
18,8,4
18,9,4
18,10,4
18,11,3
18,12,3
18,13,3
18,14,2
18,15,2
18,16,2
18,17,2
18,18,4
18,19,4
18,20,4
18,21,4
18,22,4
18,23,4
18,24,4
18,25,4
18,26,4
18,27,1
18,28,1
18,29,1
18,30,1
19,0,3
19,1,3
19,2,3
19,3,3
19,4,1
19,5,1
19,6,1
19,7,4
19,8,4
19,9,4
19,10,4
19,11,1
19,12,1
19,13,1
19,14,2
19,15,2
19,16,2
19,17,2
19,18,2
19,19,4
19,20,4
19,21,4
19,22,4
19,23,4
19,24,4
19,25,2
19,26,2
19,27,1
19,28,1
19,29,1
19,30,1
20,0,3
20,1,3
20,2,3
20,3,3
20,4,3
20,5,1
20,6,1
20,7,1
20,8,4
20,9,4
20,10,1
20,11,1
20,12,1
20,13,1
20,14,1
20,15,2
20,16,2
20,17,2
20,18,2
20,19,2
20,20,4
20,21,4
20,22,4
20,23,4
20,24,2
20,25,2
20,26,2
20,27,2
20,28,1
20,29,1
20,30,1
21,0,3
21,1,3
21,2,3
21,3,3
21,4,3
21,5,1
21,6,1
21,7,1
21,8,3
21,9,3
21,10,1
21,11,1
21,12,1
21,13,1
21,14,1
21,15,2
21,16,2
21,17,2
21,18,2
21,19,2
21,20,4
21,21,4
21,22,4
21,23,4
21,24,2
21,25,2
21,26,2
21,27,2
21,28,3
21,29,3
21,30,3
22,0,3
22,1,3
22,2,3
22,3,3
22,4,3
22,5,1
22,6,1
22,7,3
22,8,3
22,9,3
22,10,3
22,11,1
22,12,1
22,13,1
22,14,2
22,15,2
22,16,2
22,17,2
22,18,2
22,19,2
22,20,2
22,21,4
22,22,4
22,23,3
22,24,3
22,25,2
22,26,2
22,27,3
22,28,3
22,29,3
22,30,3
23,0,3
23,1,3
23,2,3
23,3,3
23,4,3
23,5,1
23,6,1
23,7,3
23,8,3
23,9,3
23,10,3
23,11,4
23,12,4
23,13,4
23,14,2
23,15,2
23,16,2
23,17,2
23,18,2
23,19,2
23,20,2
23,21,3
23,22,3
23,23,3
23,24,3
23,25,3
23,26,3
23,27,3
23,28,3
23,29,3
23,30,3
24,0,3
24,1,3
24,2,3
24,3,3
24,4,3
24,5,1
24,6,1
24,7,3
24,8,3
24,9,3
24,10,4
24,11,4
24,12,4
24,13,4
24,14,4
24,15,2
24,16,2
24,17,2
24,18,2
24,19,2
24,20,3
24,21,3
24,22,3
24,23,3
24,24,3
24,25,3
24,26,3
24,27,3
24,28,3
24,29,4
24,30,4
25,0,3
25,1,3
25,2,3
25,3,3
25,4,1
25,5,1
25,6,1
25,7,1
25,8,3
25,9,3
25,10,4
25,11,4
25,12,4
25,13,4
25,14,4
25,15,3
25,16,3
25,17,3
25,18,3
25,19,3
25,20,3
25,21,3
25,22,3
25,23,2
25,24,2
25,25,2
25,26,3
25,27,3
25,28,4
25,29,4
25,30,4
26,0,3
26,1,3
26,2,4
26,3,4
26,4,1
26,5,1
26,6,1
26,7,1
26,8,3
26,9,3
26,10,4
26,11,4
26,12,4
26,13,4
26,14,3
26,15,3
26,16,3
26,17,3
26,18,3
26,19,3
26,20,3
26,21,3
26,22,2
26,23,2
26,24,2
26,25,2
26,26,2
26,27,4
26,28,4
26,29,4
26,30,4
27,0,4
27,1,4
27,2,4
27,3,4
27,4,4
27,5,1
27,6,1
27,7,3
27,8,3
27,9,3
27,10,4
27,11,4
27,12,4
27,13,4
27,14,3
27,15,3
27,16,3
27,17,3
27,18,1
27,19,1
27,20,1
27,21,1
27,22,2
27,23,2
27,24,2
27,25,2
27,26,2
27,27,4
27,28,4
27,29,4
27,30,4
28,0,4
28,1,4
28,2,4
28,3,4
28,4,4
28,5,2
28,6,2
28,7,3
28,8,3
28,9,3
28,10,4
28,11,4
28,12,4
28,13,3
28,14,3
28,15,3
28,16,3
28,17,1
28,18,1
28,19,1
28,20,1
28,21,1
28,22,1
28,23,2
28,24,2
28,25,2
28,26,2
28,27,2
28,28,4
28,29,4
28,30,4
29,0,4
29,1,4
29,2,4
29,3,4
29,4,2
29,5,2
29,6,2
29,7,2
29,8,3
29,9,3
29,10,4
29,11,4
29,12,3
29,13,3
29,14,3
29,15,3
29,16,3
29,17,1
29,18,1
29,19,1
29,20,1
29,21,1
29,22,1
29,23,1
29,24,2
29,25,2
29,26,2
29,27,2
29,28,2
29,29,4
29,30,4
30,0,4
30,1,4
30,2,4
30,3,4
30,4,2
30,5,2
30,6,2
30,7,2
30,8,3
30,9,3
30,10,4
30,11,4
30,12,3
30,13,3
30,14,3
30,15,3
30,16,3
30,17,1
30,18,1
30,19,1
30,20,1
30,21,1
30,22,1
30,23,1
30,24,2
30,25,2
30,26,2
30,27,2
30,28,2
30,29,4
30,30,4