4
5
3
0
12,2
12,12
22,2
22,12
0,2,1
0,1,2
2,3,1
1,3,1
1,2,1
0,0,4
0,1,4
0,2,4
0,3,4
0,4,4
0,5,4
0,6,4
0,7,4
0,8,4
0,9,4
0,10,3
0,11,3
0,12,3
0,13,3
0,14,1
0,15,1
0,16,2
0,17,2
0,18,1
0,19,1
0,20,1
0,21,1
0,22,1
0,23,1
0,24,3
0,25,3
0,26,3
0,27,3
0,28,4
0,29,4
0,30,4
1,0,4
1,1,4
1,2,4
1,3,4
1,4,4
1,5,4
1,6,4
1,7,4
1,8,4
1,9,4
1,10,3
1,11,3
1,12,3
1,13,3
1,14,1
1,15,1
1,16,2
1,17,2
1,18,1
1,19,1
1,20,1
1,21,1
1,22,1
1,23,1
1,24,3
1,25,3
1,26,3
1,27,3
1,28,4
1,29,4
1,30,4
2,0,4
2,1,4
2,2,4
2,3,1
2,4,1
2,5,4
2,6,4
2,7,4
2,8,4
2,9,1
2,10,1
2,11,3
2,12,3
2,13,1
2,14,1
2,15,1
2,16,2
2,17,2
2,18,2
2,19,1
2,20,1
2,21,1
2,22,1
2,23,4
2,24,4
2,25,3
2,26,3
2,27,4
2,28,4
2,29,4
2,30,4
3,0,1
3,1,1
3,2,1
3,3,1
3,4,1
3,5,1
3,6,1
3,7,1
3,8,1
3,9,1
3,10,1
3,11,1
3,12,1
3,13,1
3,14,1
3,15,1
3,16,2
3,17,2
3,18,2
3,19,4
3,20,4
3,21,4
3,22,4
3,23,4
3,24,4
3,25,4
3,26,4
3,27,4
3,28,4
3,29,4
3,30,4
4,0,1
4,1,1
4,2,1
4,3,1
4,4,1
4,5,1
4,6,1
4,7,1
4,8,1
4,9,1
4,10,1
4,11,1
4,12,1
4,13,1
4,14,1
4,15,2
4,16,2
4,17,2
4,18,4
4,19,4
4,20,4
4,21,4
4,22,4
4,23,4
4,24,4
4,25,4
4,26,4
4,27,4
4,28,4
4,29,4
4,30,4
5,0,1
5,1,1
5,2,1
5,3,1
5,4,2
5,5,2
5,6,1
5,7,1
5,8,2
5,9,2
5,10,1
5,11,1
5,12,1
5,13,1
5,14,2
5,15,2
5,16,2
5,17,2
5,18,4
5,19,4
5,20,4
5,21,2
5,22,2
5,23,4
5,24,4
5,25,3
5,26,3
5,27,3
5,28,3
5,29,3
5,30,3
6,0,1
6,1,1
6,2,1
6,3,2
6,4,2
6,5,2
6,6,2
6,7,2
6,8,2
6,9,2
6,10,2
6,11,1
6,12,1
6,13,1
6,14,2
6,15,2
6,16,2
6,17,2
6,18,4
6,19,4
6,20,2
6,21,2
6,22,2
6,23,2
6,24,3
6,25,3
6,26,3
6,27,3
6,28,3
6,29,3
6,30,3
7,0,1
7,1,1
7,2,1
7,3,2
7,4,2
7,5,2
7,6,2
7,7,2
7,8,2
7,9,2
7,10,2
7,11,2
7,12,1
7,13,1
7,14,1
7,15,2
7,16,2
7,17,4
7,18,4
7,19,4
7,20,2
7,21,2
7,22,2
7,23,2
7,24,3
7,25,3
7,26,3
7,27,4
7,28,4
7,29,4
7,30,4
8,0,1
8,1,1
8,2,1
8,3,1
8,4,2
8,5,2
8,6,2
8,7,2
8,8,2
8,9,2
8,10,2
8,11,2
8,12,1
8,13,1
8,14,1
8,15,1
8,16,4
8,17,4
8,18,4
8,19,4
8,20,4
8,21,2
8,22,2
8,23,3
8,24,3
8,25,3
8,26,4
8,27,4
8,28,4
8,29,4
8,30,4
9,0,1
9,1,1
9,2,1
9,3,1
9,4,1
9,5,2
9,6,2
9,7,3
9,8,3
9,9,2
9,10,2
9,11,1
9,12,1
9,13,1
9,14,1
9,15,1
9,16,4
9,17,4
9,18,4
9,19,4
9,20,4
9,21,3
9,22,3
9,23,3
9,24,3
9,25,3
9,26,4
9,27,4
9,28,4
9,29,4
9,30,4
10,0,1
10,1,1
10,2,1
10,3,1
10,4,1
10,5,1
10,6,3
10,7,3
10,8,3
10,9,3
10,10,1
10,11,1
10,12,1
10,13,1
10,14,1
10,15,1
10,16,1
10,17,4
10,18,4
10,19,4
10,20,3
10,21,3
10,22,3
10,23,3
10,24,3
10,25,3
10,26,4
10,27,4
10,28,4
10,29,4
10,30,4
11,0,1
11,1,1
11,2,1
11,3,1
11,4,1
11,5,1
11,6,3
11,7,3
11,8,3
11,9,3
11,10,1
11,11,1
11,12,1
11,13,1
11,14,1
11,15,1
11,16,1
11,17,3
11,18,3
11,19,3
11,20,3
11,21,3
11,22,3
11,23,3
11,24,3
11,25,1
11,26,1
11,27,4
11,28,4
11,29,4
11,30,4
12,0,1
12,1,1
12,2,1
12,3,1
12,4,1
12,5,1
12,6,1
12,7,3
12,8,3
12,9,1
12,10,1
12,11,1
12,12,1
12,13,1
12,14,1
12,15,1
12,16,3
12,17,3
12,18,3
12,19,3
12,20,3
12,21,3
12,22,3
12,23,3
12,24,1
12,25,1
12,26,1
12,27,1
12,28,4
12,29,4
12,30,4
13,0,1
13,1,1
13,2,1
13,3,1
13,4,1
13,5,1
13,6,1
13,7,3
13,8,3
13,9,1
13,10,1
13,11,1
13,12,1
13,13,1
13,14,1
13,15,1
13,16,3
13,17,3
13,18,3
13,19,3
13,20,3
13,21,3
13,22,3
13,23,3
13,24,1
13,25,1
13,26,1
13,27,1
13,28,3
13,29,3
13,30,3
14,0,1
14,1,1
14,2,1
14,3,1
14,4,1
14,5,1
14,6,3
14,7,3
14,8,3
14,9,3
14,10,1
14,11,1
14,12,1
14,13,1
14,14,1
14,15,4
14,16,4
14,17,3
14,18,3
14,19,4
14,20,4
14,21,3
14,22,3
14,23,2
14,24,2
14,25,1
14,26,1
14,27,3
14,28,3
14,29,3
14,30,3
15,0,4
15,1,4
15,2,4
15,3,4
15,4,4
15,5,4
15,6,3
15,7,3
15,8,3
15,9,3
15,10,4
15,11,4
15,12,1
15,13,1
15,14,4
15,15,4
15,16,4
15,17,4
15,18,4
15,19,4
15,20,4
15,21,4
15,22,2
15,23,2
15,24,2
15,25,2
15,26,3
15,27,3
15,28,3
15,29,3
15,30,3
16,0,4
16,1,4
16,2,4
16,3,4
16,4,4
16,5,4
16,6,4
16,7,3
16,8,3
16,9,4
16,10,4
16,11,4
16,12,4
16,13,4
16,14,4
16,15,4
16,16,4
16,17,4
16,18,4
16,19,4
16,20,4
16,21,4
16,22,2
16,23,2
16,24,2
16,25,2
16,26,3
16,27,3
16,28,3
16,29,3
16,30,3
17,0,4
17,1,4
17,2,4
17,3,4
17,4,4
17,5,4
17,6,4
17,7,2
17,8,2
17,9,4
17,10,4
17,11,4
17,12,4
17,13,4
17,14,4
17,15,4
17,16,4
17,17,4
17,18,4
17,19,4
17,20,4
17,21,4
17,22,2
17,23,2
17,24,2
17,25,2
17,26,3
17,27,3
17,28,3
17,29,3
17,30,3
18,0,4
18,1,4
18,2,4
18,3,4
18,4,4
18,5,4
18,6,2
18,7,2
18,8,2
18,9,2
18,10,4
18,11,4
18,12,4
18,13,4
18,14,4
18,15,4
18,16,1
18,17,1
18,18,4
18,19,4
18,20,4
18,21,1
18,22,1
18,23,2
18,24,2
18,25,1
18,26,1
18,27,3
18,28,3
18,29,3
18,30,3
19,0,4
19,1,4
19,2,4
19,3,4
19,4,4
19,5,4
19,6,2
19,7,2
19,8,2
19,9,2
19,10,1
19,11,1
19,12,1
19,13,4
19,14,4
19,15,1
19,16,1
19,17,1
19,18,1
19,19,1
19,20,1
19,21,1
19,22,1
19,23,1
19,24,1
19,25,1
19,26,1
19,27,1
19,28,3
19,29,3
19,30,3
20,0,4
20,1,4
20,2,4
20,3,4
20,4,4
20,5,4
20,6,4
20,7,2
20,8,2
20,9,1
20,10,1
20,11,1
20,12,1
20,13,1
20,14,1
20,15,1
20,16,1
20,17,1
20,18,1
20,19,1
20,20,1
20,21,1
20,22,1
20,23,1
20,24,1
20,25,1
20,26,1
20,27,1
20,28,3
20,29,3
20,30,3
21,0,4
21,1,4
21,2,4
21,3,4
21,4,4
21,5,4
21,6,4
21,7,4
21,8,1
21,9,1
21,10,1
21,11,1
21,12,1
21,13,1
21,14,1
21,15,1
21,16,1
21,17,2
21,18,2
21,19,2
21,20,2
21,21,2
21,22,2
21,23,2
21,24,1
21,25,1
21,26,1
21,27,1
21,28,3
21,29,3
21,30,3
22,0,4
22,1,4
22,2,4
22,3,4
22,4,4
22,5,4
22,6,4
22,7,4
22,8,1
22,9,1
22,10,1
22,11,1
22,12,1
22,13,1
22,14,1
22,15,1
22,16,2
22,17,2
22,18,2
22,19,2
22,20,2
22,21,2
22,22,2
22,23,2
22,24,2
22,25,1
22,26,1
22,27,1
22,28,1
22,29,3
22,30,3
23,0,4
23,1,4
23,2,4
23,3,4
23,4,4
23,5,4
23,6,4
23,7,4
23,8,1
23,9,1
23,10,1
23,11,1
23,12,1
23,13,1
23,14,1
23,15,1
23,16,2
23,17,2
23,18,2
23,19,3
23,20,3
23,21,2
23,22,2
23,23,2
23,24,2
23,25,1
23,26,1
23,27,1
23,28,1
23,29,4
23,30,4
24,0,4
24,1,4
24,2,4
24,3,4
24,4,4
24,5,4
24,6,4
24,7,4
24,8,1
24,9,1
24,10,1
24,11,1
24,12,1
24,13,1
24,14,1
24,15,1
24,16,2
24,17,2
24,18,3
24,19,3
24,20,3
24,21,3
24,22,2
24,23,2
24,24,4
24,25,4
24,26,1
24,27,1
24,28,4
24,29,4
24,30,4
25,0,2
25,1,2
25,2,4
25,3,4
25,4,4
25,5,4
25,6,4
25,7,4
25,8,1
25,9,1
25,10,1
25,11,1
25,12,1
25,13,1
25,14,1
25,15,2
25,16,2
25,17,2
25,18,3
25,19,3
25,20,3
25,21,3
25,22,4
25,23,4
25,24,4
25,25,4
25,26,4
25,27,4
25,28,4
25,29,4
25,30,4
26,0,2
26,1,2
26,2,2
26,3,4
26,4,4
26,5,4
26,6,4
26,7,1
26,8,1
26,9,1
26,10,1
26,11,1
26,12,3
26,13,3
26,14,3
26,15,2
26,16,2
26,17,2
26,18,3
26,19,3
26,20,3
26,21,4
26,22,4
26,23,4
26,24,4
26,25,4
26,26,4
26,27,4
26,28,4
26,29,4
26,30,4
27,0,2
27,1,2
27,2,2
27,3,4
27,4,4
27,5,4
27,6,4
27,7,1
27,8,1
27,9,1
27,10,1
27,11,3
27,12,3
27,13,3
27,14,3
27,15,3
27,16,2
27,17,2
27,18,3
27,19,3
27,20,4
27,21,4
27,22,4
27,23,4
27,24,4
27,25,4
27,26,4
27,27,4
27,28,4
27,29,4
27,30,4
28,0,2
28,1,2
28,2,4
28,3,4
28,4,4
28,5,4
28,6,2
28,7,2
28,8,1
28,9,1
28,10,1
28,11,3
28,12,3
28,13,3
28,14,3
28,15,3
28,16,2
28,17,2
28,18,3
28,19,3
28,20,4
28,21,4
28,22,4
28,23,2
28,24,2
28,25,4
28,26,4
28,27,3
28,28,3
28,29,4
28,30,4
29,0,4
29,1,4
29,2,4
29,3,4
29,4,4
29,5,2
29,6,2
29,7,2
29,8,2
29,9,1
29,10,1
29,11,3
29,12,3
29,13,3
29,14,3
29,15,2
29,16,2
29,17,2
29,18,3
29,19,3
29,20,4
29,21,4
29,22,2
29,23,2
29,24,2
29,25,2
29,26,3
29,27,3
29,28,3
29,29,3
29,30,3
30,0,4
30,1,4
30,2,4
30,3,4
30,4,4
30,5,2
30,6,2
30,7,2
30,8,2
30,9,1
30,10,1
30,11,3
30,12,3
30,13,3
30,14,3
30,15,2
30,16,2
30,17,2
30,18,3
30,19,3
30,20,4
30,21,4
30,22,2
30,23,2
30,24,2
30,25,2
30,26,3
30,27,3
30,28,3
30,29,3
30,30,3