4
5
5
3
7,7
7,22
22,7
22,22
0,3,1
1,3,3
2,3,1
0,1,3
0,2,2
0,0,4
0,1,4
0,2,4
0,3,4
0,4,4
0,5,4
0,6,4
0,7,4
0,8,1
0,9,1
0,10,1
0,11,2
0,12,2
0,13,2
0,14,2
0,15,3
0,16,3
0,17,4
0,18,4
0,19,4
0,20,2
0,21,2
0,22,2
0,23,2
0,24,4
0,25,4
0,26,4
0,27,4
0,28,4
0,29,4
0,30,4
1,0,4
1,1,4
1,2,4
1,3,4
1,4,4
1,5,4
1,6,4
1,7,4
1,8,1
1,9,1
1,10,1
1,11,2
1,12,2
1,13,2
1,14,2
1,15,3
1,16,3
1,17,4
1,18,4
1,19,4
1,20,2
1,21,2
1,22,2
1,23,2
1,24,4
1,25,4
1,26,4
1,27,4
1,28,4
1,29,4
1,30,4
2,0,4
2,1,4
2,2,4
2,3,4
2,4,4
2,5,4
2,6,4
2,7,1
2,8,1
2,9,1
2,10,1
2,11,1
2,12,2
2,13,2
2,14,3
2,15,3
2,16,3
2,17,4
2,18,4
2,19,4
2,20,4
2,21,2
2,22,2
2,23,4
2,24,4
2,25,4
2,26,4
2,27,4
2,28,4
2,29,4
2,30,4
3,0,4
3,1,4
3,2,4
3,3,1
3,4,1
3,5,1
3,6,1
3,7,1
3,8,1
3,9,1
3,10,1
3,11,1
3,12,4
3,13,4
3,14,3
3,15,3
3,16,3
3,17,4
3,18,4
3,19,4
3,20,4
3,21,1
3,22,1
3,23,4
3,24,4
3,25,4
3,26,4
3,27,4
3,28,4
3,29,3
3,30,3
4,0,4
4,1,4
4,2,1
4,3,1
4,4,1
4,5,1
4,6,1
4,7,1
4,8,1
4,9,1
4,10,1
4,11,4
4,12,4
4,13,4
4,14,4
4,15,3
4,16,3
4,17,4
4,18,4
4,19,4
4,20,1
4,21,1
4,22,1
4,23,1
4,24,4
4,25,4
4,26,4
4,27,4
4,28,3
4,29,3
4,30,3
5,0,4
5,1,4
5,2,1
5,3,1
5,4,1
5,5,4
5,6,4
5,7,4
5,8,4
5,9,4
5,10,4
5,11,4
5,12,4
5,13,4
5,14,4
5,15,3
5,16,3
5,17,4
5,18,4
5,19,4
5,20,1
5,21,1
5,22,1
5,23,1
5,24,1
5,25,4
5,26,4
5,27,4
5,28,3
5,29,3
5,30,3
6,0,4
6,1,4
6,2,1
6,3,1
6,4,4
6,5,4
6,6,4
6,7,4
6,8,4
6,9,4
6,10,4
6,11,4
6,12,4
6,13,4
6,14,4
6,15,3
6,16,3
6,17,4
6,18,4
6,19,4
6,20,1
6,21,1
6,22,1
6,23,1
6,24,1
6,25,4
6,26,4
6,27,4
6,28,3
6,29,3
6,30,3
7,0,4
7,1,4
7,2,1
7,3,1
7,4,4
7,5,4
7,6,4
7,7,4
7,8,4
7,9,4
7,10,4
7,11,4
7,12,4
7,13,4
7,14,3
7,15,3
7,16,3
7,17,4
7,18,4
7,19,4
7,20,1
7,21,1
7,22,1
7,23,1
7,24,1
7,25,1
7,26,4
7,27,4
7,28,4
7,29,3
7,30,3
8,0,4
8,1,4
8,2,1
8,3,1
8,4,4
8,5,4
8,6,4
8,7,4
8,8,4
8,9,4
8,10,4
8,11,4
8,12,4
8,13,4
8,14,3
8,15,3
8,16,3
8,17,4
8,18,4
8,19,4
8,20,1
8,21,1
8,22,1
8,23,1
8,24,1
8,25,1
8,26,4
8,27,4
8,28,4
8,29,4
8,30,4
9,0,4
9,1,4
9,2,1
9,3,1
9,4,1
9,5,4
9,6,4
9,7,4
9,8,4
9,9,4
9,10,4
9,11,4
9,12,4
9,13,4
9,14,3
9,15,3
9,16,4
9,17,4
9,18,4
9,19,4
9,20,1
9,21,1
9,22,1
9,23,1
9,24,1
9,25,3
9,26,3
9,27,4
9,28,4
9,29,4
9,30,4
10,0,4
10,1,4
10,2,1
10,3,1
10,4,1
10,5,1
10,6,4
10,7,4
10,8,4
10,9,4
10,10,4
10,11,4
10,12,4
10,13,3
10,14,3
10,15,3
10,16,4
10,17,4
10,18,4
10,19,3
10,20,3
10,21,1
10,22,1
10,23,1
10,24,3
10,25,3
10,26,3
10,27,3
10,28,3
10,29,4
10,30,4
11,0,4
11,1,4
11,2,1
11,3,1
11,4,1
11,5,1
11,6,4
11,7,4
11,8,4
11,9,3
11,10,3
11,11,3
11,12,3
11,13,3
11,14,3
11,15,3
11,16,4
11,17,4
11,18,3
11,19,3
11,20,3
11,21,3
11,22,3
11,23,3
11,24,3
11,25,3
11,26,3
11,27,3
11,28,3
11,29,3
11,30,3
12,0,4
12,1,4
12,2,4
12,3,1
12,4,1
12,5,4
12,6,4
12,7,4
12,8,3
12,9,3
12,10,3
12,11,3
12,12,3
12,13,3
12,14,3
12,15,4
12,16,4
12,17,4
12,18,3
12,19,3
12,20,3
12,21,3
12,22,3
12,23,3
12,24,3
12,25,3
12,26,3
12,27,3
12,28,3
12,29,3
12,30,3
13,0,4
13,1,4
13,2,4
13,3,4
13,4,4
13,5,4
13,6,4
13,7,4
13,8,3
13,9,3
13,10,3
13,11,1
13,12,1
13,13,1
13,14,1
13,15,4
13,16,4
13,17,4
13,18,4
13,19,3
13,20,3
13,21,3
13,22,4
13,23,4
13,24,3
13,25,3
13,26,1
13,27,1
13,28,3
13,29,3
13,30,3
14,0,4
14,1,4
14,2,4
14,3,4
14,4,4
14,5,4
14,6,4
14,7,3
14,8,3
14,9,3
14,10,1
14,11,1
14,12,1
14,13,1
14,14,1
14,15,1
14,16,4
14,17,4
14,18,4
14,19,3
14,20,3
14,21,4
14,22,4
14,23,4
14,24,4
14,25,1
14,26,1
14,27,1
14,28,1
14,29,3
14,30,3
15,0,4
15,1,4
15,2,3
15,3,3
15,4,3
15,5,3
15,6,3
15,7,3
15,8,3
15,9,3
15,10,1
15,11,1
15,12,1
15,13,1
15,14,1
15,15,1
15,16,4
15,17,4
15,18,3
15,19,3
15,20,3
15,21,4
15,22,4
15,23,4
15,24,4
15,25,1
15,26,1
15,27,1
15,28,1
15,29,1
15,30,1
16,0,3
16,1,3
16,2,3
16,3,3
16,4,3
16,5,3
16,6,3
16,7,3
16,8,3
16,9,1
16,10,1
16,11,1
16,12,1
16,13,1
16,14,1
16,15,4
16,16,4
16,17,4
16,18,3
16,19,3
16,20,3
16,21,3
16,22,4
16,23,4
16,24,4
16,25,4
16,26,1
16,27,1
16,28,1
16,29,1
16,30,1
17,0,3
17,1,3
17,2,3
17,3,3
17,4,1
17,5,1
17,6,1
17,7,1
17,8,1
17,9,1
17,10,1
17,11,1
17,12,1
17,13,1
17,14,1
17,15,4
17,16,4
17,17,4
17,18,3
17,19,3
17,20,3
17,21,3
17,22,4
17,23,4
17,24,4
17,25,4
17,26,4
17,27,4
17,28,4
17,29,4
17,30,4
18,0,1
18,1,1
18,2,1
18,3,1
18,4,1
18,5,1
18,6,1
18,7,1
18,8,1
18,9,1
18,10,1
18,11,1
18,12,1
18,13,1
18,14,4
18,15,4
18,16,4
18,17,3
18,18,3
18,19,3
18,20,3
18,21,3
18,22,4
18,23,4
18,24,4
18,25,4
18,26,4
18,27,4
18,28,4
18,29,4
18,30,4
19,0,1
19,1,1
19,2,1
19,3,1
19,4,1
19,5,1
19,6,1
19,7,4
19,8,4
19,9,1
19,10,1
19,11,4
19,12,4
19,13,4
19,14,4
19,15,4
19,16,4
19,17,3
19,18,3
19,19,3
19,20,3
19,21,4
19,22,4
19,23,4
19,24,4
19,25,4
19,26,1
19,27,1
19,28,4
19,29,4
19,30,4
20,0,2
20,1,2
20,2,2
20,3,1
20,4,1
20,5,4
20,6,4
20,7,4
20,8,4
20,9,4
20,10,4
20,11,4
20,12,4
20,13,4
20,14,4
20,15,4
20,16,4
20,17,4
20,18,3
20,19,3
20,20,4
20,21,4
20,22,4
20,23,4
20,24,4
20,25,1
20,26,1
20,27,1
20,28,1
20,29,1
20,30,1
21,0,2
21,1,2
21,2,2
21,3,2
21,4,4
21,5,4
21,6,4
21,7,4
21,8,4
21,9,4
21,10,4
21,11,4
21,12,4
21,13,2
21,14,2
21,15,4
21,16,4
21,17,4
21,18,4
21,19,4
21,20,4
21,21,4
21,22,4
21,23,4
21,24,4
21,25,1
21,26,1
21,27,1
21,28,1
21,29,1
21,30,1
22,0,2
22,1,2
22,2,2
22,3,2
22,4,4
22,5,4
22,6,4
22,7,4
22,8,4
22,9,4
22,10,4
22,11,4
22,12,2
22,13,2
22,14,2
22,15,2
22,16,4
22,17,4
22,18,4
22,19,4
22,20,4
22,21,4
22,22,4
22,23,4
22,24,4
22,25,4
22,26,1
22,27,1
22,28,1
22,29,1
22,30,1
23,0,2
23,1,2
23,2,2
23,3,4
23,4,4
23,5,4
23,6,4
23,7,4
23,8,4
23,9,4
23,10,4
23,11,2
23,12,2
23,13,2
23,14,2
23,15,2
23,16,1
23,17,1
23,18,1
23,19,4
23,20,4
23,21,4
23,22,4
23,23,4
23,24,4
23,25,4
23,26,4
23,27,4
23,28,4
23,29,4
23,30,4
24,0,3
24,1,3
24,2,3
24,3,4
24,4,4
24,5,4
24,6,4
24,7,4
24,8,4
24,9,4
24,10,4
24,11,2
24,12,2
24,13,2
24,14,2
24,15,1
24,16,1
24,17,1
24,18,1
24,19,1
24,20,4
24,21,4
24,22,4
24,23,4
24,24,4
24,25,4
24,26,4
24,27,4
24,28,4
24,29,4
24,30,4
25,0,3
25,1,3
25,2,3
25,3,3
25,4,4
25,5,4
25,6,4
25,7,4
25,8,4
25,9,4
25,10,4
25,11,4
25,12,2
25,13,2
25,14,1
25,15,1
25,16,1
25,17,1
25,18,1
25,19,1
25,20,1
25,21,4
25,22,4
25,23,4
25,24,4
25,25,4
25,26,4
25,27,4
25,28,3
25,29,3
25,30,3
26,0,3
26,1,3
26,2,3
26,3,3
26,4,4
26,5,4
26,6,4
26,7,4
26,8,4
26,9,4
26,10,4
26,11,4
26,12,4
26,13,4
26,14,1
26,15,1
26,16,1
26,17,1
26,18,1
26,19,1
26,20,1
26,21,3
26,22,3
26,23,3
26,24,3
26,25,3
26,26,3
26,27,3
26,28,3
26,29,3
26,30,3
27,0,3
27,1,3
27,2,3
27,3,4
27,4,4
27,5,4
27,6,4
27,7,4
27,8,4
27,9,4
27,10,4
27,11,4
27,12,4
27,13,4
27,14,4
27,15,1
27,16,1
27,17,1
27,18,1
27,19,1
27,20,3
27,21,3
27,22,3
27,23,3
27,24,3
27,25,3
27,26,3
27,27,3
27,28,3
27,29,3
27,30,3
28,0,3
28,1,3
28,2,3
28,3,4
28,4,4
28,5,4
28,6,3
28,7,3
28,8,3
28,9,4
28,10,4
28,11,4
28,12,4
28,13,4
28,14,4
28,15,4
28,16,4
28,17,1
28,18,1
28,19,1
28,20,3
28,21,3
28,22,3
28,23,4
28,24,4
28,25,4
28,26,4
28,27,3
28,28,3
28,29,2
28,30,2
29,0,3
29,1,3
29,2,4
29,3,4
29,4,4
29,5,3
29,6,3
29,7,3
29,8,3
29,9,3
29,10,4
29,11,4
29,12,4
29,13,4
29,14,4
29,15,4
29,16,4
29,17,4
29,18,1
29,19,1
29,20,3
29,21,3
29,22,4
29,23,4
29,24,4
29,25,4
29,26,4
29,27,4
29,28,2
29,29,2
29,30,2
30,0,3
30,1,3
30,2,4
30,3,4
30,4,4
30,5,3
30,6,3
30,7,3
30,8,3
30,9,3
30,10,4
30,11,4
30,12,4
30,13,4
30,14,4
30,15,4
30,16,4
30,17,4
30,18,1
30,19,1
30,20,3
30,21,3
30,22,4
30,23,4
30,24,4
30,25,4
30,26,4
30,27,4
30,28,2
30,29,2
30,30,2