4
5
6
3
2,12
2,27
17,12
17,27
0,3,4
2,3,3
1,3,1
0,2,4
0,1,2
0,0,2
0,1,2
0,2,2
0,3,1
0,4,1
0,5,1
0,6,1
0,7,1
0,8,1
0,9,1
0,10,2
0,11,2
0,12,2
0,13,2
0,14,2
0,15,3
0,16,3
0,17,1
0,18,1
0,19,1
0,20,1
0,21,3
0,22,3
0,23,3
0,24,3
0,25,1
0,26,1
0,27,1
0,28,1
0,29,1
0,30,1
1,0,2
1,1,2
1,2,2
1,3,1
1,4,1
1,5,1
1,6,1
1,7,1
1,8,1
1,9,1
1,10,2
1,11,2
1,12,2
1,13,2
1,14,2
1,15,3
1,16,3
1,17,1
1,18,1
1,19,1
1,20,1
1,21,3
1,22,3
1,23,3
1,24,3
1,25,1
1,26,1
1,27,1
1,28,1
1,29,1
1,30,1
2,0,2
2,1,2
2,2,4
2,3,4
2,4,1
2,5,1
2,6,1
2,7,1
2,8,1
2,9,1
2,10,2
2,11,2
2,12,2
2,13,2
2,14,2
2,15,3
2,16,3
2,17,1
2,18,1
2,19,1
2,20,1
2,21,3
2,22,3
2,23,3
2,24,1
2,25,1
2,26,1
2,27,1
2,28,1
2,29,1
2,30,1
3,0,4
3,1,4
3,2,4
3,3,4
3,4,4
3,5,4
3,6,1
3,7,1
3,8,1
3,9,2
3,10,2
3,11,2
3,12,2
3,13,2
3,14,2
3,15,3
3,16,3
3,17,3
3,18,1
3,19,1
3,20,1
3,21,1
3,22,3
3,23,3
3,24,1
3,25,1
3,26,1
3,27,1
3,28,1
3,29,1
3,30,1
4,0,4
4,1,4
4,2,4
4,3,4
4,4,4
4,5,4
4,6,4
4,7,4
4,8,4
4,9,2
4,10,2
4,11,2
4,12,2
4,13,2
4,14,2
4,15,3
4,16,3
4,17,3
4,18,3
4,19,1
4,20,1
4,21,1
4,22,3
4,23,3
4,24,1
4,25,1
4,26,1
4,27,1
4,28,1
4,29,1
4,30,1
5,0,4
5,1,4
5,2,2
5,3,2
5,4,4
5,5,4
5,6,4
5,7,4
5,8,4
5,9,4
5,10,2
5,11,2
5,12,2
5,13,2
5,14,4
5,15,4
5,16,3
5,17,3
5,18,3
5,19,1
5,20,1
5,21,1
5,22,3
5,23,3
5,24,3
5,25,1
5,26,1
5,27,4
5,28,4
5,29,1
5,30,1
6,0,2
6,1,2
6,2,2
6,3,2
6,4,2
6,5,2
6,6,2
6,7,4
6,8,4
6,9,4
6,10,2
6,11,2
6,12,2
6,13,4
6,14,4
6,15,4
6,16,4
6,17,3
6,18,3
6,19,1
6,20,1
6,21,1
6,22,3
6,23,3
6,24,3
6,25,3
6,26,4
6,27,4
6,28,4
6,29,4
6,30,4
7,0,2
7,1,2
7,2,2
7,3,2
7,4,2
7,5,2
7,6,2
7,7,2
7,8,4
7,9,4
7,10,2
7,11,2
7,12,4
7,13,4
7,14,4
7,15,4
7,16,4
7,17,3
7,18,3
7,19,1
7,20,1
7,21,1
7,22,1
7,23,3
7,24,3
7,25,3
7,26,4
7,27,4
7,28,4
7,29,4
7,30,4
8,0,4
8,1,4
8,2,4
8,3,4
8,4,2
8,5,2
8,6,2
8,7,2
8,8,4
8,9,4
8,10,2
8,11,2
8,12,4
8,13,4
8,14,4
8,15,4
8,16,4
8,17,3
8,18,3
8,19,3
8,20,1
8,21,1
8,22,1
8,23,1
8,24,3
8,25,3
8,26,3
8,27,4
8,28,4
8,29,4
8,30,4
9,0,4
9,1,4
9,2,4
9,3,4
9,4,4
9,5,2
9,6,2
9,7,4
9,8,4
9,9,4
9,10,2
9,11,2
9,12,2
9,13,4
9,14,4
9,15,4
9,16,4
9,17,3
9,18,3
9,19,3
9,20,3
9,21,1
9,22,1
9,23,1
9,24,3
9,25,3
9,26,3
9,27,3
9,28,4
9,29,4
9,30,4
10,0,3
10,1,3
10,2,4
10,3,4
10,4,4
10,5,2
10,6,2
10,7,4
10,8,4
10,9,4
10,10,2
10,11,2
10,12,2
10,13,2
10,14,4
10,15,4
10,16,2
10,17,2
10,18,3
10,19,3
10,20,3
10,21,3
10,22,1
10,23,1
10,24,3
10,25,3
10,26,3
10,27,3
10,28,2
10,29,2
10,30,2
11,0,3
11,1,3
11,2,3
11,3,4
11,4,4
11,5,2
11,6,2
11,7,4
11,8,4
11,9,4
11,10,4
11,11,2
11,12,2
11,13,2
11,14,2
11,15,2
11,16,2
11,17,2
11,18,2
11,19,3
11,20,3
11,21,3
11,22,1
11,23,1
11,24,1
11,25,3
11,26,3
11,27,2
11,28,2
11,29,2
11,30,2
12,0,3
12,1,3
12,2,3
12,3,4
12,4,4
12,5,2
12,6,2
12,7,2
12,8,4
12,9,4
12,10,4
12,11,4
12,12,2
12,13,2
12,14,2
12,15,2
12,16,2
12,17,2
12,18,2
12,19,2
12,20,3
12,21,3
12,22,1
12,23,1
12,24,1
12,25,1
12,26,2
12,27,2
12,28,2
12,29,2
12,30,2
13,0,3
13,1,3
13,2,4
13,3,4
13,4,4
13,5,2
13,6,2
13,7,2
13,8,2
13,9,4
13,10,4
13,11,4
13,12,4
13,13,4
13,14,4
13,15,4
13,16,4
13,17,2
13,18,2
13,19,2
13,20,3
13,21,3
13,22,3
13,23,1
13,24,1
13,25,1
13,26,2
13,27,2
13,28,2
13,29,2
13,30,2
14,0,4
14,1,4
14,2,4
14,3,4
14,4,4
14,5,4
14,6,2
14,7,2
14,8,2
14,9,2
14,10,4
14,11,4
14,12,4
14,13,4
14,14,4
14,15,4
14,16,4
14,17,4
14,18,2
14,19,2
14,20,3
14,21,3
14,22,3
14,23,3
14,24,1
14,25,1
14,26,1
14,27,2
14,28,2
14,29,1
14,30,1
15,0,4
15,1,4
15,2,4
15,3,4
15,4,4
15,5,4
15,6,2
15,7,2
15,8,2
15,9,2
15,10,1
15,11,1
15,12,1
15,13,1
15,14,1
15,15,4
15,16,4
15,17,4
15,18,2
15,19,2
15,20,2
15,21,3
15,22,3
15,23,3
15,24,1
15,25,1
15,26,1
15,27,1
15,28,1
15,29,1
15,30,1
16,0,4
16,1,4
16,2,4
16,3,4
16,4,4
16,5,3
16,6,3
16,7,2
16,8,2
16,9,1
16,10,1
16,11,1
16,12,1
16,13,1
16,14,1
16,15,1
16,16,4
16,17,4
16,18,2
16,19,2
16,20,2
16,21,3
16,22,3
16,23,3
16,24,1
16,25,1
16,26,1
16,27,1
16,28,1
16,29,1
16,30,1
17,0,4
17,1,4
17,2,3
17,3,3
17,4,3
17,5,3
17,6,3
17,7,3
17,8,3
17,9,1
17,10,1
17,11,1
17,12,1
17,13,1
17,14,1
17,15,1
17,16,4
17,17,4
17,18,2
17,19,2
17,20,2
17,21,3
17,22,3
17,23,3
17,24,1
17,25,1
17,26,1
17,27,1
17,28,1
17,29,1
17,30,1
18,0,3
18,1,3
18,2,3
18,3,3
18,4,3
18,5,3
18,6,3
18,7,3
18,8,3
18,9,3
18,10,1
18,11,1
18,12,1
18,13,1
18,14,1
18,15,1
18,16,4
18,17,4
18,18,2
18,19,2
18,20,2
18,21,3
18,22,3
18,23,3
18,24,1
18,25,1
18,26,1
18,27,1
18,28,1
18,29,1
18,30,1
19,0,3
19,1,3
19,2,3
19,3,3
19,4,3
19,5,3
19,6,3
19,7,3
19,8,3
19,9,3
19,10,1
19,11,1
19,12,1
19,13,1
19,14,1
19,15,4
19,16,4
19,17,4
19,18,2
19,19,2
19,20,2
19,21,3
19,22,3
19,23,3
19,24,3
19,25,1
19,26,1
19,27,1
19,28,1
19,29,1
19,30,1
20,0,2
20,1,2
20,2,2
20,3,2
20,4,2
20,5,3
20,6,3
20,7,3
20,8,3
20,9,3
20,10,3
20,11,1
20,12,1
20,13,1
20,14,4
20,15,4
20,16,4
20,17,4
20,18,2
20,19,2
20,20,2
20,21,2
20,22,3
20,23,3
20,24,3
20,25,3
20,26,3
20,27,1
20,28,1
20,29,1
20,30,1
21,0,2
21,1,2
21,2,2
21,3,2
21,4,2
21,5,2
21,6,3
21,7,3
21,8,3
21,9,3
21,10,3
21,11,3
21,12,3
21,13,3
21,14,4
21,15,4
21,16,4
21,17,4
21,18,2
21,19,2
21,20,2
21,21,2
21,22,3
21,23,3
21,24,3
21,25,3
21,26,3
21,27,3
21,28,1
21,29,1
21,30,1
22,0,2
22,1,2
22,2,2
22,3,2
22,4,2
22,5,2
22,6,4
22,7,4
22,8,4
22,9,3
22,10,3
22,11,3
22,12,3
22,13,3
22,14,3
22,15,4
22,16,4
22,17,1
22,18,1
22,19,2
22,20,2
22,21,3
22,22,3
22,23,3
22,24,3
22,25,3
22,26,3
22,27,3
22,28,1
22,29,1
22,30,1
23,0,3
23,1,3
23,2,2
23,3,2
23,4,2
23,5,4
23,6,4
23,7,4
23,8,4
23,9,4
23,10,3
23,11,3
23,12,3
23,13,3
23,14,3
23,15,3
23,16,1
23,17,1
23,18,1
23,19,1
23,20,3
23,21,3
23,22,3
23,23,3
23,24,3
23,25,3
23,26,3
23,27,3
23,28,1
23,29,1
23,30,1
24,0,3
24,1,3
24,2,3
24,3,2
24,4,2
24,5,4
24,6,4
24,7,4
24,8,4
24,9,4
24,10,3
24,11,3
24,12,3
24,13,3
24,14,3
24,15,3
24,16,1
24,17,1
24,18,1
24,19,1
24,20,3
24,21,3
24,22,3
24,23,4
24,24,4
24,25,3
24,26,3
24,27,3
24,28,1
24,29,1
24,30,1
25,0,3
25,1,3
25,2,3
25,3,2
25,4,2
25,5,2
25,6,4
25,7,4
25,8,4
25,9,4
25,10,4
25,11,3
25,12,3
25,13,3
25,14,3
25,15,3
25,16,1
25,17,1
25,18,1
25,19,1
25,20,3
25,21,3
25,22,4
25,23,4
25,24,4
25,25,4
25,26,3
25,27,3
25,28,3
25,29,1
25,30,1
26,0,3
26,1,3
26,2,2
26,3,2
26,4,2
26,5,2
26,6,2
26,7,4
26,8,4
26,9,4
26,10,4
26,11,4
26,12,4
26,13,3
26,14,3
26,15,2
26,16,2
26,17,1
26,18,1
26,19,1
26,20,3
26,21,3
26,22,4
26,23,4
26,24,4
26,25,4
26,26,3
26,27,3
26,28,3
26,29,2
26,30,2
27,0,3
27,1,3
27,2,2
27,3,2
27,4,2
27,5,2
27,6,2
27,7,2
27,8,4
27,9,4
27,10,4
27,11,4
27,12,4
27,13,4
27,14,2
27,15,2
27,16,2
27,17,2
27,18,1
27,19,1
27,20,3
27,21,3
27,22,3
27,23,4
27,24,4
27,25,3
27,26,3
27,27,3
27,28,2
27,29,2
27,30,2
28,0,3
28,1,3
28,2,3
28,3,2
28,4,2
28,5,2
28,6,2
28,7,2
28,8,2
28,9,4
28,10,4
28,11,4
28,12,4
28,13,4
28,14,2
28,15,2
28,16,2
28,17,2
28,18,1
28,19,1
28,20,3
28,21,3
28,22,3
28,23,2
28,24,2
28,25,3
28,26,3
28,27,3
28,28,2
28,29,2
28,30,2
29,0,3
29,1,3
29,2,3
29,3,3
29,4,2
29,5,2
29,6,2
29,7,2
29,8,2
29,9,2
29,10,4
29,11,4
29,12,4
29,13,2
29,14,2
29,15,2
29,16,2
29,17,1
29,18,1
29,19,1
29,20,3
29,21,3
29,22,2
29,23,2
29,24,2
29,25,2
29,26,3
29,27,3
29,28,3
29,29,2
29,30,2
30,0,3
30,1,3
30,2,3
30,3,3
30,4,2
30,5,2
30,6,2
30,7,2
30,8,2
30,9,2
30,10,4
30,11,4
30,12,4
30,13,2
30,14,2
30,15,2
30,16,2
30,17,1
30,18,1
30,19,1
30,20,3
30,21,3
30,22,2
30,23,2
30,24,2
30,25,2
30,26,3
30,27,3
30,28,3
30,29,2
30,30,2