4
5
3
0
7,17
17,17
17,27
27,17
0,1,1
0,2,1
1,3,1
2,3,2
1,2,2
0,0,4
0,1,4
0,2,2
0,3,2
0,4,2
0,5,2
0,6,2
0,7,2
0,8,2
0,9,4
0,10,4
0,11,3
0,12,3
0,13,2
0,14,2
0,15,2
0,16,2
0,17,2
0,18,2
0,19,2
0,20,1
0,21,1
0,22,1
0,23,1
0,24,4
0,25,4
0,26,4
0,27,4
0,28,4
0,29,4
0,30,4
1,0,4
1,1,4
1,2,2
1,3,2
1,4,2
1,5,2
1,6,2
1,7,2
1,8,2
1,9,4
1,10,4
1,11,3
1,12,3
1,13,2
1,14,2
1,15,2
1,16,2
1,17,2
1,18,2
1,19,2
1,20,1
1,21,1
1,22,1
1,23,1
1,24,4
1,25,4
1,26,4
1,27,4
1,28,4
1,29,4
1,30,4
2,0,4
2,1,4
2,2,4
2,3,2
2,4,2
2,5,2
2,6,2
2,7,2
2,8,4
2,9,4
2,10,4
2,11,3
2,12,3
2,13,2
2,14,2
2,15,2
2,16,2
2,17,2
2,18,2
2,19,2
2,20,2
2,21,1
2,22,1
2,23,1
2,24,1
2,25,4
2,26,4
2,27,4
2,28,4
2,29,4
2,30,4
3,0,4
3,1,4
3,2,4
3,3,4
3,4,2
3,5,2
3,6,3
3,7,3
3,8,4
3,9,4
3,10,4
3,11,3
3,12,3
3,13,2
3,14,2
3,15,2
3,16,2
3,17,2
3,18,2
3,19,2
3,20,2
3,21,2
3,22,1
3,23,1
3,24,1
3,25,1
3,26,1
3,27,1
3,28,1
3,29,1
3,30,1
4,0,4
4,1,4
4,2,4
4,3,4
4,4,4
4,5,3
4,6,3
4,7,3
4,8,3
4,9,4
4,10,4
4,11,3
4,12,3
4,13,2
4,14,2
4,15,2
4,16,4
4,17,4
4,18,2
4,19,2
4,20,2
4,21,2
4,22,2
4,23,1
4,24,1
4,25,1
4,26,1
4,27,1
4,28,1
4,29,1
4,30,1
5,0,2
5,1,2
5,2,4
5,3,4
5,4,4
5,5,3
5,6,3
5,7,3
5,8,3
5,9,4
5,10,4
5,11,3
5,12,3
5,13,2
5,14,2
5,15,4
5,16,4
5,17,4
5,18,4
5,19,4
5,20,2
5,21,2
5,22,2
5,23,2
5,24,1
5,25,1
5,26,1
5,27,1
5,28,2
5,29,2
5,30,2
6,0,2
6,1,2
6,2,2
6,3,4
6,4,4
6,5,4
6,6,3
6,7,3
6,8,4
6,9,4
6,10,4
6,11,3
6,12,3
6,13,2
6,14,2
6,15,4
6,16,4
6,17,4
6,18,4
6,19,4
6,20,4
6,21,2
6,22,2
6,23,2
6,24,1
6,25,1
6,26,1
6,27,2
6,28,2
6,29,2
6,30,2
7,0,2
7,1,2
7,2,2
7,3,4
7,4,4
7,5,4
7,6,4
7,7,4
7,8,4
7,9,4
7,10,4
7,11,3
7,12,3
7,13,2
7,14,2
7,15,4
7,16,4
7,17,4
7,18,4
7,19,4
7,20,4
7,21,2
7,22,2
7,23,2
7,24,1
7,25,1
7,26,1
7,27,2
7,28,2
7,29,2
7,30,2
8,0,2
8,1,2
8,2,2
8,3,2
8,4,4
8,5,4
8,6,4
8,7,4
8,8,4
8,9,4
8,10,3
8,11,3
8,12,3
8,13,2
8,14,2
8,15,4
8,16,4
8,17,4
8,18,4
8,19,4
8,20,4
8,21,2
8,22,2
8,23,2
8,24,2
8,25,1
8,26,1
8,27,1
8,28,2
8,29,2
8,30,2
9,0,2
9,1,2
9,2,2
9,3,2
9,4,2
9,5,2
9,6,2
9,7,2
9,8,2
9,9,2
9,10,3
9,11,3
9,12,3
9,13,2
9,14,2
9,15,4
9,16,4
9,17,4
9,18,4
9,19,4
9,20,4
9,21,4
9,22,2
9,23,2
9,24,2
9,25,1
9,26,1
9,27,1
9,28,1
9,29,1
9,30,1
10,0,2
10,1,2
10,2,2
10,3,2
10,4,2
10,5,2
10,6,2
10,7,2
10,8,2
10,9,2
10,10,2
10,11,3
10,12,3
10,13,2
10,14,2
10,15,2
10,16,4
10,17,4
10,18,4
10,19,4
10,20,4
10,21,4
10,22,4
10,23,2
10,24,2
10,25,2
10,26,1
10,27,1
10,28,1
10,29,1
10,30,1
11,0,2
11,1,2
11,2,2
11,3,3
11,4,3
11,5,3
11,6,3
11,7,2
11,8,2
11,9,2
11,10,2
11,11,3
11,12,3
11,13,2
11,14,2
11,15,2
11,16,2
11,17,2
11,18,2
11,19,4
11,20,4
11,21,4
11,22,4
11,23,2
11,24,2
11,25,2
11,26,2
11,27,1
11,28,1
11,29,1
11,30,1
12,0,3
12,1,3
12,2,3
12,3,3
12,4,3
12,5,3
12,6,3
12,7,3
12,8,2
12,9,2
12,10,3
12,11,3
12,12,3
12,13,3
12,14,2
12,15,2
12,16,2
12,17,2
12,18,2
12,19,2
12,20,4
12,21,4
12,22,2
12,23,2
12,24,2
12,25,2
12,26,2
12,27,1
12,28,1
12,29,1
12,30,1
13,0,3
13,1,3
13,2,3
13,3,3
13,4,3
13,5,3
13,6,3
13,7,3
13,8,3
13,9,3
13,10,3
13,11,3
13,12,3
13,13,3
13,14,1
13,15,1
13,16,1
13,17,2
13,18,2
13,19,2
13,20,2
13,21,2
13,22,2
13,23,2
13,24,2
13,25,2
13,26,1
13,27,1
13,28,1
13,29,1
13,30,1
14,0,1
14,1,1
14,2,1
14,3,1
14,4,1
14,5,1
14,6,3
14,7,3
14,8,3
14,9,3
14,10,3
14,11,3
14,12,3
14,13,1
14,14,1
14,15,1
14,16,1
14,17,1
14,18,2
14,19,2
14,20,2
14,21,2
14,22,2
14,23,2
14,24,2
14,25,2
14,26,1
14,27,1
14,28,1
14,29,1
14,30,1
15,0,1
15,1,1
15,2,1
15,3,1
15,4,1
15,5,1
15,6,1
15,7,3
15,8,3
15,9,1
15,10,1
15,11,1
15,12,1
15,13,1
15,14,1
15,15,1
15,16,1
15,17,1
15,18,1
15,19,1
15,20,1
15,21,2
15,22,2
15,23,2
15,24,2
15,25,1
15,26,1
15,27,1
15,28,1
15,29,1
15,30,1
16,0,4
16,1,4
16,2,4
16,3,4
16,4,1
16,5,1
16,6,1
16,7,1
16,8,1
16,9,1
16,10,1
16,11,1
16,12,1
16,13,1
16,14,1
16,15,1
16,16,1
16,17,1
16,18,1
16,19,1
16,20,1
16,21,1
16,22,2
16,23,2
16,24,1
16,25,1
16,26,1
16,27,1
16,28,1
16,29,1
16,30,1
17,0,4
17,1,4
17,2,4
17,3,4
17,4,4
17,5,1
17,6,1
17,7,1
17,8,1
17,9,1
17,10,1
17,11,4
17,12,4
17,13,1
17,14,1
17,15,1
17,16,1
17,17,1
17,18,1
17,19,1
17,20,1
17,21,1
17,22,2
17,23,2
17,24,1
17,25,1
17,26,1
17,27,1
17,28,1
17,29,1
17,30,1
18,0,4
18,1,4
18,2,4
18,3,4
18,4,4
18,5,3
18,6,3
18,7,1
18,8,1
18,9,1
18,10,4
18,11,4
18,12,4
18,13,4
18,14,1
18,15,1
18,16,1
18,17,1
18,18,1
18,19,1
18,20,1
18,21,2
18,22,2
18,23,2
18,24,1
18,25,1
18,26,1
18,27,1
18,28,1
18,29,1
18,30,1
19,0,3
19,1,3
19,2,4
19,3,4
19,4,3
19,5,3
19,6,3
19,7,3
19,8,3
19,9,3
19,10,4
19,11,4
19,12,4
19,13,4
19,14,4
19,15,1
19,16,1
19,17,1
19,18,1
19,19,1
19,20,1
19,21,2
19,22,2
19,23,2
19,24,1
19,25,1
19,26,1
19,27,1
19,28,1
19,29,1
19,30,1
20,0,3
20,1,3
20,2,3
20,3,3
20,4,3
20,5,3
20,6,3
20,7,3
20,8,3
20,9,3
20,10,3
20,11,4
20,12,4
20,13,4
20,14,4
20,15,4
20,16,4
20,17,4
20,18,1
20,19,1
20,20,2
20,21,2
20,22,2
20,23,1
20,24,1
20,25,1
20,26,1
20,27,1
20,28,2
20,29,2
20,30,2
21,0,3
21,1,3
21,2,3
21,3,3
21,4,3
21,5,3
21,6,4
21,7,4
21,8,3
21,9,3
21,10,3
21,11,3
21,12,4
21,13,4
21,14,4
21,15,4
21,16,4
21,17,4
21,18,4
21,19,2
21,20,2
21,21,2
21,22,2
21,23,1
21,24,1
21,25,1
21,26,1
21,27,2
21,28,2
21,29,2
21,30,2
22,0,2
22,1,2
22,2,2
22,3,3
22,4,3
22,5,4
22,6,4
22,7,4
22,8,4
22,9,3
22,10,3
22,11,3
22,12,3
22,13,3
22,14,3
22,15,4
22,16,4
22,17,4
22,18,4
22,19,2
22,20,2
22,21,2
22,22,2
22,23,1
22,24,1
22,25,1
22,26,1
22,27,2
22,28,2
22,29,2
22,30,2
23,0,2
23,1,2
23,2,2
23,3,2
23,4,4
23,5,4
23,6,4
23,7,4
23,8,4
23,9,4
23,10,3
23,11,3
23,12,3
23,13,3
23,14,3
23,15,3
23,16,4
23,17,4
23,18,4
23,19,4
23,20,2
23,21,2
23,22,3
23,23,3
23,24,1
23,25,1
23,26,4
23,27,4
23,28,2
23,29,2
23,30,2
24,0,2
24,1,2
24,2,2
24,3,2
24,4,4
24,5,4
24,6,4
24,7,4
24,8,4
24,9,4
24,10,3
24,11,3
24,12,3
24,13,3
24,14,3
24,15,3
24,16,4
24,17,4
24,18,4
24,19,4
24,20,4
24,21,3
24,22,3
24,23,3
24,24,3
24,25,4
24,26,4
24,27,4
24,28,4
24,29,4
24,30,4
25,0,2
25,1,2
25,2,2
25,3,2
25,4,2
25,5,4
25,6,4
25,7,4
25,8,4
25,9,2
25,10,2
25,11,3
25,12,3
25,13,3
25,14,3
25,15,4
25,16,4
25,17,4
25,18,4
25,19,4
25,20,4
25,21,3
25,22,3
25,23,3
25,24,3
25,25,4
25,26,4
25,27,4
25,28,4
25,29,4
25,30,4
26,0,3
26,1,3
26,2,2
26,3,2
26,4,2
26,5,2
26,6,2
26,7,2
26,8,2
26,9,2
26,10,2
26,11,2
26,12,3
26,13,3
26,14,4
26,15,4
26,16,4
26,17,4
26,18,4
26,19,4
26,20,4
26,21,4
26,22,3
26,23,3
26,24,3
26,25,3
26,26,4
26,27,4
26,28,4
26,29,4
26,30,4
27,0,3
27,1,3
27,2,3
27,3,2
27,4,2
27,5,2
27,6,2
27,7,2
27,8,2
27,9,2
27,10,2
27,11,2
27,12,1
27,13,1
27,14,4
27,15,4
27,16,4
27,17,4
27,18,4
27,19,4
27,20,4
27,21,4
27,22,3
27,23,3
27,24,3
27,25,3
27,26,3
27,27,3
27,28,4
27,29,4
27,30,4
28,0,3
28,1,3
28,2,3
28,3,1
28,4,1
28,5,1
28,6,2
28,7,2
28,8,2
28,9,2
28,10,2
28,11,1
28,12,1
28,13,1
28,14,1
28,15,4
28,16,4
28,17,4
28,18,4
28,19,4
28,20,4
28,21,3
28,22,3
28,23,3
28,24,3
28,25,3
28,26,3
28,27,3
28,28,3
28,29,4
28,30,4
29,0,3
29,1,3
29,2,1
29,3,1
29,4,1
29,5,1
29,6,1
29,7,1
29,8,1
29,9,1
29,10,1
29,11,1
29,12,1
29,13,1
29,14,1
29,15,4
29,16,4
29,17,4
29,18,4
29,19,4
29,20,3
29,21,3
29,22,3
29,23,3
29,24,3
29,25,3
29,26,3
29,27,3
29,28,3
29,29,4
29,30,4
30,0,3
30,1,3
30,2,1
30,3,1
30,4,1
30,5,1
30,6,1
30,7,1
30,8,1
30,9,1
30,10,1
30,11,1
30,12,1
30,13,1
30,14,1
30,15,4
30,16,4
30,17,4
30,18,4
30,19,4
30,20,3
30,21,3
30,22,3
30,23,3
30,24,3
30,25,3
30,26,3
30,27,3
30,28,3
30,29,4
30,30,4