6
8
6
1
2,2
2,12
12,2
12,12
12,22
22,12
1,3,1
3,5,2
4,5,1
2,5,2
3,4,2
0,3,2
2,3,1
0,2,1
0,0,4
0,1,4
0,2,4
0,3,4
0,4,4
0,5,4
0,6,2
0,7,2
0,8,4
0,9,4
0,10,4
0,11,4
0,12,4
0,13,4
0,14,4
0,15,4
0,16,4
0,17,1
0,18,1
0,19,4
0,20,4
0,21,4
0,22,4
0,23,4
0,24,4
0,25,4
0,26,4
0,27,4
0,28,4
0,29,4
0,30,4
1,0,4
1,1,4
1,2,4
1,3,4
1,4,4
1,5,4
1,6,2
1,7,2
1,8,4
1,9,4
1,10,4
1,11,4
1,12,4
1,13,4
1,14,4
1,15,4
1,16,4
1,17,1
1,18,1
1,19,4
1,20,4
1,21,4
1,22,4
1,23,4
1,24,4
1,25,4
1,26,4
1,27,4
1,28,4
1,29,4
1,30,4
2,0,4
2,1,4
2,2,4
2,3,4
2,4,4
2,5,2
2,6,2
2,7,2
2,8,2
2,9,4
2,10,4
2,11,4
2,12,4
2,13,4
2,14,4
2,15,4
2,16,4
2,17,1
2,18,1
2,19,4
2,20,4
2,21,4
2,22,4
2,23,4
2,24,4
2,25,4
2,26,4
2,27,4
2,28,3
2,29,3
2,30,3
3,0,4
3,1,4
3,2,4
3,3,4
3,4,4
3,5,2
3,6,2
3,7,2
3,8,2
3,9,4
3,10,4
3,11,4
3,12,4
3,13,4
3,14,4
3,15,4
3,16,4
3,17,1
3,18,1
3,19,1
3,20,4
3,21,4
3,22,2
3,23,2
3,24,4
3,25,4
3,26,4
3,27,3
3,28,3
3,29,3
3,30,3
4,0,4
4,1,4
4,2,4
4,3,4
4,4,4
4,5,4
4,6,2
4,7,2
4,8,1
4,9,1
4,10,4
4,11,4
4,12,4
4,13,4
4,14,4
4,15,4
4,16,4
4,17,1
4,18,1
4,19,1
4,20,1
4,21,2
4,22,2
4,23,2
4,24,2
4,25,4
4,26,4
4,27,3
4,28,3
4,29,3
4,30,3
5,0,4
5,1,4
5,2,4
5,3,4
5,4,4
5,5,4
5,6,4
5,7,1
5,8,1
5,9,1
5,10,1
5,11,4
5,12,4
5,13,4
5,14,4
5,15,4
5,16,2
5,17,2
5,18,1
5,19,1
5,20,1
5,21,2
5,22,2
5,23,2
5,24,2
5,25,4
5,26,4
5,27,4
5,28,3
5,29,3
5,30,3
6,0,4
6,1,4
6,2,4
6,3,4
6,4,4
6,5,4
6,6,4
6,7,1
6,8,1
6,9,1
6,10,1
6,11,4
6,12,4
6,13,4
6,14,2
6,15,2
6,16,2
6,17,2
6,18,2
6,19,1
6,20,1
6,21,2
6,22,2
6,23,2
6,24,2
6,25,4
6,26,4
6,27,4
6,28,3
6,29,3
6,30,3
7,0,4
7,1,4
7,2,4
7,3,4
7,4,4
7,5,4
7,6,4
7,7,1
7,8,1
7,9,1
7,10,1
7,11,4
7,12,4
7,13,2
7,14,2
7,15,2
7,16,2
7,17,2
7,18,2
7,19,1
7,20,1
7,21,1
7,22,2
7,23,2
7,24,4
7,25,4
7,26,4
7,27,4
7,28,3
7,29,3
7,30,3
8,0,4
8,1,4
8,2,4
8,3,4
8,4,4
8,5,4
8,6,3
8,7,3
8,8,1
8,9,1
8,10,4
8,11,4
8,12,4
8,13,2
8,14,2
8,15,2
8,16,2
8,17,2
8,18,1
8,19,1
8,20,1
8,21,1
8,22,3
8,23,3
8,24,4
8,25,4
8,26,4
8,27,4
8,28,4
8,29,3
8,30,3
9,0,4
9,1,4
9,2,4
9,3,4
9,4,4
9,5,3
9,6,3
9,7,3
9,8,3
9,9,4
9,10,4
9,11,4
9,12,4
9,13,4
9,14,2
9,15,2
9,16,2
9,17,2
9,18,1
9,19,1
9,20,1
9,21,3
9,22,3
9,23,3
9,24,3
9,25,4
9,26,4
9,27,4
9,28,4
9,29,4
9,30,4
10,0,4
10,1,4
10,2,4
10,3,4
10,4,4
10,5,3
10,6,3
10,7,3
10,8,3
10,9,4
10,10,4
10,11,4
10,12,4
10,13,4
10,14,4
10,15,2
10,16,2
10,17,2
10,18,1
10,19,1
10,20,3
10,21,3
10,22,3
10,23,3
10,24,3
10,25,3
10,26,4
10,27,4
10,28,4
10,29,4
10,30,4
11,0,4
11,1,4
11,2,4
11,3,4
11,4,4
11,5,3
11,6,3
11,7,3
11,8,3
11,9,3
11,10,4
11,11,4
11,12,4
11,13,4
11,14,4
11,15,2
11,16,2
11,17,2
11,18,1
11,19,1
11,20,3
11,21,3
11,22,3
11,23,3
11,24,3
11,25,3
11,26,1
11,27,1
11,28,4
11,29,4
11,30,4
12,0,4
12,1,4
12,2,4
12,3,4
12,4,4
12,5,3
12,6,3
12,7,3
12,8,3
12,9,3
12,10,4
12,11,4
12,12,4
12,13,4
12,14,4
12,15,2
12,16,2
12,17,2
12,18,1
12,19,1
12,20,3
12,21,3
12,22,3
12,23,3
12,24,3
12,25,1
12,26,1
12,27,1
12,28,1
12,29,4
12,30,4
13,0,4
13,1,4
13,2,4
13,3,4
13,4,4
13,5,4
13,6,3
13,7,3
13,8,3
13,9,4
13,10,4
13,11,4
13,12,4
13,13,4
13,14,4
13,15,2
13,16,2
13,17,1
13,18,1
13,19,1
13,20,3
13,21,3
13,22,3
13,23,3
13,24,3
13,25,1
13,26,1
13,27,1
13,28,1
13,29,3
13,30,3
14,0,4
14,1,4
14,2,4
14,3,4
14,4,4
14,5,4
14,6,1
14,7,1
14,8,1
14,9,4
14,10,4
14,11,4
14,12,4
14,13,4
14,14,4
14,15,2
14,16,2
14,17,1
14,18,1
14,19,1
14,20,3
14,21,3
14,22,3
14,23,3
14,24,3
14,25,3
14,26,1
14,27,1
14,28,3
14,29,3
14,30,3
15,0,4
15,1,4
15,2,4
15,3,4
15,4,4
15,5,1
15,6,1
15,7,1
15,8,1
15,9,1
15,10,4
15,11,4
15,12,4
15,13,4
15,14,2
15,15,2
15,16,2
15,17,1
15,18,1
15,19,1
15,20,3
15,21,3
15,22,3
15,23,3
15,24,3
15,25,3
15,26,3
15,27,3
15,28,3
15,29,3
15,30,3
16,0,4
16,1,4
16,2,4
16,3,4
16,4,4
16,5,1
16,6,1
16,7,1
16,8,1
16,9,1
16,10,4
16,11,4
16,12,4
16,13,2
16,14,2
16,15,2
16,16,2
16,17,1
16,18,1
16,19,1
16,20,1
16,21,3
16,22,3
16,23,3
16,24,3
16,25,3
16,26,3
16,27,3
16,28,3
16,29,3
16,30,3
17,0,4
17,1,4
17,2,4
17,3,4
17,4,1
17,5,1
17,6,1
17,7,1
17,8,1
17,9,4
17,10,4
17,11,4
17,12,2
17,13,2
17,14,2
17,15,2
17,16,1
17,17,1
17,18,1
17,19,1
17,20,1
17,21,1
17,22,1
17,23,1
17,24,1
17,25,3
17,26,3
17,27,4
17,28,4
17,29,3
17,30,3
18,0,4
18,1,4
18,2,4
18,3,1
18,4,1
18,5,1
18,6,1
18,7,4
18,8,4
18,9,4
18,10,4
18,11,4
18,12,2
18,13,2
18,14,2
18,15,2
18,16,1
18,17,1
18,18,1
18,19,1
18,20,1
18,21,1
18,22,1
18,23,1
18,24,1
18,25,1
18,26,4
18,27,4
18,28,4
18,29,4
18,30,4
19,0,4
19,1,4
19,2,1
19,3,1
19,4,1
19,5,1
19,6,4
19,7,4
19,8,4
19,9,4
19,10,4
19,11,3
19,12,3
19,13,2
19,14,2
19,15,3
19,16,3
19,17,1
19,18,1
19,19,4
19,20,4
19,21,1
19,22,1
19,23,1
19,24,1
19,25,1
19,26,4
19,27,4
19,28,4
19,29,4
19,30,4
20,0,4
20,1,4
20,2,1
20,3,1
20,4,1
20,5,4
20,6,4
20,7,4
20,8,4
20,9,4
20,10,3
20,11,3
20,12,3
20,13,3
20,14,3
20,15,3
20,16,3
20,17,3
20,18,4
20,19,4
20,20,4
20,21,4
20,22,1
20,23,1
20,24,1
20,25,1
20,26,1
20,27,4
20,28,4
20,29,4
20,30,4
21,0,4
21,1,4
21,2,1
21,3,1
21,4,4
21,5,4
21,6,4
21,7,4
21,8,4
21,9,3
21,10,3
21,11,3
21,12,3
21,13,3
21,14,3
21,15,3
21,16,3
21,17,3
21,18,4
21,19,4
21,20,4
21,21,4
21,22,1
21,23,1
21,24,1
21,25,1
21,26,1
21,27,4
21,28,4
21,29,4
21,30,4
22,0,4
22,1,4
22,2,1
22,3,1
22,4,4
22,5,4
22,6,4
22,7,4
22,8,4
22,9,3
22,10,3
22,11,3
22,12,3
22,13,3
22,14,3
22,15,3
22,16,3
22,17,2
22,18,2
22,19,4
22,20,4
22,21,4
22,22,1
22,23,1
22,24,1
22,25,1
22,26,3
22,27,3
22,28,4
22,29,4
22,30,4
23,0,4
23,1,4
23,2,1
23,3,1
23,4,1
23,5,4
23,6,4
23,7,4
23,8,3
23,9,3
23,10,3
23,11,3
23,12,3
23,13,3
23,14,3
23,15,3
23,16,2
23,17,2
23,18,2
23,19,2
23,20,4
23,21,4
23,22,4
23,23,1
23,24,1
23,25,3
23,26,3
23,27,3
23,28,3
23,29,3
23,30,3
24,0,4
24,1,4
24,2,1
24,3,1
24,4,1
24,5,1
24,6,1
24,7,1
24,8,3
24,9,3
24,10,3
24,11,3
24,12,3
24,13,3
24,14,3
24,15,2
24,16,2
24,17,2
24,18,2
24,19,2
24,20,4
24,21,4
24,22,4
24,23,4
24,24,4
24,25,3
24,26,3
24,27,3
24,28,3
24,29,3
24,30,3
25,0,4
25,1,4
25,2,4
25,3,1
25,4,1
25,5,1
25,6,1
25,7,1
25,8,1
25,9,3
25,10,3
25,11,3
25,12,3
25,13,2
25,14,2
25,15,2
25,16,2
25,17,2
25,18,2
25,19,4
25,20,4
25,21,4
25,22,4
25,23,4
25,24,4
25,25,4
25,26,3
25,27,3
25,28,3
25,29,3
25,30,3
26,0,4
26,1,4
26,2,4
26,3,3
26,4,3
26,5,3
26,6,1
26,7,1
26,8,1
26,9,3
26,10,3
26,11,3
26,12,2
26,13,2
26,14,2
26,15,2
26,16,2
26,17,1
26,18,1
26,19,4
26,20,4
26,21,4
26,22,4
26,23,4
26,24,4
26,25,4
26,26,4
26,27,3
26,28,3
26,29,2
26,30,2
27,0,4
27,1,4
27,2,3
27,3,3
27,4,3
27,5,3
27,6,3
27,7,1
27,8,1
27,9,1
27,10,3
27,11,3
27,12,2
27,13,2
27,14,2
27,15,2
27,16,1
27,17,1
27,18,1
27,19,1
27,20,4
27,21,4
27,22,4
27,23,4
27,24,4
27,25,4
27,26,4
27,27,2
27,28,2
27,29,2
27,30,2
28,0,4
28,1,4
28,2,3
28,3,3
28,4,3
28,5,3
28,6,3
28,7,1
28,8,1
28,9,1
28,10,3
28,11,3
28,12,3
28,13,2
28,14,2
28,15,2
28,16,1
28,17,1
28,18,1
28,19,1
28,20,2
28,21,2
28,22,4
28,23,4
28,24,4
28,25,4
28,26,2
28,27,2
28,28,2
28,29,2
28,30,2
29,0,4
29,1,4
29,2,4
29,3,3
29,4,3
29,5,3
29,6,3
29,7,1
29,8,1
29,9,3
29,10,3
29,11,3
29,12,3
29,13,3
29,14,2
29,15,2
29,16,2
29,17,1
29,18,1
29,19,2
29,20,2
29,21,2
29,22,2
29,23,4
29,24,4
29,25,4
29,26,2
29,27,2
29,28,2
29,29,2
29,30,2
30,0,4
30,1,4
30,2,4
30,3,3
30,4,3
30,5,3
30,6,3
30,7,1
30,8,1
30,9,3
30,10,3
30,11,3
30,12,3
30,13,3
30,14,2
30,15,2
30,16,2
30,17,1
30,18,1
30,19,2
30,20,2
30,21,2
30,22,2
30,23,4
30,24,4
30,25,4
30,26,2
30,27,2
30,28,2
30,29,2
30,30,2