6
8
7
5
2,17
17,2
17,12
17,22
27,2
27,22
2,5,2
4,5,1
3,5,1
2,4,1
1,2,2
2,3,1
0,1,3
1,4,1
0,0,4
0,1,4
0,2,4
0,3,4
0,4,4
0,5,4
0,6,1
0,7,1
0,8,1
0,9,3
0,10,3
0,11,3
0,12,3
0,13,4
0,14,4
0,15,4
0,16,4
0,17,4
0,18,4
0,19,4
0,20,2
0,21,2
0,22,2
0,23,2
0,24,4
0,25,4
0,26,1
0,27,1
0,28,1
0,29,3
0,30,3
1,0,4
1,1,4
1,2,4
1,3,4
1,4,4
1,5,4
1,6,1
1,7,1
1,8,1
1,9,3
1,10,3
1,11,3
1,12,3
1,13,4
1,14,4
1,15,4
1,16,4
1,17,4
1,18,4
1,19,4
1,20,2
1,21,2
1,22,2
1,23,2
1,24,4
1,25,4
1,26,1
1,27,1
1,28,1
1,29,3
1,30,3
2,0,4
2,1,4
2,2,4
2,3,4
2,4,4
2,5,1
2,6,1
2,7,1
2,8,1
2,9,3
2,10,3
2,11,3
2,12,3
2,13,4
2,14,4
2,15,4
2,16,4
2,17,4
2,18,4
2,19,4
2,20,2
2,21,2
2,22,2
2,23,2
2,24,4
2,25,4
2,26,1
2,27,1
2,28,3
2,29,3
2,30,3
3,0,4
3,1,4
3,2,4
3,3,1
3,4,1
3,5,1
3,6,1
3,7,1
3,8,2
3,9,2
3,10,3
3,11,3
3,12,2
3,13,2
3,14,4
3,15,4
3,16,4
3,17,4
3,18,4
3,19,4
3,20,4
3,21,2
3,22,2
3,23,4
3,24,4
3,25,4
3,26,1
3,27,1
3,28,3
3,29,3
3,30,3
4,0,4
4,1,4
4,2,1
4,3,1
4,4,1
4,5,1
4,6,1
4,7,2
4,8,2
4,9,2
4,10,2
4,11,2
4,12,2
4,13,2
4,14,2
4,15,4
4,16,4
4,17,4
4,18,4
4,19,4
4,20,4
4,21,3
4,22,3
4,23,4
4,24,4
4,25,4
4,26,1
4,27,1
4,28,1
4,29,3
4,30,3
5,0,1
5,1,1
5,2,1
5,3,1
5,4,1
5,5,1
5,6,1
5,7,2
5,8,2
5,9,2
5,10,2
5,11,2
5,12,2
5,13,2
5,14,2
5,15,4
5,16,4
5,17,4
5,18,4
5,19,4
5,20,3
5,21,3
5,22,3
5,23,3
5,24,4
5,25,4
5,26,1
5,27,1
5,28,1
5,29,1
5,30,1
6,0,1
6,1,1
6,2,1
6,3,1
6,4,1
6,5,1
6,6,1
6,7,1
6,8,2
6,9,2
6,10,2
6,11,2
6,12,2
6,13,2
6,14,2
6,15,4
6,16,4
6,17,4
6,18,4
6,19,4
6,20,3
6,21,3
6,22,3
6,23,3
6,24,4
6,25,4
6,26,1
6,27,1
6,28,1
6,29,1
6,30,1
7,0,1
7,1,1
7,2,1
7,3,3
7,4,3
7,5,1
7,6,1
7,7,1
7,8,1
7,9,1
7,10,2
7,11,2
7,12,2
7,13,2
7,14,1
7,15,1
7,16,4
7,17,4
7,18,4
7,19,4
7,20,3
7,21,3
7,22,3
7,23,4
7,24,4
7,25,4
7,26,4
7,27,1
7,28,1
7,29,1
7,30,1
8,0,3
8,1,3
8,2,3
8,3,3
8,4,3
8,5,3
8,6,1
8,7,1
8,8,1
8,9,1
8,10,1
8,11,1
8,12,1
8,13,1
8,14,1
8,15,1
8,16,1
8,17,4
8,18,4
8,19,3
8,20,3
8,21,3
8,22,3
8,23,4
8,24,4
8,25,4
8,26,4
8,27,1
8,28,1
8,29,1
8,30,1
9,0,3
9,1,3
9,2,3
9,3,3
9,4,3
9,5,3
9,6,4
9,7,4
9,8,1
9,9,1
9,10,1
9,11,1
9,12,1
9,13,1
9,14,1
9,15,1
9,16,1
9,17,1
9,18,3
9,19,3
9,20,3
9,21,3
9,22,3
9,23,3
9,24,4
9,25,4
9,26,1
9,27,1
9,28,1
9,29,1
9,30,1
10,0,3
10,1,3
10,2,3
10,3,3
10,4,3
10,5,4
10,6,4
10,7,4
10,8,4
10,9,4
10,10,4
10,11,4
10,12,4
10,13,4
10,14,4
10,15,1
10,16,1
10,17,1
10,18,3
10,19,3
10,20,3
10,21,3
10,22,3
10,23,3
10,24,1
10,25,1
10,26,1
10,27,1
10,28,1
10,29,1
10,30,1
11,0,3
11,1,3
11,2,3
11,3,3
11,4,3
11,5,4
11,6,4
11,7,4
11,8,4
11,9,4
11,10,4
11,11,4
11,12,4
11,13,4
11,14,4
11,15,4
11,16,1
11,17,1
11,18,1
11,19,3
11,20,3
11,21,3
11,22,3
11,23,1
11,24,1
11,25,1
11,26,1
11,27,1
11,28,2
11,29,2
11,30,2
12,0,3
12,1,3
12,2,3
12,3,3
12,4,2
12,5,2
12,6,4
12,7,4
12,8,1
12,9,1
12,10,1
12,11,1
12,12,4
12,13,4
12,14,4
12,15,4
12,16,1
12,17,1
12,18,1
12,19,1
12,20,1
12,21,1
12,22,1
12,23,1
12,24,1
12,25,1
12,26,1
12,27,2
12,28,2
12,29,2
12,30,2
13,0,3
13,1,3
13,2,2
13,3,2
13,4,2
13,5,2
13,6,2
13,7,1
13,8,1
13,9,1
13,10,1
13,11,1
13,12,1
13,13,4
13,14,4
13,15,4
13,16,4
13,17,1
13,18,1
13,19,1
13,20,1
13,21,1
13,22,1
13,23,1
13,24,1
13,25,3
13,26,3
13,27,2
13,28,2
13,29,2
13,30,2
14,0,2
14,1,2
14,2,2
14,3,2
14,4,2
14,5,2
14,6,2
14,7,1
14,8,1
14,9,1
14,10,1
14,11,1
14,12,1
14,13,1
14,14,4
14,15,4
14,16,4
14,17,4
14,18,4
14,19,1
14,20,1
14,21,3
14,22,3
14,23,3
14,24,3
14,25,3
14,26,3
14,27,3
14,28,2
14,29,2
14,30,2
15,0,2
15,1,2
15,2,2
15,3,2
15,4,2
15,5,2
15,6,2
15,7,2
15,8,1
15,9,1
15,10,1
15,11,1
15,12,1
15,13,1
15,14,1
15,15,4
15,16,4
15,17,4
15,18,4
15,19,4
15,20,3
15,21,3
15,22,3
15,23,3
15,24,3
15,25,3
15,26,3
15,27,3
15,28,1
15,29,1
15,30,1
16,0,2
16,1,2
16,2,2
16,3,2
16,4,2
16,5,2
16,6,2
16,7,2
16,8,1
16,9,1
16,10,1
16,11,1
16,12,1
16,13,1
16,14,1
16,15,4
16,16,4
16,17,4
16,18,4
16,19,4
16,20,3
16,21,3
16,22,3
16,23,3
16,24,3
16,25,3
16,26,3
16,27,1
16,28,1
16,29,1
16,30,1
17,0,2
17,1,2
17,2,2
17,3,2
17,4,2
17,5,2
17,6,2
17,7,4
17,8,4
17,9,1
17,10,1
17,11,1
17,12,1
17,13,1
17,14,1
17,15,4
17,16,4
17,17,4
17,18,4
17,19,3
17,20,3
17,21,3
17,22,3
17,23,3
17,24,3
17,25,3
17,26,1
17,27,1
17,28,1
17,29,1
17,30,1
18,0,2
18,1,2
18,2,2
18,3,2
18,4,2
18,5,2
18,6,4
18,7,4
18,8,4
18,9,4
18,10,1
18,11,1
18,12,1
18,13,1
18,14,1
18,15,1
18,16,4
18,17,4
18,18,4
18,19,3
18,20,3
18,21,3
18,22,3
18,23,3
18,24,3
18,25,3
18,26,1
18,27,1
18,28,1
18,29,1
18,30,1
19,0,2
19,1,2
19,2,2
19,3,2
19,4,2
19,5,4
19,6,4
19,7,4
19,8,4
19,9,4
19,10,1
19,11,1
19,12,1
19,13,1
19,14,1
19,15,1
19,16,4
19,17,4
19,18,4
19,19,4
19,20,3
19,21,3
19,22,3
19,23,3
19,24,3
19,25,3
19,26,3
19,27,1
19,28,1
19,29,3
19,30,3
20,0,1
20,1,1
20,2,1
20,3,1
20,4,1
20,5,4
20,6,4
20,7,4
20,8,4
20,9,1
20,10,1
20,11,1
20,12,1
20,13,1
20,14,1
20,15,2
20,16,2
20,17,4
20,18,4
20,19,4
20,20,4
20,21,4
20,22,4
20,23,4
20,24,3
20,25,3
20,26,3
20,27,3
20,28,3
20,29,3
20,30,3
21,0,1
21,1,1
21,2,1
21,3,1
21,4,1
21,5,1
21,6,4
21,7,4
21,8,1
21,9,1
21,10,1
21,11,1
21,12,1
21,13,1
21,14,2
21,15,2
21,16,2
21,17,2
21,18,4
21,19,4
21,20,4
21,21,4
21,22,4
21,23,4
21,24,4
21,25,3
21,26,3
21,27,3
21,28,3
21,29,3
21,30,3
22,0,1
22,1,1
22,2,1
22,3,1
22,4,1
22,5,1
22,6,2
22,7,2
22,8,1
22,9,1
22,10,1
22,11,1
22,12,1
22,13,1
22,14,2
22,15,2
22,16,2
22,17,2
22,18,1
22,19,1
22,20,4
22,21,4
22,22,4
22,23,4
22,24,4
22,25,1
22,26,1
22,27,1
22,28,1
22,29,1
22,30,1
23,0,1
23,1,1
23,2,1
23,3,1
23,4,1
23,5,2
23,6,2
23,7,2
23,8,2
23,9,1
23,10,1
23,11,1
23,12,1
23,13,1
23,14,1
23,15,2
23,16,2
23,17,1
23,18,1
23,19,1
23,20,1
23,21,4
23,22,4
23,23,4
23,24,1
23,25,1
23,26,1
23,27,1
23,28,1
23,29,1
23,30,1
24,0,1
24,1,1
24,2,1
24,3,4
24,4,4
24,5,2
24,6,2
24,7,2
24,8,2
24,9,1
24,10,1
24,11,1
24,12,1
24,13,1
24,14,1
24,15,2
24,16,2
24,17,1
24,18,1
24,19,1
24,20,1
24,21,2
24,22,2
24,23,2
24,24,1
24,25,1
24,26,1
24,27,1
24,28,1
24,29,2
24,30,2
25,0,4
25,1,4
25,2,4
25,3,4
25,4,4
25,5,4
25,6,2
25,7,2
25,8,2
25,9,2
25,10,1
25,11,1
25,12,1
25,13,1
25,14,1
25,15,2
25,16,2
25,17,2
25,18,1
25,19,1
25,20,2
25,21,2
25,22,2
25,23,2
25,24,2
25,25,1
25,26,1
25,27,1
25,28,2
25,29,2
25,30,2
26,0,4
26,1,4
26,2,4
26,3,4
26,4,4
26,5,4
26,6,2
26,7,2
26,8,2
26,9,2
26,10,1
26,11,1
26,12,1
26,13,1
26,14,1
26,15,2
26,16,2
26,17,2
26,18,2
26,19,2
26,20,2
26,21,2
26,22,2
26,23,2
26,24,2
26,25,1
26,26,1
26,27,2
26,28,2
26,29,2
26,30,2
27,0,4
27,1,4
27,2,4
27,3,4
27,4,4
27,5,4
27,6,4
27,7,2
27,8,2
27,9,4
27,10,4
27,11,1
27,12,1
27,13,1
27,14,4
27,15,4
27,16,2
27,17,2
27,18,2
27,19,2
27,20,2
27,21,2
27,22,2
27,23,2
27,24,2
27,25,1
27,26,1
27,27,2
27,28,2
27,29,2
27,30,2
28,0,4
28,1,4
28,2,4
28,3,4
28,4,4
28,5,4
28,6,4
28,7,4
28,8,4
28,9,4
28,10,4
28,11,4
28,12,4
28,13,4
28,14,4
28,15,4
28,16,4
28,17,2
28,18,2
28,19,2
28,20,2
28,21,2
28,22,2
28,23,2
28,24,2
28,25,1
28,26,1
28,27,1
28,28,2
28,29,2
28,30,2
29,0,4
29,1,4
29,2,4
29,3,4
29,4,4
29,5,4
29,6,4
29,7,4
29,8,4
29,9,4
29,10,4
29,11,4
29,12,4
29,13,4
29,14,4
29,15,4
29,16,4
29,17,4
29,18,2
29,19,2
29,20,2
29,21,2
29,22,2
29,23,2
29,24,2
29,25,1
29,26,1
29,27,1
29,28,1
29,29,1
29,30,1
30,0,4
30,1,4
30,2,4
30,3,4
30,4,4
30,5,4
30,6,4
30,7,4
30,8,4
30,9,4
30,10,4
30,11,4
30,12,4
30,13,4
30,14,4
30,15,4
30,16,4
30,17,4
30,18,2
30,19,2
30,20,2
30,21,2
30,22,2
30,23,2
30,24,2
30,25,1
30,26,1
30,27,1
30,28,1
30,29,1
30,30,1