6
8
5
1
2,2
2,12
12,2
12,12
22,2
22,22
1,2,2
0,1,1
1,3,1
4,5,1
2,4,1
3,4,1
3,5,1
2,3,2
0,0,3
0,1,3
0,2,3
0,3,3
0,4,3
0,5,2
0,6,2
0,7,2
0,8,2
0,9,2
0,10,2
0,11,2
0,12,2
0,13,2
0,14,2
0,15,2
0,16,2
0,17,4
0,18,4
0,19,4
0,20,1
0,21,1
0,22,1
0,23,1
0,24,3
0,25,3
0,26,3
0,27,1
0,28,1
0,29,2
0,30,2
1,0,3
1,1,3
1,2,3
1,3,3
1,4,3
1,5,2
1,6,2
1,7,2
1,8,2
1,9,2
1,10,2
1,11,2
1,12,2
1,13,2
1,14,2
1,15,2
1,16,2
1,17,4
1,18,4
1,19,4
1,20,1
1,21,1
1,22,1
1,23,1
1,24,3
1,25,3
1,26,3
1,27,1
1,28,1
1,29,2
1,30,2
2,0,3
2,1,3
2,2,3
2,3,3
2,4,3
2,5,3
2,6,2
2,7,2
2,8,2
2,9,2
2,10,2
2,11,2
2,12,2
2,13,2
2,14,2
2,15,2
2,16,4
2,17,4
2,18,4
2,19,4
2,20,4
2,21,1
2,22,1
2,23,3
2,24,3
2,25,3
2,26,3
2,27,1
2,28,1
2,29,2
2,30,2
3,0,3
3,1,3
3,2,3
3,3,3
3,4,3
3,5,3
3,6,3
3,7,2
3,8,2
3,9,2
3,10,2
3,11,2
3,12,2
3,13,2
3,14,2
3,15,2
3,16,4
3,17,4
3,18,4
3,19,4
3,20,4
3,21,4
3,22,4
3,23,3
3,24,3
3,25,3
3,26,1
3,27,1
3,28,1
3,29,2
3,30,2
4,0,3
4,1,3
4,2,3
4,3,3
4,4,3
4,5,3
4,6,3
4,7,4
4,8,4
4,9,4
4,10,2
4,11,2
4,12,2
4,13,2
4,14,2
4,15,4
4,16,4
4,17,4
4,18,4
4,19,4
4,20,4
4,21,4
4,22,4
4,23,4
4,24,3
4,25,3
4,26,1
4,27,1
4,28,1
4,29,2
4,30,2
5,0,4
5,1,4
5,2,4
5,3,4
5,4,3
5,5,3
5,6,4
5,7,4
5,8,4
5,9,4
5,10,4
5,11,4
5,12,4
5,13,4
5,14,4
5,15,4
5,16,4
5,17,4
5,18,4
5,19,4
5,20,4
5,21,4
5,22,4
5,23,4
5,24,3
5,25,3
5,26,1
5,27,1
5,28,1
5,29,2
5,30,2
6,0,4
6,1,4
6,2,4
6,3,4
6,4,4
6,5,4
6,6,4
6,7,4
6,8,4
6,9,4
6,10,4
6,11,4
6,12,4
6,13,4
6,14,4
6,15,4
6,16,4
6,17,4
6,18,4
6,19,4
6,20,4
6,21,4
6,22,4
6,23,3
6,24,3
6,25,3
6,26,3
6,27,1
6,28,1
6,29,2
6,30,2
7,0,4
7,1,4
7,2,4
7,3,4
7,4,4
7,5,4
7,6,4
7,7,4
7,8,1
7,9,1
7,10,4
7,11,4
7,12,4
7,13,4
7,14,1
7,15,1
7,16,4
7,17,4
7,18,4
7,19,4
7,20,4
7,21,1
7,22,1
7,23,3
7,24,3
7,25,3
7,26,3
7,27,1
7,28,1
7,29,2
7,30,2
8,0,4
8,1,4
8,2,4
8,3,4
8,4,4
8,5,4
8,6,1
8,7,1
8,8,1
8,9,1
8,10,1
8,11,1
8,12,1
8,13,1
8,14,1
8,15,1
8,16,1
8,17,1
8,18,1
8,19,1
8,20,1
8,21,1
8,22,1
8,23,1
8,24,3
8,25,3
8,26,1
8,27,1
8,28,1
8,29,2
8,30,2
9,0,4
9,1,4
9,2,4
9,3,4
9,4,4
9,5,1
9,6,1
9,7,1
9,8,1
9,9,1
9,10,1
9,11,1
9,12,1
9,13,1
9,14,1
9,15,1
9,16,1
9,17,1
9,18,1
9,19,1
9,20,1
9,21,1
9,22,1
9,23,1
9,24,1
9,25,1
9,26,1
9,27,1
9,28,1
9,29,2
9,30,2
10,0,4
10,1,4
10,2,4
10,3,4
10,4,4
10,5,1
10,6,1
10,7,1
10,8,1
10,9,1
10,10,3
10,11,3
10,12,3
10,13,3
10,14,3
10,15,3
10,16,1
10,17,1
10,18,4
10,19,4
10,20,4
10,21,4
10,22,1
10,23,1
10,24,1
10,25,1
10,26,1
10,27,1
10,28,2
10,29,2
10,30,2
11,0,4
11,1,4
11,2,4
11,3,4
11,4,4
11,5,4
11,6,1
11,7,1
11,8,1
11,9,3
11,10,3
11,11,3
11,12,3
11,13,3
11,14,3
11,15,3
11,16,3
11,17,4
11,18,4
11,19,4
11,20,4
11,21,4
11,22,4
11,23,4
11,24,1
11,25,1
11,26,2
11,27,2
11,28,2
11,29,2
11,30,2
12,0,4
12,1,4
12,2,4
12,3,4
12,4,4
12,5,4
12,6,3
12,7,3
12,8,3
12,9,3
12,10,3
12,11,3
12,12,3
12,13,3
12,14,3
12,15,3
12,16,3
12,17,4
12,18,4
12,19,4
12,20,4
12,21,4
12,22,4
12,23,4
12,24,4
12,25,2
12,26,2
12,27,2
12,28,2
12,29,2
12,30,2
13,0,4
13,1,4
13,2,4
13,3,4
13,4,4
13,5,3
13,6,3
13,7,3
13,8,3
13,9,3
13,10,3
13,11,3
13,12,3
13,13,3
13,14,3
13,15,3
13,16,3
13,17,4
13,18,4
13,19,4
13,20,4
13,21,4
13,22,4
13,23,4
13,24,4
13,25,2
13,26,2
13,27,2
13,28,2
13,29,4
13,30,4
14,0,4
14,1,4
14,2,4
14,3,4
14,4,4
14,5,3
14,6,3
14,7,3
14,8,2
14,9,2
14,10,3
14,11,3
14,12,3
14,13,3
14,14,3
14,15,3
14,16,1
14,17,1
14,18,4
14,19,4
14,20,2
14,21,2
14,22,4
14,23,4
14,24,4
14,25,4
14,26,2
14,27,2
14,28,4
14,29,4
14,30,4
15,0,4
15,1,4
15,2,4
15,3,4
15,4,4
15,5,3
15,6,3
15,7,2
15,8,2
15,9,2
15,10,2
15,11,3
15,12,3
15,13,3
15,14,3
15,15,1
15,16,1
15,17,1
15,18,1
15,19,2
15,20,2
15,21,2
15,22,2
15,23,4
15,24,4
15,25,4
15,26,4
15,27,4
15,28,4
15,29,4
15,30,4
16,0,4
16,1,4
16,2,4
16,3,4
16,4,3
16,5,3
16,6,3
16,7,2
16,8,2
16,9,2
16,10,2
16,11,2
16,12,3
16,13,3
16,14,3
16,15,1
16,16,1
16,17,1
16,18,1
16,19,2
16,20,2
16,21,2
16,22,2
16,23,2
16,24,4
16,25,4
16,26,4
16,27,4
16,28,4
16,29,4
16,30,4
17,0,4
17,1,4
17,2,3
17,3,3
17,4,3
17,5,3
17,6,3
17,7,3
17,8,2
17,9,2
17,10,2
17,11,2
17,12,2
17,13,3
17,14,3
17,15,1
17,16,1
17,17,1
17,18,1
17,19,2
17,20,2
17,21,2
17,22,2
17,23,2
17,24,2
17,25,4
17,26,4
17,27,3
17,28,3
17,29,4
17,30,4
18,0,3
18,1,3
18,2,3
18,3,3
18,4,3
18,5,3
18,6,3
18,7,3
18,8,3
18,9,2
18,10,2
18,11,2
18,12,2
18,13,3
18,14,3
18,15,3
18,16,1
18,17,1
18,18,3
18,19,3
18,20,2
18,21,2
18,22,2
18,23,2
18,24,2
18,25,3
18,26,3
18,27,3
18,28,3
18,29,3
18,30,3
19,0,3
19,1,3
19,2,3
19,3,3
19,4,3
19,5,3
19,6,3
19,7,3
19,8,3
19,9,2
19,10,2
19,11,2
19,12,3
19,13,3
19,14,3
19,15,3
19,16,3
19,17,3
19,18,3
19,19,3
19,20,3
19,21,3
19,22,2
19,23,2
19,24,3
19,25,3
19,26,3
19,27,3
19,28,3
19,29,3
19,30,3
20,0,2
20,1,2
20,2,2
20,3,2
20,4,2
20,5,2
20,6,3
20,7,3
20,8,2
20,9,2
20,10,2
20,11,3
20,12,3
20,13,3
20,14,3
20,15,3
20,16,3
20,17,3
20,18,3
20,19,3
20,20,3
20,21,3
20,22,3
20,23,3
20,24,3
20,25,3
20,26,3
20,27,3
20,28,3
20,29,3
20,30,3
21,0,2
21,1,2
21,2,2
21,3,2
21,4,2
21,5,2
21,6,2
21,7,2
21,8,2
21,9,2
21,10,2
21,11,3
21,12,3
21,13,3
21,14,3
21,15,3
21,16,3
21,17,3
21,18,3
21,19,3
21,20,3
21,21,3
21,22,3
21,23,3
21,24,3
21,25,3
21,26,3
21,27,3
21,28,3
21,29,2
21,30,2
22,0,2
22,1,2
22,2,2
22,3,2
22,4,2
22,5,2
22,6,2
22,7,2
22,8,2
22,9,2
22,10,3
22,11,3
22,12,3
22,13,3
22,14,3
22,15,1
22,16,1
22,17,3
22,18,3
22,19,3
22,20,3
22,21,3
22,22,3
22,23,3
22,24,3
22,25,3
22,26,3
22,27,3
22,28,2
22,29,2
22,30,2
23,0,2
23,1,2
23,2,2
23,3,2
23,4,2
23,5,2
23,6,1
23,7,1
23,8,1
23,9,1
23,10,3
23,11,3
23,12,3
23,13,3
23,14,1
23,15,1
23,16,1
23,17,1
23,18,3
23,19,3
23,20,3
23,21,3
23,22,3
23,23,3
23,24,3
23,25,3
23,26,3
23,27,3
23,28,2
23,29,2
23,30,2
24,0,2
24,1,2
24,2,2
24,3,2
24,4,2
24,5,1
24,6,1
24,7,1
24,8,1
24,9,1
24,10,1
24,11,3
24,12,3
24,13,1
24,14,1
24,15,1
24,16,1
24,17,1
24,18,3
24,19,3
24,20,3
24,21,3
24,22,3
24,23,3
24,24,3
24,25,3
24,26,3
24,27,3
24,28,2
24,29,2
24,30,2
25,0,1
25,1,1
25,2,1
25,3,1
25,4,1
25,5,1
25,6,1
25,7,1
25,8,1
25,9,1
25,10,1
25,11,4
25,12,4
25,13,1
25,14,1
25,15,1
25,16,1
25,17,2
25,18,2
25,19,3
25,20,3
25,21,3
25,22,3
25,23,2
25,24,2
25,25,3
25,26,3
25,27,2
25,28,2
25,29,2
25,30,2
26,0,1
26,1,1
26,2,1
26,3,1
26,4,1
26,5,1
26,6,1
26,7,1
26,8,1
26,9,1
26,10,4
26,11,4
26,12,4
26,13,4
26,14,1
26,15,1
26,16,2
26,17,2
26,18,2
26,19,2
26,20,3
26,21,3
26,22,2
26,23,2
26,24,2
26,25,2
26,26,2
26,27,2
26,28,2
26,29,2
26,30,2
27,0,1
27,1,1
27,2,1
27,3,1
27,4,1
27,5,1
27,6,2
27,7,2
27,8,2
27,9,2
27,10,4
27,11,4
27,12,4
27,13,4
27,14,4
27,15,2
27,16,2
27,17,2
27,18,2
27,19,2
27,20,1
27,21,1
27,22,2
27,23,2
27,24,2
27,25,2
27,26,2
27,27,2
27,28,2
27,29,2
27,30,2
28,0,4
28,1,4
28,2,1
28,3,1
28,4,1
28,5,2
28,6,2
28,7,2
28,8,2
28,9,2
28,10,2
28,11,4
28,12,4
28,13,4
28,14,4
28,15,2
28,16,2
28,17,2
28,18,2
28,19,1
28,20,1
28,21,1
28,22,1
28,23,2
28,24,2
28,25,3
28,26,3
28,27,2
28,28,2
28,29,4
28,30,4
29,0,4
29,1,4
29,2,4
29,3,1
29,4,1
29,5,2
29,6,2
29,7,2
29,8,2
29,9,2
29,10,2
29,11,4
29,12,4
29,13,4
29,14,4
29,15,4
29,16,2
29,17,2
29,18,1
29,19,1
29,20,1
29,21,1
29,22,1
29,23,1
29,24,3
29,25,3
29,26,3
29,27,3
29,28,4
29,29,4
29,30,4
30,0,4
30,1,4
30,2,4
30,3,1
30,4,1
30,5,2
30,6,2
30,7,2
30,8,2
30,9,2
30,10,2
30,11,4
30,12,4
30,13,4
30,14,4
30,15,4
30,16,2
30,17,2
30,18,1
30,19,1
30,20,1
30,21,1
30,22,1
30,23,1
30,24,3
30,25,3
30,26,3
30,27,3
30,28,4
30,29,4
30,30,4