6
8
5
1
2,7
2,22
17,7
17,22
27,7
27,17
0,1,3
1,3,2
1,2,1
0,2,1
2,3,1
2,5,2
4,5,1
2,4,1
0,0,4
0,1,4
0,2,4
0,3,4
0,4,4
0,5,2
0,6,2
0,7,2
0,8,2
0,9,2
0,10,2
0,11,2
0,12,2
0,13,4
0,14,4
0,15,4
0,16,4
0,17,2
0,18,2
0,19,4
0,20,4
0,21,4
0,22,4
0,23,4
0,24,4
0,25,4
0,26,4
0,27,2
0,28,2
0,29,2
0,30,2
1,0,4
1,1,4
1,2,4
1,3,4
1,4,4
1,5,2
1,6,2
1,7,2
1,8,2
1,9,2
1,10,2
1,11,2
1,12,2
1,13,4
1,14,4
1,15,4
1,16,4
1,17,2
1,18,2
1,19,4
1,20,4
1,21,4
1,22,4
1,23,4
1,24,4
1,25,4
1,26,4
1,27,2
1,28,2
1,29,2
1,30,2
2,0,4
2,1,4
2,2,4
2,3,4
2,4,4
2,5,2
2,6,2
2,7,2
2,8,2
2,9,2
2,10,2
2,11,2
2,12,1
2,13,1
2,14,4
2,15,4
2,16,2
2,17,2
2,18,2
2,19,4
2,20,4
2,21,4
2,22,4
2,23,4
2,24,4
2,25,4
2,26,4
2,27,2
2,28,2
2,29,2
2,30,2
3,0,4
3,1,4
3,2,4
3,3,4
3,4,4
3,5,2
3,6,2
3,7,2
3,8,2
3,9,2
3,10,2
3,11,1
3,12,1
3,13,1
3,14,1
3,15,2
3,16,2
3,17,2
3,18,2
3,19,4
3,20,4
3,21,4
3,22,4
3,23,4
3,24,4
3,25,4
3,26,3
3,27,3
3,28,2
3,29,2
3,30,2
4,0,4
4,1,4
4,2,4
4,3,4
4,4,2
4,5,2
4,6,2
4,7,2
4,8,2
4,9,2
4,10,1
4,11,1
4,12,1
4,13,1
4,14,1
4,15,2
4,16,2
4,17,2
4,18,2
4,19,4
4,20,4
4,21,4
4,22,4
4,23,4
4,24,4
4,25,3
4,26,3
4,27,3
4,28,3
4,29,2
4,30,2
5,0,4
5,1,4
5,2,4
5,3,4
5,4,2
5,5,2
5,6,2
5,7,4
5,8,4
5,9,4
5,10,1
5,11,1
5,12,1
5,13,1
5,14,4
5,15,4
5,16,2
5,17,2
5,18,3
5,19,3
5,20,4
5,21,4
5,22,4
5,23,4
5,24,4
5,25,3
5,26,3
5,27,3
5,28,3
5,29,4
5,30,4
6,0,4
6,1,4
6,2,4
6,3,4
6,4,2
6,5,2
6,6,4
6,7,4
6,8,4
6,9,4
6,10,4
6,11,1
6,12,1
6,13,4
6,14,4
6,15,4
6,16,4
6,17,3
6,18,3
6,19,3
6,20,3
6,21,4
6,22,4
6,23,4
6,24,1
6,25,1
6,26,3
6,27,3
6,28,4
6,29,4
6,30,4
7,0,4
7,1,4
7,2,4
7,3,2
7,4,2
7,5,2
7,6,4
7,7,4
7,8,4
7,9,4
7,10,4
7,11,4
7,12,4
7,13,4
7,14,4
7,15,4
7,16,4
7,17,3
7,18,3
7,19,3
7,20,3
7,21,4
7,22,4
7,23,1
7,24,1
7,25,1
7,26,1
7,27,4
7,28,4
7,29,4
7,30,4
8,0,2
8,1,2
8,2,2
8,3,2
8,4,2
8,5,2
8,6,4
8,7,4
8,8,4
8,9,4
8,10,4
8,11,4
8,12,4
8,13,4
8,14,4
8,15,4
8,16,1
8,17,1
8,18,3
8,19,3
8,20,4
8,21,4
8,22,4
8,23,1
8,24,1
8,25,1
8,26,1
8,27,4
8,28,4
8,29,4
8,30,4
9,0,2
9,1,2
9,2,2
9,3,2
9,4,2
9,5,1
9,6,1
9,7,4
9,8,4
9,9,4
9,10,4
9,11,1
9,12,1
9,13,4
9,14,4
9,15,1
9,16,1
9,17,1
9,18,1
9,19,4
9,20,4
9,21,4
9,22,4
9,23,1
9,24,1
9,25,1
9,26,4
9,27,4
9,28,4
9,29,4
9,30,4
10,0,1
10,1,1
10,2,1
10,3,1
10,4,1
10,5,1
10,6,1
10,7,1
10,8,1
10,9,1
10,10,1
10,11,1
10,12,1
10,13,1
10,14,1
10,15,1
10,16,1
10,17,1
10,18,1
10,19,4
10,20,4
10,21,4
10,22,4
10,23,1
10,24,1
10,25,1
10,26,4
10,27,4
10,28,4
10,29,4
10,30,4
11,0,1
11,1,1
11,2,1
11,3,1
11,4,1
11,5,1
11,6,1
11,7,1
11,8,1
11,9,1
11,10,1
11,11,1
11,12,1
11,13,1
11,14,1
11,15,1
11,16,1
11,17,1
11,18,2
11,19,2
11,20,4
11,21,4
11,22,4
11,23,1
11,24,1
11,25,1
11,26,4
11,27,4
11,28,4
11,29,4
11,30,4
12,0,4
12,1,4
12,2,4
12,3,4
12,4,4
12,5,4
12,6,4
12,7,4
12,8,1
12,9,1
12,10,4
12,11,4
12,12,4
12,13,4
12,14,1
12,15,1
12,16,2
12,17,2
12,18,2
12,19,2
12,20,2
12,21,4
12,22,4
12,23,1
12,24,1
12,25,1
12,26,1
12,27,4
12,28,4
12,29,4
12,30,4
13,0,4
13,1,4
13,2,4
13,3,4
13,4,4
13,5,4
13,6,4
13,7,4
13,8,4
13,9,4
13,10,4
13,11,4
13,12,4
13,13,4
13,14,4
13,15,2
13,16,2
13,17,2
13,18,2
13,19,2
13,20,2
13,21,4
13,22,4
13,23,1
13,24,1
13,25,1
13,26,1
13,27,4
13,28,4
13,29,4
13,30,4
14,0,4
14,1,4
14,2,4
14,3,4
14,4,4
14,5,4
14,6,4
14,7,4
14,8,4
14,9,4
14,10,4
14,11,4
14,12,4
14,13,4
14,14,4
14,15,2
14,16,2
14,17,2
14,18,2
14,19,2
14,20,4
14,21,4
14,22,4
14,23,4
14,24,1
14,25,1
14,26,3
14,27,3
14,28,4
14,29,4
14,30,4
15,0,4
15,1,4
15,2,4
15,3,4
15,4,3
15,5,3
15,6,3
15,7,3
15,8,3
15,9,3
15,10,3
15,11,3
15,12,4
15,13,4
15,14,2
15,15,2
15,16,2
15,17,2
15,18,2
15,19,4
15,20,4
15,21,4
15,22,4
15,23,4
15,24,4
15,25,3
15,26,3
15,27,3
15,28,3
15,29,4
15,30,4
16,0,4
16,1,4
16,2,3
16,3,3
16,4,3
16,5,3
16,6,3
16,7,3
16,8,3
16,9,3
16,10,3
16,11,3
16,12,3
16,13,2
16,14,2
16,15,2
16,16,2
16,17,2
16,18,4
16,19,4
16,20,4
16,21,4
16,22,4
16,23,4
16,24,4
16,25,3
16,26,3
16,27,3
16,28,3
16,29,1
16,30,1
17,0,3
17,1,3
17,2,3
17,3,3
17,4,3
17,5,3
17,6,3
17,7,3
17,8,3
17,9,3
17,10,3
17,11,3
17,12,3
17,13,2
17,14,2
17,15,2
17,16,2
17,17,2
17,18,4
17,19,4
17,20,4
17,21,4
17,22,4
17,23,4
17,24,4
17,25,4
17,26,3
17,27,3
17,28,1
17,29,1
17,30,1
18,0,3
18,1,3
18,2,3
18,3,3
18,4,3
18,5,3
18,6,3
18,7,3
18,8,3
18,9,3
18,10,3
18,11,3
18,12,2
18,13,2
18,14,2
18,15,2
18,16,2
18,17,2
18,18,2
18,19,4
18,20,4
18,21,4
18,22,4
18,23,4
18,24,4
18,25,4
18,26,2
18,27,2
18,28,1
18,29,1
18,30,1
19,0,3
19,1,3
19,2,4
19,3,4
19,4,4
19,5,3
19,6,3
19,7,3
19,8,3
19,9,3
19,10,3
19,11,2
19,12,2
19,13,2
19,14,2
19,15,2
19,16,2
19,17,2
19,18,2
19,19,2
19,20,4
19,21,4
19,22,4
19,23,4
19,24,4
19,25,2
19,26,2
19,27,2
19,28,2
19,29,1
19,30,1
20,0,4
20,1,4
20,2,4
20,3,4
20,4,4
20,5,4
20,6,3
20,7,3
20,8,3
20,9,3
20,10,3
20,11,2
20,12,2
20,13,2
20,14,4
20,15,4
20,16,4
20,17,2
20,18,2
20,19,2
20,20,2
20,21,2
20,22,4
20,23,4
20,24,2
20,25,2
20,26,2
20,27,2
20,28,2
20,29,4
20,30,4
21,0,4
21,1,4
21,2,4
21,3,4
21,4,4
21,5,4
21,6,3
21,7,3
21,8,3
21,9,3
21,10,2
21,11,2
21,12,2
21,13,4
21,14,4
21,15,4
21,16,4
21,17,4
21,18,2
21,19,2
21,20,2
21,21,2
21,22,2
21,23,2
21,24,2
21,25,2
21,26,2
21,27,2
21,28,4
21,29,4
21,30,4
22,0,3
22,1,3
22,2,3
22,3,4
22,4,4
22,5,3
22,6,3
22,7,3
22,8,3
22,9,2
22,10,2
22,11,2
22,12,2
22,13,4
22,14,4
22,15,4
22,16,4
22,17,4
22,18,1
22,19,1
22,20,2
22,21,2
22,22,2
22,23,2
22,24,2
22,25,2
22,26,2
22,27,4
22,28,4
22,29,4
22,30,4
23,0,3
23,1,3
23,2,3
23,3,3
23,4,3
23,5,3
23,6,3
23,7,3
23,8,3
23,9,2
23,10,2
23,11,2
23,12,2
23,13,4
23,14,4
23,15,4
23,16,4
23,17,1
23,18,1
23,19,1
23,20,1
23,21,1
23,22,1
23,23,1
23,24,1
23,25,1
23,26,1
23,27,4
23,28,4
23,29,4
23,30,4
24,0,3
24,1,3
24,2,3
24,3,3
24,4,3
24,5,3
24,6,3
24,7,3
24,8,1
24,9,1
24,10,2
24,11,2
24,12,2
24,13,2
24,14,4
24,15,4
24,16,1
24,17,1
24,18,1
24,19,1
24,20,1
24,21,1
24,22,1
24,23,1
24,24,1
24,25,1
24,26,1
24,27,1
24,28,4
24,29,4
24,30,4
25,0,3
25,1,3
25,2,3
25,3,3
25,4,1
25,5,1
25,6,1
25,7,1
25,8,1
25,9,1
25,10,1
25,11,2
25,12,2
25,13,2
25,14,2
25,15,1
25,16,1
25,17,1
25,18,1
25,19,1
25,20,1
25,21,1
25,22,4
25,23,4
25,24,4
25,25,1
25,26,1
25,27,1
25,28,1
25,29,1
25,30,1
26,0,3
26,1,3
26,2,3
26,3,1
26,4,1
26,5,1
26,6,1
26,7,1
26,8,1
26,9,1
26,10,1
26,11,1
26,12,2
26,13,2
26,14,2
26,15,1
26,16,1
26,17,1
26,18,1
26,19,1
26,20,1
26,21,4
26,22,4
26,23,4
26,24,4
26,25,4
26,26,1
26,27,1
26,28,1
26,29,1
26,30,1
27,0,3
27,1,3
27,2,3
27,3,1
27,4,1
27,5,1
27,6,1
27,7,1
27,8,1
27,9,1
27,10,1
27,11,1
27,12,1
27,13,2
27,14,2
27,15,1
27,16,1
27,17,1
27,18,1
27,19,1
27,20,4
27,21,4
27,22,4
27,23,4
27,24,4
27,25,4
27,26,2
27,27,2
27,28,2
27,29,2
27,30,2
28,0,3
28,1,3
28,2,1
28,3,1
28,4,1
28,5,1
28,6,1
28,7,1
28,8,1
28,9,1
28,10,1
28,11,1
28,12,1
28,13,2
28,14,2
28,15,1
28,16,1
28,17,1
28,18,1
28,19,1
28,20,4
28,21,4
28,22,4
28,23,4
28,24,4
28,25,2
28,26,2
28,27,2
28,28,2
28,29,2
28,30,2
29,0,1
29,1,1
29,2,1
29,3,1
29,4,1
29,5,1
29,6,1
29,7,1
29,8,1
29,9,1
29,10,1
29,11,1
29,12,1
29,13,2
29,14,2
29,15,1
29,16,1
29,17,1
29,18,1
29,19,1
29,20,4
29,21,4
29,22,4
29,23,4
29,24,4
29,25,2
29,26,2
29,27,2
29,28,2
29,29,2
29,30,2
30,0,1
30,1,1
30,2,1
30,3,1
30,4,1
30,5,1
30,6,1
30,7,1
30,8,1
30,9,1
30,10,1
30,11,1
30,12,1
30,13,2
30,14,2
30,15,1
30,16,1
30,17,1
30,18,1
30,19,1
30,20,4
30,21,4
30,22,4
30,23,4
30,24,4
30,25,2
30,26,2
30,27,2
30,28,2
30,29,2
30,30,2