6
8
9
2
7,7
7,27
17,2
17,17
27,7
27,27
2,3,3
4,5,3
3,4,1
1,5,4
1,3,1
0,1,2
3,5,2
0,3,2
0,0,4
0,1,4
0,2,3
0,3,3
0,4,3
0,5,3
0,6,4
0,7,4
0,8,4
0,9,4
0,10,1
0,11,1
0,12,2
0,13,2
0,14,1
0,15,1
0,16,1
0,17,4
0,18,4
0,19,2
0,20,2
0,21,2
0,22,1
0,23,1
0,24,4
0,25,4
0,26,4
0,27,4
0,28,1
0,29,1
0,30,1
1,0,4
1,1,4
1,2,3
1,3,3
1,4,3
1,5,3
1,6,4
1,7,4
1,8,4
1,9,4
1,10,1
1,11,1
1,12,2
1,13,2
1,14,1
1,15,1
1,16,1
1,17,4
1,18,4
1,19,2
1,20,2
1,21,2
1,22,1
1,23,1
1,24,4
1,25,4
1,26,4
1,27,4
1,28,1
1,29,1
1,30,1
2,0,4
2,1,4
2,2,4
2,3,3
2,4,3
2,5,1
2,6,1
2,7,4
2,8,4
2,9,1
2,10,1
2,11,1
2,12,2
2,13,2
2,14,1
2,15,1
2,16,1
2,17,4
2,18,4
2,19,2
2,20,2
2,21,2
2,22,1
2,23,1
2,24,4
2,25,4
2,26,4
2,27,4
2,28,4
2,29,1
2,30,1
3,0,4
3,1,4
3,2,4
3,3,1
3,4,1
3,5,1
3,6,1
3,7,1
3,8,1
3,9,1
3,10,1
3,11,1
3,12,2
3,13,2
3,14,1
3,15,1
3,16,4
3,17,4
3,18,4
3,19,2
3,20,2
3,21,1
3,22,1
3,23,1
3,24,4
3,25,4
3,26,4
3,27,4
3,28,4
3,29,4
3,30,4
4,0,4
4,1,4
4,2,1
4,3,1
4,4,1
4,5,1
4,6,1
4,7,1
4,8,1
4,9,1
4,10,1
4,11,2
4,12,2
4,13,2
4,14,1
4,15,1
4,16,4
4,17,4
4,18,4
4,19,2
4,20,2
4,21,1
4,22,1
4,23,1
4,24,4
4,25,4
4,26,4
4,27,4
4,28,4
4,29,4
4,30,4
5,0,1
5,1,1
5,2,1
5,3,1
5,4,1
5,5,3
5,6,3
5,7,3
5,8,3
5,9,3
5,10,3
5,11,2
5,12,2
5,13,2
5,14,1
5,15,1
5,16,4
5,17,4
5,18,4
5,19,2
5,20,2
5,21,2
5,22,1
5,23,1
5,24,4
5,25,4
5,26,4
5,27,4
5,28,4
5,29,4
5,30,4
6,0,1
6,1,1
6,2,1
6,3,1
6,4,3
6,5,3
6,6,3
6,7,3
6,8,3
6,9,3
6,10,3
6,11,3
6,12,2
6,13,2
6,14,1
6,15,1
6,16,4
6,17,4
6,18,2
6,19,2
6,20,2
6,21,2
6,22,1
6,23,1
6,24,4
6,25,4
6,26,4
6,27,4
6,28,4
6,29,4
6,30,4
7,0,3
7,1,3
7,2,3
7,3,3
7,4,3
7,5,3
7,6,3
7,7,3
7,8,3
7,9,3
7,10,3
7,11,3
7,12,2
7,13,2
7,14,1
7,15,1
7,16,4
7,17,4
7,18,2
7,19,2
7,20,2
7,21,2
7,22,1
7,23,1
7,24,1
7,25,4
7,26,4
7,27,4
7,28,4
7,29,4
7,30,4
8,0,3
8,1,3
8,2,3
8,3,3
8,4,3
8,5,3
8,6,3
8,7,3
8,8,3
8,9,3
8,10,3
8,11,2
8,12,2
8,13,2
8,14,1
8,15,1
8,16,4
8,17,4
8,18,4
8,19,2
8,20,2
8,21,1
8,22,1
8,23,1
8,24,1
8,25,4
8,26,4
8,27,4
8,28,4
8,29,4
8,30,4
9,0,2
9,1,2
9,2,3
9,3,3
9,4,3
9,5,3
9,6,3
9,7,3
9,8,3
9,9,3
9,10,2
9,11,2
9,12,2
9,13,2
9,14,1
9,15,1
9,16,4
9,17,4
9,18,4
9,19,4
9,20,1
9,21,1
9,22,1
9,23,1
9,24,1
9,25,4
9,26,4
9,27,4
9,28,4
9,29,4
9,30,4
10,0,2
10,1,2
10,2,2
10,3,2
10,4,2
10,5,2
10,6,2
10,7,2
10,8,2
10,9,2
10,10,2
10,11,2
10,12,2
10,13,1
10,14,1
10,15,1
10,16,4
10,17,4
10,18,4
10,19,4
10,20,1
10,21,1
10,22,1
10,23,1
10,24,4
10,25,4
10,26,4
10,27,4
10,28,4
10,29,2
10,30,2
11,0,2
11,1,2
11,2,2
11,3,2
11,4,2
11,5,2
11,6,2
11,7,2
11,8,2
11,9,2
11,10,2
11,11,2
11,12,1
11,13,1
11,14,1
11,15,1
11,16,4
11,17,4
11,18,4
11,19,4
11,20,1
11,21,1
11,22,1
11,23,1
11,24,4
11,25,4
11,26,4
11,27,2
11,28,2
11,29,2
11,30,2
12,0,1
12,1,1
12,2,1
12,3,1
12,4,1
12,5,1
12,6,2
12,7,2
12,8,2
12,9,2
12,10,4
12,11,4
12,12,1
12,13,1
12,14,1
12,15,4
12,16,4
12,17,4
12,18,4
12,19,4
12,20,4
12,21,1
12,22,1
12,23,4
12,24,4
12,25,4
12,26,2
12,27,2
12,28,2
12,29,2
12,30,2
13,0,1
13,1,1
13,2,1
13,3,1
13,4,1
13,5,1
13,6,1
13,7,2
13,8,2
13,9,4
13,10,4
13,11,4
13,12,4
13,13,1
13,14,1
13,15,4
13,16,4
13,17,4
13,18,4
13,19,4
13,20,4
13,21,4
13,22,4
13,23,4
13,24,4
13,25,4
13,26,2
13,27,2
13,28,2
13,29,2
13,30,2
14,0,4
14,1,4
14,2,4
14,3,4
14,4,1
14,5,1
14,6,1
14,7,1
14,8,4
14,9,4
14,10,4
14,11,4
14,12,4
14,13,1
14,14,1
14,15,1
14,16,4
14,17,4
14,18,4
14,19,4
14,20,4
14,21,4
14,22,4
14,23,4
14,24,4
14,25,3
14,26,3
14,27,2
14,28,2
14,29,3
14,30,3
15,0,4
15,1,4
15,2,4
15,3,4
15,4,4
15,5,1
15,6,1
15,7,1
15,8,4
15,9,4
15,10,4
15,11,4
15,12,4
15,13,1
15,14,1
15,15,1
15,16,1
15,17,1
15,18,1
15,19,1
15,20,4
15,21,4
15,22,3
15,23,3
15,24,3
15,25,3
15,26,3
15,27,3
15,28,3
15,29,3
15,30,3
16,0,4
16,1,4
16,2,4
16,3,4
16,4,4
16,5,1
16,6,1
16,7,4
16,8,4
16,9,4
16,10,4
16,11,4
16,12,4
16,13,1
16,14,1
16,15,1
16,16,1
16,17,1
16,18,1
16,19,1
16,20,1
16,21,3
16,22,3
16,23,3
16,24,3
16,25,3
16,26,3
16,27,3
16,28,3
16,29,3
16,30,3
17,0,4
17,1,4
17,2,4
17,3,4
17,4,4
17,5,1
17,6,1
17,7,4
17,8,4
17,9,4
17,10,4
17,11,4
17,12,1
17,13,1
17,14,1
17,15,1
17,16,1
17,17,1
17,18,1
17,19,1
17,20,1
17,21,3
17,22,3
17,23,3
17,24,4
17,25,4
17,26,4
17,27,4
17,28,3
17,29,3
17,30,3
18,0,4
18,1,4
18,2,4
18,3,4
18,4,4
18,5,1
18,6,1
18,7,1
18,8,4
18,9,4
18,10,1
18,11,1
18,12,1
18,13,1
18,14,1
18,15,1
18,16,1
18,17,1
18,18,1
18,19,1
18,20,1
18,21,3
18,22,3
18,23,4
18,24,4
18,25,4
18,26,4
18,27,4
18,28,4
18,29,3
18,30,3
19,0,4
19,1,4
19,2,4
19,3,4
19,4,4
19,5,1
19,6,1
19,7,1
19,8,1
19,9,1
19,10,1
19,11,1
19,12,1
19,13,1
19,14,1
19,15,1
19,16,1
19,17,1
19,18,1
19,19,1
19,20,3
19,21,3
19,22,3
19,23,4
19,24,4
19,25,4
19,26,4
19,27,4
19,28,4
19,29,4
19,30,4
20,0,4
20,1,4
20,2,4
20,3,4
20,4,2
20,5,2
20,6,1
20,7,1
20,8,1
20,9,1
20,10,1
20,11,1
20,12,1
20,13,1
20,14,3
20,15,3
20,16,3
20,17,3
20,18,3
20,19,3
20,20,3
20,21,3
20,22,3
20,23,3
20,24,4
20,25,4
20,26,4
20,27,4
20,28,4
20,29,4
20,30,4
21,0,4
21,1,4
21,2,4
21,3,2
21,4,2
21,5,2
21,6,2
21,7,1
21,8,1
21,9,1
21,10,1
21,11,1
21,12,1
21,13,3
21,14,3
21,15,3
21,16,3
21,17,3
21,18,3
21,19,3
21,20,3
21,21,3
21,22,3
21,23,3
21,24,3
21,25,4
21,26,4
21,27,4
21,28,4
21,29,4
21,30,4
22,0,4
22,1,4
22,2,4
22,3,2
22,4,2
22,5,2
22,6,2
22,7,2
22,8,1
22,9,1
22,10,1
22,11,2
22,12,2
22,13,3
22,14,3
22,15,3
22,16,3
22,17,4
22,18,4
22,19,4
22,20,4
22,21,4
22,22,3
22,23,3
22,24,3
22,25,3
22,26,3
22,27,3
22,28,3
22,29,3
22,30,3
23,0,4
23,1,4
23,2,4
23,3,4
23,4,2
23,5,2
23,6,2
23,7,2
23,8,2
23,9,2
23,10,2
23,11,2
23,12,2
23,13,2
23,14,3
23,15,3
23,16,4
23,17,4
23,18,4
23,19,4
23,20,4
23,21,4
23,22,4
23,23,3
23,24,3
23,25,3
23,26,3
23,27,3
23,28,3
23,29,3
23,30,3
24,0,4
24,1,4
24,2,4
24,3,4
24,4,1
24,5,1
24,6,2
24,7,2
24,8,2
24,9,2
24,10,2
24,11,2
24,12,2
24,13,2
24,14,2
24,15,4
24,16,4
24,17,4
24,18,4
24,19,4
24,20,4
24,21,4
24,22,4
24,23,1
24,24,1
24,25,1
24,26,1
24,27,3
24,28,3
24,29,3
24,30,3
25,0,4
25,1,4
25,2,4
25,3,1
25,4,1
25,5,1
25,6,1
25,7,1
25,8,1
25,9,1
25,10,2
25,11,2
25,12,2
25,13,2
25,14,2
25,15,4
25,16,4
25,17,4
25,18,4
25,19,4
25,20,4
25,21,4
25,22,1
25,23,1
25,24,1
25,25,1
25,26,1
25,27,1
25,28,1
25,29,1
25,30,1
26,0,4
26,1,4
26,2,4
26,3,1
26,4,1
26,5,1
26,6,1
26,7,1
26,8,1
26,9,1
26,10,1
26,11,2
26,12,2
26,13,2
26,14,2
26,15,4
26,16,4
26,17,4
26,18,4
26,19,4
26,20,4
26,21,4
26,22,1
26,23,1
26,24,1
26,25,1
26,26,1
26,27,1
26,28,1
26,29,1
26,30,1
27,0,4
27,1,4
27,2,3
27,3,3
27,4,1
27,5,1
27,6,1
27,7,1
27,8,1
27,9,1
27,10,1
27,11,1
27,12,2
27,13,2
27,14,4
27,15,4
27,16,4
27,17,4
27,18,4
27,19,4
27,20,4
27,21,4
27,22,4
27,23,1
27,24,1
27,25,1
27,26,1
27,27,1
27,28,1
27,29,1
27,30,1
28,0,3
28,1,3
28,2,3
28,3,3
28,4,3
28,5,1
28,6,1
28,7,1
28,8,1
28,9,1
28,10,1
28,11,1
28,12,4
28,13,4
28,14,4
28,15,4
28,16,4
28,17,1
28,18,1
28,19,1
28,20,4
28,21,4
28,22,4
28,23,1
28,24,1
28,25,1
28,26,1
28,27,1
28,28,1
28,29,1
28,30,1
29,0,3
29,1,3
29,2,3
29,3,3
29,4,3
29,5,1
29,6,1
29,7,1
29,8,1
29,9,1
29,10,1
29,11,4
29,12,4
29,13,4
29,14,4
29,15,4
29,16,1
29,17,1
29,18,1
29,19,1
29,20,1
29,21,4
29,22,4
29,23,1
29,24,1
29,25,1
29,26,1
29,27,1
29,28,1
29,29,1
29,30,1
30,0,3
30,1,3
30,2,3
30,3,3
30,4,3
30,5,1
30,6,1
30,7,1
30,8,1
30,9,1
30,10,1
30,11,4
30,12,4
30,13,4
30,14,4
30,15,4
30,16,1
30,17,1
30,18,1
30,19,1
30,20,1
30,21,4
30,22,4
30,23,1
30,24,1
30,25,1
30,26,1
30,27,1
30,28,1
30,29,1
30,30,1