6
8
8
4
2,2
2,12
12,2
12,12
27,17
27,27
2,4,3
4,5,2
2,3,2
1,3,2
3,5,1
1,2,2
0,2,1
0,1,2
0,0,4
0,1,4
0,2,4
0,3,4
0,4,4
0,5,4
0,6,4
0,7,3
0,8,3
0,9,3
0,10,3
0,11,3
0,12,3
0,13,3
0,14,3
0,15,2
0,16,2
0,17,1
0,18,1
0,19,1
0,20,1
0,21,1
0,22,1
0,23,2
0,24,2
0,25,4
0,26,4
0,27,4
0,28,2
0,29,2
0,30,2
1,0,4
1,1,4
1,2,4
1,3,4
1,4,4
1,5,4
1,6,4
1,7,3
1,8,3
1,9,3
1,10,3
1,11,3
1,12,3
1,13,3
1,14,3
1,15,2
1,16,2
1,17,1
1,18,1
1,19,1
1,20,1
1,21,1
1,22,1
1,23,2
1,24,2
1,25,4
1,26,4
1,27,4
1,28,2
1,29,2
1,30,2
2,0,4
2,1,4
2,2,4
2,3,4
2,4,4
2,5,4
2,6,2
2,7,2
2,8,3
2,9,3
2,10,3
2,11,3
2,12,3
2,13,3
2,14,3
2,15,2
2,16,2
2,17,2
2,18,1
2,19,1
2,20,1
2,21,1
2,22,2
2,23,2
2,24,2
2,25,4
2,26,4
2,27,4
2,28,4
2,29,2
2,30,2
3,0,4
3,1,4
3,2,4
3,3,4
3,4,4
3,5,2
3,6,2
3,7,2
3,8,2
3,9,3
3,10,3
3,11,3
3,12,3
3,13,3
3,14,3
3,15,2
3,16,2
3,17,2
3,18,2
3,19,2
3,20,2
3,21,2
3,22,2
3,23,2
3,24,2
3,25,4
3,26,4
3,27,4
3,28,4
3,29,1
3,30,1
4,0,4
4,1,4
4,2,4
4,3,4
4,4,4
4,5,2
4,6,2
4,7,2
4,8,2
4,9,2
4,10,3
4,11,3
4,12,3
4,13,3
4,14,3
4,15,3
4,16,2
4,17,2
4,18,2
4,19,2
4,20,2
4,21,2
4,22,2
4,23,2
4,24,1
4,25,1
4,26,4
4,27,4
4,28,1
4,29,1
4,30,1
5,0,4
5,1,4
5,2,4
5,3,4
5,4,1
5,5,1
5,6,2
5,7,2
5,8,2
5,9,2
5,10,2
5,11,3
5,12,3
5,13,3
5,14,3
5,15,3
5,16,3
5,17,3
5,18,3
5,19,3
5,20,3
5,21,2
5,22,2
5,23,1
5,24,1
5,25,1
5,26,1
5,27,1
5,28,1
5,29,1
5,30,1
6,0,4
6,1,4
6,2,4
6,3,1
6,4,1
6,5,1
6,6,1
6,7,2
6,8,2
6,9,2
6,10,2
6,11,1
6,12,1
6,13,3
6,14,3
6,15,3
6,16,3
6,17,3
6,18,3
6,19,3
6,20,3
6,21,3
6,22,3
6,23,1
6,24,1
6,25,1
6,26,1
6,27,1
6,28,1
6,29,1
6,30,1
7,0,4
7,1,4
7,2,4
7,3,1
7,4,1
7,5,1
7,6,1
7,7,1
7,8,2
7,9,2
7,10,1
7,11,1
7,12,1
7,13,1
7,14,3
7,15,3
7,16,1
7,17,1
7,18,3
7,19,3
7,20,3
7,21,3
7,22,3
7,23,3
7,24,1
7,25,1
7,26,1
7,27,1
7,28,1
7,29,1
7,30,1
8,0,4
8,1,4
8,2,4
8,3,1
8,4,1
8,5,1
8,6,1
8,7,1
8,8,4
8,9,4
8,10,1
8,11,1
8,12,1
8,13,1
8,14,1
8,15,1
8,16,1
8,17,1
8,18,1
8,19,1
8,20,1
8,21,3
8,22,3
8,23,3
8,24,3
8,25,1
8,26,1
8,27,2
8,28,2
8,29,1
8,30,1
9,0,4
9,1,4
9,2,1
9,3,1
9,4,1
9,5,1
9,6,1
9,7,4
9,8,4
9,9,4
9,10,4
9,11,1
9,12,1
9,13,1
9,14,1
9,15,1
9,16,1
9,17,1
9,18,1
9,19,1
9,20,1
9,21,1
9,22,3
9,23,3
9,24,3
9,25,3
9,26,2
9,27,2
9,28,2
9,29,2
9,30,2
10,0,1
10,1,1
10,2,1
10,3,1
10,4,1
10,5,1
10,6,1
10,7,4
10,8,4
10,9,4
10,10,4
10,11,4
10,12,4
10,13,4
10,14,4
10,15,4
10,16,4
10,17,1
10,18,1
10,19,1
10,20,1
10,21,1
10,22,3
10,23,3
10,24,3
10,25,3
10,26,2
10,27,2
10,28,2
10,29,2
10,30,2
11,0,1
11,1,1
11,2,1
11,3,1
11,4,1
11,5,1
11,6,1
11,7,4
11,8,4
11,9,4
11,10,4
11,11,4
11,12,4
11,13,4
11,14,4
11,15,4
11,16,4
11,17,4
11,18,1
11,19,1
11,20,1
11,21,1
11,22,1
11,23,3
11,24,3
11,25,4
11,26,4
11,27,2
11,28,2
11,29,2
11,30,2
12,0,1
12,1,1
12,2,1
12,3,1
12,4,1
12,5,1
12,6,1
12,7,4
12,8,4
12,9,4
12,10,4
12,11,4
12,12,4
12,13,4
12,14,4
12,15,4
12,16,4
12,17,4
12,18,1
12,19,1
12,20,1
12,21,1
12,22,1
12,23,4
12,24,4
12,25,4
12,26,4
12,27,4
12,28,2
12,29,2
12,30,2
13,0,1
13,1,1
13,2,1
13,3,1
13,4,1
13,5,1
13,6,4
13,7,4
13,8,4
13,9,4
13,10,4
13,11,4
13,12,4
13,13,4
13,14,4
13,15,4
13,16,4
13,17,4
13,18,1
13,19,1
13,20,1
13,21,1
13,22,4
13,23,4
13,24,4
13,25,4
13,26,4
13,27,4
13,28,2
13,29,2
13,30,2
14,0,1
14,1,1
14,2,1
14,3,1
14,4,1
14,5,4
14,6,4
14,7,4
14,8,4
14,9,4
14,10,4
14,11,4
14,12,4
14,13,4
14,14,4
14,15,4
14,16,4
14,17,3
14,18,3
14,19,1
14,20,1
14,21,4
14,22,4
14,23,4
14,24,4
14,25,4
14,26,4
14,27,4
14,28,2
14,29,2
14,30,2
15,0,4
15,1,4
15,2,4
15,3,4
15,4,4
15,5,4
15,6,4
15,7,4
15,8,4
15,9,3
15,10,3
15,11,3
15,12,3
15,13,3
15,14,3
15,15,3
15,16,3
15,17,3
15,18,3
15,19,3
15,20,3
15,21,4
15,22,4
15,23,4
15,24,4
15,25,4
15,26,4
15,27,4
15,28,2
15,29,2
15,30,2
16,0,4
16,1,4
16,2,4
16,3,4
16,4,4
16,5,4
16,6,4
16,7,4
16,8,3
16,9,3
16,10,3
16,11,3
16,12,3
16,13,3
16,14,3
16,15,3
16,16,3
16,17,3
16,18,3
16,19,3
16,20,3
16,21,3
16,22,4
16,23,4
16,24,4
16,25,4
16,26,4
16,27,3
16,28,3
16,29,2
16,30,2
17,0,4
17,1,4
17,2,4
17,3,2
17,4,2
17,5,4
17,6,4
17,7,3
17,8,3
17,9,3
17,10,3
17,11,1
17,12,1
17,13,3
17,14,3
17,15,2
17,16,2
17,17,3
17,18,3
17,19,3
17,20,3
17,21,3
17,22,3
17,23,3
17,24,3
17,25,3
17,26,3
17,27,3
17,28,3
17,29,3
17,30,3
18,0,2
18,1,2
18,2,2
18,3,2
18,4,2
18,5,2
18,6,3
18,7,3
18,8,3
18,9,3
18,10,1
18,11,1
18,12,1
18,13,1
18,14,2
18,15,2
18,16,2
18,17,2
18,18,3
18,19,3
18,20,3
18,21,3
18,22,3
18,23,3
18,24,3
18,25,3
18,26,3
18,27,3
18,28,3
18,29,3
18,30,3
19,0,2
19,1,2
19,2,2
19,3,2
19,4,2
19,5,2
19,6,3
19,7,3
19,8,3
19,9,3
19,10,1
19,11,1
19,12,1
19,13,1
19,14,2
19,15,2
19,16,2
19,17,2
19,18,1
19,19,1
19,20,3
19,21,3
19,22,3
19,23,3
19,24,4
19,25,4
19,26,4
19,27,4
19,28,3
19,29,3
19,30,3
20,0,2
20,1,2
20,2,2
20,3,2
20,4,2
20,5,2
20,6,3
20,7,3
20,8,3
20,9,3
20,10,3
20,11,1
20,12,1
20,13,2
20,14,2
20,15,2
20,16,2
20,17,1
20,18,1
20,19,1
20,20,1
20,21,3
20,22,3
20,23,4
20,24,4
20,25,4
20,26,4
20,27,4
20,28,4
20,29,3
20,30,3
21,0,2
21,1,2
21,2,2
21,3,2
21,4,2
21,5,4
21,6,4
21,7,3
21,8,3
21,9,3
21,10,3
21,11,2
21,12,2
21,13,2
21,14,2
21,15,2
21,16,1
21,17,1
21,18,1
21,19,1
21,20,1
21,21,3
21,22,3
21,23,4
21,24,4
21,25,4
21,26,4
21,27,4
21,28,4
21,29,4
21,30,4
22,0,2
22,1,2
22,2,2
22,3,2
22,4,4
22,5,4
22,6,4
22,7,4
22,8,3
22,9,3
22,10,2
22,11,2
22,12,2
22,13,2
22,14,2
22,15,1
22,16,1
22,17,1
22,18,1
22,19,1
22,20,3
22,21,3
22,22,3
22,23,4
22,24,4
22,25,4
22,26,4
22,27,4
22,28,4
22,29,4
22,30,4
23,0,2
23,1,2
23,2,2
23,3,2
23,4,4
23,5,4
23,6,4
23,7,4
23,8,2
23,9,2
23,10,2
23,11,2
23,12,2
23,13,1
23,14,1
23,15,1
23,16,1
23,17,1
23,18,4
23,19,4
23,20,3
23,21,3
23,22,3
23,23,4
23,24,4
23,25,4
23,26,4
23,27,4
23,28,4
23,29,4
23,30,4
24,0,2
24,1,2
24,2,2
24,3,3
24,4,3
24,5,4
24,6,4
24,7,2
24,8,2
24,9,2
24,10,2
24,11,2
24,12,1
24,13,1
24,14,1
24,15,1
24,16,1
24,17,4
24,18,4
24,19,4
24,20,4
24,21,3
24,22,3
24,23,3
24,24,4
24,25,4
24,26,1
24,27,1
24,28,1
24,29,1
24,30,1
25,0,3
25,1,3
25,2,3
25,3,3
25,4,3
25,5,3
25,6,2
25,7,2
25,8,2
25,9,2
25,10,2
25,11,1
25,12,1
25,13,1
25,14,1
25,15,4
25,16,4
25,17,4
25,18,4
25,19,4
25,20,4
25,21,3
25,22,3
25,23,3
25,24,3
25,25,1
25,26,1
25,27,1
25,28,1
25,29,1
25,30,1
26,0,3
26,1,3
26,2,3
26,3,3
26,4,3
26,5,3
26,6,2
26,7,2
26,8,2
26,9,4
26,10,4
26,11,1
26,12,1
26,13,1
26,14,4
26,15,4
26,16,4
26,17,4
26,18,4
26,19,4
26,20,4
26,21,4
26,22,3
26,23,3
26,24,3
26,25,1
26,26,1
26,27,1
26,28,1
26,29,1
26,30,1
27,0,4
27,1,4
27,2,4
27,3,3
27,4,3
27,5,2
27,6,2
27,7,2
27,8,4
27,9,4
27,10,4
27,11,4
27,12,1
27,13,1
27,14,4
27,15,4
27,16,4
27,17,4
27,18,4
27,19,4
27,20,4
27,21,4
27,22,4
27,23,3
27,24,3
27,25,1
27,26,1
27,27,1
27,28,1
27,29,1
27,30,1
28,0,4
28,1,4
28,2,4
28,3,4
28,4,2
28,5,2
28,6,2
28,7,2
28,8,4
28,9,4
28,10,4
28,11,4
28,12,1
28,13,1
28,14,1
28,15,4
28,16,4
28,17,4
28,18,4
28,19,4
28,20,4
28,21,4
28,22,4
28,23,3
28,24,3
28,25,1
28,26,1
28,27,1
28,28,1
28,29,1
28,30,1
29,0,4
29,1,4
29,2,4
29,3,4
29,4,2
29,5,2
29,6,2
29,7,4
29,8,4
29,9,4
29,10,4
29,11,4
29,12,1
29,13,1
29,14,1
29,15,4
29,16,4
29,17,4
29,18,4
29,19,4
29,20,4
29,21,4
29,22,4
29,23,3
29,24,3
29,25,1
29,26,1
29,27,1
29,28,1
29,29,1
29,30,1
30,0,4
30,1,4
30,2,4
30,3,4
30,4,2
30,5,2
30,6,2
30,7,4
30,8,4
30,9,4
30,10,4
30,11,4
30,12,1
30,13,1
30,14,1
30,15,4
30,16,4
30,17,4
30,18,4
30,19,4
30,20,4
30,21,4
30,22,4
30,23,3
30,24,3
30,25,1
30,26,1
30,27,1
30,28,1
30,29,1
30,30,1