7
10
12
6
2,2
2,12
12,2
12,12
12,22
22,22
27,2
2,6,3
4,5,1
1,4,2
3,4,2
0,1,2
0,3,2
0,2,2
3,5,2
1,3,2
2,3,2
0,0,4
0,1,4
0,2,4
0,3,4
0,4,4
0,5,1
0,6,1
0,7,1
0,8,3
0,9,3
0,10,3
0,11,3
0,12,3
0,13,3
0,14,3
0,15,3
0,16,3
0,17,3
0,18,3
0,19,1
0,20,1
0,21,1
0,22,4
0,23,4
0,24,4
0,25,4
0,26,4
0,27,4
0,28,4
0,29,4
0,30,4
1,0,4
1,1,4
1,2,4
1,3,4
1,4,4
1,5,1
1,6,1
1,7,1
1,8,3
1,9,3
1,10,3
1,11,3
1,12,3
1,13,3
1,14,3
1,15,3
1,16,3
1,17,3
1,18,3
1,19,1
1,20,1
1,21,1
1,22,4
1,23,4
1,24,4
1,25,4
1,26,4
1,27,4
1,28,4
1,29,4
1,30,4
2,0,4
2,1,4
2,2,4
2,3,4
2,4,4
2,5,1
2,6,1
2,7,1
2,8,1
2,9,3
2,10,3
2,11,3
2,12,3
2,13,3
2,14,3
2,15,3
2,16,3
2,17,3
2,18,1
2,19,1
2,20,1
2,21,4
2,22,4
2,23,4
2,24,4
2,25,4
2,26,4
2,27,4
2,28,1
2,29,1
2,30,1
3,0,4
3,1,4
3,2,4
3,3,4
3,4,4
3,5,4
3,6,1
3,7,1
3,8,1
3,9,1
3,10,3
3,11,3
3,12,3
3,13,3
3,14,3
3,15,3
3,16,3
3,17,3
3,18,1
3,19,1
3,20,1
3,21,4
3,22,4
3,23,4
3,24,4
3,25,4
3,26,4
3,27,1
3,28,1
3,29,1
3,30,1
4,0,4
4,1,4
4,2,4
4,3,4
4,4,4
4,5,4
4,6,1
4,7,1
4,8,1
4,9,1
4,10,3
4,11,3
4,12,3
4,13,3
4,14,3
4,15,3
4,16,3
4,17,3
4,18,1
4,19,1
4,20,1
4,21,1
4,22,4
4,23,4
4,24,3
4,25,3
4,26,3
4,27,1
4,28,1
4,29,1
4,30,1
5,0,4
5,1,4
5,2,4
5,3,4
5,4,4
5,5,4
5,6,4
5,7,1
5,8,1
5,9,3
5,10,3
5,11,3
5,12,3
5,13,3
5,14,3
5,15,3
5,16,3
5,17,2
5,18,2
5,19,1
5,20,1
5,21,1
5,22,1
5,23,3
5,24,3
5,25,3
5,26,3
5,27,3
5,28,1
5,29,1
5,30,1
6,0,4
6,1,4
6,2,4
6,3,4
6,4,4
6,5,4
6,6,4
6,7,4
6,8,3
6,9,3
6,10,3
6,11,3
6,12,3
6,13,3
6,14,3
6,15,3
6,16,2
6,17,2
6,18,2
6,19,2
6,20,1
6,21,1
6,22,1
6,23,3
6,24,3
6,25,3
6,26,3
6,27,3
6,28,4
6,29,4
6,30,4
7,0,4
7,1,4
7,2,4
7,3,4
7,4,4
7,5,4
7,6,4
7,7,4
7,8,3
7,9,3
7,10,3
7,11,4
7,12,4
7,13,3
7,14,3
7,15,3
7,16,2
7,17,2
7,18,2
7,19,2
7,20,1
7,21,1
7,22,1
7,23,1
7,24,3
7,25,3
7,26,3
7,27,4
7,28,4
7,29,4
7,30,4
8,0,4
8,1,4
8,2,4
8,3,4
8,4,4
8,5,4
8,6,4
8,7,3
8,8,3
8,9,3
8,10,4
8,11,4
8,12,4
8,13,4
8,14,3
8,15,3
8,16,3
8,17,2
8,18,2
8,19,3
8,20,3
8,21,1
8,22,1
8,23,1
8,24,1
8,25,1
8,26,1
8,27,4
8,28,4
8,29,4
8,30,4
9,0,4
9,1,4
9,2,4
9,3,4
9,4,4
9,5,4
9,6,3
9,7,3
9,8,3
9,9,3
9,10,4
9,11,4
9,12,4
9,13,4
9,14,3
9,15,3
9,16,3
9,17,3
9,18,3
9,19,3
9,20,3
9,21,3
9,22,1
9,23,1
9,24,1
9,25,1
9,26,1
9,27,1
9,28,4
9,29,4
9,30,4
10,0,4
10,1,4
10,2,4
10,3,4
10,4,4
10,5,4
10,6,3
10,7,3
10,8,3
10,9,4
10,10,4
10,11,4
10,12,4
10,13,4
10,14,4
10,15,3
10,16,3
10,17,3
10,18,3
10,19,3
10,20,3
10,21,3
10,22,3
10,23,3
10,24,3
10,25,1
10,26,1
10,27,1
10,28,1
10,29,4
10,30,4
11,0,4
11,1,4
11,2,4
11,3,4
11,4,4
11,5,3
11,6,3
11,7,3
11,8,4
11,9,4
11,10,4
11,11,4
11,12,4
11,13,4
11,14,4
11,15,3
11,16,3
11,17,3
11,18,3
11,19,3
11,20,3
11,21,3
11,22,3
11,23,3
11,24,3
11,25,3
11,26,1
11,27,1
11,28,1
11,29,3
11,30,3
12,0,4
12,1,4
12,2,4
12,3,4
12,4,4
12,5,3
12,6,3
12,7,3
12,8,4
12,9,4
12,10,4
12,11,4
12,12,4
12,13,4
12,14,4
12,15,3
12,16,3
12,17,3
12,18,3
12,19,3
12,20,3
12,21,3
12,22,3
12,23,3
12,24,3
12,25,3
12,26,1
12,27,1
12,28,3
12,29,3
12,30,3
13,0,4
13,1,4
13,2,4
13,3,4
13,4,4
13,5,4
13,6,3
13,7,3
13,8,4
13,9,4
13,10,4
13,11,4
13,12,4
13,13,4
13,14,4
13,15,3
13,16,3
13,17,3
13,18,3
13,19,3
13,20,3
13,21,3
13,22,3
13,23,3
13,24,3
13,25,3
13,26,1
13,27,1
13,28,3
13,29,3
13,30,3
14,0,4
14,1,4
14,2,4
14,3,4
14,4,4
14,5,4
14,6,3
14,7,3
14,8,4
14,9,4
14,10,4
14,11,4
14,12,4
14,13,4
14,14,4
14,15,4
14,16,3
14,17,3
14,18,3
14,19,3
14,20,3
14,21,3
14,22,3
14,23,3
14,24,3
14,25,1
14,26,1
14,27,1
14,28,3
14,29,3
14,30,3
15,0,4
15,1,4
15,2,4
15,3,4
15,4,4
15,5,3
15,6,3
15,7,3
15,8,4
15,9,4
15,10,4
15,11,2
15,12,2
15,13,4
15,14,4
15,15,4
15,16,4
15,17,3
15,18,3
15,19,3
15,20,3
15,21,3
15,22,3
15,23,3
15,24,1
15,25,1
15,26,1
15,27,1
15,28,1
15,29,3
15,30,3
16,0,4
16,1,4
16,2,4
16,3,4
16,4,3
16,5,3
16,6,3
16,7,3
16,8,4
16,9,4
16,10,2
16,11,2
16,12,2
16,13,2
16,14,4
16,15,4
16,16,4
16,17,4
16,18,3
16,19,3
16,20,2
16,21,2
16,22,2
16,23,2
16,24,1
16,25,1
16,26,1
16,27,1
16,28,1
16,29,4
16,30,4
17,0,4
17,1,4
17,2,4
17,3,3
17,4,3
17,5,3
17,6,3
17,7,4
17,8,4
17,9,4
17,10,2
17,11,2
17,12,2
17,13,2
17,14,4
17,15,4
17,16,4
17,17,4
17,18,2
17,19,2
17,20,2
17,21,2
17,22,2
17,23,2
17,24,2
17,25,1
17,26,1
17,27,1
17,28,4
17,29,4
17,30,4
18,0,4
18,1,4
18,2,4
18,3,3
18,4,3
18,5,3
18,6,3
18,7,4
18,8,4
18,9,4
18,10,2
18,11,2
18,12,2
18,13,1
18,14,1
18,15,4
18,16,4
18,17,2
18,18,2
18,19,2
18,20,2
18,21,2
18,22,2
18,23,2
18,24,2
18,25,1
18,26,1
18,27,1
18,28,4
18,29,4
18,30,4
19,0,4
19,1,4
19,2,4
19,3,4
19,4,3
19,5,3
19,6,4
19,7,4
19,8,4
19,9,2
19,10,2
19,11,2
19,12,1
19,13,1
19,14,1
19,15,1
19,16,2
19,17,2
19,18,2
19,19,2
19,20,2
19,21,2
19,22,2
19,23,2
19,24,2
19,25,1
19,26,1
19,27,1
19,28,1
19,29,4
19,30,4
20,0,4
20,1,4
20,2,4
20,3,4
20,4,4
20,5,4
20,6,4
20,7,4
20,8,4
20,9,2
20,10,2
20,11,2
20,12,1
20,13,1
20,14,1
20,15,1
20,16,2
20,17,2
20,18,2
20,19,2
20,20,2
20,21,2
20,22,2
20,23,2
20,24,2
20,25,2
20,26,1
20,27,1
20,28,1
20,29,1
20,30,1
21,0,1
21,1,1
21,2,4
21,3,4
21,4,4
21,5,4
21,6,4
21,7,4
21,8,2
21,9,2
21,10,2
21,11,2
21,12,1
21,13,1
21,14,1
21,15,1
21,16,1
21,17,2
21,18,2
21,19,2
21,20,2
21,21,2
21,22,2
21,23,2
21,24,2
21,25,2
21,26,1
21,27,1
21,28,1
21,29,1
21,30,1
22,0,1
22,1,1
22,2,1
22,3,4
22,4,4
22,5,4
22,6,4
22,7,4
22,8,2
22,9,2
22,10,2
22,11,2
22,12,2
22,13,1
22,14,1
22,15,1
22,16,1
22,17,1
22,18,2
22,19,2
22,20,2
22,21,2
22,22,2
22,23,2
22,24,2
22,25,1
22,26,1
22,27,1
22,28,1
22,29,1
22,30,1
23,0,1
23,1,1
23,2,1
23,3,3
23,4,3
23,5,4
23,6,4
23,7,4
23,8,4
23,9,2
23,10,2
23,11,2
23,12,2
23,13,4
23,14,4
23,15,1
23,16,1
23,17,1
23,18,2
23,19,2
23,20,2
23,21,2
23,22,2
23,23,2
23,24,2
23,25,1
23,26,1
23,27,1
23,28,3
23,29,3
23,30,3
24,0,1
24,1,1
24,2,3
24,3,3
24,4,3
24,5,3
24,6,4
24,7,4
24,8,4
24,9,4
24,10,2
24,11,2
24,12,4
24,13,4
24,14,4
24,15,4
24,16,1
24,17,1
24,18,2
24,19,2
24,20,2
24,21,2
24,22,2
24,23,2
24,24,2
24,25,1
24,26,1
24,27,3
24,28,3
24,29,3
24,30,3
25,0,3
25,1,3
25,2,3
25,3,3
25,4,3
25,5,3
25,6,4
25,7,4
25,8,4
25,9,4
25,10,2
25,11,2
25,12,4
25,13,4
25,14,4
25,15,4
25,16,1
25,17,1
25,18,2
25,19,2
25,20,2
25,21,2
25,22,2
25,23,2
25,24,2
25,25,1
25,26,1
25,27,3
25,28,3
25,29,3
25,30,3
26,0,3
26,1,3
26,2,3
26,3,3
26,4,3
26,5,3
26,6,4
26,7,4
26,8,4
26,9,4
26,10,2
26,11,2
26,12,4
26,13,4
26,14,4
26,15,4
26,16,1
26,17,1
26,18,1
26,19,2
26,20,2
26,21,2
26,22,2
26,23,2
26,24,1
26,25,1
26,26,1
26,27,1
26,28,3
26,29,3
26,30,3
27,0,3
27,1,3
27,2,3
27,3,3
27,4,3
27,5,3
27,6,3
27,7,4
27,8,4
27,9,2
27,10,2
27,11,2
27,12,4
27,13,4
27,14,4
27,15,4
27,16,1
27,17,1
27,18,1
27,19,1
27,20,1
27,21,1
27,22,1
27,23,1
27,24,1
27,25,1
27,26,1
27,27,1
27,28,1
27,29,1
27,30,1
28,0,3
28,1,3
28,2,3
28,3,3
28,4,3
28,5,3
28,6,3
28,7,3
28,8,2
28,9,2
28,10,2
28,11,2
28,12,4
28,13,4
28,14,4
28,15,3
28,16,3
28,17,1
28,18,1
28,19,1
28,20,1
28,21,1
28,22,1
28,23,1
28,24,1
28,25,1
28,26,1
28,27,1
28,28,1
28,29,1
28,30,1
29,0,3
29,1,3
29,2,3
29,3,3
29,4,3
29,5,3
29,6,3
29,7,3
29,8,2
29,9,2
29,10,2
29,11,2
29,12,4
29,13,4
29,14,3
29,15,3
29,16,3
29,17,3
29,18,3
29,19,3
29,20,3
29,21,3
29,22,3
29,23,3
29,24,3
29,25,3
29,26,3
29,27,3
29,28,3
29,29,3
29,30,3
30,0,3
30,1,3
30,2,3
30,3,3
30,4,3
30,5,3
30,6,3
30,7,3
30,8,2
30,9,2
30,10,2
30,11,2
30,12,4
30,13,4
30,14,3
30,15,3
30,16,3
30,17,3
30,18,3
30,19,3
30,20,3
30,21,3
30,22,3
30,23,3
30,24,3
30,25,3
30,26,3
30,27,3
30,28,3
30,29,3
30,30,3