7
10
8
5
2,7
2,17
2,27
12,17
22,7
22,17
22,27
5,6,2
3,5,1
0,1,2
0,4,4
0,3,2
1,3,1
1,2,1
3,6,2
2,6,3
3,4,1
0,0,4
0,1,4
0,2,4
0,3,2
0,4,2
0,5,4
0,6,4
0,7,4
0,8,4
0,9,4
0,10,2
0,11,2
0,12,2
0,13,2
0,14,2
0,15,2
0,16,2
0,17,2
0,18,2
0,19,2
0,20,2
0,21,2
0,22,2
0,23,2
0,24,2
0,25,1
0,26,1
0,27,1
0,28,1
0,29,1
0,30,1
1,0,4
1,1,4
1,2,4
1,3,2
1,4,2
1,5,4
1,6,4
1,7,4
1,8,4
1,9,4
1,10,2
1,11,2
1,12,2
1,13,2
1,14,2
1,15,2
1,16,2
1,17,2
1,18,2
1,19,2
1,20,2
1,21,2
1,22,2
1,23,2
1,24,2
1,25,1
1,26,1
1,27,1
1,28,1
1,29,1
1,30,1
2,0,4
2,1,4
2,2,4
2,3,2
2,4,2
2,5,4
2,6,4
2,7,4
2,8,4
2,9,4
2,10,4
2,11,2
2,12,2
2,13,2
2,14,2
2,15,2
2,16,2
2,17,2
2,18,2
2,19,2
2,20,2
2,21,2
2,22,2
2,23,2
2,24,2
2,25,1
2,26,1
2,27,1
2,28,1
2,29,1
2,30,1
3,0,4
3,1,4
3,2,4
3,3,2
3,4,2
3,5,4
3,6,4
3,7,4
3,8,4
3,9,4
3,10,4
3,11,3
3,12,3
3,13,2
3,14,2
3,15,2
3,16,2
3,17,2
3,18,2
3,19,2
3,20,2
3,21,2
3,22,2
3,23,2
3,24,1
3,25,1
3,26,1
3,27,1
3,28,1
3,29,1
3,30,1
4,0,4
4,1,4
4,2,4
4,3,2
4,4,2
4,5,4
4,6,4
4,7,4
4,8,4
4,9,4
4,10,3
4,11,3
4,12,3
4,13,3
4,14,2
4,15,2
4,16,2
4,17,2
4,18,2
4,19,2
4,20,2
4,21,1
4,22,1
4,23,1
4,24,1
4,25,1
4,26,1
4,27,1
4,28,1
4,29,1
4,30,1
5,0,4
5,1,4
5,2,2
5,3,2
5,4,2
5,5,4
5,6,4
5,7,4
5,8,4
5,9,3
5,10,3
5,11,3
5,12,3
5,13,3
5,14,2
5,15,2
5,16,2
5,17,2
5,18,2
5,19,2
5,20,1
5,21,1
5,22,1
5,23,1
5,24,1
5,25,1
5,26,1
5,27,1
5,28,1
5,29,1
5,30,1
6,0,1
6,1,1
6,2,2
6,3,2
6,4,2
6,5,2
6,6,4
6,7,4
6,8,3
6,9,3
6,10,3
6,11,3
6,12,3
6,13,4
6,14,4
6,15,2
6,16,2
6,17,3
6,18,3
6,19,3
6,20,1
6,21,1
6,22,1
6,23,1
6,24,4
6,25,4
6,26,1
6,27,1
6,28,1
6,29,1
6,30,1
7,0,1
7,1,1
7,2,1
7,3,2
7,4,2
7,5,2
7,6,3
7,7,3
7,8,3
7,9,3
7,10,3
7,11,4
7,12,4
7,13,4
7,14,4
7,15,4
7,16,3
7,17,3
7,18,3
7,19,3
7,20,3
7,21,1
7,22,1
7,23,4
7,24,4
7,25,4
7,26,4
7,27,1
7,28,1
7,29,4
7,30,4
8,0,1
8,1,1
8,2,1
8,3,2
8,4,2
8,5,3
8,6,3
8,7,3
8,8,3
8,9,3
8,10,4
8,11,4
8,12,4
8,13,4
8,14,4
8,15,4
8,16,3
8,17,3
8,18,3
8,19,3
8,20,3
8,21,1
8,22,1
8,23,4
8,24,4
8,25,4
8,26,4
8,27,4
8,28,4
8,29,4
8,30,4
9,0,1
9,1,1
9,2,2
9,3,2
9,4,2
9,5,3
9,6,3
9,7,3
9,8,1
9,9,1
9,10,4
9,11,4
9,12,4
9,13,4
9,14,4
9,15,4
9,16,3
9,17,3
9,18,3
9,19,3
9,20,3
9,21,1
9,22,1
9,23,1
9,24,4
9,25,4
9,26,4
9,27,4
9,28,4
9,29,4
9,30,4
10,0,2
10,1,2
10,2,2
10,3,2
10,4,2
10,5,3
10,6,3
10,7,1
10,8,1
10,9,1
10,10,1
10,11,4
10,12,4
10,13,4
10,14,4
10,15,3
10,16,3
10,17,3
10,18,3
10,19,3
10,20,3
10,21,1
10,22,1
10,23,1
10,24,1
10,25,1
10,26,1
10,27,4
10,28,4
10,29,4
10,30,4
11,0,2
11,1,2
11,2,2
11,3,2
11,4,3
11,5,3
11,6,3
11,7,1
11,8,1
11,9,1
11,10,1
11,11,4
11,12,4
11,13,4
11,14,4
11,15,3
11,16,3
11,17,3
11,18,3
11,19,3
11,20,3
11,21,3
11,22,1
11,23,1
11,24,1
11,25,1
11,26,1
11,27,1
11,28,4
11,29,4
11,30,4
12,0,3
12,1,3
12,2,3
12,3,3
12,4,3
12,5,3
12,6,3
12,7,3
12,8,1
12,9,1
12,10,4
12,11,4
12,12,4
12,13,4
12,14,4
12,15,3
12,16,3
12,17,3
12,18,3
12,19,3
12,20,3
12,21,3
12,22,1
12,23,1
12,24,1
12,25,1
12,26,1
12,27,1
12,28,1
12,29,1
12,30,1
13,0,3
13,1,3
13,2,3
13,3,3
13,4,3
13,5,3
13,6,3
13,7,3
13,8,3
13,9,4
13,10,4
13,11,4
13,12,4
13,13,4
13,14,4
13,15,3
13,16,3
13,17,3
13,18,3
13,19,3
13,20,3
13,21,3
13,22,3
13,23,1
13,24,1
13,25,1
13,26,1
13,27,1
13,28,1
13,29,1
13,30,1
14,0,3
14,1,3
14,2,3
14,3,4
14,4,4
14,5,3
14,6,3
14,7,3
14,8,3
14,9,4
14,10,4
14,11,4
14,12,4
14,13,4
14,14,4
14,15,3
14,16,3
14,17,3
14,18,3
14,19,3
14,20,3
14,21,3
14,22,3
14,23,2
14,24,2
14,25,2
14,26,2
14,27,2
14,28,2
14,29,2
14,30,2
15,0,3
15,1,3
15,2,4
15,3,4
15,4,4
15,5,4
15,6,3
15,7,3
15,8,3
15,9,4
15,10,4
15,11,4
15,12,4
15,13,4
15,14,1
15,15,1
15,16,3
15,17,3
15,18,4
15,19,4
15,20,3
15,21,3
15,22,2
15,23,2
15,24,2
15,25,2
15,26,2
15,27,2
15,28,2
15,29,2
15,30,2
16,0,3
16,1,3
16,2,4
16,3,4
16,4,4
16,5,4
16,6,3
16,7,3
16,8,3
16,9,4
16,10,4
16,11,4
16,12,4
16,13,1
16,14,1
16,15,1
16,16,1
16,17,4
16,18,4
16,19,4
16,20,4
16,21,4
16,22,2
16,23,2
16,24,2
16,25,2
16,26,3
16,27,3
16,28,2
16,29,2
16,30,2
17,0,3
17,1,3
17,2,3
17,3,4
17,4,4
17,5,3
17,6,3
17,7,3
17,8,3
17,9,4
17,10,4
17,11,4
17,12,4
17,13,1
17,14,1
17,15,1
17,16,1
17,17,4
17,18,4
17,19,4
17,20,4
17,21,4
17,22,4
17,23,2
17,24,2
17,25,3
17,26,3
17,27,3
17,28,3
17,29,3
17,30,3
18,0,3
18,1,3
18,2,3
18,3,3
18,4,3
18,5,3
18,6,3
18,7,3
18,8,1
18,9,1
18,10,4
18,11,4
18,12,2
18,13,2
18,14,1
18,15,1
18,16,1
18,17,1
18,18,4
18,19,4
18,20,4
18,21,4
18,22,4
18,23,4
18,24,4
18,25,3
18,26,3
18,27,3
18,28,3
18,29,3
18,30,3
19,0,3
19,1,3
19,2,3
19,3,3
19,4,3
19,5,3
19,6,3
19,7,1
19,8,1
19,9,1
19,10,1
19,11,2
19,12,2
19,13,2
19,14,2
19,15,1
19,16,1
19,17,1
19,18,1
19,19,1
19,20,4
19,21,4
19,22,4
19,23,4
19,24,4
19,25,4
19,26,3
19,27,3
19,28,3
19,29,3
19,30,3
20,0,3
20,1,3
20,2,3
20,3,1
20,4,1
20,5,1
20,6,1
20,7,1
20,8,1
20,9,1
20,10,1
20,11,2
20,12,2
20,13,2
20,14,2
20,15,1
20,16,1
20,17,1
20,18,1
20,19,1
20,20,1
20,21,4
20,22,4
20,23,4
20,24,4
20,25,4
20,26,4
20,27,4
20,28,4
20,29,4
20,30,4
21,0,3
21,1,3
21,2,1
21,3,1
21,4,1
21,5,1
21,6,1
21,7,1
21,8,1
21,9,1
21,10,1
21,11,1
21,12,2
21,13,2
21,14,2
21,15,1
21,16,1
21,17,1
21,18,1
21,19,1
21,20,1
21,21,3
21,22,3
21,23,3
21,24,4
21,25,4
21,26,4
21,27,4
21,28,4
21,29,4
21,30,4
22,0,1
22,1,1
22,2,1
22,3,1
22,4,1
22,5,1
22,6,1
22,7,1
22,8,1
22,9,1
22,10,1
22,11,1
22,12,1
22,13,2
22,14,2
22,15,1
22,16,1
22,17,1
22,18,1
22,19,1
22,20,3
22,21,3
22,22,3
22,23,3
22,24,3
22,25,4
22,26,4
22,27,4
22,28,4
22,29,4
22,30,4
23,0,1
23,1,1
23,2,1
23,3,1
23,4,1
23,5,1
23,6,1
23,7,1
23,8,1
23,9,1
23,10,1
23,11,1
23,12,1
23,13,2
23,14,2
23,15,1
23,16,1
23,17,1
23,18,1
23,19,1
23,20,3
23,21,3
23,22,3
23,23,3
23,24,3
23,25,4
23,26,4
23,27,4
23,28,4
23,29,4
23,30,4
24,0,4
24,1,4
24,2,4
24,3,4
24,4,4
24,5,1
24,6,1
24,7,1
24,8,1
24,9,1
24,10,1
24,11,1
24,12,2
24,13,2
24,14,2
24,15,1
24,16,1
24,17,1
24,18,1
24,19,1
24,20,1
24,21,3
24,22,3
24,23,3
24,24,4
24,25,4
24,26,4
24,27,4
24,28,4
24,29,4
24,30,4
25,0,4
25,1,4
25,2,4
25,3,4
25,4,4
25,5,4
25,6,4
25,7,4
25,8,4
25,9,1
25,10,1
25,11,2
25,12,2
25,13,2
25,14,2
25,15,1
25,16,1
25,17,1
25,18,1
25,19,1
25,20,1
25,21,4
25,22,4
25,23,4
25,24,4
25,25,4
25,26,4
25,27,4
25,28,2
25,29,2
25,30,2
26,0,1
26,1,1
26,2,1
26,3,4
26,4,4
26,5,4
26,6,4
26,7,4
26,8,4
26,9,4
26,10,4
26,11,2
26,12,2
26,13,2
26,14,1
26,15,1
26,16,1
26,17,1
26,18,1
26,19,1
26,20,4
26,21,4
26,22,4
26,23,4
26,24,4
26,25,4
26,26,4
26,27,2
26,28,2
26,29,2
26,30,2
27,0,1
27,1,1
27,2,1
27,3,1
27,4,4
27,5,4
27,6,4
27,7,4
27,8,4
27,9,4
27,10,4
27,11,4
27,12,2
27,13,2
27,14,1
27,15,1
27,16,1
27,17,1
27,18,1
27,19,1
27,20,4
27,21,4
27,22,4
27,23,4
27,24,1
27,25,1
27,26,1
27,27,2
27,28,2
27,29,2
27,30,2
28,0,1
28,1,1
28,2,1
28,3,1
28,4,2
28,5,2
28,6,2
28,7,2
28,8,4
28,9,4
28,10,4
28,11,4
28,12,2
28,13,2
28,14,2
28,15,1
28,16,1
28,17,1
28,18,1
28,19,3
28,20,3
28,21,4
28,22,4
28,23,1
28,24,1
28,25,1
28,26,1
28,27,1
28,28,2
28,29,2
28,30,2
29,0,1
29,1,1
29,2,1
29,3,2
29,4,2
29,5,2
29,6,2
29,7,2
29,8,2
29,9,4
29,10,4
29,11,4
29,12,2
29,13,2
29,14,2
29,15,1
29,16,1
29,17,1
29,18,3
29,19,3
29,20,3
29,21,3
29,22,1
29,23,1
29,24,1
29,25,1
29,26,1
29,27,1
29,28,1
29,29,1
29,30,1
30,0,1
30,1,1
30,2,1
30,3,2
30,4,2
30,5,2
30,6,2
30,7,2
30,8,2
30,9,4
30,10,4
30,11,4
30,12,2
30,13,2
30,14,2
30,15,1
30,16,1
30,17,1
30,18,3
30,19,3
30,20,3
30,21,3
30,22,1
30,23,1
30,24,1
30,25,1
30,26,1
30,27,1
30,28,1
30,29,1
30,30,1