7
10
9
3
2,7
2,17
2,27
12,17
22,17
22,27
27,7
3,5,2
3,4,1
0,3,2
2,3,1
1,3,2
4,5,1
2,5,1
0,6,4
0,1,1
1,2,1
0,0,4
0,1,4
0,2,4
0,3,3
0,4,3
0,5,3
0,6,3
0,7,3
0,8,3
0,9,3
0,10,1
0,11,1
0,12,1
0,13,3
0,14,3
0,15,3
0,16,3
0,17,3
0,18,3
0,19,3
0,20,2
0,21,2
0,22,2
0,23,2
0,24,2
0,25,2
0,26,2
0,27,2
0,28,2
0,29,2
0,30,2
1,0,4
1,1,4
1,2,4
1,3,3
1,4,3
1,5,3
1,6,3
1,7,3
1,8,3
1,9,3
1,10,1
1,11,1
1,12,1
1,13,3
1,14,3
1,15,3
1,16,3
1,17,3
1,18,3
1,19,3
1,20,2
1,21,2
1,22,2
1,23,2
1,24,2
1,25,2
1,26,2
1,27,2
1,28,2
1,29,2
1,30,2
2,0,4
2,1,4
2,2,4
2,3,4
2,4,3
2,5,3
2,6,3
2,7,3
2,8,3
2,9,3
2,10,1
2,11,1
2,12,1
2,13,1
2,14,3
2,15,3
2,16,3
2,17,3
2,18,3
2,19,3
2,20,2
2,21,2
2,22,2
2,23,2
2,24,2
2,25,2
2,26,2
2,27,2
2,28,2
2,29,2
2,30,2
3,0,4
3,1,4
3,2,4
3,3,4
3,4,3
3,5,3
3,6,3
3,7,3
3,8,3
3,9,3
3,10,3
3,11,1
3,12,1
3,13,1
3,14,1
3,15,3
3,16,3
3,17,3
3,18,3
3,19,3
3,20,3
3,21,2
3,22,2
3,23,2
3,24,2
3,25,2
3,26,2
3,27,2
3,28,2
3,29,2
3,30,2
4,0,4
4,1,4
4,2,4
4,3,3
4,4,3
4,5,3
4,6,3
4,7,3
4,8,3
4,9,3
4,10,3
4,11,1
4,12,1
4,13,1
4,14,1
4,15,3
4,16,3
4,17,3
4,18,3
4,19,3
4,20,3
4,21,1
4,22,1
4,23,2
4,24,2
4,25,2
4,26,2
4,27,2
4,28,2
4,29,2
4,30,2
5,0,2
5,1,2
5,2,2
5,3,3
5,4,3
5,5,3
5,6,3
5,7,3
5,8,3
5,9,3
5,10,3
5,11,3
5,12,1
5,13,1
5,14,2
5,15,2
5,16,3
5,17,3
5,18,3
5,19,3
5,20,1
5,21,1
5,22,1
5,23,1
5,24,2
5,25,2
5,26,2
5,27,1
5,28,1
5,29,1
5,30,1
6,0,2
6,1,2
6,2,2
6,3,2
6,4,3
6,5,3
6,6,2
6,7,2
6,8,3
6,9,3
6,10,3
6,11,3
6,12,3
6,13,2
6,14,2
6,15,2
6,16,2
6,17,2
6,18,2
6,19,2
6,20,1
6,21,1
6,22,1
6,23,1
6,24,2
6,25,2
6,26,1
6,27,1
6,28,1
6,29,1
6,30,1
7,0,2
7,1,2
7,2,2
7,3,2
7,4,2
7,5,2
7,6,2
7,7,2
7,8,2
7,9,2
7,10,3
7,11,3
7,12,3
7,13,2
7,14,2
7,15,2
7,16,2
7,17,2
7,18,2
7,19,2
7,20,2
7,21,1
7,22,1
7,23,2
7,24,2
7,25,2
7,26,1
7,27,1
7,28,1
7,29,1
7,30,1
8,0,3
8,1,3
8,2,2
8,3,2
8,4,2
8,5,2
8,6,2
8,7,2
8,8,2
8,9,2
8,10,2
8,11,3
8,12,3
8,13,3
8,14,2
8,15,2
8,16,2
8,17,2
8,18,2
8,19,2
8,20,2
8,21,2
8,22,2
8,23,2
8,24,2
8,25,2
8,26,1
8,27,1
8,28,1
8,29,1
8,30,1
9,0,3
9,1,3
9,2,3
9,3,2
9,4,2
9,5,2
9,6,4
9,7,4
9,8,2
9,9,2
9,10,2
9,11,3
9,12,3
9,13,3
9,14,3
9,15,2
9,16,2
9,17,4
9,18,4
9,19,2
9,20,2
9,21,2
9,22,2
9,23,2
9,24,2
9,25,4
9,26,4
9,27,1
9,28,1
9,29,1
9,30,1
10,0,3
10,1,3
10,2,3
10,3,2
10,4,2
10,5,4
10,6,4
10,7,4
10,8,4
10,9,2
10,10,2
10,11,3
10,12,3
10,13,3
10,14,3
10,15,4
10,16,4
10,17,4
10,18,4
10,19,4
10,20,4
10,21,4
10,22,4
10,23,4
10,24,4
10,25,4
10,26,4
10,27,4
10,28,1
10,29,1
10,30,1
11,0,3
11,1,3
11,2,2
11,3,2
11,4,2
11,5,4
11,6,4
11,7,4
11,8,4
11,9,2
11,10,2
11,11,2
11,12,3
11,13,3
11,14,4
11,15,4
11,16,4
11,17,4
11,18,4
11,19,4
11,20,4
11,21,4
11,22,4
11,23,4
11,24,4
11,25,4
11,26,4
11,27,4
11,28,1
11,29,1
11,30,1
12,0,4
12,1,4
12,2,2
12,3,2
12,4,2
12,5,4
12,6,4
12,7,4
12,8,4
12,9,2
12,10,2
12,11,2
12,12,2
12,13,4
12,14,4
12,15,4
12,16,4
12,17,4
12,18,4
12,19,4
12,20,4
12,21,4
12,22,4
12,23,2
12,24,2
12,25,4
12,26,4
12,27,2
12,28,2
12,29,1
12,30,1
13,0,4
13,1,4
13,2,4
13,3,2
13,4,2
13,5,4
13,6,4
13,7,4
13,8,4
13,9,2
13,10,2
13,11,2
13,12,2
13,13,4
13,14,4
13,15,4
13,16,4
13,17,4
13,18,4
13,19,4
13,20,4
13,21,4
13,22,2
13,23,2
13,24,2
13,25,2
13,26,2
13,27,2
13,28,2
13,29,2
13,30,2
14,0,4
14,1,4
14,2,4
14,3,2
14,4,2
14,5,4
14,6,4
14,7,4
14,8,4
14,9,4
14,10,2
14,11,2
14,12,4
14,13,4
14,14,4
14,15,4
14,16,4
14,17,4
14,18,4
14,19,4
14,20,3
14,21,3
14,22,2
14,23,2
14,24,2
14,25,2
14,26,2
14,27,2
14,28,2
14,29,2
14,30,2
15,0,4
15,1,4
15,2,4
15,3,2
15,4,2
15,5,4
15,6,4
15,7,4
15,8,4
15,9,4
15,10,4
15,11,4
15,12,4
15,13,4
15,14,4
15,15,3
15,16,3
15,17,3
15,18,3
15,19,3
15,20,3
15,21,3
15,22,3
15,23,2
15,24,2
15,25,1
15,26,1
15,27,2
15,28,2
15,29,2
15,30,2
16,0,4
16,1,4
16,2,4
16,3,2
16,4,2
16,5,2
16,6,4
16,7,4
16,8,4
16,9,4
16,10,4
16,11,4
16,12,4
16,13,4
16,14,3
16,15,3
16,16,3
16,17,3
16,18,3
16,19,3
16,20,3
16,21,3
16,22,3
16,23,3
16,24,1
16,25,1
16,26,1
16,27,1
16,28,2
16,29,2
16,30,2
17,0,4
17,1,4
17,2,2
17,3,2
17,4,2
17,5,2
17,6,3
17,7,3
17,8,3
17,9,3
17,10,3
17,11,3
17,12,3
17,13,3
17,14,3
17,15,3
17,16,3
17,17,3
17,18,3
17,19,3
17,20,3
17,21,3
17,22,3
17,23,3
17,24,1
17,25,1
17,26,1
17,27,1
17,28,3
17,29,3
17,30,3
18,0,2
18,1,2
18,2,2
18,3,2
18,4,2
18,5,3
18,6,3
18,7,3
18,8,3
18,9,3
18,10,3
18,11,3
18,12,3
18,13,3
18,14,3
18,15,3
18,16,3
18,17,3
18,18,3
18,19,3
18,20,3
18,21,3
18,22,3
18,23,1
18,24,1
18,25,1
18,26,1
18,27,3
18,28,3
18,29,3
18,30,3
19,0,2
19,1,2
19,2,2
19,3,2
19,4,3
19,5,3
19,6,3
19,7,3
19,8,1
19,9,1
19,10,3
19,11,3
19,12,4
19,13,4
19,14,3
19,15,3
19,16,1
19,17,1
19,18,1
19,19,1
19,20,3
19,21,3
19,22,3
19,23,1
19,24,1
19,25,1
19,26,3
19,27,3
19,28,3
19,29,3
19,30,3
20,0,1
20,1,1
20,2,1
20,3,1
20,4,3
20,5,3
20,6,3
20,7,1
20,8,1
20,9,1
20,10,1
20,11,4
20,12,4
20,13,4
20,14,4
20,15,1
20,16,1
20,17,1
20,18,1
20,19,1
20,20,1
20,21,3
20,22,3
20,23,1
20,24,1
20,25,3
20,26,3
20,27,3
20,28,3
20,29,3
20,30,3
21,0,1
21,1,1
21,2,1
21,3,1
21,4,1
21,5,3
21,6,3
21,7,1
21,8,1
21,9,1
21,10,1
21,11,4
21,12,4
21,13,4
21,14,4
21,15,1
21,16,1
21,17,1
21,18,1
21,19,1
21,20,1
21,21,3
21,22,3
21,23,1
21,24,1
21,25,3
21,26,3
21,27,3
21,28,3
21,29,3
21,30,3
22,0,1
22,1,1
22,2,1
22,3,1
22,4,1
22,5,3
22,6,3
22,7,3
22,8,1
22,9,1
22,10,3
22,11,3
22,12,4
22,13,4
22,14,1
22,15,1
22,16,1
22,17,1
22,18,1
22,19,1
22,20,3
22,21,3
22,22,3
22,23,1
22,24,1
22,25,3
22,26,3
22,27,3
22,28,3
22,29,3
22,30,3
23,0,1
23,1,1
23,2,1
23,3,1
23,4,1
23,5,3
23,6,3
23,7,3
23,8,3
23,9,3
23,10,3
23,11,3
23,12,3
23,13,1
23,14,1
23,15,1
23,16,1
23,17,1
23,18,1
23,19,1
23,20,3
23,21,3
23,22,3
23,23,1
23,24,1
23,25,3
23,26,3
23,27,3
23,28,3
23,29,3
23,30,3
24,0,1
24,1,1
24,2,1
24,3,1
24,4,2
24,5,2
24,6,3
24,7,3
24,8,3
24,9,3
24,10,3
24,11,3
24,12,3
24,13,1
24,14,1
24,15,1
24,16,1
24,17,1
24,18,1
24,19,1
24,20,3
24,21,3
24,22,1
24,23,1
24,24,1
24,25,3
24,26,3
24,27,3
24,28,3
24,29,3
24,30,3
25,0,1
25,1,1
25,2,1
25,3,2
25,4,2
25,5,2
25,6,2
25,7,2
25,8,2
25,9,2
25,10,3
25,11,3
25,12,4
25,13,4
25,14,1
25,15,1
25,16,1
25,17,1
25,18,1
25,19,3
25,20,3
25,21,3
25,22,1
25,23,1
25,24,1
25,25,1
25,26,3
25,27,3
25,28,2
25,29,2
25,30,2
26,0,2
26,1,2
26,2,2
26,3,2
26,4,2
26,5,2
26,6,2
26,7,2
26,8,2
26,9,2
26,10,2
26,11,4
26,12,4
26,13,4
26,14,4
26,15,4
26,16,4
26,17,4
26,18,4
26,19,3
26,20,3
26,21,3
26,22,3
26,23,1
26,24,1
26,25,1
26,26,2
26,27,2
26,28,2
26,29,2
26,30,2
27,0,2
27,1,2
27,2,2
27,3,2
27,4,2
27,5,2
27,6,2
27,7,2
27,8,2
27,9,2
27,10,2
27,11,4
27,12,4
27,13,4
27,14,4
27,15,4
27,16,4
27,17,4
27,18,4
27,19,4
27,20,3
27,21,3
27,22,3
27,23,1
27,24,1
27,25,2
27,26,2
27,27,2
27,28,2
27,29,2
27,30,2
28,0,2
28,1,2
28,2,1
28,3,1
28,4,2
28,5,2
28,6,2
28,7,2
28,8,2
28,9,2
28,10,2
28,11,2
28,12,4
28,13,4
28,14,1
28,15,1
28,16,4
28,17,4
28,18,4
28,19,4
28,20,3
28,21,3
28,22,1
28,23,1
28,24,1
28,25,2
28,26,2
28,27,2
28,28,2
28,29,4
28,30,4
29,0,1
29,1,1
29,2,1
29,3,1
29,4,1
29,5,2
29,6,2
29,7,2
29,8,2
29,9,2
29,10,2
29,11,2
29,12,2
29,13,1
29,14,1
29,15,1
29,16,1
29,17,4
29,18,4
29,19,4
29,20,3
29,21,3
29,22,1
29,23,1
29,24,1
29,25,2
29,26,2
29,27,2
29,28,4
29,29,4
29,30,4
30,0,1
30,1,1
30,2,1
30,3,1
30,4,1
30,5,2
30,6,2
30,7,2
30,8,2
30,9,2
30,10,2
30,11,2
30,12,2
30,13,1
30,14,1
30,15,1
30,16,1
30,17,4
30,18,4
30,19,4
30,20,3
30,21,3
30,22,1
30,23,1
30,24,1
30,25,2
30,26,2
30,27,2
30,28,4
30,29,4
30,30,4