6
8
6
4
2,17
17,2
17,17
17,27
27,2
27,17
4,5,3
1,4,1
0,2,1
0,1,2
2,5,1
3,5,1
2,3,2
1,2,3
0,0,1
0,1,1
0,2,4
0,3,4
0,4,4
0,5,4
0,6,4
0,7,2
0,8,2
0,9,3
0,10,3
0,11,3
0,12,3
0,13,3
0,14,4
0,15,4
0,16,4
0,17,4
0,18,4
0,19,4
0,20,4
0,21,2
0,22,2
0,23,2
0,24,2
0,25,3
0,26,3
0,27,3
0,28,2
0,29,2
0,30,2
1,0,1
1,1,1
1,2,4
1,3,4
1,4,4
1,5,4
1,6,4
1,7,2
1,8,2
1,9,3
1,10,3
1,11,3
1,12,3
1,13,3
1,14,4
1,15,4
1,16,4
1,17,4
1,18,4
1,19,4
1,20,4
1,21,2
1,22,2
1,23,2
1,24,2
1,25,3
1,26,3
1,27,3
1,28,2
1,29,2
1,30,2
2,0,1
2,1,1
2,2,1
2,3,4
2,4,4
2,5,4
2,6,2
2,7,2
2,8,2
2,9,2
2,10,3
2,11,3
2,12,3
2,13,4
2,14,4
2,15,4
2,16,4
2,17,4
2,18,4
2,19,4
2,20,4
2,21,4
2,22,2
2,23,2
2,24,3
2,25,3
2,26,3
2,27,2
2,28,2
2,29,2
2,30,2
3,0,1
3,1,1
3,2,1
3,3,1
3,4,4
3,5,4
3,6,2
3,7,2
3,8,2
3,9,2
3,10,1
3,11,1
3,12,1
3,13,4
3,14,4
3,15,4
3,16,4
3,17,4
3,18,4
3,19,4
3,20,4
3,21,4
3,22,4
3,23,3
3,24,3
3,25,3
3,26,3
3,27,2
3,28,2
3,29,2
3,30,2
4,0,1
4,1,1
4,2,1
4,3,1
4,4,4
4,5,4
4,6,2
4,7,2
4,8,2
4,9,1
4,10,1
4,11,1
4,12,1
4,13,1
4,14,4
4,15,4
4,16,4
4,17,4
4,18,4
4,19,4
4,20,4
4,21,4
4,22,4
4,23,3
4,24,3
4,25,3
4,26,2
4,27,2
4,28,2
4,29,2
4,30,2
5,0,1
5,1,1
5,2,1
5,3,4
5,4,4
5,5,4
5,6,2
5,7,2
5,8,2
5,9,1
5,10,1
5,11,1
5,12,1
5,13,1
5,14,1
5,15,4
5,16,4
5,17,4
5,18,4
5,19,4
5,20,4
5,21,4
5,22,3
5,23,3
5,24,3
5,25,3
5,26,2
5,27,2
5,28,2
5,29,2
5,30,2
6,0,4
6,1,4
6,2,4
6,3,4
6,4,4
6,5,4
6,6,2
6,7,2
6,8,2
6,9,2
6,10,1
6,11,1
6,12,1
6,13,1
6,14,1
6,15,4
6,16,4
6,17,4
6,18,4
6,19,4
6,20,3
6,21,3
6,22,3
6,23,3
6,24,3
6,25,4
6,26,4
6,27,2
6,28,2
6,29,4
6,30,4
7,0,4
7,1,4
7,2,4
7,3,4
7,4,4
7,5,2
7,6,2
7,7,2
7,8,2
7,9,2
7,10,2
7,11,1
7,12,1
7,13,1
7,14,3
7,15,3
7,16,4
7,17,4
7,18,3
7,19,3
7,20,3
7,21,3
7,22,3
7,23,3
7,24,4
7,25,4
7,26,4
7,27,4
7,28,4
7,29,4
7,30,4
8,0,2
8,1,2
8,2,2
8,3,2
8,4,2
8,5,2
8,6,2
8,7,2
8,8,2
8,9,2
8,10,2
8,11,3
8,12,3
8,13,3
8,14,3
8,15,3
8,16,3
8,17,3
8,18,3
8,19,3
8,20,3
8,21,3
8,22,1
8,23,1
8,24,4
8,25,4
8,26,4
8,27,4
8,28,4
8,29,4
8,30,4
9,0,2
9,1,2
9,2,2
9,3,2
9,4,2
9,5,2
9,6,2
9,7,2
9,8,2
9,9,2
9,10,3
9,11,3
9,12,3
9,13,3
9,14,3
9,15,3
9,16,3
9,17,3
9,18,3
9,19,3
9,20,1
9,21,1
9,22,1
9,23,1
9,24,1
9,25,4
9,26,4
9,27,4
9,28,4
9,29,4
9,30,4
10,0,2
10,1,2
10,2,2
10,3,3
10,4,3
10,5,3
10,6,3
10,7,3
10,8,3
10,9,3
10,10,3
10,11,3
10,12,3
10,13,1
10,14,1
10,15,1
10,16,1
10,17,1
10,18,1
10,19,1
10,20,1
10,21,1
10,22,1
10,23,1
10,24,1
10,25,1
10,26,4
10,27,4
10,28,2
10,29,2
10,30,2
11,0,2
11,1,2
11,2,3
11,3,3
11,4,3
11,5,3
11,6,3
11,7,3
11,8,3
11,9,3
11,10,3
11,11,3
11,12,1
11,13,1
11,14,1
11,15,1
11,16,1
11,17,1
11,18,1
11,19,1
11,20,1
11,21,1
11,22,1
11,23,1
11,24,1
11,25,1
11,26,1
11,27,2
11,28,2
11,29,2
11,30,2
12,0,3
12,1,3
12,2,3
12,3,3
12,4,3
12,5,1
12,6,1
12,7,1
12,8,1
12,9,1
12,10,1
12,11,1
12,12,1
12,13,1
12,14,1
12,15,3
12,16,3
12,17,3
12,18,1
12,19,1
12,20,2
12,21,2
12,22,2
12,23,1
12,24,1
12,25,1
12,26,1
12,27,2
12,28,2
12,29,2
12,30,2
13,0,3
13,1,3
13,2,3
13,3,3
13,4,1
13,5,1
13,6,1
13,7,1
13,8,1
13,9,1
13,10,1
13,11,1
13,12,1
13,13,1
13,14,3
13,15,3
13,16,3
13,17,3
13,18,3
13,19,2
13,20,2
13,21,2
13,22,2
13,23,2
13,24,1
13,25,1
13,26,3
13,27,3
13,28,2
13,29,2
13,30,2
14,0,3
14,1,3
14,2,3
14,3,3
14,4,1
14,5,1
14,6,1
14,7,1
14,8,2
14,9,2
14,10,2
14,11,2
14,12,2
14,13,2
14,14,3
14,15,3
14,16,3
14,17,3
14,18,3
14,19,2
14,20,2
14,21,2
14,22,2
14,23,2
14,24,2
14,25,3
14,26,3
14,27,3
14,28,3
14,29,3
14,30,3
15,0,3
15,1,3
15,2,3
15,3,3
15,4,3
15,5,1
15,6,1
15,7,2
15,8,2
15,9,2
15,10,2
15,11,2
15,12,2
15,13,2
15,14,2
15,15,3
15,16,3
15,17,3
15,18,3
15,19,3
15,20,2
15,21,2
15,22,2
15,23,2
15,24,2
15,25,3
15,26,3
15,27,3
15,28,3
15,29,3
15,30,3
16,0,3
16,1,3
16,2,3
16,3,3
16,4,3
16,5,3
16,6,2
16,7,2
16,8,2
16,9,2
16,10,1
16,11,1
16,12,2
16,13,2
16,14,2
16,15,3
16,16,3
16,17,3
16,18,3
16,19,3
16,20,3
16,21,2
16,22,2
16,23,2
16,24,3
16,25,3
16,26,3
16,27,3
16,28,3
16,29,3
16,30,3
17,0,3
17,1,3
17,2,3
17,3,3
17,4,3
17,5,3
17,6,2
17,7,2
17,8,2
17,9,1
17,10,1
17,11,1
17,12,1
17,13,2
17,14,2
17,15,3
17,16,3
17,17,3
17,18,3
17,19,3
17,20,3
17,21,4
17,22,4
17,23,4
17,24,3
17,25,3
17,26,3
17,27,3
17,28,3
17,29,3
17,30,3
18,0,3
18,1,3
18,2,3
18,3,3
18,4,3
18,5,3
18,6,2
18,7,2
18,8,2
18,9,1
18,10,1
18,11,1
18,12,1
18,13,2
18,14,2
18,15,3
18,16,3
18,17,3
18,18,3
18,19,3
18,20,4
18,21,4
18,22,4
18,23,4
18,24,4
18,25,3
18,26,3
18,27,3
18,28,3
18,29,3
18,30,3
19,0,3
19,1,3
19,2,3
19,3,3
19,4,3
19,5,3
19,6,2
19,7,2
19,8,1
19,9,1
19,10,1
19,11,1
19,12,2
19,13,2
19,14,2
19,15,3
19,16,3
19,17,3
19,18,3
19,19,3
19,20,4
19,21,4
19,22,4
19,23,4
19,24,4
19,25,3
19,26,3
19,27,3
19,28,3
19,29,3
19,30,3
20,0,3
20,1,3
20,2,3
20,3,3
20,4,3
20,5,2
20,6,2
20,7,2
20,8,1
20,9,1
20,10,1
20,11,1
20,12,2
20,13,2
20,14,2
20,15,2
20,16,3
20,17,3
20,18,3
20,19,3
20,20,4
20,21,4
20,22,4
20,23,4
20,24,4
20,25,3
20,26,3
20,27,3
20,28,3
20,29,3
20,30,3
21,0,1
21,1,1
21,2,1
21,3,1
21,4,1
21,5,2
21,6,2
21,7,2
21,8,2
21,9,1
21,10,1
21,11,3
21,12,3
21,13,2
21,14,2
21,15,2
21,16,2
21,17,3
21,18,3
21,19,4
21,20,4
21,21,4
21,22,4
21,23,4
21,24,4
21,25,4
21,26,3
21,27,3
21,28,4
21,29,4
21,30,4
22,0,1
22,1,1
22,2,1
22,3,1
22,4,1
22,5,1
22,6,2
22,7,2
22,8,2
22,9,2
22,10,3
22,11,3
22,12,3
22,13,3
22,14,2
22,15,2
22,16,2
22,17,2
22,18,4
22,19,4
22,20,4
22,21,4
22,22,4
22,23,4
22,24,4
22,25,4
22,26,4
22,27,4
22,28,4
22,29,4
22,30,4
23,0,4
23,1,4
23,2,4
23,3,1
23,4,1
23,5,1
23,6,1
23,7,2
23,8,2
23,9,2
23,10,3
23,11,3
23,12,3
23,13,3
23,14,2
23,15,2
23,16,2
23,17,2
23,18,4
23,19,4
23,20,4
23,21,4
23,22,2
23,23,2
23,24,4
23,25,4
23,26,4
23,27,4
23,28,4
23,29,4
23,30,4
24,0,4
24,1,4
24,2,4
24,3,4
24,4,1
24,5,1
24,6,1
24,7,2
24,8,2
24,9,2
24,10,2
24,11,3
24,12,3
24,13,3
24,14,3
24,15,2
24,16,2
24,17,1
24,18,1
24,19,4
24,20,4
24,21,2
24,22,2
24,23,2
24,24,2
24,25,4
24,26,4
24,27,4
24,28,1
24,29,1
24,30,1
25,0,4
25,1,4
25,2,4
25,3,4
25,4,4
25,5,1
25,6,1
25,7,1
25,8,2
25,9,2
25,10,2
25,11,2
25,12,3
25,13,3
25,14,3
25,15,1
25,16,1
25,17,1
25,18,1
25,19,1
25,20,1
25,21,2
25,22,2
25,23,2
25,24,2
25,25,1
25,26,1
25,27,1
25,28,1
25,29,1
25,30,1
26,0,4
26,1,4
26,2,4
26,3,4
26,4,4
26,5,1
26,6,1
26,7,1
26,8,2
26,9,2
26,10,2
26,11,2
26,12,3
26,13,3
26,14,1
26,15,1
26,16,1
26,17,1
26,18,1
26,19,1
26,20,1
26,21,1
26,22,2
26,23,2
26,24,1
26,25,1
26,26,1
26,27,1
26,28,1
26,29,1
26,30,1
27,0,4
27,1,4
27,2,4
27,3,4
27,4,4
27,5,4
27,6,1
27,7,1
27,8,1
27,9,2
27,10,2
27,11,3
27,12,3
27,13,3
27,14,1
27,15,1
27,16,1
27,17,1
27,18,1
27,19,1
27,20,1
27,21,1
27,22,2
27,23,2
27,24,1
27,25,1
27,26,1
27,27,3
27,28,3
27,29,3
27,30,3
28,0,4
28,1,4
28,2,4
28,3,4
28,4,4
28,5,4
28,6,1
28,7,1
28,8,1
28,9,1
28,10,3
28,11,3
28,12,3
28,13,3
28,14,1
28,15,1
28,16,1
28,17,1
28,18,1
28,19,1
28,20,1
28,21,1
28,22,2
28,23,2
28,24,1
28,25,1
28,26,3
28,27,3
28,28,3
28,29,3
28,30,3
29,0,4
29,1,4
29,2,4
29,3,4
29,4,4
29,5,4
29,6,4
29,7,1
29,8,1
29,9,1
29,10,3
29,11,3
29,12,3
29,13,1
29,14,1
29,15,1
29,16,1
29,17,1
29,18,1
29,19,1
29,20,1
29,21,2
29,22,2
29,23,2
29,24,1
29,25,1
29,26,3
29,27,3
29,28,3
29,29,3
29,30,3
30,0,4
30,1,4
30,2,4
30,3,4
30,4,4
30,5,4
30,6,4
30,7,1
30,8,1
30,9,1
30,10,3
30,11,3
30,12,3
30,13,1
30,14,1
30,15,1
30,16,1
30,17,1
30,18,1
30,19,1
30,20,1
30,21,2
30,22,2
30,23,2
30,24,1
30,25,1
30,26,3
30,27,3
30,28,3
30,29,3
30,30,3