7
10
8
2
2,7
2,17
2,27
12,17
22,7
22,17
22,27
2,6,2
1,2,2
3,6,1
5,6,1
0,3,2
0,4,2
3,4,2
1,3,1
3,5,1
4,5,1
0,0,4
0,1,4
0,2,4
0,3,4
0,4,3
0,5,3
0,6,3
0,7,3
0,8,3
0,9,3
0,10,3
0,11,3
0,12,3
0,13,4
0,14,4
0,15,4
0,16,4
0,17,4
0,18,4
0,19,4
0,20,3
0,21,3
0,22,3
0,23,3
0,24,3
0,25,3
0,26,3
0,27,3
0,28,3
0,29,3
0,30,3
1,0,4
1,1,4
1,2,4
1,3,4
1,4,3
1,5,3
1,6,3
1,7,3
1,8,3
1,9,3
1,10,3
1,11,3
1,12,3
1,13,4
1,14,4
1,15,4
1,16,4
1,17,4
1,18,4
1,19,4
1,20,3
1,21,3
1,22,3
1,23,3
1,24,3
1,25,3
1,26,3
1,27,3
1,28,3
1,29,3
1,30,3
2,0,4
2,1,4
2,2,4
2,3,3
2,4,3
2,5,3
2,6,3
2,7,3
2,8,3
2,9,3
2,10,3
2,11,3
2,12,3
2,13,4
2,14,4
2,15,4
2,16,4
2,17,4
2,18,4
2,19,4
2,20,4
2,21,3
2,22,3
2,23,3
2,24,3
2,25,3
2,26,3
2,27,3
2,28,3
2,29,3
2,30,3
3,0,4
3,1,4
3,2,3
3,3,3
3,4,3
3,5,3
3,6,3
3,7,3
3,8,3
3,9,3
3,10,3
3,11,3
3,12,3
3,13,4
3,14,4
3,15,4
3,16,4
3,17,4
3,18,4
3,19,4
3,20,4
3,21,4
3,22,4
3,23,4
3,24,3
3,25,3
3,26,3
3,27,3
3,28,3
3,29,3
3,30,3
4,0,1
4,1,1
4,2,3
4,3,3
4,4,3
4,5,3
4,6,3
4,7,3
4,8,3
4,9,3
4,10,3
4,11,3
4,12,3
4,13,4
4,14,4
4,15,4
4,16,4
4,17,4
4,18,4
4,19,4
4,20,4
4,21,4
4,22,4
4,23,4
4,24,4
4,25,3
4,26,3
4,27,3
4,28,3
4,29,3
4,30,3
5,0,1
5,1,1
5,2,1
5,3,3
5,4,3
5,5,3
5,6,3
5,7,3
5,8,3
5,9,3
5,10,3
5,11,3
5,12,4
5,13,4
5,14,4
5,15,4
5,16,1
5,17,1
5,18,4
5,19,4
5,20,1
5,21,1
5,22,4
5,23,4
5,24,4
5,25,4
5,26,4
5,27,4
5,28,4
5,29,4
5,30,4
6,0,1
6,1,1
6,2,1
6,3,4
6,4,4
6,5,3
6,6,3
6,7,3
6,8,3
6,9,1
6,10,1
6,11,1
6,12,4
6,13,4
6,14,4
6,15,1
6,16,1
6,17,1
6,18,1
6,19,1
6,20,1
6,21,1
6,22,1
6,23,4
6,24,4
6,25,4
6,26,4
6,27,4
6,28,4
6,29,4
6,30,4
7,0,1
7,1,1
7,2,4
7,3,4
7,4,4
7,5,4
7,6,3
7,7,3
7,8,1
7,9,1
7,10,1
7,11,1
7,12,1
7,13,4
7,14,4
7,15,1
7,16,1
7,17,1
7,18,1
7,19,1
7,20,1
7,21,1
7,22,1
7,23,3
7,24,3
7,25,4
7,26,4
7,27,4
7,28,4
7,29,3
7,30,3
8,0,2
8,1,2
8,2,4
8,3,4
8,4,4
8,5,4
8,6,4
8,7,1
8,8,1
8,9,1
8,10,1
8,11,1
8,12,1
8,13,4
8,14,4
8,15,4
8,16,1
8,17,1
8,18,4
8,19,4
8,20,1
8,21,1
8,22,3
8,23,3
8,24,3
8,25,3
8,26,4
8,27,4
8,28,3
8,29,3
8,30,3
9,0,2
9,1,2
9,2,2
9,3,4
9,4,4
9,5,4
9,6,4
9,7,1
9,8,1
9,9,1
9,10,1
9,11,1
9,12,4
9,13,4
9,14,4
9,15,4
9,16,4
9,17,4
9,18,4
9,19,4
9,20,4
9,21,4
9,22,3
9,23,3
9,24,3
9,25,3
9,26,4
9,27,4
9,28,3
9,29,3
9,30,3
10,0,2
10,1,2
10,2,2
10,3,4
10,4,4
10,5,4
10,6,1
10,7,1
10,8,1
10,9,1
10,10,1
10,11,4
10,12,4
10,13,4
10,14,4
10,15,4
10,16,4
10,17,4
10,18,4
10,19,4
10,20,4
10,21,4
10,22,4
10,23,3
10,24,3
10,25,4
10,26,4
10,27,4
10,28,4
10,29,3
10,30,3
11,0,2
11,1,2
11,2,2
11,3,4
11,4,4
11,5,4
11,6,1
11,7,1
11,8,1
11,9,1
11,10,4
11,11,4
11,12,4
11,13,4
11,14,4
11,15,4
11,16,4
11,17,4
11,18,4
11,19,4
11,20,4
11,21,4
11,22,4
11,23,4
11,24,4
11,25,4
11,26,4
11,27,4
11,28,4
11,29,1
11,30,1
12,0,2
12,1,2
12,2,2
12,3,4
12,4,4
12,5,4
12,6,4
12,7,1
12,8,1
12,9,4
12,10,4
12,11,4
12,12,4
12,13,4
12,14,4
12,15,4
12,16,4
12,17,4
12,18,4
12,19,4
12,20,4
12,21,4
12,22,4
12,23,4
12,24,4
12,25,4
12,26,4
12,27,4
12,28,1
12,29,1
12,30,1
13,0,2
13,1,2
13,2,1
13,3,1
13,4,4
13,5,4
13,6,4
13,7,4
13,8,4
13,9,4
13,10,4
13,11,4
13,12,4
13,13,4
13,14,4
13,15,4
13,16,4
13,17,4
13,18,4
13,19,4
13,20,4
13,21,3
13,22,3
13,23,4
13,24,4
13,25,4
13,26,4
13,27,1
13,28,1
13,29,1
13,30,1
14,0,1
14,1,1
14,2,1
14,3,1
14,4,1
14,5,4
14,6,4
14,7,4
14,8,4
14,9,4
14,10,4
14,11,4
14,12,4
14,13,4
14,14,4
14,15,4
14,16,4
14,17,4
14,18,4
14,19,4
14,20,3
14,21,3
14,22,3
14,23,3
14,24,4
14,25,4
14,26,4
14,27,1
14,28,1
14,29,1
14,30,1
15,0,1
15,1,1
15,2,1
15,3,1
15,4,1
15,5,1
15,6,1
15,7,1
15,8,1
15,9,4
15,10,4
15,11,4
15,12,4
15,13,4
15,14,4
15,15,4
15,16,1
15,17,1
15,18,1
15,19,1
15,20,3
15,21,3
15,22,3
15,23,3
15,24,4
15,25,4
15,26,4
15,27,1
15,28,1
15,29,1
15,30,1
16,0,1
16,1,1
16,2,1
16,3,1
16,4,1
16,5,1
16,6,1
16,7,1
16,8,1
16,9,1
16,10,4
16,11,4
16,12,4
16,13,4
16,14,4
16,15,1
16,16,1
16,17,1
16,18,1
16,19,1
16,20,1
16,21,3
16,22,3
16,23,4
16,24,4
16,25,4
16,26,4
16,27,4
16,28,1
16,29,1
16,30,1
17,0,2
17,1,2
17,2,2
17,3,1
17,4,1
17,5,1
17,6,1
17,7,1
17,8,1
17,9,1
17,10,2
17,11,2
17,12,4
17,13,4
17,14,1
17,15,1
17,16,1
17,17,1
17,18,1
17,19,1
17,20,1
17,21,1
17,22,1
17,23,4
17,24,4
17,25,4
17,26,4
17,27,4
17,28,1
17,29,1
17,30,1
18,0,2
18,1,2
18,2,2
18,3,2
18,4,1
18,5,1
18,6,1
18,7,1
18,8,1
18,9,2
18,10,2
18,11,2
18,12,2
18,13,1
18,14,1
18,15,1
18,16,1
18,17,4
18,18,4
18,19,1
18,20,1
18,21,1
18,22,1
18,23,1
18,24,4
18,25,4
18,26,4
18,27,4
18,28,1
18,29,1
18,30,1
19,0,2
19,1,2
19,2,2
19,3,2
19,4,2
19,5,1
19,6,1
19,7,4
19,8,4
19,9,2
19,10,2
19,11,2
19,12,2
19,13,1
19,14,1
19,15,1
19,16,4
19,17,4
19,18,4
19,19,4
19,20,1
19,21,1
19,22,1
19,23,1
19,24,1
19,25,4
19,26,4
19,27,1
19,28,1
19,29,1
19,30,1
20,0,2
20,1,2
20,2,2
20,3,2
20,4,2
20,5,4
20,6,4
20,7,4
20,8,4
20,9,4
20,10,2
20,11,2
20,12,1
20,13,1
20,14,1
20,15,4
20,16,4
20,17,4
20,18,4
20,19,4
20,20,4
20,21,1
20,22,1
20,23,1
20,24,1
20,25,1
20,26,1
20,27,1
20,28,1
20,29,1
20,30,1
21,0,4
21,1,4
21,2,2
21,3,2
21,4,4
21,5,4
21,6,4
21,7,4
21,8,4
21,9,4
21,10,4
21,11,1
21,12,1
21,13,1
21,14,1
21,15,4
21,16,4
21,17,4
21,18,4
21,19,4
21,20,4
21,21,4
21,22,1
21,23,1
21,24,1
21,25,1
21,26,1
21,27,1
21,28,1
21,29,1
21,30,1
22,0,4
22,1,4
22,2,4
22,3,4
22,4,4
22,5,4
22,6,4
22,7,4
22,8,4
22,9,4
22,10,4
22,11,1
22,12,1
22,13,1
22,14,1
22,15,4
22,16,4
22,17,4
22,18,4
22,19,4
22,20,4
22,21,4
22,22,2
22,23,2
22,24,1
22,25,1
22,26,1
22,27,1
22,28,1
22,29,1
22,30,1
23,0,4
23,1,4
23,2,4
23,3,4
23,4,4
23,5,4
23,6,4
23,7,4
23,8,4
23,9,4
23,10,4
23,11,1
23,12,1
23,13,1
23,14,4
23,15,4
23,16,4
23,17,4
23,18,4
23,19,4
23,20,4
23,21,2
23,22,2
23,23,2
23,24,2
23,25,1
23,26,1
23,27,1
23,28,1
23,29,1
23,30,1
24,0,4
24,1,4
24,2,4
24,3,4
24,4,4
24,5,4
24,6,4
24,7,4
24,8,4
24,9,4
24,10,1
24,11,1
24,12,1
24,13,4
24,14,4
24,15,4
24,16,4
24,17,4
24,18,4
24,19,4
24,20,2
24,21,2
24,22,2
24,23,2
24,24,2
24,25,1
24,26,1
24,27,1
24,28,1
24,29,1
24,30,1
25,0,4
25,1,4
25,2,4
25,3,4
25,4,4
25,5,4
25,6,2
25,7,2
25,8,2
25,9,2
25,10,1
25,11,1
25,12,1
25,13,4
25,14,4
25,15,4
25,16,1
25,17,1
25,18,1
25,19,1
25,20,2
25,21,2
25,22,2
25,23,2
25,24,4
25,25,4
25,26,1
25,27,1
25,28,1
25,29,1
25,30,1
26,0,2
26,1,2
26,2,4
26,3,4
26,4,2
26,5,2
26,6,2
26,7,2
26,8,2
26,9,2
26,10,2
26,11,1
26,12,1
26,13,4
26,14,4
26,15,1
26,16,1
26,17,1
26,18,1
26,19,1
26,20,1
26,21,2
26,22,2
26,23,4
26,24,4
26,25,4
26,26,4
26,27,1
26,28,1
26,29,1
26,30,1
27,0,2
27,1,2
27,2,2
27,3,2
27,4,2
27,5,2
27,6,2
27,7,2
27,8,2
27,9,2
27,10,2
27,11,1
27,12,1
27,13,4
27,14,4
27,15,1
27,16,1
27,17,1
27,18,1
27,19,1
27,20,1
27,21,4
27,22,4
27,23,4
27,24,4
27,25,4
27,26,4
27,27,1
27,28,1
27,29,1
27,30,1
28,0,2
28,1,2
28,2,2
28,3,2
28,4,2
28,5,2
28,6,3
28,7,3
28,8,2
28,9,2
28,10,2
28,11,1
28,12,1
28,13,4
28,14,4
28,15,4
28,16,1
28,17,1
28,18,1
28,19,1
28,20,4
28,21,4
28,22,4
28,23,4
28,24,4
28,25,4
28,26,1
28,27,1
28,28,1
28,29,1
28,30,1
29,0,3
29,1,3
29,2,3
29,3,3
29,4,3
29,5,3
29,6,3
29,7,3
29,8,3
29,9,2
29,10,2
29,11,1
29,12,1
29,13,4
29,14,4
29,15,4
29,16,4
29,17,1
29,18,1
29,19,1
29,20,4
29,21,4
29,22,4
29,23,4
29,24,4
29,25,4
29,26,1
29,27,1
29,28,1
29,29,1
29,30,1
30,0,3
30,1,3
30,2,3
30,3,3
30,4,3
30,5,3
30,6,3
30,7,3
30,8,3
30,9,2
30,10,2
30,11,1
30,12,1
30,13,4
30,14,4
30,15,4
30,16,4
30,17,1
30,18,1
30,19,1
30,20,4
30,21,4
30,22,4
30,23,4
30,24,4
30,25,4
30,26,1
30,27,1
30,28,1
30,29,1
30,30,1