7
10
9
6
2,12
2,27
12,2
12,12
12,22
22,12
22,22
5,6,2
4,6,1
3,6,2
2,5,1
0,2,1
2,3,1
3,5,1
0,1,4
0,3,1
3,4,1
0,0,4
0,1,4
0,2,4
0,3,1
0,4,1
0,5,4
0,6,4
0,7,4
0,8,4
0,9,4
0,10,4
0,11,4
0,12,4
0,13,4
0,14,4
0,15,4
0,16,4
0,17,4
0,18,4
0,19,4
0,20,4
0,21,2
0,22,2
0,23,3
0,24,3
0,25,4
0,26,4
0,27,4
0,28,4
0,29,4
0,30,4
1,0,4
1,1,4
1,2,4
1,3,1
1,4,1
1,5,4
1,6,4
1,7,4
1,8,4
1,9,4
1,10,4
1,11,4
1,12,4
1,13,4
1,14,4
1,15,4
1,16,4
1,17,4
1,18,4
1,19,4
1,20,4
1,21,2
1,22,2
1,23,3
1,24,3
1,25,4
1,26,4
1,27,4
1,28,4
1,29,4
1,30,4
2,0,4
2,1,4
2,2,1
2,3,1
2,4,1
2,5,1
2,6,4
2,7,4
2,8,4
2,9,4
2,10,4
2,11,4
2,12,4
2,13,4
2,14,4
2,15,4
2,16,4
2,17,4
2,18,4
2,19,4
2,20,4
2,21,2
2,22,2
2,23,3
2,24,3
2,25,4
2,26,4
2,27,4
2,28,4
2,29,4
2,30,4
3,0,4
3,1,4
3,2,1
3,3,1
3,4,1
3,5,1
3,6,4
3,7,4
3,8,4
3,9,4
3,10,4
3,11,4
3,12,4
3,13,4
3,14,4
3,15,4
3,16,4
3,17,4
3,18,4
3,19,4
3,20,2
3,21,2
3,22,2
3,23,3
3,24,3
3,25,4
3,26,4
3,27,4
3,28,4
3,29,4
3,30,4
4,0,4
4,1,4
4,2,4
4,3,1
4,4,1
4,5,4
4,6,4
4,7,4
4,8,4
4,9,4
4,10,4
4,11,4
4,12,4
4,13,4
4,14,4
4,15,4
4,16,4
4,17,4
4,18,4
4,19,4
4,20,2
4,21,2
4,22,2
4,23,3
4,24,3
4,25,4
4,26,4
4,27,4
4,28,4
4,29,4
4,30,4
5,0,4
5,1,4
5,2,4
5,3,4
5,4,4
5,5,4
5,6,4
5,7,4
5,8,4
5,9,4
5,10,4
5,11,4
5,12,4
5,13,4
5,14,4
5,15,4
5,16,4
5,17,4
5,18,4
5,19,2
5,20,2
5,21,2
5,22,3
5,23,3
5,24,3
5,25,4
5,26,4
5,27,4
5,28,4
5,29,4
5,30,4
6,0,4
6,1,4
6,2,4
6,3,4
6,4,4
6,5,4
6,6,4
6,7,4
6,8,1
6,9,1
6,10,4
6,11,4
6,12,4
6,13,1
6,14,1
6,15,4
6,16,4
6,17,3
6,18,3
6,19,2
6,20,2
6,21,2
6,22,3
6,23,3
6,24,3
6,25,4
6,26,4
6,27,4
6,28,4
6,29,4
6,30,4
7,0,4
7,1,4
7,2,1
7,3,1
7,4,1
7,5,1
7,6,1
7,7,1
7,8,1
7,9,1
7,10,1
7,11,1
7,12,1
7,13,1
7,14,1
7,15,1
7,16,3
7,17,3
7,18,3
7,19,3
7,20,2
7,21,2
7,22,3
7,23,3
7,24,3
7,25,3
7,26,4
7,27,4
7,28,4
7,29,4
7,30,4
8,0,1
8,1,1
8,2,1
8,3,1
8,4,1
8,5,1
8,6,1
8,7,1
8,8,1
8,9,1
8,10,1
8,11,1
8,12,1
8,13,1
8,14,1
8,15,1
8,16,3
8,17,3
8,18,3
8,19,3
8,20,2
8,21,2
8,22,3
8,23,3
8,24,3
8,25,3
8,26,3
8,27,3
8,28,3
8,29,3
8,30,3
9,0,1
9,1,1
9,2,1
9,3,1
9,4,4
9,5,4
9,6,4
9,7,4
9,8,4
9,9,4
9,10,4
9,11,1
9,12,1
9,13,1
9,14,1
9,15,4
9,16,4
9,17,3
9,18,3
9,19,2
9,20,2
9,21,2
9,22,2
9,23,3
9,24,3
9,25,3
9,26,3
9,27,3
9,28,3
9,29,3
9,30,3
10,0,4
10,1,4
10,2,4
10,3,4
10,4,4
10,5,4
10,6,4
10,7,4
10,8,4
10,9,4
10,10,4
10,11,4
10,12,4
10,13,4
10,14,4
10,15,4
10,16,4
10,17,4
10,18,2
10,19,2
10,20,2
10,21,2
10,22,2
10,23,2
10,24,2
10,25,3
10,26,3
10,27,1
10,28,1
10,29,1
10,30,1
11,0,4
11,1,4
11,2,4
11,3,4
11,4,4
11,5,4
11,6,4
11,7,1
11,8,1
11,9,4
11,10,4
11,11,4
11,12,4
11,13,4
11,14,4
11,15,4
11,16,4
11,17,4
11,18,2
11,19,2
11,20,2
11,21,2
11,22,2
11,23,2
11,24,2
11,25,2
11,26,1
11,27,1
11,28,1
11,29,1
11,30,1
12,0,4
12,1,4
12,2,4
12,3,4
12,4,4
12,5,4
12,6,1
12,7,1
12,8,1
12,9,1
12,10,4
12,11,4
12,12,4
12,13,4
12,14,4
12,15,4
12,16,4
12,17,3
12,18,3
12,19,2
12,20,2
12,21,2
12,22,2
12,23,2
12,24,2
12,25,2
12,26,1
12,27,1
12,28,1
12,29,2
12,30,2
13,0,4
13,1,4
13,2,4
13,3,4
13,4,4
13,5,4
13,6,1
13,7,1
13,8,1
13,9,1
13,10,4
13,11,4
13,12,4
13,13,4
13,14,4
13,15,4
13,16,3
13,17,3
13,18,3
13,19,3
13,20,2
13,21,2
13,22,2
13,23,2
13,24,2
13,25,1
13,26,1
13,27,1
13,28,2
13,29,2
13,30,2
14,0,4
14,1,4
14,2,4
14,3,4
14,4,4
14,5,4
14,6,1
14,7,1
14,8,1
14,9,1
14,10,4
14,11,4
14,12,4
14,13,4
14,14,4
14,15,4
14,16,3
14,17,3
14,18,3
14,19,3
14,20,2
14,21,2
14,22,2
14,23,2
14,24,2
14,25,1
14,26,1
14,27,1
14,28,2
14,29,2
14,30,2
15,0,4
15,1,4
15,2,4
15,3,4
15,4,4
15,5,4
15,6,4
15,7,1
15,8,1
15,9,3
15,10,3
15,11,4
15,12,4
15,13,4
15,14,4
15,15,4
15,16,3
15,17,3
15,18,3
15,19,2
15,20,2
15,21,2
15,22,2
15,23,2
15,24,1
15,25,1
15,26,1
15,27,1
15,28,1
15,29,2
15,30,2
16,0,4
16,1,4
16,2,4
16,3,4
16,4,4
16,5,4
16,6,4
16,7,3
16,8,3
16,9,3
16,10,3
16,11,3
16,12,4
16,13,4
16,14,4
16,15,3
16,16,3
16,17,3
16,18,3
16,19,2
16,20,2
16,21,2
16,22,4
16,23,4
16,24,1
16,25,1
16,26,1
16,27,1
16,28,1
16,29,1
16,30,1
17,0,1
17,1,1
17,2,1
17,3,1
17,4,4
17,5,4
17,6,3
17,7,3
17,8,3
17,9,3
17,10,3
17,11,3
17,12,3
17,13,3
17,14,3
17,15,3
17,16,3
17,17,3
17,18,2
17,19,2
17,20,2
17,21,4
17,22,4
17,23,4
17,24,4
17,25,1
17,26,1
17,27,1
17,28,1
17,29,1
17,30,1
18,0,1
18,1,1
18,2,1
18,3,1
18,4,1
18,5,1
18,6,3
18,7,3
18,8,3
18,9,3
18,10,3
18,11,3
18,12,3
18,13,3
18,14,3
18,15,3
18,16,3
18,17,2
18,18,2
18,19,2
18,20,2
18,21,4
18,22,4
18,23,4
18,24,4
18,25,4
18,26,1
18,27,1
18,28,1
18,29,1
18,30,1
19,0,2
19,1,2
19,2,1
19,3,1
19,4,1
19,5,1
19,6,1
19,7,3
19,8,3
19,9,2
19,10,2
19,11,3
19,12,3
19,13,3
19,14,2
19,15,2
19,16,2
19,17,2
19,18,2
19,19,2
19,20,4
19,21,4
19,22,4
19,23,4
19,24,4
19,25,4
19,26,3
19,27,3
19,28,1
19,29,1
19,30,1
20,0,2
20,1,2
20,2,2
20,3,2
20,4,1
20,5,1
20,6,1
20,7,1
20,8,2
20,9,2
20,10,2
20,11,2
20,12,2
20,13,2
20,14,2
20,15,2
20,16,2
20,17,2
20,18,2
20,19,4
20,20,4
20,21,4
20,22,4
20,23,4
20,24,4
20,25,3
20,26,3
20,27,3
20,28,3
20,29,1
20,30,1
21,0,2
21,1,2
21,2,2
21,3,2
21,4,2
21,5,1
21,6,1
21,7,1
21,8,2
21,9,2
21,10,2
21,11,2
21,12,2
21,13,2
21,14,2
21,15,2
21,16,4
21,17,4
21,18,4
21,19,4
21,20,4
21,21,4
21,22,4
21,23,4
21,24,4
21,25,3
21,26,3
21,27,3
21,28,3
21,29,2
21,30,2
22,0,3
22,1,3
22,2,2
22,3,2
22,4,2
22,5,2
22,6,1
22,7,1
22,8,1
22,9,2
22,10,2
22,11,2
22,12,2
22,13,2
22,14,2
22,15,4
22,16,4
22,17,4
22,18,4
22,19,4
22,20,4
22,21,4
22,22,4
22,23,4
22,24,4
22,25,4
22,26,3
22,27,3
22,28,2
22,29,2
22,30,2
23,0,3
23,1,3
23,2,3
23,3,2
23,4,2
23,5,2
23,6,1
23,7,1
23,8,1
23,9,1
23,10,2
23,11,2
23,12,2
23,13,2
23,14,2
23,15,4
23,16,4
23,17,4
23,18,4
23,19,4
23,20,4
23,21,4
23,22,4
23,23,4
23,24,4
23,25,4
23,26,3
23,27,3
23,28,2
23,29,2
23,30,2
24,0,3
24,1,3
24,2,3
24,3,2
24,4,2
24,5,2
24,6,1
24,7,1
24,8,1
24,9,1
24,10,2
24,11,2
24,12,2
24,13,2
24,14,2
24,15,4
24,16,4
24,17,4
24,18,4
24,19,4
24,20,4
24,21,4
24,22,4
24,23,4
24,24,4
24,25,4
24,26,3
24,27,3
24,28,3
24,29,2
24,30,2
25,0,3
25,1,3
25,2,2
25,3,2
25,4,2
25,5,2
25,6,1
25,7,1
25,8,1
25,9,1
25,10,1
25,11,2
25,12,2
25,13,2
25,14,3
25,15,3
25,16,4
25,17,4
25,18,2
25,19,2
25,20,4
25,21,4
25,22,4
25,23,4
25,24,4
25,25,3
25,26,3
25,27,3
25,28,3
25,29,2
25,30,2
26,0,4
26,1,4
26,2,2
26,3,2
26,4,2
26,5,2
26,6,1
26,7,1
26,8,1
26,9,1
26,10,1
26,11,2
26,12,2
26,13,3
26,14,3
26,15,3
26,16,3
26,17,2
26,18,2
26,19,2
26,20,2
26,21,2
26,22,2
26,23,2
26,24,2
26,25,3
26,26,3
26,27,3
26,28,3
26,29,2
26,30,2
27,0,4
27,1,4
27,2,4
27,3,2
27,4,2
27,5,1
27,6,1
27,7,1
27,8,1
27,9,1
27,10,2
27,11,2
27,12,2
27,13,3
27,14,3
27,15,3
27,16,3
27,17,2
27,18,2
27,19,2
27,20,2
27,21,2
27,22,2
27,23,2
27,24,2
27,25,2
27,26,3
27,27,3
27,28,3
27,29,2
27,30,2
28,0,4
28,1,4
28,2,4
28,3,3
28,4,3
28,5,1
28,6,1
28,7,1
28,8,1
28,9,2
28,10,2
28,11,2
28,12,2
28,13,3
28,14,3
28,15,3
28,16,1
28,17,1
28,18,2
28,19,2
28,20,3
28,21,3
28,22,3
28,23,2
28,24,2
28,25,2
28,26,3
28,27,3
28,28,3
28,29,2
28,30,2
29,0,4
29,1,4
29,2,3
29,3,3
29,4,3
29,5,3
29,6,1
29,7,1
29,8,2
29,9,2
29,10,2
29,11,2
29,12,3
29,13,3
29,14,3
29,15,1
29,16,1
29,17,1
29,18,1
29,19,3
29,20,3
29,21,3
29,22,3
29,23,3
29,24,2
29,25,2
29,26,3
29,27,3
29,28,3
29,29,2
29,30,2
30,0,4
30,1,4
30,2,3
30,3,3
30,4,3
30,5,3
30,6,1
30,7,1
30,8,2
30,9,2
30,10,2
30,11,2
30,12,3
30,13,3
30,14,3
30,15,1
30,16,1
30,17,1
30,18,1
30,19,3
30,20,3
30,21,3
30,22,3
30,23,3
30,24,2
30,25,2
30,26,3
30,27,3
30,28,3
30,29,2
30,30,2