6
8
7
3
2,2
2,12
2,27
12,12
27,12
27,27
0,3,1
3,4,4
3,5,4
1,3,2
0,1,2
4,5,1
2,5,2
1,2,1
0,0,4
0,1,4
0,2,4
0,3,4
0,4,4
0,5,3
0,6,3
0,7,3
0,8,3
0,9,4
0,10,4
0,11,4
0,12,4
0,13,4
0,14,4
0,15,4
0,16,2
0,17,2
0,18,2
0,19,2
0,20,4
0,21,4
0,22,1
0,23,1
0,24,3
0,25,3
0,26,3
0,27,3
0,28,3
0,29,3
0,30,3
1,0,4
1,1,4
1,2,4
1,3,4
1,4,4
1,5,3
1,6,3
1,7,3
1,8,3
1,9,4
1,10,4
1,11,4
1,12,4
1,13,4
1,14,4
1,15,4
1,16,2
1,17,2
1,18,2
1,19,2
1,20,4
1,21,4
1,22,1
1,23,1
1,24,3
1,25,3
1,26,3
1,27,3
1,28,3
1,29,3
1,30,3
2,0,4
2,1,4
2,2,4
2,3,4
2,4,4
2,5,3
2,6,3
2,7,3
2,8,3
2,9,4
2,10,4
2,11,4
2,12,4
2,13,4
2,14,4
2,15,4
2,16,4
2,17,2
2,18,2
2,19,4
2,20,4
2,21,4
2,22,1
2,23,1
2,24,1
2,25,3
2,26,3
2,27,3
2,28,3
2,29,3
2,30,3
3,0,4
3,1,4
3,2,4
3,3,4
3,4,4
3,5,4
3,6,3
3,7,3
3,8,4
3,9,4
3,10,4
3,11,4
3,12,4
3,13,4
3,14,4
3,15,4
3,16,4
3,17,1
3,18,1
3,19,4
3,20,4
3,21,4
3,22,1
3,23,1
3,24,1
3,25,3
3,26,3
3,27,3
3,28,3
3,29,3
3,30,3
4,0,4
4,1,4
4,2,4
4,3,4
4,4,4
4,5,4
4,6,4
4,7,4
4,8,4
4,9,4
4,10,4
4,11,4
4,12,4
4,13,4
4,14,4
4,15,4
4,16,1
4,17,1
4,18,1
4,19,1
4,20,4
4,21,4
4,22,4
4,23,1
4,24,1
4,25,3
4,26,3
4,27,3
4,28,3
4,29,3
4,30,3
5,0,4
5,1,4
5,2,4
5,3,4
5,4,4
5,5,4
5,6,4
5,7,4
5,8,4
5,9,4
5,10,4
5,11,1
5,12,1
5,13,4
5,14,4
5,15,1
5,16,1
5,17,1
5,18,1
5,19,1
5,20,4
5,21,4
5,22,4
5,23,1
5,24,1
5,25,1
5,26,3
5,27,3
5,28,3
5,29,3
5,30,3
6,0,4
6,1,4
6,2,4
6,3,4
6,4,4
6,5,2
6,6,2
6,7,2
6,8,4
6,9,4
6,10,1
6,11,1
6,12,1
6,13,1
6,14,1
6,15,1
6,16,1
6,17,1
6,18,1
6,19,4
6,20,4
6,21,4
6,22,1
6,23,1
6,24,1
6,25,1
6,26,1
6,27,3
6,28,3
6,29,3
6,30,3
7,0,4
7,1,4
7,2,4
7,3,4
7,4,2
7,5,2
7,6,2
7,7,2
7,8,2
7,9,2
7,10,1
7,11,1
7,12,1
7,13,1
7,14,1
7,15,1
7,16,1
7,17,4
7,18,4
7,19,4
7,20,4
7,21,4
7,22,1
7,23,1
7,24,1
7,25,1
7,26,1
7,27,1
7,28,1
7,29,1
7,30,1
8,0,4
8,1,4
8,2,4
8,3,4
8,4,2
8,5,2
8,6,2
8,7,2
8,8,2
8,9,2
8,10,2
8,11,1
8,12,1
8,13,4
8,14,4
8,15,4
8,16,4
8,17,4
8,18,4
8,19,4
8,20,4
8,21,2
8,22,2
8,23,1
8,24,1
8,25,1
8,26,1
8,27,1
8,28,1
8,29,1
8,30,1
9,0,4
9,1,4
9,2,4
9,3,3
9,4,3
9,5,2
9,6,2
9,7,2
9,8,2
9,9,2
9,10,2
9,11,4
9,12,4
9,13,4
9,14,4
9,15,4
9,16,4
9,17,4
9,18,4
9,19,2
9,20,2
9,21,2
9,22,2
9,23,2
9,24,2
9,25,2
9,26,2
9,27,2
9,28,2
9,29,2
9,30,2
10,0,4
10,1,4
10,2,3
10,3,3
10,4,3
10,5,3
10,6,2
10,7,2
10,8,2
10,9,2
10,10,4
10,11,4
10,12,4
10,13,4
10,14,4
10,15,4
10,16,4
10,17,4
10,18,2
10,19,2
10,20,2
10,21,2
10,22,2
10,23,2
10,24,2
10,25,2
10,26,2
10,27,2
10,28,2
10,29,2
10,30,2
11,0,3
11,1,3
11,2,3
11,3,3
11,4,3
11,5,3
11,6,3
11,7,2
11,8,2
11,9,2
11,10,4
11,11,4
11,12,4
11,13,4
11,14,4
11,15,4
11,16,4
11,17,2
11,18,2
11,19,2
11,20,2
11,21,2
11,22,2
11,23,2
11,24,4
11,25,4
11,26,4
11,27,4
11,28,4
11,29,4
11,30,4
12,0,3
12,1,3
12,2,3
12,3,3
12,4,3
12,5,3
12,6,3
12,7,2
12,8,2
12,9,2
12,10,4
12,11,4
12,12,4
12,13,4
12,14,4
12,15,4
12,16,2
12,17,2
12,18,2
12,19,2
12,20,2
12,21,2
12,22,2
12,23,4
12,24,4
12,25,4
12,26,4
12,27,4
12,28,4
12,29,4
12,30,4
13,0,3
13,1,3
13,2,1
13,3,1
13,4,3
13,5,3
13,6,2
13,7,2
13,8,2
13,9,2
13,10,4
13,11,4
13,12,4
13,13,4
13,14,4
13,15,4
13,16,2
13,17,2
13,18,2
13,19,2
13,20,2
13,21,4
13,22,4
13,23,4
13,24,4
13,25,4
13,26,4
13,27,4
13,28,4
13,29,4
13,30,4
14,0,1
14,1,1
14,2,1
14,3,1
14,4,1
14,5,2
14,6,2
14,7,2
14,8,2
14,9,2
14,10,4
14,11,4
14,12,4
14,13,4
14,14,4
14,15,2
14,16,2
14,17,2
14,18,2
14,19,2
14,20,4
14,21,4
14,22,4
14,23,4
14,24,4
14,25,4
14,26,4
14,27,4
14,28,4
14,29,4
14,30,4
15,0,1
15,1,1
15,2,1
15,3,1
15,4,1
15,5,2
15,6,2
15,7,2
15,8,2
15,9,3
15,10,3
15,11,4
15,12,4
15,13,4
15,14,4
15,15,2
15,16,2
15,17,2
15,18,2
15,19,4
15,20,4
15,21,4
15,22,4
15,23,3
15,24,3
15,25,4
15,26,4
15,27,4
15,28,4
15,29,4
15,30,4
16,0,1
16,1,1
16,2,1
16,3,1
16,4,4
16,5,4
16,6,2
16,7,2
16,8,3
16,9,3
16,10,3
16,11,3
16,12,4
16,13,4
16,14,1
16,15,1
16,16,2
16,17,2
16,18,4
16,19,4
16,20,4
16,21,4
16,22,3
16,23,3
16,24,3
16,25,3
16,26,4
16,27,4
16,28,4
16,29,4
16,30,4
17,0,4
17,1,4
17,2,4
17,3,4
17,4,4
17,5,4
17,6,4
17,7,4
17,8,3
17,9,3
17,10,3
17,11,3
17,12,3
17,13,1
17,14,1
17,15,1
17,16,1
17,17,4
17,18,4
17,19,4
17,20,4
17,21,3
17,22,3
17,23,3
17,24,3
17,25,3
17,26,3
17,27,4
17,28,4
17,29,4
17,30,4
18,0,4
18,1,4
18,2,4
18,3,4
18,4,4
18,5,4
18,6,4
18,7,4
18,8,4
18,9,3
18,10,3
18,11,3
18,12,3
18,13,1
18,14,1
18,15,1
18,16,1
18,17,4
18,18,4
18,19,4
18,20,4
18,21,3
18,22,3
18,23,3
18,24,3
18,25,3
18,26,3
18,27,3
18,28,4
18,29,4
18,30,4
19,0,4
19,1,4
19,2,4
19,3,1
19,4,1
19,5,4
19,6,4
19,7,4
19,8,4
19,9,3
19,10,3
19,11,3
19,12,3
19,13,1
19,14,1
19,15,1
19,16,4
19,17,4
19,18,4
19,19,4
19,20,4
19,21,3
19,22,3
19,23,3
19,24,3
19,25,3
19,26,3
19,27,3
19,28,4
19,29,4
19,30,4
20,0,1
20,1,1
20,2,1
20,3,1
20,4,1
20,5,1
20,6,4
20,7,4
20,8,4
20,9,4
20,10,3
20,11,3
20,12,1
20,13,1
20,14,1
20,15,1
20,16,4
20,17,4
20,18,4
20,19,4
20,20,4
20,21,3
20,22,3
20,23,3
20,24,3
20,25,3
20,26,3
20,27,4
20,28,4
20,29,4
20,30,4
21,0,1
21,1,1
21,2,1
21,3,1
21,4,1
21,5,1
21,6,4
21,7,4
21,8,4
21,9,4
21,10,4
21,11,4
21,12,1
21,13,1
21,14,1
21,15,1
21,16,4
21,17,4
21,18,4
21,19,4
21,20,4
21,21,3
21,22,3
21,23,3
21,24,3
21,25,3
21,26,3
21,27,4
21,28,4
21,29,4
21,30,4
22,0,4
22,1,4
22,2,4
22,3,1
22,4,1
22,5,4
22,6,4
22,7,4
22,8,4
22,9,4
22,10,4
22,11,4
22,12,4
22,13,1
22,14,1
22,15,4
22,16,4
22,17,4
22,18,4
22,19,4
22,20,4
22,21,4
22,22,3
22,23,3
22,24,3
22,25,3
22,26,2
22,27,2
22,28,4
22,29,4
22,30,4
23,0,4
23,1,4
23,2,4
23,3,4
23,4,4
23,5,4
23,6,4
23,7,4
23,8,4
23,9,4
23,10,4
23,11,4
23,12,4
23,13,4
23,14,4
23,15,4
23,16,4
23,17,4
23,18,4
23,19,4
23,20,4
23,21,4
23,22,2
23,23,2
23,24,2
23,25,2
23,26,2
23,27,2
23,28,2
23,29,2
23,30,2
24,0,4
24,1,4
24,2,4
24,3,4
24,4,4
24,5,4
24,6,4
24,7,2
24,8,2
24,9,4
24,10,4
24,11,4
24,12,4
24,13,4
24,14,4
24,15,4
24,16,4
24,17,4
24,18,4
24,19,4
24,20,4
24,21,2
24,22,2
24,23,2
24,24,2
24,25,2
24,26,2
24,27,2
24,28,2
24,29,2
24,30,2
25,0,3
25,1,3
25,2,3
25,3,3
25,4,4
25,5,4
25,6,2
25,7,2
25,8,2
25,9,2
25,10,2
25,11,2
25,12,2
25,13,2
25,14,2
25,15,4
25,16,4
25,17,4
25,18,4
25,19,4
25,20,4
25,21,2
25,22,2
25,23,2
25,24,2
25,25,4
25,26,4
25,27,4
25,28,4
25,29,4
25,30,4
26,0,3
26,1,3
26,2,3
26,3,3
26,4,3
26,5,2
26,6,2
26,7,2
26,8,2
26,9,2
26,10,2
26,11,2
26,12,2
26,13,2
26,14,2
26,15,2
26,16,4
26,17,4
26,18,4
26,19,4
26,20,4
26,21,4
26,22,2
26,23,2
26,24,4
26,25,4
26,26,4
26,27,4
26,28,4
26,29,4
26,30,4
27,0,3
27,1,3
27,2,3
27,3,3
27,4,3
27,5,2
27,6,2
27,7,2
27,8,2
27,9,2
27,10,2
27,11,2
27,12,2
27,13,2
27,14,2
27,15,2
27,16,4
27,17,4
27,18,4
27,19,4
27,20,4
27,21,4
27,22,2
27,23,2
27,24,4
27,25,4
27,26,4
27,27,4
27,28,4
27,29,4
27,30,4
28,0,4
28,1,4
28,2,3
28,3,3
28,4,3
28,5,2
28,6,2
28,7,2
28,8,2
28,9,2
28,10,2
28,11,2
28,12,2
28,13,2
28,14,2
28,15,4
28,16,4
28,17,4
28,18,4
28,19,4
28,20,4
28,21,4
28,22,2
28,23,2
28,24,4
28,25,4
28,26,4
28,27,4
28,28,4
28,29,4
28,30,4
29,0,4
29,1,4
29,2,4
29,3,3
29,4,3
29,5,3
29,6,2
29,7,2
29,8,2
29,9,2
29,10,2
29,11,2
29,12,2
29,13,2
29,14,2
29,15,4
29,16,4
29,17,4
29,18,4
29,19,4
29,20,4
29,21,4
29,22,2
29,23,2
29,24,4
29,25,4
29,26,4
29,27,4
29,28,4
29,29,4
29,30,4
30,0,4
30,1,4
30,2,4
30,3,3
30,4,3
30,5,3
30,6,2
30,7,2
30,8,2
30,9,2
30,10,2
30,11,2
30,12,2
30,13,2
30,14,2
30,15,4
30,16,4
30,17,4
30,18,4
30,19,4
30,20,4
30,21,4
30,22,2
30,23,2
30,24,4
30,25,4
30,26,4
30,27,4
30,28,4
30,29,4
30,30,4