6
8
7
4
2,2
2,12
2,22
12,2
22,12
22,22
1,4,3
3,4,1
4,5,1
1,2,1
2,5,3
0,1,2
0,3,2
1,3,2
0,0,1
0,1,1
0,2,1
0,3,1
0,4,1
0,5,3
0,6,3
0,7,3
0,8,3
0,9,4
0,10,4
0,11,4
0,12,4
0,13,4
0,14,4
0,15,3
0,16,3
0,17,3
0,18,3
0,19,1
0,20,1
0,21,1
0,22,1
0,23,1
0,24,1
0,25,1
0,26,1
0,27,1
0,28,1
0,29,1
0,30,1
1,0,1
1,1,1
1,2,1
1,3,1
1,4,1
1,5,3
1,6,3
1,7,3
1,8,3
1,9,4
1,10,4
1,11,4
1,12,4
1,13,4
1,14,4
1,15,3
1,16,3
1,17,3
1,18,3
1,19,1
1,20,1
1,21,1
1,22,1
1,23,1
1,24,1
1,25,1
1,26,1
1,27,1
1,28,1
1,29,1
1,30,1
2,0,1
2,1,1
2,2,1
2,3,1
2,4,1
2,5,1
2,6,3
2,7,3
2,8,4
2,9,4
2,10,4
2,11,4
2,12,4
2,13,4
2,14,4
2,15,3
2,16,3
2,17,3
2,18,3
2,19,1
2,20,1
2,21,1
2,22,1
2,23,1
2,24,1
2,25,1
2,26,1
2,27,1
2,28,1
2,29,1
2,30,1
3,0,1
3,1,1
3,2,1
3,3,1
3,4,1
3,5,1
3,6,1
3,7,4
3,8,4
3,9,4
3,10,4
3,11,4
3,12,4
3,13,4
3,14,4
3,15,4
3,16,3
3,17,3
3,18,3
3,19,1
3,20,1
3,21,1
3,22,1
3,23,1
3,24,1
3,25,1
3,26,1
3,27,1
3,28,1
3,29,1
3,30,1
4,0,1
4,1,1
4,2,1
4,3,1
4,4,1
4,5,1
4,6,1
4,7,4
4,8,4
4,9,4
4,10,4
4,11,4
4,12,4
4,13,4
4,14,4
4,15,4
4,16,3
4,17,3
4,18,1
4,19,1
4,20,1
4,21,1
4,22,1
4,23,1
4,24,1
4,25,1
4,26,1
4,27,1
4,28,1
4,29,4
4,30,4
5,0,1
5,1,1
5,2,2
5,3,2
5,4,1
5,5,1
5,6,2
5,7,2
5,8,4
5,9,4
5,10,4
5,11,4
5,12,4
5,13,4
5,14,4
5,15,3
5,16,3
5,17,3
5,18,1
5,19,1
5,20,1
5,21,4
5,22,4
5,23,1
5,24,1
5,25,1
5,26,1
5,27,1
5,28,4
5,29,4
5,30,4
6,0,2
6,1,2
6,2,2
6,3,2
6,4,2
6,5,2
6,6,2
6,7,2
6,8,2
6,9,2
6,10,2
6,11,2
6,12,2
6,13,2
6,14,2
6,15,3
6,16,3
6,17,3
6,18,1
6,19,1
6,20,4
6,21,4
6,22,4
6,23,4
6,24,1
6,25,1
6,26,2
6,27,2
6,28,4
6,29,4
6,30,4
7,0,2
7,1,2
7,2,2
7,3,2
7,4,2
7,5,2
7,6,2
7,7,2
7,8,2
7,9,2
7,10,2
7,11,2
7,12,2
7,13,2
7,14,2
7,15,2
7,16,3
7,17,3
7,18,1
7,19,1
7,20,4
7,21,4
7,22,4
7,23,4
7,24,4
7,25,2
7,26,2
7,27,2
7,28,2
7,29,4
7,30,4
8,0,1
8,1,1
8,2,1
8,3,1
8,4,1
8,5,1
8,6,1
8,7,2
8,8,2
8,9,2
8,10,1
8,11,1
8,12,2
8,13,2
8,14,2
8,15,2
8,16,3
8,17,3
8,18,1
8,19,1
8,20,1
8,21,4
8,22,4
8,23,4
8,24,4
8,25,2
8,26,2
8,27,2
8,28,2
8,29,2
8,30,2
9,0,1
9,1,1
9,2,1
9,3,1
9,4,1
9,5,1
9,6,1
9,7,1
9,8,1
9,9,1
9,10,1
9,11,1
9,12,1
9,13,2
9,14,2
9,15,3
9,16,3
9,17,3
9,18,1
9,19,1
9,20,1
9,21,4
9,22,4
9,23,4
9,24,2
9,25,2
9,26,2
9,27,2
9,28,2
9,29,2
9,30,2
10,0,4
10,1,4
10,2,4
10,3,4
10,4,4
10,5,1
10,6,1
10,7,1
10,8,1
10,9,1
10,10,1
10,11,1
10,12,1
10,13,4
10,14,4
10,15,3
10,16,3
10,17,3
10,18,3
10,19,1
10,20,1
10,21,1
10,22,4
10,23,4
10,24,2
10,25,2
10,26,2
10,27,2
10,28,2
10,29,2
10,30,2
11,0,4
11,1,4
11,2,4
11,3,4
11,4,4
11,5,4
11,6,4
11,7,1
11,8,1
11,9,1
11,10,1
11,11,1
11,12,4
11,13,4
11,14,4
11,15,4
11,16,3
11,17,3
11,18,3
11,19,1
11,20,1
11,21,1
11,22,4
11,23,4
11,24,4
11,25,2
11,26,2
11,27,1
11,28,1
11,29,1
11,30,1
12,0,4
12,1,4
12,2,4
12,3,4
12,4,4
12,5,4
12,6,4
12,7,4
12,8,1
12,9,1
12,10,1
12,11,1
12,12,4
12,13,4
12,14,4
12,15,4
12,16,3
12,17,3
12,18,1
12,19,1
12,20,1
12,21,4
12,22,4
12,23,4
12,24,4
12,25,4
12,26,1
12,27,1
12,28,1
12,29,1
12,30,1
13,0,4
13,1,4
13,2,4
13,3,4
13,4,4
13,5,4
13,6,4
13,7,4
13,8,1
13,9,1
13,10,1
13,11,1
13,12,4
13,13,4
13,14,4
13,15,4
13,16,3
13,17,3
13,18,1
13,19,1
13,20,1
13,21,4
13,22,4
13,23,4
13,24,4
13,25,4
13,26,1
13,27,1
13,28,1
13,29,1
13,30,1
14,0,4
14,1,4
14,2,4
14,3,4
14,4,4
14,5,4
14,6,4
14,7,1
14,8,1
14,9,1
14,10,1
14,11,1
14,12,1
14,13,4
14,14,4
14,15,3
14,16,3
14,17,3
14,18,1
14,19,1
14,20,1
14,21,1
14,22,4
14,23,4
14,24,4
14,25,4
14,26,1
14,27,1
14,28,1
14,29,1
14,30,1
15,0,4
15,1,4
15,2,4
15,3,4
15,4,4
15,5,2
15,6,2
15,7,1
15,8,1
15,9,1
15,10,1
15,11,1
15,12,1
15,13,1
15,14,1
15,15,3
15,16,3
15,17,3
15,18,3
15,19,1
15,20,1
15,21,1
15,22,1
15,23,4
15,24,4
15,25,4
15,26,4
15,27,1
15,28,1
15,29,2
15,30,2
16,0,1
16,1,1
16,2,4
16,3,4
16,4,2
16,5,2
16,6,2
16,7,2
16,8,1
16,9,1
16,10,1
16,11,1
16,12,1
16,13,1
16,14,1
16,15,1
16,16,3
16,17,3
16,18,3
16,19,3
16,20,1
16,21,1
16,22,1
16,23,4
16,24,4
16,25,4
16,26,4
16,27,2
16,28,2
16,29,2
16,30,2
17,0,1
17,1,1
17,2,1
17,3,1
17,4,2
17,5,2
17,6,2
17,7,2
17,8,1
17,9,1
17,10,1
17,11,1
17,12,1
17,13,1
17,14,1
17,15,1
17,16,3
17,17,3
17,18,3
17,19,3
17,20,1
17,21,1
17,22,4
17,23,4
17,24,4
17,25,4
17,26,2
17,27,2
17,28,2
17,29,2
17,30,2
18,0,1
18,1,1
18,2,1
18,3,1
18,4,1
18,5,2
18,6,2
18,7,2
18,8,2
18,9,1
18,10,1
18,11,1
18,12,1
18,13,1
18,14,1
18,15,1
18,16,3
18,17,3
18,18,3
18,19,3
18,20,1
18,21,1
18,22,4
18,23,4
18,24,4
18,25,4
18,26,2
18,27,2
18,28,2
18,29,1
18,30,1
19,0,4
19,1,4
19,2,1
19,3,1
19,4,1
19,5,2
19,6,2
19,7,2
19,8,2
19,9,3
19,10,3
19,11,3
19,12,3
19,13,1
19,14,1
19,15,3
19,16,3
19,17,3
19,18,3
19,19,1
19,20,1
19,21,1
19,22,1
19,23,4
19,24,4
19,25,2
19,26,2
19,27,2
19,28,1
19,29,1
19,30,1
20,0,4
20,1,4
20,2,4
20,3,1
20,4,1
20,5,1
20,6,2
20,7,2
20,8,3
20,9,3
20,10,3
20,11,3
20,12,3
20,13,3
20,14,3
20,15,3
20,16,3
20,17,3
20,18,1
20,19,1
20,20,1
20,21,1
20,22,1
20,23,1
20,24,1
20,25,2
20,26,2
20,27,2
20,28,1
20,29,1
20,30,1
21,0,4
21,1,4
21,2,4
21,3,1
21,4,1
21,5,1
21,6,1
21,7,1
21,8,3
21,9,3
21,10,3
21,11,3
21,12,3
21,13,3
21,14,3
21,15,3
21,16,3
21,17,1
21,18,1
21,19,1
21,20,1
21,21,1
21,22,1
21,23,1
21,24,1
21,25,1
21,26,2
21,27,2
21,28,2
21,29,1
21,30,1
22,0,4
22,1,4
22,2,3
22,3,3
22,4,1
22,5,1
22,6,1
22,7,1
22,8,1
22,9,3
22,10,3
22,11,3
22,12,3
22,13,3
22,14,3
22,15,3
22,16,3
22,17,1
22,18,1
22,19,1
22,20,1
22,21,1
22,22,1
22,23,1
22,24,1
22,25,1
22,26,2
22,27,2
22,28,2
22,29,2
22,30,2
23,0,3
23,1,3
23,2,3
23,3,3
23,4,3
23,5,1
23,6,1
23,7,1
23,8,1
23,9,3
23,10,3
23,11,3
23,12,3
23,13,3
23,14,3
23,15,3
23,16,1
23,17,1
23,18,1
23,19,1
23,20,1
23,21,1
23,22,1
23,23,1
23,24,1
23,25,1
23,26,1
23,27,2
23,28,2
23,29,2
23,30,2
24,0,3
24,1,3
24,2,3
24,3,3
24,4,3
24,5,1
24,6,1
24,7,1
24,8,1
24,9,3
24,10,3
24,11,3
24,12,3
24,13,3
24,14,3
24,15,3
24,16,1
24,17,1
24,18,1
24,19,1
24,20,1
24,21,1
24,22,1
24,23,1
24,24,1
24,25,1
24,26,1
24,27,3
24,28,3
24,29,3
24,30,3
25,0,4
25,1,4
25,2,3
25,3,3
25,4,4
25,5,4
25,6,1
25,7,1
25,8,4
25,9,4
25,10,3
25,11,3
25,12,3
25,13,3
25,14,3
25,15,3
25,16,3
25,17,1
25,18,1
25,19,1
25,20,1
25,21,4
25,22,4
25,23,1
25,24,1
25,25,1
25,26,3
25,27,3
25,28,3
25,29,3
25,30,3
26,0,4
26,1,4
26,2,4
26,3,4
26,4,4
26,5,4
26,6,4
26,7,4
26,8,4
26,9,4
26,10,4
26,11,3
26,12,3
26,13,3
26,14,3
26,15,3
26,16,3
26,17,4
26,18,4
26,19,4
26,20,4
26,21,4
26,22,4
26,23,4
26,24,1
26,25,1
26,26,3
26,27,3
26,28,3
26,29,4
26,30,4
27,0,4
27,1,4
27,2,4
27,3,4
27,4,4
27,5,4
27,6,4
27,7,4
27,8,4
27,9,4
27,10,4
27,11,1
27,12,1
27,13,1
27,14,3
27,15,3
27,16,4
27,17,4
27,18,4
27,19,4
27,20,4
27,21,4
27,22,4
27,23,4
27,24,1
27,25,1
27,26,3
27,27,3
27,28,4
27,29,4
27,30,4
28,0,2
28,1,2
28,2,4
28,3,4
28,4,2
28,5,2
28,6,2
28,7,4
28,8,4
28,9,4
28,10,1
28,11,1
28,12,1
28,13,1
28,14,1
28,15,4
28,16,4
28,17,4
28,18,4
28,19,1
28,20,1
28,21,4
28,22,4
28,23,4
28,24,1
28,25,1
28,26,3
28,27,3
28,28,4
28,29,4
28,30,4
29,0,2
29,1,2
29,2,2
29,3,2
29,4,2
29,5,2
29,6,2
29,7,2
29,8,4
29,9,4
29,10,1
29,11,1
29,12,1
29,13,1
29,14,1
29,15,4
29,16,4
29,17,4
29,18,1
29,19,1
29,20,1
29,21,1
29,22,4
29,23,4
29,24,1
29,25,1
29,26,3
29,27,3
29,28,4
29,29,4
29,30,4
30,0,2
30,1,2
30,2,2
30,3,2
30,4,2
30,5,2
30,6,2
30,7,2
30,8,4
30,9,4
30,10,1
30,11,1
30,12,1
30,13,1
30,14,1
30,15,4
30,16,4
30,17,4
30,18,1
30,19,1
30,20,1
30,21,1
30,22,4
30,23,4
30,24,1
30,25,1
30,26,3
30,27,3
30,28,4
30,29,4
30,30,4