7
10
11
6
2,2
2,17
12,2
12,12
12,22
22,2
22,22
4,6,2
5,6,2
3,6,2
3,4,2
2,5,1
0,2,2
2,3,1
0,1,3
3,5,2
0,3,2
0,0,2
0,1,2
0,2,2
0,3,2
0,4,2
0,5,1
0,6,1
0,7,1
0,8,1
0,9,1
0,10,1
0,11,1
0,12,1
0,13,4
0,14,4
0,15,4
0,16,4
0,17,4
0,18,4
0,19,4
0,20,4
0,21,4
0,22,1
0,23,1
0,24,2
0,25,2
0,26,2
0,27,2
0,28,1
0,29,1
0,30,1
1,0,2
1,1,2
1,2,2
1,3,2
1,4,2
1,5,1
1,6,1
1,7,1
1,8,1
1,9,1
1,10,1
1,11,1
1,12,1
1,13,4
1,14,4
1,15,4
1,16,4
1,17,4
1,18,4
1,19,4
1,20,4
1,21,4
1,22,1
1,23,1
1,24,2
1,25,2
1,26,2
1,27,2
1,28,1
1,29,1
1,30,1
2,0,2
2,1,2
2,2,2
2,3,2
2,4,2
2,5,2
2,6,1
2,7,1
2,8,1
2,9,1
2,10,1
2,11,1
2,12,4
2,13,4
2,14,4
2,15,4
2,16,4
2,17,4
2,18,4
2,19,4
2,20,4
2,21,4
2,22,1
2,23,1
2,24,2
2,25,2
2,26,2
2,27,2
2,28,1
2,29,1
2,30,1
3,0,2
3,1,2
3,2,2
3,3,2
3,4,2
3,5,2
3,6,1
3,7,1
3,8,1
3,9,1
3,10,1
3,11,4
3,12,4
3,13,4
3,14,4
3,15,4
3,16,4
3,17,4
3,18,4
3,19,4
3,20,4
3,21,4
3,22,1
3,23,1
3,24,1
3,25,2
3,26,2
3,27,3
3,28,3
3,29,1
3,30,1
4,0,2
4,1,2
4,2,2
4,3,2
4,4,2
4,5,4
4,6,4
4,7,1
4,8,1
4,9,2
4,10,2
4,11,4
4,12,4
4,13,4
4,14,4
4,15,4
4,16,4
4,17,4
4,18,4
4,19,4
4,20,4
4,21,4
4,22,1
4,23,1
4,24,1
4,25,1
4,26,3
4,27,3
4,28,3
4,29,3
4,30,3
5,0,4
5,1,4
5,2,4
5,3,4
5,4,4
5,5,4
5,6,4
5,7,4
5,8,2
5,9,2
5,10,2
5,11,2
5,12,4
5,13,4
5,14,4
5,15,4
5,16,4
5,17,4
5,18,4
5,19,4
5,20,4
5,21,3
5,22,3
5,23,1
5,24,1
5,25,1
5,26,3
5,27,3
5,28,3
5,29,3
5,30,3
6,0,4
6,1,4
6,2,4
6,3,4
6,4,4
6,5,4
6,6,4
6,7,4
6,8,2
6,9,2
6,10,2
6,11,2
6,12,4
6,13,4
6,14,4
6,15,4
6,16,4
6,17,4
6,18,4
6,19,3
6,20,3
6,21,3
6,22,3
6,23,3
6,24,1
6,25,1
6,26,3
6,27,3
6,28,3
6,29,3
6,30,3
7,0,2
7,1,2
7,2,2
7,3,2
7,4,2
7,5,4
7,6,4
7,7,2
7,8,2
7,9,2
7,10,2
7,11,2
7,12,2
7,13,4
7,14,4
7,15,4
7,16,4
7,17,4
7,18,3
7,19,3
7,20,3
7,21,3
7,22,3
7,23,3
7,24,1
7,25,1
7,26,1
7,27,3
7,28,3
7,29,3
7,30,3
8,0,2
8,1,2
8,2,2
8,3,2
8,4,2
8,5,2
8,6,2
8,7,2
8,8,2
8,9,2
8,10,2
8,11,2
8,12,2
8,13,4
8,14,4
8,15,4
8,16,4
8,17,4
8,18,3
8,19,3
8,20,3
8,21,3
8,22,3
8,23,3
8,24,1
8,25,1
8,26,1
8,27,1
8,28,1
8,29,1
8,30,1
9,0,4
9,1,4
9,2,2
9,3,2
9,4,2
9,5,2
9,6,2
9,7,2
9,8,2
9,9,2
9,10,2
9,11,2
9,12,1
9,13,1
9,14,4
9,15,4
9,16,4
9,17,4
9,18,4
9,19,3
9,20,3
9,21,3
9,22,3
9,23,4
9,24,4
9,25,1
9,26,1
9,27,1
9,28,1
9,29,1
9,30,1
10,0,4
10,1,4
10,2,4
10,3,4
10,4,4
10,5,4
10,6,4
10,7,4
10,8,2
10,9,2
10,10,1
10,11,1
10,12,1
10,13,1
10,14,1
10,15,4
10,16,4
10,17,4
10,18,4
10,19,4
10,20,4
10,21,4
10,22,4
10,23,4
10,24,4
10,25,4
10,26,1
10,27,1
10,28,1
10,29,1
10,30,1
11,0,4
11,1,4
11,2,4
11,3,4
11,4,4
11,5,4
11,6,4
11,7,4
11,8,4
11,9,1
11,10,1
11,11,1
11,12,1
11,13,1
11,14,1
11,15,4
11,16,4
11,17,4
11,18,4
11,19,4
11,20,4
11,21,4
11,22,4
11,23,4
11,24,4
11,25,4
11,26,1
11,27,1
11,28,1
11,29,1
11,30,1
12,0,4
12,1,4
12,2,4
12,3,4
12,4,4
12,5,4
12,6,4
12,7,4
12,8,4
12,9,1
12,10,1
12,11,1
12,12,1
12,13,1
12,14,1
12,15,1
12,16,4
12,17,4
12,18,4
12,19,4
12,20,4
12,21,4
12,22,4
12,23,4
12,24,4
12,25,4
12,26,4
12,27,1
12,28,1
12,29,2
12,30,2
13,0,4
13,1,4
13,2,4
13,3,4
13,4,4
13,5,4
13,6,4
13,7,4
13,8,4
13,9,1
13,10,1
13,11,1
13,12,1
13,13,1
13,14,1
13,15,1
13,16,1
13,17,4
13,18,4
13,19,4
13,20,4
13,21,4
13,22,4
13,23,4
13,24,4
13,25,4
13,26,4
13,27,2
13,28,2
13,29,2
13,30,2
14,0,4
14,1,4
14,2,4
14,3,4
14,4,4
14,5,4
14,6,4
14,7,4
14,8,4
14,9,4
14,10,1
14,11,1
14,12,1
14,13,1
14,14,1
14,15,1
14,16,1
14,17,1
14,18,1
14,19,1
14,20,4
14,21,4
14,22,4
14,23,4
14,24,4
14,25,4
14,26,2
14,27,2
14,28,2
14,29,2
14,30,2
15,0,4
15,1,4
15,2,4
15,3,4
15,4,2
15,5,2
15,6,2
15,7,4
15,8,4
15,9,4
15,10,4
15,11,4
15,12,4
15,13,1
15,14,1
15,15,1
15,16,1
15,17,1
15,18,1
15,19,1
15,20,1
15,21,4
15,22,4
15,23,4
15,24,4
15,25,4
15,26,2
15,27,2
15,28,2
15,29,2
15,30,2
16,0,4
16,1,4
16,2,4
16,3,2
16,4,2
16,5,2
16,6,2
16,7,2
16,8,4
16,9,4
16,10,4
16,11,4
16,12,4
16,13,4
16,14,4
16,15,4
16,16,4
16,17,4
16,18,1
16,19,1
16,20,1
16,21,4
16,22,4
16,23,4
16,24,4
16,25,4
16,26,4
16,27,2
16,28,2
16,29,4
16,30,4
17,0,4
17,1,4
17,2,4
17,3,2
17,4,2
17,5,2
17,6,2
17,7,2
17,8,1
17,9,1
17,10,1
17,11,4
17,12,4
17,13,4
17,14,4
17,15,4
17,16,4
17,17,4
17,18,4
17,19,1
17,20,1
17,21,4
17,22,4
17,23,4
17,24,4
17,25,4
17,26,4
17,27,4
17,28,4
17,29,4
17,30,4
18,0,4
18,1,4
18,2,4
18,3,2
18,4,2
18,5,2
18,6,2
18,7,1
18,8,1
18,9,1
18,10,1
18,11,1
18,12,1
18,13,1
18,14,1
18,15,1
18,16,4
18,17,4
18,18,4
18,19,1
18,20,1
18,21,1
18,22,4
18,23,4
18,24,4
18,25,4
18,26,4
18,27,4
18,28,4
18,29,4
18,30,4
19,0,4
19,1,4
19,2,3
19,3,3
19,4,2
19,5,2
19,6,2
19,7,1
19,8,1
19,9,1
19,10,1
19,11,1
19,12,1
19,13,1
19,14,1
19,15,1
19,16,1
19,17,4
19,18,4
19,19,1
19,20,1
19,21,1
19,22,1
19,23,1
19,24,1
19,25,4
19,26,4
19,27,4
19,28,4
19,29,4
19,30,4
20,0,3
20,1,3
20,2,3
20,3,3
20,4,3
20,5,2
20,6,2
20,7,1
20,8,1
20,9,1
20,10,1
20,11,3
20,12,3
20,13,3
20,14,1
20,15,1
20,16,1
20,17,4
20,18,4
20,19,1
20,20,1
20,21,1
20,22,1
20,23,1
20,24,1
20,25,1
20,26,4
20,27,4
20,28,4
20,29,1
20,30,1
21,0,3
21,1,3
21,2,3
21,3,3
21,4,3
21,5,2
21,6,2
21,7,2
21,8,1
21,9,1
21,10,3
21,11,3
21,12,3
21,13,3
21,14,3
21,15,1
21,16,1
21,17,4
21,18,4
21,19,1
21,20,1
21,21,1
21,22,1
21,23,1
21,24,1
21,25,1
21,26,4
21,27,4
21,28,1
21,29,1
21,30,1
22,0,3
22,1,3
22,2,3
22,3,3
22,4,3
22,5,2
22,6,2
22,7,2
22,8,2
22,9,2
22,10,3
22,11,3
22,12,3
22,13,3
22,14,3
22,15,1
22,16,1
22,17,4
22,18,4
22,19,1
22,20,1
22,21,1
22,22,1
22,23,1
22,24,1
22,25,4
22,26,4
22,27,4
22,28,1
22,29,1
22,30,1
23,0,3
23,1,3
23,2,3
23,3,3
23,4,3
23,5,3
23,6,2
23,7,2
23,8,2
23,9,2
23,10,2
23,11,3
23,12,3
23,13,3
23,14,1
23,15,1
23,16,1
23,17,4
23,18,4
23,19,1
23,20,1
23,21,1
23,22,1
23,23,1
23,24,1
23,25,4
23,26,4
23,27,4
23,28,4
23,29,1
23,30,1
24,0,3
24,1,3
24,2,3
24,3,3
24,4,3
24,5,3
24,6,2
24,7,2
24,8,2
24,9,2
24,10,2
24,11,2
24,12,3
24,13,3
24,14,1
24,15,1
24,16,1
24,17,4
24,18,4
24,19,4
24,20,1
24,21,1
24,22,1
24,23,1
24,24,1
24,25,1
24,26,4
24,27,4
24,28,4
24,29,2
24,30,2
25,0,2
25,1,2
25,2,2
25,3,3
25,4,3
25,5,1
25,6,1
25,7,2
25,8,2
25,9,2
25,10,2
25,11,2
25,12,3
25,13,3
25,14,1
25,15,1
25,16,4
25,17,4
25,18,4
25,19,4
25,20,4
25,21,4
25,22,1
25,23,1
25,24,1
25,25,1
25,26,4
25,27,4
25,28,2
25,29,2
25,30,2
26,0,2
26,1,2
26,2,2
26,3,2
26,4,1
26,5,1
26,6,1
26,7,1
26,8,2
26,9,2
26,10,2
26,11,2
26,12,3
26,13,3
26,14,1
26,15,1
26,16,4
26,17,4
26,18,4
26,19,4
26,20,4
26,21,4
26,22,4
26,23,1
26,24,1
26,25,4
26,26,4
26,27,4
26,28,2
26,29,2
26,30,2
27,0,2
27,1,2
27,2,2
27,3,2
27,4,1
27,5,1
27,6,1
27,7,1
27,8,2
27,9,2
27,10,2
27,11,2
27,12,3
27,13,3
27,14,1
27,15,1
27,16,1
27,17,4
27,18,4
27,19,4
27,20,4
27,21,4
27,22,4
27,23,1
27,24,1
27,25,4
27,26,4
27,27,4
27,28,2
27,29,2
27,30,2
28,0,2
28,1,2
28,2,2
28,3,3
28,4,3
28,5,1
28,6,1
28,7,4
28,8,4
28,9,2
28,10,2
28,11,3
28,12,3
28,13,3
28,14,1
28,15,1
28,16,1
28,17,2
28,18,2
28,19,2
28,20,4
28,21,4
28,22,1
28,23,1
28,24,1
28,25,4
28,26,4
28,27,2
28,28,2
28,29,2
28,30,2
29,0,3
29,1,3
29,2,3
29,3,3
29,4,3
29,5,3
29,6,4
29,7,4
29,8,4
29,9,4
29,10,3
29,11,3
29,12,3
29,13,3
29,14,1
29,15,1
29,16,2
29,17,2
29,18,2
29,19,2
29,20,2
29,21,1
29,22,1
29,23,1
29,24,1
29,25,4
29,26,4
29,27,2
29,28,2
29,29,2
29,30,2
30,0,3
30,1,3
30,2,3
30,3,3
30,4,3
30,5,3
30,6,4
30,7,4
30,8,4
30,9,4
30,10,3
30,11,3
30,12,3
30,13,3
30,14,1
30,15,1
30,16,2
30,17,2
30,18,2
30,19,2
30,20,2
30,21,1
30,22,1
30,23,1
30,24,1
30,25,4
30,26,4
30,27,2
30,28,2
30,29,2
30,30,2