7
10
12
6
2,7
2,22
17,7
17,17
17,27
27,7
27,17
5,6,2
4,6,2
2,6,2
3,6,1
2,5,1
1,2,3
0,1,3
3,4,2
2,3,2
0,2,4
0,0,2
0,1,2
0,2,2
0,3,2
0,4,2
0,5,3
0,6,3
0,7,3
0,8,3
0,9,3
0,10,3
0,11,4
0,12,4
0,13,4
0,14,4
0,15,4
0,16,4
0,17,4
0,18,1
0,19,1
0,20,1
0,21,1
0,22,1
0,23,1
0,24,1
0,25,1
0,26,4
0,27,4
0,28,2
0,29,2
0,30,2
1,0,2
1,1,2
1,2,2
1,3,2
1,4,2
1,5,3
1,6,3
1,7,3
1,8,3
1,9,3
1,10,3
1,11,4
1,12,4
1,13,4
1,14,4
1,15,4
1,16,4
1,17,4
1,18,1
1,19,1
1,20,1
1,21,1
1,22,1
1,23,1
1,24,1
1,25,1
1,26,4
1,27,4
1,28,2
1,29,2
1,30,2
2,0,3
2,1,3
2,2,2
2,3,2
2,4,2
2,5,3
2,6,3
2,7,3
2,8,3
2,9,3
2,10,3
2,11,4
2,12,4
2,13,4
2,14,4
2,15,4
2,16,4
2,17,4
2,18,1
2,19,1
2,20,1
2,21,1
2,22,1
2,23,1
2,24,1
2,25,1
2,26,4
2,27,4
2,28,4
2,29,2
2,30,2
3,0,3
3,1,3
3,2,3
3,3,2
3,4,2
3,5,3
3,6,3
3,7,3
3,8,3
3,9,3
3,10,3
3,11,4
3,12,4
3,13,4
3,14,4
3,15,4
3,16,4
3,17,2
3,18,2
3,19,1
3,20,1
3,21,1
3,22,1
3,23,1
3,24,1
3,25,1
3,26,4
3,27,4
3,28,4
3,29,4
3,30,4
4,0,3
4,1,3
4,2,3
4,3,2
4,4,2
4,5,3
4,6,3
4,7,3
4,8,3
4,9,3
4,10,3
4,11,4
4,12,4
4,13,4
4,14,4
4,15,4
4,16,2
4,17,2
4,18,2
4,19,2
4,20,1
4,21,1
4,22,1
4,23,1
4,24,1
4,25,1
4,26,1
4,27,4
4,28,4
4,29,4
4,30,4
5,0,3
5,1,3
5,2,3
5,3,2
5,4,2
5,5,2
5,6,3
5,7,3
5,8,3
5,9,3
5,10,3
5,11,4
5,12,4
5,13,4
5,14,4
5,15,4
5,16,2
5,17,2
5,18,2
5,19,2
5,20,1
5,21,1
5,22,1
5,23,1
5,24,1
5,25,1
5,26,1
5,27,1
5,28,1
5,29,1
5,30,1
6,0,3
6,1,3
6,2,3
6,3,2
6,4,2
6,5,2
6,6,2
6,7,2
6,8,3
6,9,3
6,10,1
6,11,1
6,12,4
6,13,4
6,14,4
6,15,4
6,16,4
6,17,2
6,18,2
6,19,2
6,20,2
6,21,1
6,22,1
6,23,1
6,24,1
6,25,1
6,26,1
6,27,1
6,28,1
6,29,1
6,30,1
7,0,3
7,1,3
7,2,3
7,3,3
7,4,2
7,5,2
7,6,2
7,7,2
7,8,2
7,9,1
7,10,1
7,11,1
7,12,1
7,13,4
7,14,4
7,15,4
7,16,4
7,17,4
7,18,2
7,19,2
7,20,2
7,21,2
7,22,2
7,23,2
7,24,2
7,25,2
7,26,2
7,27,1
7,28,1
7,29,4
7,30,4
8,0,3
8,1,3
8,2,3
8,3,3
8,4,2
8,5,2
8,6,2
8,7,2
8,8,2
8,9,1
8,10,1
8,11,1
8,12,1
8,13,4
8,14,4
8,15,4
8,16,4
8,17,4
8,18,4
8,19,2
8,20,2
8,21,2
8,22,2
8,23,2
8,24,2
8,25,2
8,26,2
8,27,2
8,28,4
8,29,4
8,30,4
9,0,3
9,1,3
9,2,3
9,3,2
9,4,2
9,5,2
9,6,2
9,7,2
9,8,1
9,9,1
9,10,1
9,11,1
9,12,3
9,13,3
9,14,4
9,15,4
9,16,4
9,17,4
9,18,4
9,19,1
9,20,1
9,21,1
9,22,1
9,23,1
9,24,2
9,25,2
9,26,2
9,27,2
9,28,4
9,29,4
9,30,4
10,0,3
10,1,3
10,2,3
10,3,2
10,4,2
10,5,2
10,6,4
10,7,4
10,8,1
10,9,1
10,10,1
10,11,3
10,12,3
10,13,3
10,14,3
10,15,3
10,16,4
10,17,4
10,18,1
10,19,1
10,20,1
10,21,1
10,22,1
10,23,1
10,24,1
10,25,2
10,26,2
10,27,1
10,28,1
10,29,4
10,30,4
11,0,3
11,1,3
11,2,3
11,3,2
11,4,2
11,5,4
11,6,4
11,7,4
11,8,4
11,9,1
11,10,1
11,11,3
11,12,3
11,13,3
11,14,3
11,15,3
11,16,3
11,17,1
11,18,1
11,19,1
11,20,1
11,21,1
11,22,1
11,23,1
11,24,1
11,25,1
11,26,1
11,27,1
11,28,1
11,29,1
11,30,1
12,0,3
12,1,3
12,2,3
12,3,2
12,4,2
12,5,4
12,6,4
12,7,4
12,8,4
12,9,1
12,10,1
12,11,1
12,12,3
12,13,3
12,14,3
12,15,3
12,16,3
12,17,1
12,18,1
12,19,1
12,20,1
12,21,1
12,22,1
12,23,1
12,24,1
12,25,1
12,26,1
12,27,1
12,28,1
12,29,1
12,30,1
13,0,3
13,1,3
13,2,2
13,3,2
13,4,2
13,5,4
13,6,4
13,7,4
13,8,4
13,9,1
13,10,1
13,11,1
13,12,1
13,13,3
13,14,3
13,15,3
13,16,3
13,17,1
13,18,1
13,19,1
13,20,1
13,21,1
13,22,4
13,23,4
13,24,4
13,25,4
13,26,4
13,27,4
13,28,4
13,29,4
13,30,4
14,0,2
14,1,2
14,2,2
14,3,2
14,4,2
14,5,4
14,6,4
14,7,4
14,8,4
14,9,4
14,10,1
14,11,1
14,12,1
14,13,1
14,14,3
14,15,3
14,16,4
14,17,4
14,18,1
14,19,1
14,20,1
14,21,4
14,22,4
14,23,4
14,24,4
14,25,4
14,26,4
14,27,4
14,28,4
14,29,4
14,30,4
15,0,2
15,1,2
15,2,2
15,3,2
15,4,4
15,5,4
15,6,4
15,7,4
15,8,4
15,9,4
15,10,1
15,11,1
15,12,1
15,13,1
15,14,1
15,15,4
15,16,4
15,17,4
15,18,4
15,19,4
15,20,4
15,21,4
15,22,4
15,23,4
15,24,1
15,25,1
15,26,1
15,27,1
15,28,1
15,29,1
15,30,1
16,0,4
16,1,4
16,2,4
16,3,4
16,4,4
16,5,4
16,6,4
16,7,4
16,8,4
16,9,4
16,10,1
16,11,1
16,12,1
16,13,1
16,14,1
16,15,4
16,16,4
16,17,4
16,18,4
16,19,4
16,20,4
16,21,4
16,22,4
16,23,1
16,24,1
16,25,1
16,26,1
16,27,1
16,28,1
16,29,1
16,30,1
17,0,4
17,1,4
17,2,4
17,3,4
17,4,4
17,5,4
17,6,4
17,7,4
17,8,4
17,9,4
17,10,4
17,11,1
17,12,1
17,13,1
17,14,4
17,15,4
17,16,4
17,17,4
17,18,4
17,19,4
17,20,4
17,21,1
17,22,1
17,23,1
17,24,1
17,25,1
17,26,1
17,27,1
17,28,1
17,29,1
17,30,1
18,0,3
18,1,3
18,2,3
18,3,3
18,4,4
18,5,4
18,6,4
18,7,4
18,8,4
18,9,4
18,10,4
18,11,4
18,12,4
18,13,4
18,14,4
18,15,4
18,16,4
18,17,4
18,18,4
18,19,4
18,20,1
18,21,1
18,22,1
18,23,1
18,24,1
18,25,1
18,26,1
18,27,1
18,28,1
18,29,1
18,30,1
19,0,3
19,1,3
19,2,3
19,3,3
19,4,3
19,5,4
19,6,4
19,7,4
19,8,4
19,9,4
19,10,4
19,11,4
19,12,4
19,13,4
19,14,4
19,15,4
19,16,4
19,17,4
19,18,4
19,19,4
19,20,1
19,21,1
19,22,1
19,23,4
19,24,4
19,25,1
19,26,1
19,27,1
19,28,1
19,29,1
19,30,1
20,0,4
20,1,4
20,2,3
20,3,3
20,4,3
20,5,3
20,6,4
20,7,4
20,8,4
20,9,3
20,10,3
20,11,4
20,12,4
20,13,1
20,14,1
20,15,4
20,16,4
20,17,4
20,18,4
20,19,4
20,20,1
20,21,1
20,22,4
20,23,4
20,24,4
20,25,4
20,26,1
20,27,1
20,28,1
20,29,1
20,30,1
21,0,4
21,1,4
21,2,4
21,3,3
21,4,3
21,5,3
21,6,3
21,7,3
21,8,3
21,9,3
21,10,3
21,11,3
21,12,1
21,13,1
21,14,1
21,15,1
21,16,4
21,17,4
21,18,4
21,19,4
21,20,1
21,21,1
21,22,4
21,23,4
21,24,4
21,25,4
21,26,4
21,27,4
21,28,4
21,29,4
21,30,4
22,0,4
22,1,4
22,2,4
22,3,3
22,4,3
22,5,3
22,6,3
22,7,3
22,8,3
22,9,3
22,10,3
22,11,3
22,12,1
22,13,1
22,14,1
22,15,1
22,16,4
22,17,4
22,18,4
22,19,4
22,20,1
22,21,1
22,22,1
22,23,4
22,24,4
22,25,4
22,26,4
22,27,4
22,28,4
22,29,4
22,30,4
23,0,4
23,1,4
23,2,3
23,3,3
23,4,3
23,5,3
23,6,4
23,7,4
23,8,3
23,9,3
23,10,3
23,11,3
23,12,1
23,13,1
23,14,1
23,15,1
23,16,4
23,17,4
23,18,4
23,19,4
23,20,1
23,21,1
23,22,1
23,23,1
23,24,4
23,25,4
23,26,4
23,27,4
23,28,4
23,29,1
23,30,1
24,0,3
24,1,3
24,2,3
24,3,3
24,4,3
24,5,4
24,6,4
24,7,4
24,8,4
24,9,3
24,10,3
24,11,1
24,12,1
24,13,1
24,14,1
24,15,2
24,16,2
24,17,4
24,18,4
24,19,2
24,20,2
24,21,1
24,22,1
24,23,1
24,24,1
24,25,1
24,26,1
24,27,1
24,28,1
24,29,1
24,30,1
25,0,3
25,1,3
25,2,3
25,3,3
25,4,3
25,5,4
25,6,4
25,7,4
25,8,4
25,9,4
25,10,1
25,11,1
25,12,1
25,13,1
25,14,2
25,15,2
25,16,2
25,17,2
25,18,2
25,19,2
25,20,2
25,21,2
25,22,1
25,23,1
25,24,1
25,25,1
25,26,1
25,27,1
25,28,1
25,29,1
25,30,1
26,0,4
26,1,4
26,2,3
26,3,3
26,4,3
26,5,4
26,6,4
26,7,4
26,8,4
26,9,4
26,10,1
26,11,1
26,12,1
26,13,1
26,14,2
26,15,2
26,16,2
26,17,2
26,18,2
26,19,2
26,20,2
26,21,2
26,22,4
26,23,4
26,24,4
26,25,4
26,26,4
26,27,4
26,28,4
26,29,1
26,30,1
27,0,4
27,1,4
27,2,4
27,3,3
27,4,3
27,5,4
27,6,4
27,7,4
27,8,4
27,9,4
27,10,4
27,11,1
27,12,1
27,13,1
27,14,2
27,15,2
27,16,2
27,17,2
27,18,2
27,19,2
27,20,2
27,21,4
27,22,4
27,23,4
27,24,4
27,25,4
27,26,4
27,27,4
27,28,4
27,29,4
27,30,4
28,0,4
28,1,4
28,2,4
28,3,3
28,4,3
28,5,4
28,6,4
28,7,4
28,8,4
28,9,4
28,10,4
28,11,1
28,12,1
28,13,2
28,14,2
28,15,2
28,16,2
28,17,2
28,18,2
28,19,2
28,20,4
28,21,4
28,22,4
28,23,4
28,24,4
28,25,3
28,26,3
28,27,4
28,28,4
28,29,4
28,30,4
29,0,4
29,1,4
29,2,4
29,3,3
29,4,3
29,5,4
29,6,4
29,7,4
29,8,4
29,9,4
29,10,4
29,11,1
29,12,1
29,13,2
29,14,2
29,15,2
29,16,2
29,17,2
29,18,2
29,19,2
29,20,4
29,21,4
29,22,4
29,23,4
29,24,3
29,25,3
29,26,3
29,27,3
29,28,4
29,29,4
29,30,4
30,0,4
30,1,4
30,2,4
30,3,3
30,4,3
30,5,4
30,6,4
30,7,4
30,8,4
30,9,4
30,10,4
30,11,1
30,12,1
30,13,2
30,14,2
30,15,2
30,16,2
30,17,2
30,18,2
30,19,2
30,20,4
30,21,4
30,22,4
30,23,4
30,24,3
30,25,3
30,26,3
30,27,3
30,28,4
30,29,4
30,30,4