7
10
9
2
2,2
2,12
12,2
12,12
12,22
27,2
27,17
0,2,2
2,3,1
2,6,3
2,5,2
0,3,2
0,1,1
3,4,1
1,3,1
5,6,3
1,4,1
0,0,3
0,1,3
0,2,3
0,3,3
0,4,3
0,5,1
0,6,1
0,7,1
0,8,1
0,9,3
0,10,3
0,11,3
0,12,3
0,13,3
0,14,3
0,15,4
0,16,4
0,17,4
0,18,4
0,19,4
0,20,4
0,21,3
0,22,3
0,23,3
0,24,3
0,25,3
0,26,3
0,27,1
0,28,1
0,29,1
0,30,1
1,0,3
1,1,3
1,2,3
1,3,3
1,4,3
1,5,1
1,6,1
1,7,1
1,8,1
1,9,3
1,10,3
1,11,3
1,12,3
1,13,3
1,14,3
1,15,4
1,16,4
1,17,4
1,18,4
1,19,4
1,20,4
1,21,3
1,22,3
1,23,3
1,24,3
1,25,3
1,26,3
1,27,1
1,28,1
1,29,1
1,30,1
2,0,3
2,1,3
2,2,3
2,3,3
2,4,3
2,5,1
2,6,1
2,7,1
2,8,3
2,9,3
2,10,3
2,11,3
2,12,3
2,13,3
2,14,3
2,15,3
2,16,4
2,17,4
2,18,4
2,19,4
2,20,1
2,21,1
2,22,3
2,23,3
2,24,3
2,25,3
2,26,4
2,27,4
2,28,1
2,29,1
2,30,1
3,0,3
3,1,3
3,2,3
3,3,3
3,4,3
3,5,1
3,6,1
3,7,1
3,8,3
3,9,3
3,10,3
3,11,3
3,12,3
3,13,3
3,14,3
3,15,3
3,16,1
3,17,1
3,18,1
3,19,1
3,20,1
3,21,1
3,22,1
3,23,3
3,24,3
3,25,4
3,26,4
3,27,4
3,28,4
3,29,4
3,30,4
4,0,3
4,1,3
4,2,3
4,3,3
4,4,3
4,5,3
4,6,1
4,7,1
4,8,1
4,9,3
4,10,3
4,11,3
4,12,3
4,13,3
4,14,3
4,15,1
4,16,1
4,17,1
4,18,1
4,19,1
4,20,1
4,21,1
4,22,1
4,23,1
4,24,1
4,25,4
4,26,4
4,27,4
4,28,4
4,29,4
4,30,4
5,0,4
5,1,4
5,2,3
5,3,3
5,4,3
5,5,3
5,6,1
5,7,1
5,8,1
5,9,1
5,10,3
5,11,3
5,12,3
5,13,1
5,14,1
5,15,1
5,16,1
5,17,1
5,18,3
5,19,3
5,20,3
5,21,1
5,22,1
5,23,1
5,24,1
5,25,1
5,26,4
5,27,4
5,28,4
5,29,4
5,30,4
6,0,4
6,1,4
6,2,4
6,3,3
6,4,3
6,5,2
6,6,2
6,7,1
6,8,1
6,9,1
6,10,1
6,11,1
6,12,1
6,13,1
6,14,1
6,15,1
6,16,1
6,17,3
6,18,3
6,19,3
6,20,3
6,21,3
6,22,1
6,23,1
6,24,1
6,25,1
6,26,1
6,27,4
6,28,4
6,29,1
6,30,1
7,0,4
7,1,4
7,2,4
7,3,2
7,4,2
7,5,2
7,6,2
7,7,2
7,8,1
7,9,1
7,10,1
7,11,1
7,12,1
7,13,1
7,14,1
7,15,4
7,16,4
7,17,3
7,18,3
7,19,3
7,20,3
7,21,3
7,22,1
7,23,1
7,24,1
7,25,1
7,26,1
7,27,1
7,28,1
7,29,1
7,30,1
8,0,4
8,1,4
8,2,2
8,3,2
8,4,2
8,5,2
8,6,2
8,7,2
8,8,2
8,9,1
8,10,1
8,11,4
8,12,4
8,13,4
8,14,4
8,15,4
8,16,4
8,17,4
8,18,3
8,19,3
8,20,3
8,21,3
8,22,3
8,23,1
8,24,1
8,25,1
8,26,1
8,27,1
8,28,1
8,29,1
8,30,1
9,0,2
9,1,2
9,2,2
9,3,2
9,4,2
9,5,2
9,6,2
9,7,2
9,8,2
9,9,2
9,10,4
9,11,4
9,12,4
9,13,4
9,14,4
9,15,4
9,16,4
9,17,4
9,18,3
9,19,3
9,20,3
9,21,3
9,22,3
9,23,3
9,24,1
9,25,1
9,26,2
9,27,2
9,28,1
9,29,1
9,30,1
10,0,2
10,1,2
10,2,2
10,3,2
10,4,2
10,5,2
10,6,2
10,7,2
10,8,2
10,9,2
10,10,4
10,11,4
10,12,4
10,13,4
10,14,4
10,15,4
10,16,4
10,17,1
10,18,1
10,19,3
10,20,3
10,21,3
10,22,3
10,23,3
10,24,3
10,25,2
10,26,2
10,27,2
10,28,2
10,29,1
10,30,1
11,0,2
11,1,2
11,2,2
11,3,2
11,4,2
11,5,2
11,6,2
11,7,2
11,8,2
11,9,2
11,10,4
11,11,4
11,12,4
11,13,4
11,14,4
11,15,4
11,16,1
11,17,1
11,18,1
11,19,1
11,20,3
11,21,3
11,22,3
11,23,3
11,24,3
11,25,2
11,26,2
11,27,2
11,28,2
11,29,2
11,30,2
12,0,2
12,1,2
12,2,2
12,3,2
12,4,2
12,5,2
12,6,2
12,7,2
12,8,2
12,9,2
12,10,4
12,11,4
12,12,4
12,13,4
12,14,4
12,15,4
12,16,1
12,17,1
12,18,1
12,19,1
12,20,3
12,21,3
12,22,3
12,23,3
12,24,3
12,25,3
12,26,2
12,27,2
12,28,2
12,29,2
12,30,2
13,0,2
13,1,2
13,2,2
13,3,2
13,4,2
13,5,2
13,6,2
13,7,2
13,8,2
13,9,4
13,10,4
13,11,4
13,12,4
13,13,4
13,14,4
13,15,4
13,16,4
13,17,1
13,18,1
13,19,3
13,20,3
13,21,3
13,22,3
13,23,3
13,24,3
13,25,3
13,26,2
13,27,2
13,28,2
13,29,2
13,30,2
14,0,2
14,1,2
14,2,2
14,3,2
14,4,2
14,5,4
14,6,4
14,7,4
14,8,4
14,9,4
14,10,4
14,11,4
14,12,4
14,13,4
14,14,4
14,15,4
14,16,4
14,17,4
14,18,4
14,19,3
14,20,3
14,21,3
14,22,3
14,23,3
14,24,3
14,25,4
14,26,4
14,27,2
14,28,2
14,29,4
14,30,4
15,0,2
15,1,2
15,2,4
15,3,4
15,4,4
15,5,4
15,6,4
15,7,4
15,8,4
15,9,4
15,10,4
15,11,4
15,12,1
15,13,1
15,14,4
15,15,4
15,16,4
15,17,4
15,18,4
15,19,4
15,20,3
15,21,3
15,22,3
15,23,4
15,24,4
15,25,4
15,26,4
15,27,4
15,28,4
15,29,4
15,30,4
16,0,4
16,1,4
16,2,4
16,3,4
16,4,4
16,5,4
16,6,4
16,7,4
16,8,4
16,9,4
16,10,4
16,11,1
16,12,1
16,13,1
16,14,1
16,15,4
16,16,4
16,17,4
16,18,4
16,19,4
16,20,4
16,21,4
16,22,4
16,23,4
16,24,4
16,25,4
16,26,4
16,27,4
16,28,4
16,29,4
16,30,4
17,0,4
17,1,4
17,2,4
17,3,4
17,4,4
17,5,4
17,6,3
17,7,3
17,8,3
17,9,3
17,10,3
17,11,1
17,12,1
17,13,1
17,14,1
17,15,1
17,16,1
17,17,4
17,18,4
17,19,4
17,20,4
17,21,4
17,22,4
17,23,4
17,24,4
17,25,1
17,26,1
17,27,1
17,28,1
17,29,1
17,30,1
18,0,4
18,1,4
18,2,4
18,3,4
18,4,4
18,5,3
18,6,3
18,7,3
18,8,3
18,9,3
18,10,3
18,11,3
18,12,1
18,13,1
18,14,1
18,15,1
18,16,1
18,17,1
18,18,1
18,19,4
18,20,4
18,21,4
18,22,4
18,23,4
18,24,1
18,25,1
18,26,1
18,27,1
18,28,1
18,29,1
18,30,1
19,0,4
19,1,4
19,2,4
19,3,4
19,4,4
19,5,3
19,6,3
19,7,3
19,8,3
19,9,3
19,10,3
19,11,3
19,12,3
19,13,3
19,14,3
19,15,1
19,16,1
19,17,1
19,18,1
19,19,1
19,20,1
19,21,1
19,22,1
19,23,1
19,24,1
19,25,1
19,26,1
19,27,1
19,28,1
19,29,1
19,30,1
20,0,2
20,1,2
20,2,4
20,3,4
20,4,1
20,5,1
20,6,3
20,7,3
20,8,2
20,9,2
20,10,3
20,11,3
20,12,3
20,13,3
20,14,3
20,15,3
20,16,3
20,17,1
20,18,1
20,19,1
20,20,1
20,21,1
20,22,1
20,23,1
20,24,1
20,25,1
20,26,1
20,27,1
20,28,1
20,29,1
20,30,1
21,0,2
21,1,2
21,2,2
21,3,1
21,4,1
21,5,1
21,6,1
21,7,2
21,8,2
21,9,2
21,10,2
21,11,2
21,12,2
21,13,3
21,14,3
21,15,3
21,16,3
21,17,3
21,18,3
21,19,3
21,20,3
21,21,3
21,22,3
21,23,3
21,24,3
21,25,3
21,26,3
21,27,1
21,28,1
21,29,4
21,30,4
22,0,2
22,1,2
22,2,2
22,3,1
22,4,1
22,5,1
22,6,1
22,7,2
22,8,2
22,9,2
22,10,2
22,11,2
22,12,2
22,13,2
22,14,2
22,15,3
22,16,3
22,17,3
22,18,3
22,19,3
22,20,3
22,21,3
22,22,3
22,23,3
22,24,3
22,25,3
22,26,3
22,27,3
22,28,4
22,29,4
22,30,4
23,0,2
23,1,2
23,2,4
23,3,4
23,4,1
23,5,1
23,6,4
23,7,4
23,8,2
23,9,2
23,10,2
23,11,2
23,12,2
23,13,2
23,14,2
23,15,2
23,16,2
23,17,2
23,18,2
23,19,2
23,20,2
23,21,2
23,22,2
23,23,2
23,24,2
23,25,3
23,26,3
23,27,3
23,28,4
23,29,4
23,30,4
24,0,4
24,1,4
24,2,4
24,3,4
24,4,4
24,5,4
24,6,4
24,7,4
24,8,4
24,9,4
24,10,4
24,11,4
24,12,4
24,13,2
24,14,2
24,15,2
24,16,2
24,17,2
24,18,2
24,19,2
24,20,2
24,21,2
24,22,2
24,23,2
24,24,2
24,25,2
24,26,3
24,27,3
24,28,3
24,29,4
24,30,4
25,0,4
25,1,4
25,2,4
25,3,4
25,4,4
25,5,4
25,6,4
25,7,4
25,8,4
25,9,4
25,10,4
25,11,4
25,12,4
25,13,4
25,14,4
25,15,4
25,16,4
25,17,4
25,18,4
25,19,4
25,20,4
25,21,4
25,22,4
25,23,2
25,24,2
25,25,2
25,26,3
25,27,3
25,28,3
25,29,3
25,30,3
26,0,4
26,1,4
26,2,4
26,3,4
26,4,4
26,5,4
26,6,4
26,7,4
26,8,4
26,9,4
26,10,4
26,11,4
26,12,4
26,13,4
26,14,4
26,15,4
26,16,4
26,17,4
26,18,4
26,19,4
26,20,4
26,21,4
26,22,4
26,23,4
26,24,2
26,25,2
26,26,3
26,27,3
26,28,3
26,29,3
26,30,3
27,0,4
27,1,4
27,2,4
27,3,4
27,4,4
27,5,4
27,6,1
27,7,1
27,8,4
27,9,4
27,10,4
27,11,4
27,12,1
27,13,1
27,14,4
27,15,4
27,16,4
27,17,4
27,18,4
27,19,4
27,20,4
27,21,4
27,22,4
27,23,4
27,24,2
27,25,2
27,26,3
27,27,3
27,28,3
27,29,2
27,30,2
28,0,4
28,1,4
28,2,4
28,3,4
28,4,4
28,5,1
28,6,1
28,7,1
28,8,1
28,9,4
28,10,4
28,11,1
28,12,1
28,13,1
28,14,1
28,15,4
28,16,4
28,17,4
28,18,4
28,19,4
28,20,4
28,21,4
28,22,4
28,23,4
28,24,2
28,25,2
28,26,3
28,27,3
28,28,2
28,29,2
28,30,2
29,0,4
29,1,4
29,2,4
29,3,4
29,4,4
29,5,1
29,6,1
29,7,1
29,8,1
29,9,4
29,10,4
29,11,1
29,12,1
29,13,1
29,14,1
29,15,4
29,16,4
29,17,4
29,18,4
29,19,4
29,20,4
29,21,4
29,22,4
29,23,2
29,24,2
29,25,2
29,26,3
29,27,3
29,28,2
29,29,2
29,30,2
30,0,4
30,1,4
30,2,4
30,3,4
30,4,4
30,5,1
30,6,1
30,7,1
30,8,1
30,9,4
30,10,4
30,11,1
30,12,1
30,13,1
30,14,1
30,15,4
30,16,4
30,17,4
30,18,4
30,19,4
30,20,4
30,21,4
30,22,4
30,23,2
30,24,2
30,25,2
30,26,3
30,27,3
30,28,2
30,29,2
30,30,2