7
10
8
1
7,7
7,17
7,27
17,17
22,7
27,17
27,27
1,2,2
1,3,2
0,1,1
2,3,2
2,6,1
0,4,3
0,3,1
3,6,1
3,5,1
5,6,2
0,0,4
0,1,4
0,2,4
0,3,4
0,4,1
0,5,1
0,6,1
0,7,1
0,8,1
0,9,4
0,10,4
0,11,4
0,12,4
0,13,4
0,14,4
0,15,4
0,16,3
0,17,3
0,18,3
0,19,3
0,20,3
0,21,4
0,22,4
0,23,4
0,24,4
0,25,2
0,26,2
0,27,4
0,28,4
0,29,4
0,30,4
1,0,4
1,1,4
1,2,4
1,3,4
1,4,1
1,5,1
1,6,1
1,7,1
1,8,1
1,9,4
1,10,4
1,11,4
1,12,4
1,13,4
1,14,4
1,15,4
1,16,3
1,17,3
1,18,3
1,19,3
1,20,3
1,21,4
1,22,4
1,23,4
1,24,4
1,25,2
1,26,2
1,27,4
1,28,4
1,29,4
1,30,4
2,0,4
2,1,4
2,2,4
2,3,2
2,4,2
2,5,1
2,6,1
2,7,1
2,8,1
2,9,4
2,10,4
2,11,4
2,12,4
2,13,4
2,14,4
2,15,4
2,16,3
2,17,3
2,18,3
2,19,3
2,20,1
2,21,1
2,22,4
2,23,4
2,24,4
2,25,2
2,26,2
2,27,2
2,28,4
2,29,4
2,30,4
3,0,2
3,1,2
3,2,2
3,3,2
3,4,2
3,5,2
3,6,1
3,7,1
3,8,4
3,9,4
3,10,4
3,11,4
3,12,4
3,13,4
3,14,4
3,15,4
3,16,4
3,17,3
3,18,3
3,19,1
3,20,1
3,21,1
3,22,1
3,23,4
3,24,4
3,25,2
3,26,2
3,27,2
3,28,2
3,29,2
3,30,2
4,0,2
4,1,2
4,2,2
4,3,2
4,4,2
4,5,2
4,6,4
4,7,4
4,8,4
4,9,4
4,10,4
4,11,4
4,12,3
4,13,3
4,14,4
4,15,4
4,16,4
4,17,4
4,18,4
4,19,1
4,20,1
4,21,1
4,22,1
4,23,4
4,24,4
4,25,4
4,26,2
4,27,2
4,28,2
4,29,2
4,30,2
5,0,4
5,1,4
5,2,4
5,3,2
5,4,2
5,5,4
5,6,4
5,7,4
5,8,4
5,9,4
5,10,4
5,11,3
5,12,3
5,13,3
5,14,3
5,15,4
5,16,4
5,17,4
5,18,4
5,19,4
5,20,1
5,21,1
5,22,4
5,23,4
5,24,4
5,25,4
5,26,4
5,27,4
5,28,4
5,29,4
5,30,4
6,0,4
6,1,4
6,2,4
6,3,4
6,4,4
6,5,4
6,6,4
6,7,4
6,8,4
6,9,4
6,10,4
6,11,3
6,12,3
6,13,3
6,14,3
6,15,4
6,16,4
6,17,4
6,18,4
6,19,4
6,20,4
6,21,4
6,22,4
6,23,4
6,24,4
6,25,4
6,26,4
6,27,4
6,28,4
6,29,4
6,30,4
7,0,4
7,1,4
7,2,4
7,3,4
7,4,4
7,5,4
7,6,4
7,7,4
7,8,4
7,9,4
7,10,4
7,11,4
7,12,3
7,13,3
7,14,4
7,15,4
7,16,4
7,17,4
7,18,4
7,19,4
7,20,4
7,21,4
7,22,4
7,23,4
7,24,4
7,25,4
7,26,4
7,27,4
7,28,4
7,29,4
7,30,4
8,0,4
8,1,4
8,2,4
8,3,4
8,4,4
8,5,4
8,6,4
8,7,4
8,8,4
8,9,4
8,10,4
8,11,4
8,12,4
8,13,4
8,14,4
8,15,4
8,16,4
8,17,4
8,18,4
8,19,4
8,20,4
8,21,4
8,22,1
8,23,1
8,24,4
8,25,4
8,26,4
8,27,4
8,28,4
8,29,4
8,30,4
9,0,4
9,1,4
9,2,4
9,3,4
9,4,4
9,5,4
9,6,4
9,7,4
9,8,4
9,9,4
9,10,4
9,11,4
9,12,4
9,13,4
9,14,4
9,15,4
9,16,4
9,17,4
9,18,4
9,19,4
9,20,1
9,21,1
9,22,1
9,23,1
9,24,1
9,25,4
9,26,4
9,27,4
9,28,4
9,29,4
9,30,4
10,0,4
10,1,4
10,2,4
10,3,4
10,4,4
10,5,4
10,6,4
10,7,4
10,8,1
10,9,1
10,10,1
10,11,1
10,12,1
10,13,1
10,14,1
10,15,1
10,16,1
10,17,1
10,18,1
10,19,1
10,20,1
10,21,1
10,22,1
10,23,1
10,24,1
10,25,4
10,26,4
10,27,4
10,28,4
10,29,2
10,30,2
11,0,4
11,1,4
11,2,4
11,3,1
11,4,1
11,5,4
11,6,4
11,7,1
11,8,1
11,9,1
11,10,1
11,11,1
11,12,1
11,13,1
11,14,1
11,15,1
11,16,1
11,17,1
11,18,1
11,19,1
11,20,1
11,21,1
11,22,1
11,23,1
11,24,2
11,25,2
11,26,4
11,27,4
11,28,2
11,29,2
11,30,2
12,0,1
12,1,1
12,2,1
12,3,1
12,4,1
12,5,1
12,6,1
12,7,1
12,8,1
12,9,1
12,10,2
12,11,2
12,12,2
12,13,2
12,14,2
12,15,2
12,16,2
12,17,2
12,18,2
12,19,2
12,20,2
12,21,2
12,22,2
12,23,2
12,24,2
12,25,2
12,26,2
12,27,2
12,28,2
12,29,2
12,30,2
13,0,1
13,1,1
13,2,1
13,3,1
13,4,1
13,5,1
13,6,1
13,7,1
13,8,1
13,9,2
13,10,2
13,11,2
13,12,2
13,13,2
13,14,2
13,15,2
13,16,2
13,17,2
13,18,2
13,19,2
13,20,2
13,21,2
13,22,2
13,23,2
13,24,2
13,25,2
13,26,2
13,27,2
13,28,2
13,29,2
13,30,2
14,0,1
14,1,1
14,2,3
14,3,3
14,4,3
14,5,3
14,6,1
14,7,1
14,8,1
14,9,2
14,10,2
14,11,2
14,12,1
14,13,1
14,14,2
14,15,2
14,16,4
14,17,4
14,18,4
14,19,4
14,20,2
14,21,2
14,22,3
14,23,3
14,24,3
14,25,3
14,26,3
14,27,3
14,28,3
14,29,3
14,30,3
15,0,3
15,1,3
15,2,3
15,3,3
15,4,3
15,5,3
15,6,3
15,7,1
15,8,1
15,9,2
15,10,2
15,11,1
15,12,1
15,13,1
15,14,1
15,15,4
15,16,4
15,17,4
15,18,4
15,19,4
15,20,4
15,21,3
15,22,3
15,23,3
15,24,3
15,25,3
15,26,3
15,27,3
15,28,3
15,29,3
15,30,3
16,0,3
16,1,3
16,2,3
16,3,3
16,4,3
16,5,3
16,6,3
16,7,1
16,8,1
16,9,2
16,10,2
16,11,1
16,12,1
16,13,1
16,14,1
16,15,4
16,16,4
16,17,4
16,18,4
16,19,4
16,20,4
16,21,3
16,22,3
16,23,3
16,24,3
16,25,3
16,26,3
16,27,4
16,28,4
16,29,4
16,30,4
17,0,3
17,1,3
17,2,3
17,3,3
17,4,3
17,5,3
17,6,1
17,7,1
17,8,1
17,9,2
17,10,2
17,11,2
17,12,1
17,13,1
17,14,1
17,15,4
17,16,4
17,17,4
17,18,4
17,19,4
17,20,4
17,21,3
17,22,3
17,23,3
17,24,3
17,25,3
17,26,4
17,27,4
17,28,4
17,29,4
17,30,4
18,0,4
18,1,4
18,2,4
18,3,3
18,4,3
18,5,1
18,6,1
18,7,1
18,8,1
18,9,2
18,10,2
18,11,2
18,12,1
18,13,1
18,14,1
18,15,4
18,16,4
18,17,4
18,18,4
18,19,4
18,20,3
18,21,3
18,22,3
18,23,3
18,24,3
18,25,4
18,26,4
18,27,4
18,28,4
18,29,4
18,30,4
19,0,4
19,1,4
19,2,4
19,3,4
19,4,1
19,5,1
19,6,1
19,7,1
19,8,1
19,9,1
19,10,2
19,11,2
19,12,1
19,13,1
19,14,1
19,15,4
19,16,4
19,17,4
19,18,4
19,19,4
19,20,3
19,21,3
19,22,3
19,23,1
19,24,1
19,25,4
19,26,4
19,27,4
19,28,4
19,29,3
19,30,3
20,0,4
20,1,4
20,2,4
20,3,4
20,4,1
20,5,1
20,6,1
20,7,1
20,8,1
20,9,1
20,10,2
20,11,2
20,12,1
20,13,1
20,14,1
20,15,4
20,16,4
20,17,4
20,18,4
20,19,4
20,20,3
20,21,3
20,22,1
20,23,1
20,24,1
20,25,1
20,26,4
20,27,4
20,28,3
20,29,3
20,30,3
21,0,4
21,1,4
21,2,4
21,3,4
21,4,1
21,5,1
21,6,1
21,7,1
21,8,1
21,9,1
21,10,2
21,11,2
21,12,1
21,13,1
21,14,4
21,15,4
21,16,4
21,17,4
21,18,4
21,19,3
21,20,3
21,21,3
21,22,1
21,23,1
21,24,1
21,25,1
21,26,4
21,27,4
21,28,3
21,29,3
21,30,3
22,0,4
22,1,4
22,2,4
22,3,1
22,4,1
22,5,1
22,6,1
22,7,1
22,8,1
22,9,1
22,10,2
22,11,2
22,12,1
22,13,1
22,14,4
22,15,4
22,16,4
22,17,4
22,18,3
22,19,3
22,20,3
22,21,3
22,22,1
22,23,1
22,24,1
22,25,1
22,26,4
22,27,4
22,28,3
22,29,3
22,30,3
23,0,1
23,1,1
23,2,1
23,3,1
23,4,1
23,5,1
23,6,1
23,7,1
23,8,1
23,9,1
23,10,2
23,11,2
23,12,1
23,13,1
23,14,1
23,15,4
23,16,4
23,17,4
23,18,3
23,19,3
23,20,3
23,21,3
23,22,1
23,23,1
23,24,1
23,25,4
23,26,4
23,27,4
23,28,3
23,29,3
23,30,3
24,0,1
24,1,1
24,2,1
24,3,1
24,4,1
24,5,1
24,6,1
24,7,1
24,8,1
24,9,1
24,10,2
24,11,2
24,12,1
24,13,1
24,14,1
24,15,4
24,16,4
24,17,4
24,18,4
24,19,3
24,20,3
24,21,1
24,22,1
24,23,1
24,24,1
24,25,4
24,26,4
24,27,4
24,28,4
24,29,3
24,30,3
25,0,1
25,1,1
25,2,1
25,3,1
25,4,1
25,5,1
25,6,1
25,7,1
25,8,1
25,9,2
25,10,2
25,11,2
25,12,2
25,13,1
25,14,1
25,15,4
25,16,4
25,17,4
25,18,4
25,19,4
25,20,1
25,21,1
25,22,1
25,23,1
25,24,4
25,25,4
25,26,4
25,27,4
25,28,4
25,29,4
25,30,4
26,0,1
26,1,1
26,2,1
26,3,3
26,4,3
26,5,1
26,6,1
26,7,1
26,8,1
26,9,2
26,10,2
26,11,2
26,12,2
26,13,1
26,14,1
26,15,4
26,16,4
26,17,4
26,18,4
26,19,4
26,20,1
26,21,1
26,22,1
26,23,4
26,24,4
26,25,4
26,26,4
26,27,4
26,28,4
26,29,4
26,30,4
27,0,1
27,1,1
27,2,3
27,3,3
27,4,3
27,5,3
27,6,1
27,7,1
27,8,3
27,9,3
27,10,2
27,11,2
27,12,1
27,13,1
27,14,1
27,15,4
27,16,4
27,17,4
27,18,4
27,19,4
27,20,1
27,21,1
27,22,1
27,23,4
27,24,4
27,25,4
27,26,4
27,27,4
27,28,4
27,29,4
27,30,4
28,0,1
28,1,1
28,2,3
28,3,3
28,4,3
28,5,3
28,6,3
28,7,3
28,8,3
28,9,3
28,10,3
28,11,3
28,12,1
28,13,1
28,14,1
28,15,4
28,16,4
28,17,4
28,18,4
28,19,4
28,20,1
28,21,1
28,22,1
28,23,4
28,24,4
28,25,4
28,26,4
28,27,4
28,28,4
28,29,4
28,30,4
29,0,1
29,1,1
29,2,3
29,3,3
29,4,3
29,5,3
29,6,3
29,7,3
29,8,3
29,9,3
29,10,3
29,11,3
29,12,3
29,13,1
29,14,1
29,15,4
29,16,4
29,17,4
29,18,4
29,19,4
29,20,1
29,21,1
29,22,4
29,23,4
29,24,4
29,25,4
29,26,4
29,27,4
29,28,4
29,29,4
29,30,4
30,0,1
30,1,1
30,2,3
30,3,3
30,4,3
30,5,3
30,6,3
30,7,3
30,8,3
30,9,3
30,10,3
30,11,3
30,12,3
30,13,1
30,14,1
30,15,4
30,16,4
30,17,4
30,18,4
30,19,4
30,20,1
30,21,1
30,22,4
30,23,4
30,24,4
30,25,4
30,26,4
30,27,4
30,28,4
30,29,4
30,30,4