7
10
11
5
2,2
2,12
12,12
17,27
27,2
27,12
27,27
4,5,2
5,6,4
2,5,4
0,4,4
1,3,4
3,6,2
0,1,2
0,2,1
1,2,1
2,6,1
0,0,1
0,1,1
0,2,1
0,3,1
0,4,1
0,5,1
0,6,1
0,7,1
0,8,2
0,9,2
0,10,2
0,11,2
0,12,2
0,13,2
0,14,2
0,15,4
0,16,4
0,17,4
0,18,4
0,19,4
0,20,4
0,21,4
0,22,3
0,23,3
0,24,1
0,25,1
0,26,1
0,27,1
0,28,4
0,29,4
0,30,4
1,0,1
1,1,1
1,2,1
1,3,1
1,4,1
1,5,1
1,6,1
1,7,1
1,8,2
1,9,2
1,10,2
1,11,2
1,12,2
1,13,2
1,14,2
1,15,4
1,16,4
1,17,4
1,18,4
1,19,4
1,20,4
1,21,4
1,22,3
1,23,3
1,24,1
1,25,1
1,26,1
1,27,1
1,28,4
1,29,4
1,30,4
2,0,1
2,1,1
2,2,1
2,3,1
2,4,1
2,5,1
2,6,1
2,7,1
2,8,1
2,9,2
2,10,2
2,11,2
2,12,2
2,13,2
2,14,2
2,15,4
2,16,4
2,17,4
2,18,4
2,19,4
2,20,4
2,21,3
2,22,3
2,23,3
2,24,3
2,25,1
2,26,1
2,27,2
2,28,2
2,29,4
2,30,4
3,0,1
3,1,1
3,2,1
3,3,1
3,4,1
3,5,1
3,6,1
3,7,1
3,8,1
3,9,1
3,10,2
3,11,2
3,12,2
3,13,2
3,14,2
3,15,2
3,16,4
3,17,4
3,18,1
3,19,1
3,20,1
3,21,3
3,22,3
3,23,3
3,24,3
3,25,3
3,26,2
3,27,2
3,28,2
3,29,2
3,30,2
4,0,1
4,1,1
4,2,1
4,3,1
4,4,1
4,5,1
4,6,1
4,7,1
4,8,1
4,9,1
4,10,2
4,11,2
4,12,2
4,13,2
4,14,2
4,15,2
4,16,2
4,17,1
4,18,1
4,19,1
4,20,1
4,21,1
4,22,3
4,23,3
4,24,3
4,25,3
4,26,2
4,27,2
4,28,2
4,29,2
4,30,2
5,0,2
5,1,2
5,2,1
5,3,1
5,4,2
5,5,2
5,6,1
5,7,1
5,8,1
5,9,1
5,10,2
5,11,2
5,12,2
5,13,2
5,14,2
5,15,2
5,16,2
5,17,1
5,18,1
5,19,1
5,20,1
5,21,1
5,22,3
5,23,3
5,24,3
5,25,3
5,26,3
5,27,2
5,28,2
5,29,3
5,30,3
6,0,2
6,1,2
6,2,2
6,3,2
6,4,2
6,5,2
6,6,2
6,7,1
6,8,1
6,9,3
6,10,3
6,11,2
6,12,2
6,13,2
6,14,2
6,15,2
6,16,2
6,17,1
6,18,1
6,19,1
6,20,1
6,21,2
6,22,2
6,23,3
6,24,3
6,25,3
6,26,3
6,27,3
6,28,3
6,29,3
6,30,3
7,0,2
7,1,2
7,2,2
7,3,2
7,4,2
7,5,2
7,6,2
7,7,3
7,8,3
7,9,3
7,10,3
7,11,3
7,12,2
7,13,2
7,14,2
7,15,2
7,16,2
7,17,2
7,18,1
7,19,1
7,20,2
7,21,2
7,22,2
7,23,2
7,24,3
7,25,3
7,26,3
7,27,3
7,28,3
7,29,3
7,30,3
8,0,4
8,1,4
8,2,4
8,3,4
8,4,2
8,5,2
8,6,3
8,7,3
8,8,3
8,9,3
8,10,3
8,11,3
8,12,4
8,13,4
8,14,2
8,15,2
8,16,2
8,17,2
8,18,4
8,19,4
8,20,2
8,21,2
8,22,2
8,23,2
8,24,2
8,25,2
8,26,2
8,27,2
8,28,2
8,29,2
8,30,2
9,0,4
9,1,4
9,2,4
9,3,4
9,4,4
9,5,4
9,6,3
9,7,3
9,8,3
9,9,3
9,10,3
9,11,4
9,12,4
9,13,4
9,14,4
9,15,2
9,16,2
9,17,4
9,18,4
9,19,4
9,20,4
9,21,2
9,22,2
9,23,2
9,24,2
9,25,2
9,26,2
9,27,2
9,28,2
9,29,2
9,30,2
10,0,4
10,1,4
10,2,4
10,3,4
10,4,4
10,5,4
10,6,4
10,7,3
10,8,3
10,9,4
10,10,4
10,11,4
10,12,4
10,13,4
10,14,4
10,15,4
10,16,4
10,17,4
10,18,4
10,19,4
10,20,4
10,21,3
10,22,3
10,23,3
10,24,3
10,25,3
10,26,3
10,27,3
10,28,3
10,29,3
10,30,3
11,0,4
11,1,4
11,2,4
11,3,4
11,4,4
11,5,4
11,6,4
11,7,4
11,8,4
11,9,4
11,10,4
11,11,4
11,12,4
11,13,4
11,14,4
11,15,4
11,16,4
11,17,4
11,18,4
11,19,4
11,20,3
11,21,3
11,22,3
11,23,3
11,24,3
11,25,3
11,26,3
11,27,3
11,28,3
11,29,3
11,30,3
12,0,4
12,1,4
12,2,4
12,3,4
12,4,4
12,5,4
12,6,4
12,7,4
12,8,4
12,9,4
12,10,4
12,11,4
12,12,4
12,13,4
12,14,4
12,15,4
12,16,4
12,17,4
12,18,2
12,19,2
12,20,3
12,21,3
12,22,3
12,23,3
12,24,1
12,25,1
12,26,1
12,27,1
12,28,1
12,29,1
12,30,1
13,0,4
13,1,4
13,2,4
13,3,2
13,4,2
13,5,4
13,6,4
13,7,4
13,8,4
13,9,4
13,10,4
13,11,4
13,12,4
13,13,4
13,14,4
13,15,4
13,16,4
13,17,2
13,18,2
13,19,2
13,20,2
13,21,3
13,22,3
13,23,1
13,24,1
13,25,1
13,26,1
13,27,1
13,28,1
13,29,1
13,30,1
14,0,2
14,1,2
14,2,2
14,3,2
14,4,2
14,5,2
14,6,4
14,7,4
14,8,4
14,9,4
14,10,4
14,11,4
14,12,4
14,13,4
14,14,4
14,15,4
14,16,4
14,17,2
14,18,2
14,19,2
14,20,2
14,21,2
14,22,1
14,23,1
14,24,1
14,25,1
14,26,4
14,27,4
14,28,1
14,29,1
14,30,1
15,0,2
15,1,2
15,2,2
15,3,2
15,4,2
15,5,2
15,6,2
15,7,2
15,8,2
15,9,2
15,10,2
15,11,2
15,12,2
15,13,2
15,14,4
15,15,4
15,16,2
15,17,2
15,18,2
15,19,2
15,20,2
15,21,2
15,22,1
15,23,1
15,24,1
15,25,4
15,26,4
15,27,4
15,28,4
15,29,4
15,30,4
16,0,4
16,1,4
16,2,4
16,3,4
16,4,2
16,5,2
16,6,2
16,7,2
16,8,2
16,9,2
16,10,2
16,11,2
16,12,2
16,13,2
16,14,2
16,15,2
16,16,2
16,17,2
16,18,2
16,19,2
16,20,2
16,21,2
16,22,1
16,23,1
16,24,1
16,25,4
16,26,4
16,27,4
16,28,4
16,29,4
16,30,4
17,0,4
17,1,4
17,2,4
17,3,4
17,4,4
17,5,2
17,6,2
17,7,2
17,8,2
17,9,2
17,10,1
17,11,1
17,12,2
17,13,2
17,14,2
17,15,2
17,16,2
17,17,2
17,18,2
17,19,2
17,20,2
17,21,1
17,22,1
17,23,1
17,24,4
17,25,4
17,26,4
17,27,4
17,28,4
17,29,4
17,30,4
18,0,4
18,1,4
18,2,4
18,3,4
18,4,4
18,5,2
18,6,2
18,7,2
18,8,1
18,9,1
18,10,1
18,11,1
18,12,1
18,13,1
18,14,1
18,15,1
18,16,1
18,17,1
18,18,1
18,19,1
18,20,1
18,21,1
18,22,1
18,23,1
18,24,4
18,25,4
18,26,4
18,27,4
18,28,4
18,29,4
18,30,4
19,0,4
19,1,4
19,2,4
19,3,4
19,4,4
19,5,2
19,6,2
19,7,1
19,8,1
19,9,1
19,10,1
19,11,1
19,12,1
19,13,1
19,14,1
19,15,1
19,16,1
19,17,1
19,18,1
19,19,1
19,20,1
19,21,1
19,22,1
19,23,1
19,24,4
19,25,4
19,26,4
19,27,4
19,28,4
19,29,4
19,30,4
20,0,4
20,1,4
20,2,4
20,3,4
20,4,4
20,5,2
20,6,2
20,7,1
20,8,1
20,9,1
20,10,3
20,11,3
20,12,3
20,13,3
20,14,3
20,15,3
20,16,3
20,17,3
20,18,3
20,19,3
20,20,3
20,21,1
20,22,1
20,23,1
20,24,4
20,25,4
20,26,4
20,27,4
20,28,4
20,29,3
20,30,3
21,0,4
21,1,4
21,2,4
21,3,4
21,4,4
21,5,2
21,6,2
21,7,1
21,8,1
21,9,3
21,10,3
21,11,3
21,12,3
21,13,3
21,14,3
21,15,3
21,16,3
21,17,3
21,18,3
21,19,3
21,20,3
21,21,3
21,22,1
21,23,1
21,24,1
21,25,4
21,26,4
21,27,4
21,28,3
21,29,3
21,30,3
22,0,2
22,1,2
22,2,4
22,3,4
22,4,2
22,5,2
22,6,2
22,7,1
22,8,1
22,9,3
22,10,3
22,11,3
22,12,3
22,13,3
22,14,3
22,15,4
22,16,4
22,17,4
22,18,3
22,19,3
22,20,3
22,21,3
22,22,1
22,23,1
22,24,1
22,25,1
22,26,4
22,27,4
22,28,3
22,29,3
22,30,3
23,0,2
23,1,2
23,2,2
23,3,2
23,4,2
23,5,2
23,6,2
23,7,1
23,8,1
23,9,3
23,10,3
23,11,3
23,12,3
23,13,3
23,14,4
23,15,4
23,16,4
23,17,4
23,18,4
23,19,3
23,20,3
23,21,1
23,22,1
23,23,1
23,24,1
23,25,1
23,26,4
23,27,4
23,28,3
23,29,3
23,30,3
24,0,2
24,1,2
24,2,2
24,3,2
24,4,2
24,5,2
24,6,1
24,7,1
24,8,1
24,9,1
24,10,3
24,11,3
24,12,3
24,13,3
24,14,4
24,15,4
24,16,4
24,17,4
24,18,4
24,19,4
24,20,1
24,21,1
24,22,1
24,23,1
24,24,1
24,25,4
24,26,4
24,27,4
24,28,4
24,29,3
24,30,3
25,0,1
25,1,1
25,2,1
25,3,1
25,4,1
25,5,1
25,6,1
25,7,1
25,8,1
25,9,1
25,10,3
25,11,3
25,12,3
25,13,3
25,14,3
25,15,4
25,16,4
25,17,4
25,18,4
25,19,4
25,20,1
25,21,1
25,22,1
25,23,1
25,24,4
25,25,4
25,26,4
25,27,4
25,28,4
25,29,4
25,30,4
26,0,1
26,1,1
26,2,1
26,3,1
26,4,1
26,5,1
26,6,1
26,7,1
26,8,1
26,9,3
26,10,3
26,11,3
26,12,3
26,13,3
26,14,3
26,15,4
26,16,4
26,17,4
26,18,4
26,19,4
26,20,4
26,21,1
26,22,1
26,23,1
26,24,4
26,25,4
26,26,4
26,27,4
26,28,4
26,29,4
26,30,4
27,0,1
27,1,1
27,2,1
27,3,1
27,4,1
27,5,1
27,6,2
27,7,2
27,8,2
27,9,3
27,10,3
27,11,3
27,12,3
27,13,3
27,14,3
27,15,4
27,16,4
27,17,4
27,18,4
27,19,4
27,20,4
27,21,4
27,22,1
27,23,1
27,24,1
27,25,4
27,26,4
27,27,4
27,28,4
27,29,4
27,30,4
28,0,1
28,1,1
28,2,1
28,3,1
28,4,1
28,5,2
28,6,2
28,7,2
28,8,2
28,9,2
28,10,3
28,11,3
28,12,3
28,13,3
28,14,3
28,15,4
28,16,4
28,17,4
28,18,4
28,19,4
28,20,4
28,21,4
28,22,1
28,23,1
28,24,1
28,25,4
28,26,4
28,27,4
28,28,4
28,29,4
28,30,4
29,0,1
29,1,1
29,2,1
29,3,1
29,4,1
29,5,2
29,6,2
29,7,2
29,8,2
29,9,2
29,10,3
29,11,3
29,12,3
29,13,3
29,14,3
29,15,4
29,16,4
29,17,4
29,18,4
29,19,4
29,20,4
29,21,4
29,22,1
29,23,1
29,24,1
29,25,4
29,26,4
29,27,4
29,28,4
29,29,4
29,30,4
30,0,1
30,1,1
30,2,1
30,3,1
30,4,1
30,5,2
30,6,2
30,7,2
30,8,2
30,9,2
30,10,3
30,11,3
30,12,3
30,13,3
30,14,3
30,15,4
30,16,4
30,17,4
30,18,4
30,19,4
30,20,4
30,21,4
30,22,1
30,23,1
30,24,1
30,25,4
30,26,4
30,27,4
30,28,4
30,29,4
30,30,4