6
8
10
4
7,2
7,22
17,2
17,12
27,12
27,22
4,5,2
2,4,2
1,5,2
0,1,3
3,5,2
2,3,2
0,3,2
0,2,2
0,0,4
0,1,4
0,2,1
0,3,1
0,4,1
0,5,4
0,6,4
0,7,4
0,8,4
0,9,3
0,10,3
0,11,4
0,12,4
0,13,4
0,14,3
0,15,3
0,16,3
0,17,2
0,18,2
0,19,4
0,20,4
0,21,4
0,22,4
0,23,4
0,24,4
0,25,4
0,26,3
0,27,3
0,28,3
0,29,3
0,30,3
1,0,4
1,1,4
1,2,1
1,3,1
1,4,1
1,5,4
1,6,4
1,7,4
1,8,4
1,9,3
1,10,3
1,11,4
1,12,4
1,13,4
1,14,3
1,15,3
1,16,3
1,17,2
1,18,2
1,19,4
1,20,4
1,21,4
1,22,4
1,23,4
1,24,4
1,25,4
1,26,3
1,27,3
1,28,3
1,29,3
1,30,3
2,0,4
2,1,4
2,2,1
2,3,1
2,4,1
2,5,1
2,6,4
2,7,4
2,8,3
2,9,3
2,10,3
2,11,3
2,12,4
2,13,4
2,14,3
2,15,3
2,16,2
2,17,2
2,18,2
2,19,4
2,20,4
2,21,4
2,22,4
2,23,4
2,24,4
2,25,4
2,26,4
2,27,3
2,28,3
2,29,2
2,30,2
3,0,4
3,1,4
3,2,1
3,3,1
3,4,1
3,5,1
3,6,3
3,7,3
3,8,3
3,9,3
3,10,3
3,11,3
3,12,4
3,13,4
3,14,3
3,15,3
3,16,2
3,17,2
3,18,2
3,19,4
3,20,4
3,21,4
3,22,4
3,23,4
3,24,4
3,25,4
3,26,4
3,27,4
3,28,2
3,29,2
3,30,2
4,0,4
4,1,4
4,2,4
4,3,1
4,4,1
4,5,3
4,6,3
4,7,3
4,8,3
4,9,3
4,10,3
4,11,4
4,12,4
4,13,4
4,14,3
4,15,3
4,16,2
4,17,2
4,18,4
4,19,4
4,20,4
4,21,4
4,22,4
4,23,4
4,24,4
4,25,4
4,26,4
4,27,4
4,28,2
4,29,2
4,30,2
5,0,4
5,1,4
5,2,4
5,3,4
5,4,4
5,5,3
5,6,3
5,7,3
5,8,3
5,9,3
5,10,4
5,11,4
5,12,4
5,13,4
5,14,3
5,15,3
5,16,2
5,17,2
5,18,4
5,19,4
5,20,4
5,21,4
5,22,4
5,23,4
5,24,4
5,25,4
5,26,4
5,27,4
5,28,2
5,29,2
5,30,2
6,0,4
6,1,4
6,2,4
6,3,4
6,4,4
6,5,4
6,6,3
6,7,3
6,8,3
6,9,4
6,10,4
6,11,4
6,12,4
6,13,3
6,14,3
6,15,3
6,16,2
6,17,2
6,18,2
6,19,4
6,20,4
6,21,4
6,22,4
6,23,4
6,24,4
6,25,4
6,26,4
6,27,1
6,28,1
6,29,2
6,30,2
7,0,4
7,1,4
7,2,4
7,3,4
7,4,4
7,5,4
7,6,4
7,7,4
7,8,4
7,9,4
7,10,4
7,11,4
7,12,3
7,13,3
7,14,3
7,15,3
7,16,2
7,17,2
7,18,2
7,19,2
7,20,4
7,21,4
7,22,4
7,23,4
7,24,4
7,25,4
7,26,1
7,27,1
7,28,1
7,29,1
7,30,1
8,0,4
8,1,4
8,2,4
8,3,4
8,4,4
8,5,4
8,6,4
8,7,4
8,8,4
8,9,4
8,10,4
8,11,3
8,12,3
8,13,3
8,14,3
8,15,3
8,16,3
8,17,2
8,18,2
8,19,2
8,20,4
8,21,4
8,22,4
8,23,4
8,24,4
8,25,1
8,26,1
8,27,1
8,28,1
8,29,1
8,30,1
9,0,4
9,1,4
9,2,4
9,3,4
9,4,4
9,5,4
9,6,4
9,7,4
9,8,4
9,9,4
9,10,3
9,11,3
9,12,3
9,13,3
9,14,3
9,15,3
9,16,3
9,17,3
9,18,2
9,19,2
9,20,4
9,21,4
9,22,4
9,23,4
9,24,4
9,25,1
9,26,1
9,27,1
9,28,1
9,29,1
9,30,1
10,0,1
10,1,1
10,2,1
10,3,4
10,4,4
10,5,4
10,6,4
10,7,4
10,8,4
10,9,3
10,10,3
10,11,3
10,12,3
10,13,3
10,14,3
10,15,3
10,16,3
10,17,3
10,18,2
10,19,2
10,20,4
10,21,4
10,22,4
10,23,4
10,24,2
10,25,2
10,26,1
10,27,1
10,28,1
10,29,2
10,30,2
11,0,1
11,1,1
11,2,1
11,3,1
11,4,1
11,5,4
11,6,4
11,7,4
11,8,4
11,9,3
11,10,3
11,11,3
11,12,2
11,13,2
11,14,2
11,15,3
11,16,3
11,17,2
11,18,2
11,19,2
11,20,2
11,21,4
11,22,4
11,23,2
11,24,2
11,25,2
11,26,2
11,27,2
11,28,2
11,29,2
11,30,2
12,0,1
12,1,1
12,2,1
12,3,1
12,4,1
12,5,1
12,6,4
12,7,4
12,8,3
12,9,3
12,10,3
12,11,2
12,12,2
12,13,2
12,14,2
12,15,2
12,16,2
12,17,2
12,18,2
12,19,2
12,20,2
12,21,4
12,22,4
12,23,2
12,24,2
12,25,2
12,26,2
12,27,2
12,28,2
12,29,2
12,30,2
13,0,1
13,1,1
13,2,1
13,3,1
13,4,1
13,5,1
13,6,2
13,7,2
13,8,3
13,9,3
13,10,3
13,11,2
13,12,2
13,13,2
13,14,2
13,15,2
13,16,2
13,17,2
13,18,2
13,19,2
13,20,4
13,21,4
13,22,4
13,23,4
13,24,2
13,25,2
13,26,2
13,27,1
13,28,1
13,29,1
13,30,1
14,0,2
14,1,2
14,2,2
14,3,1
14,4,1
14,5,2
14,6,2
14,7,2
14,8,2
14,9,3
14,10,3
14,11,3
14,12,2
14,13,2
14,14,3
14,15,3
14,16,3
14,17,3
14,18,3
14,19,3
14,20,4
14,21,4
14,22,4
14,23,4
14,24,2
14,25,2
14,26,1
14,27,1
14,28,1
14,29,1
14,30,1
15,0,2
15,1,2
15,2,2
15,3,2
15,4,2
15,5,2
15,6,2
15,7,2
15,8,2
15,9,3
15,10,3
15,11,3
15,12,3
15,13,3
15,14,3
15,15,3
15,16,3
15,17,3
15,18,3
15,19,3
15,20,3
15,21,4
15,22,4
15,23,2
15,24,2
15,25,2
15,26,1
15,27,1
15,28,1
15,29,1
15,30,1
16,0,2
16,1,2
16,2,2
16,3,2
16,4,2
16,5,2
16,6,2
16,7,2
16,8,3
16,9,3
16,10,3
16,11,3
16,12,3
16,13,3
16,14,3
16,15,3
16,16,2
16,17,2
16,18,3
16,19,3
16,20,3
16,21,4
16,22,4
16,23,2
16,24,2
16,25,2
16,26,2
16,27,1
16,28,1
16,29,1
16,30,1
17,0,2
17,1,2
17,2,2
17,3,2
17,4,2
17,5,2
17,6,3
17,7,3
17,8,3
17,9,3
17,10,3
17,11,3
17,12,3
17,13,3
17,14,3
17,15,2
17,16,2
17,17,2
17,18,2
17,19,3
17,20,3
17,21,4
17,22,4
17,23,2
17,24,2
17,25,2
17,26,2
17,27,4
17,28,4
17,29,1
17,30,1
18,0,2
18,1,2
18,2,2
18,3,2
18,4,2
18,5,3
18,6,3
18,7,3
18,8,3
18,9,3
18,10,3
18,11,3
18,12,3
18,13,3
18,14,3
18,15,2
18,16,2
18,17,2
18,18,2
18,19,3
18,20,3
18,21,4
18,22,4
18,23,4
18,24,2
18,25,2
18,26,4
18,27,4
18,28,4
18,29,4
18,30,4
19,0,2
19,1,2
19,2,2
19,3,2
19,4,2
19,5,3
19,6,3
19,7,3
19,8,4
19,9,4
19,10,3
19,11,3
19,12,3
19,13,3
19,14,3
19,15,3
19,16,2
19,17,2
19,18,3
19,19,3
19,20,3
19,21,4
19,22,4
19,23,4
19,24,4
19,25,4
19,26,4
19,27,4
19,28,4
19,29,4
19,30,4
20,0,2
20,1,2
20,2,2
20,3,2
20,4,2
20,5,3
20,6,3
20,7,4
20,8,4
20,9,4
20,10,4
20,11,4
20,12,3
20,13,3
20,14,3
20,15,3
20,16,4
20,17,4
20,18,3
20,19,3
20,20,3
20,21,4
20,22,4
20,23,4
20,24,4
20,25,4
20,26,4
20,27,4
20,28,1
20,29,1
20,30,1
21,0,2
21,1,2
21,2,2
21,3,2
21,4,2
21,5,3
21,6,3
21,7,4
21,8,4
21,9,4
21,10,4
21,11,4
21,12,4
21,13,3
21,14,3
21,15,4
21,16,4
21,17,4
21,18,4
21,19,3
21,20,3
21,21,4
21,22,4
21,23,4
21,24,4
21,25,1
21,26,1
21,27,1
21,28,1
21,29,1
21,30,1
22,0,4
22,1,4
22,2,2
22,3,2
22,4,2
22,5,3
22,6,3
22,7,4
22,8,4
22,9,4
22,10,4
22,11,4
22,12,4
22,13,4
22,14,4
22,15,4
22,16,4
22,17,4
22,18,4
22,19,3
22,20,3
22,21,3
22,22,4
22,23,4
22,24,1
22,25,1
22,26,1
22,27,1
22,28,1
22,29,1
22,30,1
23,0,4
23,1,4
23,2,4
23,3,2
23,4,2
23,5,3
23,6,3
23,7,4
23,8,4
23,9,4
23,10,4
23,11,4
23,12,4
23,13,4
23,14,4
23,15,4
23,16,4
23,17,4
23,18,3
23,19,3
23,20,3
23,21,3
23,22,4
23,23,4
23,24,1
23,25,1
23,26,1
23,27,1
23,28,3
23,29,3
23,30,3
24,0,4
24,1,4
24,2,4
24,3,2
24,4,2
24,5,3
24,6,3
24,7,4
24,8,4
24,9,4
24,10,4
24,11,4
24,12,4
24,13,4
24,14,3
24,15,3
24,16,3
24,17,3
24,18,3
24,19,3
24,20,3
24,21,4
24,22,4
24,23,4
24,24,4
24,25,1
24,26,1
24,27,3
24,28,3
24,29,3
24,30,3
25,0,4
25,1,4
25,2,2
25,3,2
25,4,2
25,5,3
25,6,3
25,7,4
25,8,4
25,9,4
25,10,3
25,11,3
25,12,3
25,13,3
25,14,3
25,15,3
25,16,3
25,17,3
25,18,3
25,19,3
25,20,4
25,21,4
25,22,4
25,23,4
25,24,4
25,25,1
25,26,1
25,27,3
25,28,3
25,29,3
25,30,3
26,0,4
26,1,4
26,2,2
26,3,2
26,4,2
26,5,3
26,6,3
26,7,4
26,8,4
26,9,3
26,10,3
26,11,3
26,12,3
26,13,3
26,14,3
26,15,3
26,16,4
26,17,4
26,18,4
26,19,4
26,20,4
26,21,4
26,22,4
26,23,4
26,24,4
26,25,1
26,26,1
26,27,1
26,28,3
26,29,3
26,30,3
27,0,4
27,1,4
27,2,2
27,3,2
27,4,3
27,5,3
27,6,3
27,7,4
27,8,4
27,9,3
27,10,3
27,11,3
27,12,3
27,13,3
27,14,3
27,15,4
27,16,4
27,17,4
27,18,4
27,19,4
27,20,4
27,21,4
27,22,4
27,23,4
27,24,4
27,25,1
27,26,1
27,27,1
27,28,1
27,29,3
27,30,3
28,0,4
28,1,4
28,2,2
28,3,2
28,4,3
28,5,3
28,6,3
28,7,4
28,8,4
28,9,4
28,10,3
28,11,3
28,12,3
28,13,3
28,14,3
28,15,4
28,16,4
28,17,4
28,18,4
28,19,4
28,20,4
28,21,4
28,22,4
28,23,4
28,24,4
28,25,4
28,26,1
28,27,1
28,28,1
28,29,3
28,30,3
29,0,4
29,1,4
29,2,2
29,3,2
29,4,3
29,5,3
29,6,4
29,7,4
29,8,4
29,9,4
29,10,3
29,11,3
29,12,3
29,13,3
29,14,3
29,15,4
29,16,4
29,17,4
29,18,4
29,19,4
29,20,4
29,21,4
29,22,4
29,23,4
29,24,4
29,25,4
29,26,4
29,27,1
29,28,1
29,29,3
29,30,3
30,0,4
30,1,4
30,2,2
30,3,2
30,4,3
30,5,3
30,6,4
30,7,4
30,8,4
30,9,4
30,10,3
30,11,3
30,12,3
30,13,3
30,14,3
30,15,4
30,16,4
30,17,4
30,18,4
30,19,4
30,20,4
30,21,4
30,22,4
30,23,4
30,24,4
30,25,4
30,26,4
30,27,1
30,28,1
30,29,3
30,30,3