5
8
5
3
7,2
7,22
17,12
27,2
27,22
3,4,4
2,3,1
0,3,3
2,4,1
1,4,1
0,2,2
1,2,1
0,1,4
0,0,4
0,1,4
0,2,4
0,3,4
0,4,1
0,5,1
0,6,1
0,7,1
0,8,1
0,9,1
0,10,1
0,11,1
0,12,1
0,13,1
0,14,1
0,15,1
0,16,1
0,17,1
0,18,4
0,19,4
0,20,4
0,21,4
0,22,1
0,23,1
0,24,4
0,25,4
0,26,1
0,27,1
0,28,1
0,29,1
0,30,1
1,0,4
1,1,4
1,2,4
1,3,4
1,4,1
1,5,1
1,6,1
1,7,1
1,8,1
1,9,1
1,10,1
1,11,1
1,12,1
1,13,1
1,14,1
1,15,1
1,16,1
1,17,1
1,18,4
1,19,4
1,20,4
1,21,4
1,22,1
1,23,1
1,24,4
1,25,4
1,26,1
1,27,1
1,28,1
1,29,1
1,30,1
2,0,4
2,1,4
2,2,4
2,3,2
2,4,2
2,5,1
2,6,1
2,7,2
2,8,2
2,9,1
2,10,1
2,11,1
2,12,1
2,13,1
2,14,1
2,15,1
2,16,1
2,17,1
2,18,1
2,19,4
2,20,4
2,21,1
2,22,1
2,23,1
2,24,4
2,25,4
2,26,4
2,27,1
2,28,1
2,29,4
2,30,4
3,0,4
3,1,4
3,2,2
3,3,2
3,4,2
3,5,2
3,6,2
3,7,2
3,8,2
3,9,2
3,10,2
3,11,2
3,12,2
3,13,2
3,14,2
3,15,2
3,16,1
3,17,1
3,18,1
3,19,1
3,20,1
3,21,1
3,22,1
3,23,1
3,24,4
3,25,4
3,26,4
3,27,4
3,28,4
3,29,4
3,30,4
4,0,2
4,1,2
4,2,2
4,3,2
4,4,2
4,5,2
4,6,2
4,7,2
4,8,2
4,9,2
4,10,2
4,11,2
4,12,2
4,13,2
4,14,2
4,15,2
4,16,2
4,17,1
4,18,1
4,19,1
4,20,1
4,21,1
4,22,1
4,23,2
4,24,2
4,25,4
4,26,4
4,27,4
4,28,4
4,29,4
4,30,4
5,0,2
5,1,2
5,2,2
5,3,2
5,4,2
5,5,2
5,6,3
5,7,3
5,8,3
5,9,3
5,10,3
5,11,3
5,12,3
5,13,3
5,14,2
5,15,2
5,16,2
5,17,2
5,18,1
5,19,1
5,20,2
5,21,2
5,22,2
5,23,2
5,24,2
5,25,2
5,26,2
5,27,4
5,28,4
5,29,1
5,30,1
6,0,2
6,1,2
6,2,2
6,3,2
6,4,2
6,5,3
6,6,3
6,7,3
6,8,3
6,9,3
6,10,3
6,11,3
6,12,3
6,13,3
6,14,3
6,15,2
6,16,2
6,17,2
6,18,2
6,19,2
6,20,2
6,21,2
6,22,2
6,23,2
6,24,2
6,25,2
6,26,2
6,27,2
6,28,1
6,29,1
6,30,1
7,0,2
7,1,2
7,2,2
7,3,2
7,4,2
7,5,3
7,6,3
7,7,3
7,8,4
7,9,4
7,10,3
7,11,3
7,12,3
7,13,3
7,14,3
7,15,3
7,16,2
7,17,2
7,18,2
7,19,2
7,20,2
7,21,2
7,22,2
7,23,2
7,24,2
7,25,2
7,26,2
7,27,2
7,28,1
7,29,1
7,30,1
8,0,2
8,1,2
8,2,2
8,3,2
8,4,2
8,5,3
8,6,3
8,7,4
8,8,4
8,9,4
8,10,4
8,11,4
8,12,3
8,13,3
8,14,3
8,15,3
8,16,1
8,17,1
8,18,2
8,19,2
8,20,2
8,21,2
8,22,2
8,23,2
8,24,2
8,25,2
8,26,2
8,27,1
8,28,1
8,29,1
8,30,1
9,0,2
9,1,2
9,2,2
9,3,2
9,4,2
9,5,3
9,6,3
9,7,4
9,8,4
9,9,4
9,10,4
9,11,4
9,12,4
9,13,3
9,14,3
9,15,1
9,16,1
9,17,1
9,18,1
9,19,1
9,20,2
9,21,2
9,22,2
9,23,2
9,24,2
9,25,1
9,26,1
9,27,1
9,28,1
9,29,1
9,30,1
10,0,4
10,1,4
10,2,2
10,3,2
10,4,3
10,5,3
10,6,3
10,7,4
10,8,4
10,9,4
10,10,4
10,11,4
10,12,4
10,13,4
10,14,4
10,15,1
10,16,1
10,17,1
10,18,1
10,19,1
10,20,1
10,21,1
10,22,1
10,23,1
10,24,1
10,25,1
10,26,1
10,27,1
10,28,1
10,29,1
10,30,1
11,0,4
11,1,4
11,2,4
11,3,3
11,4,3
11,5,3
11,6,3
11,7,4
11,8,4
11,9,4
11,10,4
11,11,4
11,12,4
11,13,4
11,14,4
11,15,4
11,16,1
11,17,1
11,18,1
11,19,1
11,20,1
11,21,1
11,22,1
11,23,1
11,24,1
11,25,1
11,26,1
11,27,1
11,28,3
11,29,3
11,30,3
12,0,4
12,1,4
12,2,4
12,3,3
12,4,3
12,5,3
12,6,1
12,7,1
12,8,4
12,9,4
12,10,4
12,11,4
12,12,4
12,13,4
12,14,4
12,15,4
12,16,4
12,17,4
12,18,4
12,19,4
12,20,1
12,21,1
12,22,1
12,23,1
12,24,1
12,25,1
12,26,1
12,27,3
12,28,3
12,29,3
12,30,3
13,0,4
13,1,4
13,2,3
13,3,3
13,4,3
13,5,1
13,6,1
13,7,1
13,8,1
13,9,4
13,10,4
13,11,4
13,12,4
13,13,4
13,14,4
13,15,4
13,16,4
13,17,4
13,18,4
13,19,4
13,20,4
13,21,1
13,22,1
13,23,1
13,24,1
13,25,1
13,26,1
13,27,3
13,28,3
13,29,3
13,30,3
14,0,3
14,1,3
14,2,3
14,3,3
14,4,3
14,5,1
14,6,1
14,7,1
14,8,1
14,9,4
14,10,4
14,11,4
14,12,4
14,13,4
14,14,4
14,15,4
14,16,1
14,17,1
14,18,4
14,19,4
14,20,4
14,21,1
14,22,1
14,23,1
14,24,1
14,25,1
14,26,3
14,27,3
14,28,3
14,29,3
14,30,3
15,0,3
15,1,3
15,2,3
15,3,3
15,4,4
15,5,4
15,6,1
15,7,1
15,8,4
15,9,4
15,10,4
15,11,4
15,12,4
15,13,4
15,14,4
15,15,1
15,16,1
15,17,1
15,18,1
15,19,4
15,20,4
15,21,4
15,22,1
15,23,1
15,24,2
15,25,2
15,26,3
15,27,3
15,28,3
15,29,3
15,30,3
16,0,4
16,1,4
16,2,4
16,3,4
16,4,4
16,5,4
16,6,4
16,7,4
16,8,4
16,9,4
16,10,4
16,11,4
16,12,4
16,13,4
16,14,4
16,15,1
16,16,1
16,17,1
16,18,1
16,19,4
16,20,4
16,21,4
16,22,4
16,23,2
16,24,2
16,25,2
16,26,2
16,27,3
16,28,3
16,29,4
16,30,4
17,0,4
17,1,4
17,2,4
17,3,4
17,4,4
17,5,4
17,6,4
17,7,4
17,8,4
17,9,4
17,10,4
17,11,4
17,12,4
17,13,4
17,14,4
17,15,4
17,16,1
17,17,1
17,18,2
17,19,2
17,20,4
17,21,4
17,22,4
17,23,2
17,24,2
17,25,2
17,26,2
17,27,4
17,28,4
17,29,4
17,30,4
18,0,4
18,1,4
18,2,4
18,3,4
18,4,4
18,5,1
18,6,1
18,7,4
18,8,4
18,9,4
18,10,4
18,11,4
18,12,4
18,13,4
18,14,4
18,15,4
18,16,4
18,17,2
18,18,2
18,19,2
18,20,2
18,21,4
18,22,4
18,23,4
18,24,2
18,25,2
18,26,4
18,27,4
18,28,4
18,29,4
18,30,4
19,0,4
19,1,4
19,2,4
19,3,4
19,4,1
19,5,1
19,6,1
19,7,1
19,8,1
19,9,1
19,10,4
19,11,4
19,12,4
19,13,4
19,14,4
19,15,4
19,16,4
19,17,2
19,18,2
19,19,2
19,20,2
19,21,4
19,22,4
19,23,4
19,24,4
19,25,4
19,26,4
19,27,4
19,28,4
19,29,1
19,30,1
20,0,4
20,1,4
20,2,4
20,3,4
20,4,1
20,5,1
20,6,1
20,7,1
20,8,1
20,9,1
20,10,1
20,11,4
20,12,4
20,13,4
20,14,4
20,15,4
20,16,3
20,17,3
20,18,2
20,19,2
20,20,1
20,21,1
20,22,4
20,23,4
20,24,4
20,25,4
20,26,4
20,27,4
20,28,1
20,29,1
20,30,1
21,0,4
21,1,4
21,2,4
21,3,2
21,4,2
21,5,1
21,6,1
21,7,1
21,8,1
21,9,1
21,10,1
21,11,4
21,12,4
21,13,4
21,14,4
21,15,3
21,16,3
21,17,3
21,18,3
21,19,1
21,20,1
21,21,1
21,22,1
21,23,1
21,24,1
21,25,1
21,26,1
21,27,1
21,28,1
21,29,1
21,30,1
22,0,2
22,1,2
22,2,2
22,3,2
22,4,2
22,5,2
22,6,2
22,7,2
22,8,1
22,9,1
22,10,1
22,11,4
22,12,4
22,13,4
22,14,4
22,15,3
22,16,3
22,17,3
22,18,3
22,19,1
22,20,1
22,21,1
22,22,1
22,23,1
22,24,1
22,25,1
22,26,1
22,27,1
22,28,1
22,29,1
22,30,1
23,0,2
23,1,2
23,2,2
23,3,2
23,4,2
23,5,2
23,6,2
23,7,2
23,8,2
23,9,1
23,10,1
23,11,1
23,12,4
23,13,4
23,14,1
23,15,1
23,16,3
23,17,3
23,18,3
23,19,1
23,20,1
23,21,1
23,22,1
23,23,1
23,24,1
23,25,4
23,26,4
23,27,1
23,28,1
23,29,1
23,30,1
24,0,1
24,1,1
24,2,1
24,3,1
24,4,1
24,5,2
24,6,2
24,7,2
24,8,2
24,9,1
24,10,1
24,11,1
24,12,1
24,13,1
24,14,1
24,15,1
24,16,1
24,17,3
24,18,3
24,19,3
24,20,1
24,21,1
24,22,1
24,23,1
24,24,4
24,25,4
24,26,4
24,27,4
24,28,4
24,29,1
24,30,1
25,0,1
25,1,1
25,2,1
25,3,1
25,4,1
25,5,1
25,6,2
25,7,2
25,8,4
25,9,4
25,10,1
25,11,1
25,12,1
25,13,1
25,14,1
25,15,1
25,16,1
25,17,3
25,18,3
25,19,3
25,20,4
25,21,4
25,22,4
25,23,4
25,24,4
25,25,4
25,26,4
25,27,4
25,28,4
25,29,4
25,30,4
26,0,1
26,1,1
26,2,1
26,3,1
26,4,1
26,5,1
26,6,4
26,7,4
26,8,4
26,9,4
26,10,4
26,11,1
26,12,1
26,13,1
26,14,1
26,15,1
26,16,1
26,17,3
26,18,3
26,19,4
26,20,4
26,21,4
26,22,4
26,23,4
26,24,4
26,25,4
26,26,4
26,27,4
26,28,4
26,29,4
26,30,4
27,0,1
27,1,1
27,2,1
27,3,1
27,4,1
27,5,4
27,6,4
27,7,4
27,8,4
27,9,4
27,10,4
27,11,4
27,12,1
27,13,1
27,14,1
27,15,1
27,16,1
27,17,3
27,18,3
27,19,4
27,20,4
27,21,4
27,22,4
27,23,4
27,24,4
27,25,4
27,26,4
27,27,3
27,28,3
27,29,4
27,30,4
28,0,1
28,1,1
28,2,1
28,3,1
28,4,1
28,5,4
28,6,4
28,7,4
28,8,4
28,9,4
28,10,4
28,11,4
28,12,3
28,13,3
28,14,1
28,15,1
28,16,1
28,17,3
28,18,3
28,19,4
28,20,4
28,21,4
28,22,4
28,23,4
28,24,4
28,25,4
28,26,3
28,27,3
28,28,3
28,29,3
28,30,3
29,0,1
29,1,1
29,2,1
29,3,1
29,4,1
29,5,1
29,6,4
29,7,4
29,8,4
29,9,4
29,10,4
29,11,3
29,12,3
29,13,3
29,14,3
29,15,1
29,16,1
29,17,3
29,18,3
29,19,4
29,20,4
29,21,4
29,22,4
29,23,4
29,24,4
29,25,4
29,26,3
29,27,3
29,28,3
29,29,3
29,30,3
30,0,1
30,1,1
30,2,1
30,3,1
30,4,1
30,5,1
30,6,4
30,7,4
30,8,4
30,9,4
30,10,4
30,11,3
30,12,3
30,13,3
30,14,3
30,15,1
30,16,1
30,17,3
30,18,3
30,19,4
30,20,4
30,21,4
30,22,4
30,23,4
30,24,4
30,25,4
30,26,3
30,27,3
30,28,3
30,29,3
30,30,3