6
10
5
2
2,17
12,7
12,17
12,27
22,7
22,17
2,3,2
2,5,2
0,2,1
1,2,2
3,5,2
0,3,1
4,5,2
1,5,1
1,4,1
0,1,1
0,0,4
0,1,4
0,2,4
0,3,3
0,4,3
0,5,1
0,6,1
0,7,1
0,8,1
0,9,4
0,10,4
0,11,4
0,12,4
0,13,2
0,14,2
0,15,4
0,16,4
0,17,4
0,18,4
0,19,4
0,20,3
0,21,3
0,22,3
0,23,3
0,24,1
0,25,1
0,26,1
0,27,3
0,28,3
0,29,3
0,30,3
1,0,4
1,1,4
1,2,4
1,3,3
1,4,3
1,5,1
1,6,1
1,7,1
1,8,1
1,9,4
1,10,4
1,11,4
1,12,4
1,13,2
1,14,2
1,15,4
1,16,4
1,17,4
1,18,4
1,19,4
1,20,3
1,21,3
1,22,3
1,23,3
1,24,1
1,25,1
1,26,1
1,27,3
1,28,3
1,29,3
1,30,3
2,0,4
2,1,4
2,2,3
2,3,3
2,4,3
2,5,3
2,6,1
2,7,1
2,8,2
2,9,2
2,10,4
2,11,4
2,12,2
2,13,2
2,14,2
2,15,4
2,16,4
2,17,4
2,18,4
2,19,4
2,20,4
2,21,3
2,22,3
2,23,1
2,24,1
2,25,1
2,26,3
2,27,3
2,28,3
2,29,3
2,30,3
3,0,4
3,1,4
3,2,3
3,3,3
3,4,3
3,5,3
3,6,2
3,7,2
3,8,2
3,9,2
3,10,2
3,11,2
3,12,2
3,13,2
3,14,2
3,15,4
3,16,4
3,17,4
3,18,4
3,19,4
3,20,4
3,21,4
3,22,4
3,23,1
3,24,1
3,25,1
3,26,3
3,27,3
3,28,3
3,29,3
3,30,3
4,0,4
4,1,4
4,2,4
4,3,3
4,4,3
4,5,2
4,6,2
4,7,2
4,8,2
4,9,2
4,10,2
4,11,2
4,12,2
4,13,2
4,14,2
4,15,4
4,16,4
4,17,4
4,18,4
4,19,4
4,20,4
4,21,4
4,22,4
4,23,4
4,24,1
4,25,1
4,26,1
4,27,3
4,28,3
4,29,3
4,30,3
5,0,4
5,1,4
5,2,4
5,3,2
5,4,2
5,5,2
5,6,2
5,7,2
5,8,2
5,9,2
5,10,2
5,11,2
5,12,2
5,13,2
5,14,4
5,15,4
5,16,4
5,17,4
5,18,4
5,19,3
5,20,3
5,21,4
5,22,4
5,23,4
5,24,1
5,25,1
5,26,1
5,27,1
5,28,1
5,29,1
5,30,1
6,0,4
6,1,4
6,2,2
6,3,2
6,4,2
6,5,2
6,6,2
6,7,2
6,8,2
6,9,2
6,10,2
6,11,4
6,12,4
6,13,4
6,14,4
6,15,4
6,16,4
6,17,4
6,18,3
6,19,3
6,20,3
6,21,3
6,22,4
6,23,4
6,24,4
6,25,1
6,26,1
6,27,1
6,28,1
6,29,1
6,30,1
7,0,2
7,1,2
7,2,2
7,3,2
7,4,2
7,5,2
7,6,2
7,7,2
7,8,2
7,9,2
7,10,4
7,11,4
7,12,4
7,13,4
7,14,4
7,15,4
7,16,4
7,17,3
7,18,3
7,19,3
7,20,3
7,21,3
7,22,4
7,23,4
7,24,4
7,25,4
7,26,4
7,27,4
7,28,4
7,29,4
7,30,4
8,0,2
8,1,2
8,2,2
8,3,2
8,4,4
8,5,4
8,6,2
8,7,2
8,8,2
8,9,4
8,10,4
8,11,4
8,12,4
8,13,4
8,14,4
8,15,4
8,16,4
8,17,3
8,18,3
8,19,3
8,20,3
8,21,3
8,22,3
8,23,4
8,24,4
8,25,4
8,26,4
8,27,4
8,28,4
8,29,4
8,30,4
9,0,2
9,1,2
9,2,2
9,3,4
9,4,4
9,5,4
9,6,4
9,7,4
9,8,4
9,9,4
9,10,4
9,11,4
9,12,4
9,13,4
9,14,4
9,15,4
9,16,4
9,17,4
9,18,3
9,19,3
9,20,3
9,21,3
9,22,3
9,23,4
9,24,4
9,25,4
9,26,3
9,27,3
9,28,3
9,29,4
9,30,4
10,0,3
10,1,3
10,2,3
10,3,4
10,4,4
10,5,4
10,6,4
10,7,4
10,8,4
10,9,4
10,10,4
10,11,4
10,12,4
10,13,4
10,14,4
10,15,4
10,16,4
10,17,4
10,18,4
10,19,4
10,20,3
10,21,3
10,22,4
10,23,4
10,24,4
10,25,3
10,26,3
10,27,3
10,28,3
10,29,3
10,30,3
11,0,3
11,1,3
11,2,3
11,3,3
11,4,4
11,5,4
11,6,4
11,7,4
11,8,4
11,9,4
11,10,4
11,11,4
11,12,4
11,13,4
11,14,4
11,15,4
11,16,4
11,17,4
11,18,4
11,19,4
11,20,4
11,21,4
11,22,4
11,23,4
11,24,4
11,25,3
11,26,3
11,27,3
11,28,3
11,29,3
11,30,3
12,0,3
12,1,3
12,2,3
12,3,3
12,4,3
12,5,4
12,6,4
12,7,4
12,8,4
12,9,4
12,10,4
12,11,4
12,12,4
12,13,4
12,14,4
12,15,4
12,16,4
12,17,4
12,18,4
12,19,4
12,20,4
12,21,4
12,22,4
12,23,4
12,24,3
12,25,3
12,26,3
12,27,3
12,28,3
12,29,3
12,30,3
13,0,3
13,1,3
13,2,3
13,3,3
13,4,3
13,5,4
13,6,4
13,7,4
13,8,4
13,9,4
13,10,4
13,11,4
13,12,4
13,13,4
13,14,4
13,15,4
13,16,4
13,17,4
13,18,4
13,19,4
13,20,4
13,21,2
13,22,2
13,23,2
13,24,3
13,25,3
13,26,3
13,27,3
13,28,3
13,29,3
13,30,3
14,0,4
14,1,4
14,2,3
14,3,3
14,4,4
14,5,4
14,6,4
14,7,4
14,8,4
14,9,4
14,10,4
14,11,4
14,12,4
14,13,4
14,14,4
14,15,4
14,16,4
14,17,4
14,18,4
14,19,4
14,20,2
14,21,2
14,22,2
14,23,2
14,24,2
14,25,3
14,26,3
14,27,3
14,28,3
14,29,3
14,30,3
15,0,4
15,1,4
15,2,4
15,3,4
15,4,4
15,5,4
15,6,4
15,7,4
15,8,4
15,9,4
15,10,4
15,11,4
15,12,4
15,13,4
15,14,4
15,15,3
15,16,3
15,17,4
15,18,4
15,19,2
15,20,2
15,21,2
15,22,2
15,23,2
15,24,2
15,25,3
15,26,3
15,27,3
15,28,3
15,29,4
15,30,4
16,0,4
16,1,4
16,2,4
16,3,4
16,4,4
16,5,4
16,6,2
16,7,2
16,8,4
16,9,4
16,10,1
16,11,1
16,12,4
16,13,4
16,14,3
16,15,3
16,16,3
16,17,3
16,18,2
16,19,2
16,20,2
16,21,2
16,22,2
16,23,2
16,24,2
16,25,2
16,26,3
16,27,3
16,28,4
16,29,4
16,30,4
17,0,3
17,1,3
17,2,4
17,3,4
17,4,2
17,5,2
17,6,2
17,7,2
17,8,2
17,9,1
17,10,1
17,11,1
17,12,1
17,13,3
17,14,3
17,15,3
17,16,3
17,17,3
17,18,2
17,19,2
17,20,2
17,21,2
17,22,2
17,23,2
17,24,2
17,25,2
17,26,4
17,27,4
17,28,4
17,29,4
17,30,4
18,0,3
18,1,3
18,2,3
18,3,2
18,4,2
18,5,2
18,6,2
18,7,2
18,8,2
18,9,1
18,10,1
18,11,1
18,12,1
18,13,3
18,14,3
18,15,3
18,16,3
18,17,4
18,18,4
18,19,2
18,20,2
18,21,3
18,22,3
18,23,2
18,24,2
18,25,4
18,26,4
18,27,4
18,28,4
18,29,4
18,30,4
19,0,3
19,1,3
19,2,3
19,3,2
19,4,2
19,5,2
19,6,2
19,7,2
19,8,2
19,9,1
19,10,1
19,11,1
19,12,1
19,13,1
19,14,3
19,15,3
19,16,4
19,17,4
19,18,4
19,19,4
19,20,3
19,21,3
19,22,3
19,23,3
19,24,4
19,25,4
19,26,4
19,27,4
19,28,4
19,29,4
19,30,4
20,0,3
20,1,3
20,2,4
20,3,4
20,4,2
20,5,2
20,6,2
20,7,2
20,8,2
20,9,2
20,10,1
20,11,1
20,12,1
20,13,1
20,14,1
20,15,4
20,16,4
20,17,4
20,18,4
20,19,4
20,20,3
20,21,3
20,22,3
20,23,3
20,24,4
20,25,4
20,26,4
20,27,1
20,28,1
20,29,4
20,30,4
21,0,4
21,1,4
21,2,4
21,3,4
21,4,4
21,5,2
21,6,2
21,7,2
21,8,2
21,9,2
21,10,2
21,11,1
21,12,1
21,13,1
21,14,1
21,15,4
21,16,4
21,17,4
21,18,4
21,19,4
21,20,4
21,21,3
21,22,3
21,23,4
21,24,4
21,25,4
21,26,1
21,27,1
21,28,1
21,29,1
21,30,1
22,0,4
22,1,4
22,2,4
22,3,4
22,4,4
22,5,2
22,6,2
22,7,2
22,8,2
22,9,2
22,10,2
22,11,2
22,12,1
22,13,1
22,14,4
22,15,4
22,16,4
22,17,4
22,18,4
22,19,4
22,20,4
22,21,4
22,22,4
22,23,4
22,24,4
22,25,4
22,26,1
22,27,1
22,28,1
22,29,1
22,30,1
23,0,2
23,1,2
23,2,4
23,3,4
23,4,2
23,5,2
23,6,2
23,7,2
23,8,2
23,9,2
23,10,2
23,11,2
23,12,4
23,13,4
23,14,4
23,15,4
23,16,4
23,17,4
23,18,4
23,19,4
23,20,4
23,21,4
23,22,4
23,23,4
23,24,4
23,25,4
23,26,4
23,27,1
23,28,1
23,29,1
23,30,1
24,0,2
24,1,2
24,2,2
24,3,2
24,4,2
24,5,2
24,6,2
24,7,2
24,8,2
24,9,2
24,10,2
24,11,4
24,12,4
24,13,4
24,14,4
24,15,4
24,16,4
24,17,4
24,18,4
24,19,4
24,20,2
24,21,2
24,22,2
24,23,4
24,24,4
24,25,4
24,26,4
24,27,4
24,28,4
24,29,4
24,30,4
25,0,2
25,1,2
25,2,2
25,3,2
25,4,2
25,5,2
25,6,3
25,7,3
25,8,2
25,9,2
25,10,2
25,11,4
25,12,4
25,13,4
25,14,4
25,15,2
25,16,2
25,17,2
25,18,2
25,19,2
25,20,2
25,21,2
25,22,2
25,23,2
25,24,2
25,25,4
25,26,4
25,27,4
25,28,4
25,29,4
25,30,4
26,0,3
26,1,3
26,2,3
26,3,3
26,4,3
26,5,3
26,6,3
26,7,3
26,8,3
26,9,2
26,10,2
26,11,2
26,12,4
26,13,4
26,14,2
26,15,2
26,16,2
26,17,2
26,18,2
26,19,2
26,20,2
26,21,2
26,22,2
26,23,2
26,24,2
26,25,2
26,26,2
26,27,4
26,28,4
26,29,1
26,30,1
27,0,3
27,1,3
27,2,3
27,3,3
27,4,3
27,5,3
27,6,3
27,7,3
27,8,3
27,9,2
27,10,2
27,11,2
27,12,2
27,13,2
27,14,2
27,15,2
27,16,2
27,17,4
27,18,4
27,19,2
27,20,2
27,21,3
27,22,3
27,23,2
27,24,2
27,25,2
27,26,2
27,27,2
27,28,1
27,29,1
27,30,1
28,0,3
28,1,3
28,2,4
28,3,4
28,4,4
28,5,3
28,6,3
28,7,3
28,8,4
28,9,4
28,10,2
28,11,2
28,12,2
28,13,2
28,14,2
28,15,2
28,16,4
28,17,4
28,18,4
28,19,4
28,20,3
28,21,3
28,22,3
28,23,3
28,24,2
28,25,2
28,26,2
28,27,2
28,28,1
28,29,1
28,30,1
29,0,4
29,1,4
29,2,4
29,3,4
29,4,4
29,5,4
29,6,4
29,7,4
29,8,4
29,9,4
29,10,4
29,11,4
29,12,4
29,13,4
29,14,4
29,15,4
29,16,4
29,17,4
29,18,4
29,19,4
29,20,3
29,21,3
29,22,3
29,23,3
29,24,3
29,25,2
29,26,2
29,27,1
29,28,1
29,29,1
29,30,1
30,0,4
30,1,4
30,2,4
30,3,4
30,4,4
30,5,4
30,6,4
30,7,4
30,8,4
30,9,4
30,10,4
30,11,4
30,12,4
30,13,4
30,14,4
30,15,4
30,16,4
30,17,4
30,18,4
30,19,4
30,20,3
30,21,3
30,22,3
30,23,3
30,24,3
30,25,2
30,26,2
30,27,1
30,28,1
30,29,1
30,30,1