6
10
7
1
2,2
2,12
2,22
12,12
22,2
22,22
1,2,2
0,1,2
1,3,2
2,5,2
2,3,1
4,5,3
3,5,2
0,4,1
3,4,1
0,3,1
0,0,2
0,1,2
0,2,2
0,3,2
0,4,2
0,5,2
0,6,4
0,7,4
0,8,4
0,9,4
0,10,4
0,11,4
0,12,4
0,13,4
0,14,4
0,15,4
0,16,4
0,17,4
0,18,4
0,19,4
0,20,4
0,21,4
0,22,4
0,23,4
0,24,4
0,25,4
0,26,4
0,27,4
0,28,1
0,29,1
0,30,1
1,0,2
1,1,2
1,2,2
1,3,2
1,4,2
1,5,2
1,6,4
1,7,4
1,8,4
1,9,4
1,10,4
1,11,4
1,12,4
1,13,4
1,14,4
1,15,4
1,16,4
1,17,4
1,18,4
1,19,4
1,20,4
1,21,4
1,22,4
1,23,4
1,24,4
1,25,4
1,26,4
1,27,4
1,28,1
1,29,1
1,30,1
2,0,2
2,1,2
2,2,2
2,3,2
2,4,2
2,5,2
2,6,4
2,7,4
2,8,4
2,9,4
2,10,4
2,11,4
2,12,4
2,13,4
2,14,4
2,15,4
2,16,4
2,17,4
2,18,4
2,19,4
2,20,4
2,21,4
2,22,4
2,23,4
2,24,4
2,25,4
2,26,4
2,27,4
2,28,4
2,29,1
2,30,1
3,0,2
3,1,2
3,2,2
3,3,2
3,4,2
3,5,4
3,6,4
3,7,4
3,8,4
3,9,4
3,10,4
3,11,4
3,12,4
3,13,4
3,14,4
3,15,4
3,16,4
3,17,3
3,18,3
3,19,4
3,20,4
3,21,4
3,22,4
3,23,4
3,24,4
3,25,4
3,26,4
3,27,4
3,28,4
3,29,4
3,30,4
4,0,2
4,1,2
4,2,2
4,3,2
4,4,2
4,5,4
4,6,4
4,7,4
4,8,4
4,9,4
4,10,4
4,11,4
4,12,4
4,13,4
4,14,4
4,15,4
4,16,3
4,17,3
4,18,3
4,19,3
4,20,4
4,21,4
4,22,4
4,23,4
4,24,4
4,25,4
4,26,4
4,27,4
4,28,4
4,29,4
4,30,4
5,0,1
5,1,1
5,2,2
5,3,2
5,4,2
5,5,2
5,6,4
5,7,4
5,8,2
5,9,2
5,10,4
5,11,4
5,12,4
5,13,4
5,14,1
5,15,1
5,16,3
5,17,3
5,18,3
5,19,3
5,20,1
5,21,1
5,22,4
5,23,4
5,24,2
5,25,2
5,26,2
5,27,2
5,28,2
5,29,2
5,30,2
6,0,1
6,1,1
6,2,1
6,3,2
6,4,2
6,5,2
6,6,2
6,7,2
6,8,2
6,9,2
6,10,2
6,11,4
6,12,4
6,13,1
6,14,1
6,15,1
6,16,1
6,17,3
6,18,3
6,19,1
6,20,1
6,21,1
6,22,1
6,23,2
6,24,2
6,25,2
6,26,2
6,27,2
6,28,2
6,29,2
6,30,2
7,0,1
7,1,1
7,2,1
7,3,2
7,4,2
7,5,2
7,6,2
7,7,2
7,8,2
7,9,2
7,10,2
7,11,4
7,12,4
7,13,1
7,14,1
7,15,1
7,16,1
7,17,3
7,18,3
7,19,1
7,20,1
7,21,1
7,22,1
7,23,2
7,24,2
7,25,2
7,26,1
7,27,1
7,28,1
7,29,1
7,30,1
8,0,1
8,1,1
8,2,1
8,3,1
8,4,2
8,5,2
8,6,3
8,7,3
8,8,2
8,9,2
8,10,4
8,11,4
8,12,4
8,13,4
8,14,1
8,15,1
8,16,1
8,17,3
8,18,3
8,19,3
8,20,1
8,21,1
8,22,2
8,23,2
8,24,2
8,25,1
8,26,1
8,27,1
8,28,1
8,29,1
8,30,1
9,0,1
9,1,1
9,2,1
9,3,1
9,4,3
9,5,3
9,6,3
9,7,3
9,8,3
9,9,4
9,10,4
9,11,4
9,12,4
9,13,4
9,14,4
9,15,1
9,16,1
9,17,3
9,18,3
9,19,3
9,20,3
9,21,3
9,22,2
9,23,2
9,24,2
9,25,1
9,26,1
9,27,1
9,28,1
9,29,1
9,30,1
10,0,1
10,1,1
10,2,1
10,3,3
10,4,3
10,5,3
10,6,3
10,7,3
10,8,3
10,9,4
10,10,4
10,11,4
10,12,4
10,13,4
10,14,4
10,15,1
10,16,1
10,17,1
10,18,3
10,19,3
10,20,3
10,21,3
10,22,3
10,23,2
10,24,2
10,25,1
10,26,1
10,27,1
10,28,1
10,29,1
10,30,1
11,0,1
11,1,1
11,2,3
11,3,3
11,4,3
11,5,3
11,6,3
11,7,3
11,8,4
11,9,4
11,10,4
11,11,4
11,12,4
11,13,4
11,14,4
11,15,1
11,16,1
11,17,1
11,18,1
11,19,3
11,20,3
11,21,3
11,22,3
11,23,2
11,24,2
11,25,2
11,26,1
11,27,1
11,28,1
11,29,4
11,30,4
12,0,4
12,1,4
12,2,3
12,3,3
12,4,3
12,5,3
12,6,1
12,7,1
12,8,4
12,9,4
12,10,4
12,11,4
12,12,4
12,13,4
12,14,4
12,15,4
12,16,1
12,17,1
12,18,1
12,19,3
12,20,3
12,21,3
12,22,3
12,23,2
12,24,2
12,25,2
12,26,4
12,27,4
12,28,4
12,29,4
12,30,4
13,0,4
13,1,4
13,2,4
13,3,3
13,4,3
13,5,1
13,6,1
13,7,1
13,8,1
13,9,4
13,10,4
13,11,4
13,12,4
13,13,4
13,14,4
13,15,4
13,16,4
13,17,1
13,18,1
13,19,1
13,20,3
13,21,3
13,22,2
13,23,2
13,24,2
13,25,4
13,26,4
13,27,4
13,28,4
13,29,4
13,30,4
14,0,4
14,1,4
14,2,4
14,3,3
14,4,3
14,5,1
14,6,1
14,7,1
14,8,1
14,9,1
14,10,4
14,11,4
14,12,4
14,13,4
14,14,4
14,15,4
14,16,4
14,17,1
14,18,1
14,19,1
14,20,2
14,21,2
14,22,2
14,23,2
14,24,2
14,25,4
14,26,4
14,27,4
14,28,4
14,29,2
14,30,2
15,0,4
15,1,4
15,2,4
15,3,3
15,4,3
15,5,1
15,6,1
15,7,1
15,8,1
15,9,1
15,10,1
15,11,1
15,12,1
15,13,4
15,14,4
15,15,4
15,16,1
15,17,1
15,18,1
15,19,2
15,20,2
15,21,2
15,22,2
15,23,2
15,24,4
15,25,4
15,26,4
15,27,4
15,28,2
15,29,2
15,30,2
16,0,4
16,1,4
16,2,3
16,3,3
16,4,3
16,5,1
16,6,1
16,7,1
16,8,1
16,9,1
16,10,1
16,11,1
16,12,1
16,13,1
16,14,1
16,15,1
16,16,1
16,17,1
16,18,1
16,19,2
16,20,2
16,21,2
16,22,2
16,23,4
16,24,4
16,25,4
16,26,4
16,27,4
16,28,2
16,29,2
16,30,2
17,0,3
17,1,3
17,2,3
17,3,3
17,4,3
17,5,3
17,6,1
17,7,1
17,8,1
17,9,1
17,10,1
17,11,1
17,12,1
17,13,1
17,14,1
17,15,1
17,16,1
17,17,1
17,18,4
17,19,4
17,20,2
17,21,2
17,22,4
17,23,4
17,24,4
17,25,4
17,26,4
17,27,1
17,28,1
17,29,2
17,30,2
18,0,3
18,1,3
18,2,3
18,3,3
18,4,3
18,5,3
18,6,3
18,7,1
18,8,1
18,9,4
18,10,4
18,11,1
18,12,1
18,13,4
18,14,4
18,15,4
18,16,4
18,17,4
18,18,4
18,19,4
18,20,4
18,21,4
18,22,4
18,23,4
18,24,4
18,25,4
18,26,1
18,27,1
18,28,1
18,29,1
18,30,1
19,0,4
19,1,4
19,2,3
19,3,3
19,4,3
19,5,3
19,6,3
19,7,3
19,8,4
19,9,4
19,10,4
19,11,4
19,12,4
19,13,4
19,14,4
19,15,4
19,16,4
19,17,4
19,18,4
19,19,4
19,20,4
19,21,4
19,22,4
19,23,4
19,24,2
19,25,2
19,26,1
19,27,1
19,28,1
19,29,1
19,30,1
20,0,4
20,1,4
20,2,4
20,3,4
20,4,4
20,5,3
20,6,3
20,7,3
20,8,4
20,9,4
20,10,4
20,11,4
20,12,4
20,13,4
20,14,4
20,15,4
20,16,4
20,17,4
20,18,2
20,19,2
20,20,2
20,21,2
20,22,2
20,23,2
20,24,2
20,25,2
20,26,2
20,27,1
20,28,1
20,29,1
20,30,1
21,0,4
21,1,4
21,2,4
21,3,4
21,4,4
21,5,4
21,6,3
21,7,3
21,8,3
21,9,4
21,10,4
21,11,4
21,12,4
21,13,4
21,14,4
21,15,4
21,16,4
21,17,2
21,18,2
21,19,2
21,20,2
21,21,2
21,22,2
21,23,2
21,24,2
21,25,2
21,26,2
21,27,2
21,28,2
21,29,2
21,30,2
22,0,4
22,1,4
22,2,4
22,3,4
22,4,4
22,5,4
22,6,3
22,7,3
22,8,3
22,9,3
22,10,3
22,11,3
22,12,3
22,13,3
22,14,4
22,15,4
22,16,4
22,17,2
22,18,2
22,19,2
22,20,2
22,21,2
22,22,2
22,23,2
22,24,2
22,25,2
22,26,2
22,27,2
22,28,2
22,29,2
22,30,2
23,0,4
23,1,4
23,2,4
23,3,4
23,4,4
23,5,4
23,6,3
23,7,3
23,8,3
23,9,3
23,10,3
23,11,3
23,12,3
23,13,3
23,14,3
23,15,4
23,16,4
23,17,4
23,18,2
23,19,2
23,20,2
23,21,2
23,22,2
23,23,2
23,24,2
23,25,2
23,26,4
23,27,4
23,28,4
23,29,4
23,30,4
24,0,4
24,1,4
24,2,4
24,3,4
24,4,4
24,5,4
24,6,4
24,7,3
24,8,3
24,9,2
24,10,2
24,11,2
24,12,3
24,13,3
24,14,3
24,15,4
24,16,4
24,17,4
24,18,4
24,19,4
24,20,2
24,21,2
24,22,2
24,23,2
24,24,2
24,25,4
24,26,4
24,27,4
24,28,4
24,29,4
24,30,4
25,0,3
25,1,3
25,2,3
25,3,4
25,4,4
25,5,4
25,6,4
25,7,4
25,8,2
25,9,2
25,10,2
25,11,2
25,12,2
25,13,3
25,14,3
25,15,3
25,16,4
25,17,4
25,18,4
25,19,4
25,20,4
25,21,4
25,22,4
25,23,4
25,24,4
25,25,4
25,26,4
25,27,4
25,28,4
25,29,4
25,30,4
26,0,3
26,1,3
26,2,3
26,3,3
26,4,4
26,5,4
26,6,4
26,7,4
26,8,2
26,9,2
26,10,2
26,11,2
26,12,2
26,13,3
26,14,3
26,15,3
26,16,1
26,17,1
26,18,4
26,19,4
26,20,4
26,21,4
26,22,4
26,23,4
26,24,4
26,25,4
26,26,4
26,27,4
26,28,3
26,29,3
26,30,3
27,0,3
27,1,3
27,2,3
27,3,3
27,4,3
27,5,4
27,6,4
27,7,4
27,8,4
27,9,2
27,10,2
27,11,2
27,12,3
27,13,3
27,14,3
27,15,1
27,16,1
27,17,1
27,18,1
27,19,1
27,20,4
27,21,4
27,22,4
27,23,4
27,24,4
27,25,4
27,26,4
27,27,3
27,28,3
27,29,3
27,30,3
28,0,2
28,1,2
28,2,3
28,3,3
28,4,3
28,5,4
28,6,4
28,7,4
28,8,4
28,9,1
28,10,1
28,11,1
28,12,3
28,13,3
28,14,3
28,15,1
28,16,1
28,17,1
28,18,1
28,19,1
28,20,1
28,21,4
28,22,4
28,23,4
28,24,4
28,25,1
28,26,1
28,27,3
28,28,3
28,29,3
28,30,3
29,0,2
29,1,2
29,2,2
29,3,3
29,4,3
29,5,3
29,6,4
29,7,4
29,8,1
29,9,1
29,10,1
29,11,1
29,12,1
29,13,3
29,14,3
29,15,3
29,16,1
29,17,1
29,18,1
29,19,1
29,20,1
29,21,4
29,22,4
29,23,4
29,24,1
29,25,1
29,26,1
29,27,1
29,28,3
29,29,3
29,30,3
30,0,2
30,1,2
30,2,2
30,3,3
30,4,3
30,5,3
30,6,4
30,7,4
30,8,1
30,9,1
30,10,1
30,11,1
30,12,1
30,13,3
30,14,3
30,15,3
30,16,1
30,17,1
30,18,1
30,19,1
30,20,1
30,21,4
30,22,4
30,23,4
30,24,1
30,25,1
30,26,1
30,27,1
30,28,3
30,29,3
30,30,3