5
8
4
4
2,2
2,22
12,12
22,2
22,22
1,4,2
3,4,3
2,4,1
0,1,4
0,3,1
0,2,1
1,2,1
2,3,1
0,0,3
0,1,3
0,2,3
0,3,3
0,4,3
0,5,3
0,6,3
0,7,3
0,8,1
0,9,1
0,10,2
0,11,2
0,12,2
0,13,2
0,14,4
0,15,4
0,16,4
0,17,4
0,18,4
0,19,3
0,20,3
0,21,3
0,22,3
0,23,3
0,24,3
0,25,3
0,26,3
0,27,4
0,28,4
0,29,4
0,30,4
1,0,3
1,1,3
1,2,3
1,3,3
1,4,3
1,5,3
1,6,3
1,7,3
1,8,1
1,9,1
1,10,2
1,11,2
1,12,2
1,13,2
1,14,4
1,15,4
1,16,4
1,17,4
1,18,4
1,19,3
1,20,3
1,21,3
1,22,3
1,23,3
1,24,3
1,25,3
1,26,3
1,27,4
1,28,4
1,29,4
1,30,4
2,0,3
2,1,3
2,2,3
2,3,3
2,4,3
2,5,3
2,6,3
2,7,1
2,8,1
2,9,1
2,10,1
2,11,2
2,12,2
2,13,4
2,14,4
2,15,4
2,16,4
2,17,4
2,18,3
2,19,3
2,20,3
2,21,3
2,22,3
2,23,3
2,24,3
2,25,3
2,26,3
2,27,3
2,28,4
2,29,4
2,30,4
3,0,3
3,1,3
3,2,3
3,3,3
3,4,3
3,5,3
3,6,3
3,7,1
3,8,1
3,9,1
3,10,1
3,11,1
3,12,1
3,13,4
3,14,4
3,15,4
3,16,4
3,17,4
3,18,3
3,19,3
3,20,3
3,21,3
3,22,3
3,23,3
3,24,3
3,25,3
3,26,3
3,27,3
3,28,1
3,29,1
3,30,1
4,0,3
4,1,3
4,2,3
4,3,3
4,4,3
4,5,3
4,6,3
4,7,1
4,8,1
4,9,1
4,10,1
4,11,1
4,12,1
4,13,1
4,14,4
4,15,4
4,16,4
4,17,1
4,18,1
4,19,3
4,20,3
4,21,3
4,22,3
4,23,3
4,24,3
4,25,3
4,26,3
4,27,1
4,28,1
4,29,1
4,30,1
5,0,4
5,1,4
5,2,3
5,3,3
5,4,3
5,5,3
5,6,4
5,7,4
5,8,1
5,9,1
5,10,1
5,11,1
5,12,1
5,13,1
5,14,1
5,15,1
5,16,1
5,17,1
5,18,1
5,19,1
5,20,1
5,21,1
5,22,1
5,23,1
5,24,1
5,25,1
5,26,1
5,27,1
5,28,1
5,29,1
5,30,1
6,0,4
6,1,4
6,2,4
6,3,3
6,4,3
6,5,4
6,6,4
6,7,4
6,8,4
6,9,4
6,10,4
6,11,4
6,12,1
6,13,1
6,14,1
6,15,1
6,16,1
6,17,1
6,18,1
6,19,1
6,20,1
6,21,1
6,22,1
6,23,1
6,24,1
6,25,1
6,26,1
6,27,1
6,28,1
6,29,4
6,30,4
7,0,4
7,1,4
7,2,4
7,3,4
7,4,4
7,5,4
7,6,4
7,7,4
7,8,4
7,9,4
7,10,4
7,11,4
7,12,4
7,13,1
7,14,1
7,15,1
7,16,1
7,17,1
7,18,1
7,19,4
7,20,4
7,21,4
7,22,4
7,23,4
7,24,4
7,25,4
7,26,4
7,27,4
7,28,4
7,29,4
7,30,4
8,0,4
8,1,4
8,2,4
8,3,4
8,4,4
8,5,4
8,6,4
8,7,2
8,8,2
8,9,4
8,10,4
8,11,4
8,12,4
8,13,1
8,14,1
8,15,1
8,16,1
8,17,1
8,18,4
8,19,4
8,20,4
8,21,4
8,22,4
8,23,4
8,24,4
8,25,4
8,26,4
8,27,4
8,28,4
8,29,4
8,30,4
9,0,4
9,1,4
9,2,4
9,3,4
9,4,4
9,5,4
9,6,2
9,7,2
9,8,2
9,9,2
9,10,4
9,11,4
9,12,1
9,13,1
9,14,1
9,15,1
9,16,1
9,17,1
9,18,4
9,19,4
9,20,4
9,21,1
9,22,1
9,23,4
9,24,4
9,25,4
9,26,4
9,27,4
9,28,4
9,29,4
9,30,4
10,0,4
10,1,4
10,2,4
10,3,4
10,4,1
10,5,1
10,6,2
10,7,2
10,8,2
10,9,2
10,10,1
10,11,1
10,12,1
10,13,1
10,14,1
10,15,1
10,16,1
10,17,1
10,18,4
10,19,4
10,20,1
10,21,1
10,22,1
10,23,1
10,24,1
10,25,4
10,26,4
10,27,4
10,28,4
10,29,1
10,30,1
11,0,4
11,1,4
11,2,4
11,3,1
11,4,1
11,5,1
11,6,1
11,7,2
11,8,2
11,9,1
11,10,1
11,11,1
11,12,1
11,13,1
11,14,1
11,15,1
11,16,1
11,17,4
11,18,4
11,19,4
11,20,1
11,21,1
11,22,1
11,23,1
11,24,1
11,25,1
11,26,1
11,27,1
11,28,1
11,29,1
11,30,1
12,0,4
12,1,4
12,2,4
12,3,1
12,4,1
12,5,1
12,6,1
12,7,2
12,8,2
12,9,1
12,10,1
12,11,1
12,12,1
12,13,1
12,14,1
12,15,1
12,16,4
12,17,4
12,18,4
12,19,4
12,20,4
12,21,1
12,22,1
12,23,1
12,24,1
12,25,1
12,26,1
12,27,1
12,28,1
12,29,1
12,30,1
13,0,4
13,1,4
13,2,4
13,3,4
13,4,1
13,5,1
13,6,1
13,7,2
13,8,2
13,9,1
13,10,1
13,11,1
13,12,1
13,13,1
13,14,1
13,15,1
13,16,4
13,17,4
13,18,4
13,19,4
13,20,4
13,21,4
13,22,4
13,23,4
13,24,4
13,25,4
13,26,4
13,27,4
13,28,4
13,29,4
13,30,4
14,0,4
14,1,4
14,2,4
14,3,4
14,4,4
14,5,1
14,6,1
14,7,2
14,8,2
14,9,2
14,10,1
14,11,1
14,12,1
14,13,1
14,14,1
14,15,3
14,16,3
14,17,4
14,18,4
14,19,4
14,20,4
14,21,4
14,22,4
14,23,4
14,24,4
14,25,4
14,26,4
14,27,4
14,28,4
14,29,4
14,30,4
15,0,4
15,1,4
15,2,4
15,3,4
15,4,4
15,5,1
15,6,1
15,7,2
15,8,2
15,9,2
15,10,3
15,11,3
15,12,3
15,13,3
15,14,3
15,15,3
15,16,3
15,17,3
15,18,3
15,19,3
15,20,4
15,21,4
15,22,1
15,23,1
15,24,4
15,25,4
15,26,4
15,27,4
15,28,4
15,29,4
15,30,4
16,0,2
16,1,2
16,2,4
16,3,4
16,4,4
16,5,1
16,6,1
16,7,2
16,8,2
16,9,3
16,10,3
16,11,3
16,12,3
16,13,3
16,14,3
16,15,3
16,16,3
16,17,3
16,18,3
16,19,3
16,20,3
16,21,1
16,22,1
16,23,1
16,24,1
16,25,4
16,26,4
16,27,4
16,28,4
16,29,4
16,30,4
17,0,2
17,1,2
17,2,2
17,3,4
17,4,4
17,5,1
17,6,1
17,7,2
17,8,2
17,9,3
17,10,3
17,11,3
17,12,3
17,13,3
17,14,3
17,15,4
17,16,4
17,17,4
17,18,3
17,19,3
17,20,3
17,21,1
17,22,1
17,23,1
17,24,1
17,25,2
17,26,2
17,27,4
17,28,4
17,29,4
17,30,4
18,0,2
18,1,2
18,2,2
18,3,4
18,4,4
18,5,1
18,6,1
18,7,2
18,8,2
18,9,2
18,10,3
18,11,3
18,12,3
18,13,3
18,14,4
18,15,4
18,16,4
18,17,4
18,18,4
18,19,3
18,20,3
18,21,3
18,22,1
18,23,1
18,24,2
18,25,2
18,26,2
18,27,2
18,28,2
18,29,2
18,30,2
19,0,2
19,1,2
19,2,4
19,3,4
19,4,4
19,5,1
19,6,1
19,7,2
19,8,2
19,9,2
19,10,2
19,11,2
19,12,2
19,13,2
19,14,4
19,15,4
19,16,4
19,17,4
19,18,4
19,19,3
19,20,3
19,21,3
19,22,3
19,23,3
19,24,2
19,25,2
19,26,2
19,27,2
19,28,2
19,29,2
19,30,2
20,0,4
20,1,4
20,2,4
20,3,4
20,4,4
20,5,1
20,6,1
20,7,2
20,8,2
20,9,2
20,10,2
20,11,2
20,12,2
20,13,2
20,14,2
20,15,4
20,16,4
20,17,4
20,18,4
20,19,3
20,20,3
20,21,3
20,22,3
20,23,3
20,24,3
20,25,2
20,26,2
20,27,2
20,28,2
20,29,2
20,30,2
21,0,4
21,1,4
21,2,4
21,3,4
21,4,4
21,5,1
21,6,1
21,7,2
21,8,2
21,9,2
21,10,2
21,11,2
21,12,2
21,13,2
21,14,2
21,15,2
21,16,4
21,17,4
21,18,3
21,19,3
21,20,3
21,21,3
21,22,3
21,23,3
21,24,3
21,25,3
21,26,3
21,27,3
21,28,3
21,29,3
21,30,3
22,0,4
22,1,4
22,2,4
22,3,4
22,4,4
22,5,1
22,6,1
22,7,1
22,8,2
22,9,2
22,10,1
22,11,1
22,12,2
22,13,2
22,14,2
22,15,2
22,16,2
22,17,3
22,18,3
22,19,3
22,20,3
22,21,3
22,22,3
22,23,3
22,24,3
22,25,3
22,26,3
22,27,3
22,28,3
22,29,3
22,30,3
23,0,4
23,1,4
23,2,4
23,3,4
23,4,4
23,5,1
23,6,1
23,7,1
23,8,1
23,9,1
23,10,1
23,11,1
23,12,1
23,13,2
23,14,2
23,15,2
23,16,2
23,17,3
23,18,3
23,19,3
23,20,3
23,21,3
23,22,3
23,23,3
23,24,3
23,25,3
23,26,3
23,27,1
23,28,1
23,29,3
23,30,3
24,0,4
24,1,4
24,2,4
24,3,4
24,4,4
24,5,1
24,6,1
24,7,1
24,8,1
24,9,1
24,10,1
24,11,1
24,12,1
24,13,2
24,14,2
24,15,2
24,16,3
24,17,3
24,18,3
24,19,3
24,20,3
24,21,3
24,22,3
24,23,3
24,24,3
24,25,3
24,26,1
24,27,1
24,28,1
24,29,1
24,30,1
25,0,4
25,1,4
25,2,4
25,3,4
25,4,4
25,5,4
25,6,1
25,7,1
25,8,3
25,9,3
25,10,1
25,11,1
25,12,2
25,13,2
25,14,2
25,15,2
25,16,3
25,17,3
25,18,3
25,19,1
25,20,1
25,21,1
25,22,1
25,23,1
25,24,1
25,25,1
25,26,1
25,27,1
25,28,1
25,29,1
25,30,1
26,0,1
26,1,1
26,2,4
26,3,4
26,4,4
26,5,4
26,6,3
26,7,3
26,8,3
26,9,3
26,10,3
26,11,3
26,12,2
26,13,2
26,14,2
26,15,2
26,16,3
26,17,3
26,18,1
26,19,1
26,20,1
26,21,1
26,22,1
26,23,1
26,24,1
26,25,1
26,26,1
26,27,1
26,28,1
26,29,1
26,30,1
27,0,1
27,1,1
27,2,1
27,3,4
27,4,4
27,5,3
27,6,3
27,7,3
27,8,3
27,9,3
27,10,3
27,11,3
27,12,3
27,13,2
27,14,2
27,15,3
27,16,3
27,17,3
27,18,1
27,19,1
27,20,1
27,21,4
27,22,4
27,23,4
27,24,4
27,25,4
27,26,4
27,27,1
27,28,1
27,29,3
27,30,3
28,0,1
28,1,1
28,2,1
28,3,1
28,4,3
28,5,3
28,6,3
28,7,3
28,8,3
28,9,3
28,10,3
28,11,3
28,12,3
28,13,1
28,14,1
28,15,3
28,16,3
28,17,3
28,18,1
28,19,1
28,20,4
28,21,4
28,22,4
28,23,4
28,24,4
28,25,4
28,26,4
28,27,4
28,28,3
28,29,3
28,30,3
29,0,1
29,1,1
29,2,1
29,3,1
29,4,3
29,5,3
29,6,3
29,7,3
29,8,3
29,9,3
29,10,3
29,11,3
29,12,1
29,13,1
29,14,1
29,15,1
29,16,3
29,17,3
29,18,1
29,19,1
29,20,4
29,21,4
29,22,4
29,23,4
29,24,4
29,25,4
29,26,4
29,27,4
29,28,3
29,29,3
29,30,3
30,0,1
30,1,1
30,2,1
30,3,1
30,4,3
30,5,3
30,6,3
30,7,3
30,8,3
30,9,3
30,10,3
30,11,3
30,12,1
30,13,1
30,14,1
30,15,1
30,16,3
30,17,3
30,18,1
30,19,1
30,20,4
30,21,4
30,22,4
30,23,4
30,24,4
30,25,4
30,26,4
30,27,4
30,28,3
30,29,3
30,30,3