6
10
5
5
7,7
7,17
17,7
17,17
17,27
27,17
3,5,2
4,5,2
2,5,1
1,3,2
3,4,1
2,3,1
1,4,2
1,2,1
0,1,2
0,2,1
0,0,4
0,1,4
0,2,4
0,3,4
0,4,4
0,5,3
0,6,3
0,7,3
0,8,3
0,9,3
0,10,3
0,11,1
0,12,1
0,13,1
0,14,1
0,15,1
0,16,3
0,17,3
0,18,3
0,19,3
0,20,2
0,21,2
0,22,4
0,23,4
0,24,4
0,25,4
0,26,4
0,27,2
0,28,2
0,29,1
0,30,1
1,0,4
1,1,4
1,2,4
1,3,4
1,4,4
1,5,3
1,6,3
1,7,3
1,8,3
1,9,3
1,10,3
1,11,1
1,12,1
1,13,1
1,14,1
1,15,1
1,16,3
1,17,3
1,18,3
1,19,3
1,20,2
1,21,2
1,22,4
1,23,4
1,24,4
1,25,4
1,26,4
1,27,2
1,28,2
1,29,1
1,30,1
2,0,4
2,1,4
2,2,4
2,3,4
2,4,3
2,5,3
2,6,3
2,7,3
2,8,3
2,9,3
2,10,3
2,11,3
2,12,1
2,13,1
2,14,1
2,15,1
2,16,3
2,17,3
2,18,3
2,19,3
2,20,2
2,21,2
2,22,2
2,23,4
2,24,4
2,25,4
2,26,2
2,27,2
2,28,2
2,29,1
2,30,1
3,0,3
3,1,3
3,2,3
3,3,3
3,4,3
3,5,3
3,6,3
3,7,3
3,8,3
3,9,3
3,10,3
3,11,3
3,12,1
3,13,1
3,14,1
3,15,1
3,16,1
3,17,3
3,18,3
3,19,2
3,20,2
3,21,2
3,22,2
3,23,2
3,24,2
3,25,2
3,26,2
3,27,2
3,28,2
3,29,1
3,30,1
4,0,3
4,1,3
4,2,3
4,3,3
4,4,3
4,5,3
4,6,1
4,7,1
4,8,1
4,9,3
4,10,3
4,11,2
4,12,2
4,13,1
4,14,1
4,15,1
4,16,1
4,17,1
4,18,1
4,19,2
4,20,2
4,21,2
4,22,2
4,23,2
4,24,2
4,25,2
4,26,2
4,27,2
4,28,1
4,29,1
4,30,1
5,0,4
5,1,4
5,2,4
5,3,3
5,4,3
5,5,1
5,6,1
5,7,1
5,8,1
5,9,1
5,10,2
5,11,2
5,12,2
5,13,2
5,14,1
5,15,1
5,16,1
5,17,1
5,18,1
5,19,1
5,20,2
5,21,2
5,22,1
5,23,1
5,24,1
5,25,1
5,26,1
5,27,1
5,28,1
5,29,1
5,30,1
6,0,4
6,1,4
6,2,4
6,3,4
6,4,1
6,5,1
6,6,1
6,7,1
6,8,1
6,9,1
6,10,2
6,11,2
6,12,2
6,13,2
6,14,1
6,15,1
6,16,1
6,17,1
6,18,1
6,19,1
6,20,1
6,21,1
6,22,1
6,23,1
6,24,1
6,25,1
6,26,1
6,27,1
6,28,1
6,29,1
6,30,1
7,0,4
7,1,4
7,2,4
7,3,4
7,4,1
7,5,1
7,6,1
7,7,1
7,8,1
7,9,1
7,10,1
7,11,2
7,12,2
7,13,1
7,14,1
7,15,1
7,16,1
7,17,1
7,18,1
7,19,1
7,20,1
7,21,1
7,22,1
7,23,1
7,24,3
7,25,3
7,26,1
7,27,1
7,28,4
7,29,4
7,30,4
8,0,4
8,1,4
8,2,4
8,3,4
8,4,1
8,5,1
8,6,1
8,7,1
8,8,1
8,9,1
8,10,1
8,11,3
8,12,3
8,13,1
8,14,1
8,15,1
8,16,1
8,17,1
8,18,1
8,19,1
8,20,1
8,21,3
8,22,3
8,23,3
8,24,3
8,25,3
8,26,3
8,27,4
8,28,4
8,29,4
8,30,4
9,0,4
9,1,4
9,2,4
9,3,2
9,4,2
9,5,1
9,6,1
9,7,1
9,8,1
9,9,1
9,10,3
9,11,3
9,12,3
9,13,3
9,14,1
9,15,1
9,16,1
9,17,1
9,18,1
9,19,1
9,20,3
9,21,3
9,22,3
9,23,3
9,24,3
9,25,3
9,26,3
9,27,4
9,28,4
9,29,4
9,30,4
10,0,4
10,1,4
10,2,2
10,3,2
10,4,2
10,5,2
10,6,1
10,7,1
10,8,1
10,9,3
10,10,3
10,11,3
10,12,3
10,13,3
10,14,3
10,15,1
10,16,1
10,17,4
10,18,4
10,19,4
10,20,3
10,21,3
10,22,3
10,23,3
10,24,3
10,25,3
10,26,3
10,27,4
10,28,4
10,29,4
10,30,4
11,0,1
11,1,1
11,2,2
11,3,2
11,4,2
11,5,2
11,6,1
11,7,1
11,8,1
11,9,3
11,10,3
11,11,3
11,12,3
11,13,3
11,14,3
11,15,4
11,16,4
11,17,4
11,18,4
11,19,4
11,20,4
11,21,3
11,22,3
11,23,3
11,24,3
11,25,3
11,26,2
11,27,2
11,28,4
11,29,4
11,30,4
12,0,1
12,1,1
12,2,1
12,3,2
12,4,2
12,5,1
12,6,1
12,7,1
12,8,3
12,9,3
12,10,3
12,11,3
12,12,3
12,13,3
12,14,4
12,15,4
12,16,4
12,17,4
12,18,4
12,19,4
12,20,4
12,21,3
12,22,3
12,23,3
12,24,3
12,25,2
12,26,2
12,27,2
12,28,2
12,29,4
12,30,4
13,0,1
13,1,1
13,2,1
13,3,1
13,4,1
13,5,1
13,6,1
13,7,1
13,8,3
13,9,3
13,10,3
13,11,2
13,12,2
13,13,2
13,14,4
13,15,4
13,16,4
13,17,4
13,18,4
13,19,4
13,20,4
13,21,3
13,22,3
13,23,3
13,24,3
13,25,2
13,26,2
13,27,2
13,28,2
13,29,2
13,30,2
14,0,1
14,1,1
14,2,1
14,3,1
14,4,1
14,5,1
14,6,1
14,7,3
14,8,3
14,9,3
14,10,2
14,11,2
14,12,2
14,13,2
14,14,2
14,15,4
14,16,4
14,17,4
14,18,4
14,19,4
14,20,4
14,21,4
14,22,3
14,23,3
14,24,2
14,25,2
14,26,2
14,27,2
14,28,2
14,29,2
14,30,2
15,0,3
15,1,3
15,2,1
15,3,1
15,4,3
15,5,3
15,6,3
15,7,3
15,8,3
15,9,3
15,10,2
15,11,2
15,12,2
15,13,2
15,14,2
15,15,4
15,16,4
15,17,4
15,18,4
15,19,4
15,20,4
15,21,4
15,22,4
15,23,4
15,24,2
15,25,2
15,26,2
15,27,2
15,28,2
15,29,2
15,30,2
16,0,3
16,1,3
16,2,3
16,3,3
16,4,3
16,5,3
16,6,3
16,7,3
16,8,3
16,9,3
16,10,3
16,11,2
16,12,2
16,13,2
16,14,4
16,15,4
16,16,4
16,17,4
16,18,4
16,19,4
16,20,4
16,21,4
16,22,4
16,23,4
16,24,4
16,25,2
16,26,2
16,27,2
16,28,2
16,29,2
16,30,2
17,0,3
17,1,3
17,2,3
17,3,3
17,4,3
17,5,3
17,6,3
17,7,3
17,8,3
17,9,3
17,10,3
17,11,1
17,12,1
17,13,1
17,14,4
17,15,4
17,16,4
17,17,4
17,18,4
17,19,4
17,20,4
17,21,4
17,22,4
17,23,4
17,24,4
17,25,2
17,26,2
17,27,2
17,28,2
17,29,2
17,30,2
18,0,1
18,1,1
18,2,3
18,3,3
18,4,3
18,5,3
18,6,3
18,7,3
18,8,3
18,9,3
18,10,1
18,11,1
18,12,1
18,13,1
18,14,1
18,15,4
18,16,4
18,17,4
18,18,4
18,19,4
18,20,4
18,21,4
18,22,4
18,23,4
18,24,4
18,25,2
18,26,2
18,27,2
18,28,2
18,29,2
18,30,2
19,0,1
19,1,1
19,2,1
19,3,1
19,4,3
19,5,3
19,6,3
19,7,3
19,8,3
19,9,3
19,10,1
19,11,1
19,12,1
19,13,1
19,14,1
19,15,4
19,16,4
19,17,4
19,18,4
19,19,4
19,20,2
19,21,2
19,22,4
19,23,4
19,24,4
19,25,2
19,26,2
19,27,2
19,28,2
19,29,2
19,30,2
20,0,1
20,1,1
20,2,1
20,3,1
20,4,1
20,5,1
20,6,1
20,7,3
20,8,3
20,9,1
20,10,1
20,11,1
20,12,1
20,13,1
20,14,4
20,15,4
20,16,4
20,17,4
20,18,4
20,19,2
20,20,2
20,21,2
20,22,2
20,23,4
20,24,4
20,25,2
20,26,2
20,27,2
20,28,2
20,29,3
20,30,3
21,0,1
21,1,1
21,2,1
21,3,1
21,4,1
21,5,1
21,6,1
21,7,1
21,8,1
21,9,1
21,10,1
21,11,1
21,12,3
21,13,3
21,14,4
21,15,4
21,16,4
21,17,4
21,18,4
21,19,2
21,20,2
21,21,2
21,22,2
21,23,4
21,24,4
21,25,4
21,26,2
21,27,2
21,28,3
21,29,3
21,30,3
22,0,4
22,1,4
22,2,4
22,3,4
22,4,4
22,5,1
22,6,1
22,7,1
22,8,1
22,9,1
22,10,1
22,11,3
22,12,3
22,13,3
22,14,3
22,15,4
22,16,4
22,17,4
22,18,3
22,19,3
22,20,2
22,21,2
22,22,4
22,23,4
22,24,4
22,25,4
22,26,4
22,27,4
22,28,3
22,29,3
22,30,3
23,0,4
23,1,4
23,2,4
23,3,4
23,4,4
23,5,4
23,6,1
23,7,1
23,8,1
23,9,1
23,10,3
23,11,3
23,12,3
23,13,3
23,14,3
23,15,3
23,16,3
23,17,3
23,18,3
23,19,3
23,20,3
23,21,3
23,22,4
23,23,4
23,24,4
23,25,4
23,26,4
23,27,4
23,28,4
23,29,3
23,30,3
24,0,3
24,1,3
24,2,3
24,3,4
24,4,4
24,5,4
24,6,4
24,7,1
24,8,1
24,9,3
24,10,3
24,11,3
24,12,3
24,13,3
24,14,3
24,15,3
24,16,3
24,17,3
24,18,3
24,19,3
24,20,3
24,21,3
24,22,3
24,23,4
24,24,4
24,25,4
24,26,4
24,27,4
24,28,4
24,29,4
24,30,4
25,0,3
25,1,3
25,2,3
25,3,3
25,4,4
25,5,4
25,6,4
25,7,4
25,8,3
25,9,3
25,10,3
25,11,3
25,12,3
25,13,3
25,14,3
25,15,2
25,16,2
25,17,2
25,18,2
25,19,2
25,20,3
25,21,3
25,22,3
25,23,3
25,24,3
25,25,3
25,26,3
25,27,4
25,28,4
25,29,4
25,30,4
26,0,3
26,1,3
26,2,3
26,3,3
26,4,4
26,5,4
26,6,4
26,7,4
26,8,3
26,9,3
26,10,3
26,11,3
26,12,3
26,13,3
26,14,2
26,15,2
26,16,2
26,17,2
26,18,2
26,19,2
26,20,2
26,21,3
26,22,3
26,23,3
26,24,3
26,25,3
26,26,3
26,27,3
26,28,3
26,29,3
26,30,3
27,0,3
27,1,3
27,2,3
27,3,3
27,4,4
27,5,4
27,6,4
27,7,4
27,8,3
27,9,3
27,10,3
27,11,3
27,12,1
27,13,1
27,14,2
27,15,2
27,16,2
27,17,2
27,18,2
27,19,2
27,20,2
27,21,4
27,22,4
27,23,4
27,24,4
27,25,3
27,26,3
27,27,3
27,28,3
27,29,3
27,30,3
28,0,3
28,1,3
28,2,3
28,3,1
28,4,1
28,5,4
28,6,4
28,7,2
28,8,2
28,9,3
28,10,3
28,11,1
28,12,1
28,13,1
28,14,1
28,15,2
28,16,2
28,17,2
28,18,2
28,19,2
28,20,4
28,21,4
28,22,4
28,23,4
28,24,4
28,25,4
28,26,4
28,27,3
28,28,3
28,29,2
28,30,2
29,0,1
29,1,1
29,2,1
29,3,1
29,4,1
29,5,1
29,6,2
29,7,2
29,8,2
29,9,2
29,10,1
29,11,1
29,12,1
29,13,1
29,14,1
29,15,2
29,16,2
29,17,2
29,18,2
29,19,2
29,20,4
29,21,4
29,22,4
29,23,4
29,24,4
29,25,4
29,26,4
29,27,4
29,28,2
29,29,2
29,30,2
30,0,1
30,1,1
30,2,1
30,3,1
30,4,1
30,5,1
30,6,2
30,7,2
30,8,2
30,9,2
30,10,1
30,11,1
30,12,1
30,13,1
30,14,1
30,15,2
30,16,2
30,17,2
30,18,2
30,19,2
30,20,4
30,21,4
30,22,4
30,23,4
30,24,4
30,25,4
30,26,4
30,27,4
30,28,2
30,29,2
30,30,2