6
10
5
0
7,12
17,2
17,12
17,22
27,2
27,22
0,1,2
0,3,2
0,2,1
1,4,2
1,2,1
3,5,1
2,3,1
4,5,1
2,4,2
2,5,1
0,0,4
0,1,4
0,2,2
0,3,2
0,4,2
0,5,2
0,6,2
0,7,2
0,8,3
0,9,3
0,10,3
0,11,3
0,12,3
0,13,3
0,14,3
0,15,3
0,16,2
0,17,2
0,18,2
0,19,2
0,20,4
0,21,4
0,22,4
0,23,4
0,24,1
0,25,1
0,26,2
0,27,2
0,28,1
0,29,1
0,30,1
1,0,4
1,1,4
1,2,2
1,3,2
1,4,2
1,5,2
1,6,2
1,7,2
1,8,3
1,9,3
1,10,3
1,11,3
1,12,3
1,13,3
1,14,3
1,15,3
1,16,2
1,17,2
1,18,2
1,19,2
1,20,4
1,21,4
1,22,4
1,23,4
1,24,1
1,25,1
1,26,2
1,27,2
1,28,1
1,29,1
1,30,1
2,0,4
2,1,4
2,2,4
2,3,2
2,4,2
2,5,2
2,6,2
2,7,2
2,8,3
2,9,3
2,10,3
2,11,4
2,12,4
2,13,3
2,14,3
2,15,1
2,16,1
2,17,2
2,18,2
2,19,1
2,20,1
2,21,4
2,22,4
2,23,1
2,24,1
2,25,1
2,26,2
2,27,2
2,28,1
2,29,1
2,30,1
3,0,4
3,1,4
3,2,4
3,3,4
3,4,2
3,5,2
3,6,2
3,7,3
3,8,3
3,9,3
3,10,4
3,11,4
3,12,4
3,13,4
3,14,1
3,15,1
3,16,1
3,17,1
3,18,1
3,19,1
3,20,1
3,21,1
3,22,1
3,23,1
3,24,1
3,25,1
3,26,2
3,27,2
3,28,2
3,29,1
3,30,1
4,0,4
4,1,4
4,2,4
4,3,4
4,4,4
4,5,4
4,6,4
4,7,3
4,8,3
4,9,3
4,10,4
4,11,4
4,12,4
4,13,4
4,14,1
4,15,1
4,16,1
4,17,1
4,18,1
4,19,1
4,20,1
4,21,1
4,22,1
4,23,1
4,24,1
4,25,2
4,26,2
4,27,2
4,28,2
4,29,2
4,30,2
5,0,3
5,1,3
5,2,4
5,3,4
5,4,4
5,5,4
5,6,4
5,7,4
5,8,3
5,9,3
5,10,4
5,11,4
5,12,4
5,13,4
5,14,4
5,15,1
5,16,1
5,17,4
5,18,4
5,19,4
5,20,4
5,21,4
5,22,4
5,23,4
5,24,4
5,25,2
5,26,2
5,27,2
5,28,2
5,29,2
5,30,2
6,0,3
6,1,3
6,2,3
6,3,4
6,4,4
6,5,4
6,6,4
6,7,4
6,8,3
6,9,3
6,10,4
6,11,4
6,12,4
6,13,4
6,14,4
6,15,4
6,16,4
6,17,4
6,18,4
6,19,4
6,20,4
6,21,4
6,22,4
6,23,4
6,24,4
6,25,4
6,26,2
6,27,2
6,28,2
6,29,2
6,30,2
7,0,3
7,1,3
7,2,3
7,3,4
7,4,4
7,5,4
7,6,4
7,7,3
7,8,3
7,9,3
7,10,4
7,11,4
7,12,4
7,13,4
7,14,4
7,15,4
7,16,4
7,17,4
7,18,4
7,19,4
7,20,4
7,21,2
7,22,2
7,23,4
7,24,4
7,25,4
7,26,2
7,27,2
7,28,2
7,29,2
7,30,2
8,0,3
8,1,3
8,2,2
8,3,2
8,4,4
8,5,4
8,6,3
8,7,3
8,8,3
8,9,3
8,10,4
8,11,4
8,12,4
8,13,4
8,14,4
8,15,4
8,16,4
8,17,2
8,18,2
8,19,2
8,20,2
8,21,2
8,22,2
8,23,2
8,24,4
8,25,4
8,26,4
8,27,2
8,28,2
8,29,3
8,30,3
9,0,2
9,1,2
9,2,2
9,3,2
9,4,2
9,5,2
9,6,3
9,7,3
9,8,3
9,9,3
9,10,4
9,11,4
9,12,4
9,13,4
9,14,4
9,15,4
9,16,2
9,17,2
9,18,2
9,19,2
9,20,2
9,21,2
9,22,2
9,23,2
9,24,4
9,25,4
9,26,4
9,27,3
9,28,3
9,29,3
9,30,3
10,0,2
10,1,2
10,2,2
10,3,2
10,4,2
10,5,2
10,6,2
10,7,3
10,8,3
10,9,2
10,10,2
10,11,4
10,12,4
10,13,4
10,14,4
10,15,4
10,16,2
10,17,2
10,18,2
10,19,1
10,20,1
10,21,2
10,22,2
10,23,4
10,24,4
10,25,4
10,26,3
10,27,3
10,28,3
10,29,3
10,30,3
11,0,1
11,1,1
11,2,1
11,3,1
11,4,2
11,5,2
11,6,2
11,7,2
11,8,2
11,9,2
11,10,2
11,11,2
11,12,2
11,13,4
11,14,4
11,15,2
11,16,2
11,17,2
11,18,1
11,19,1
11,20,1
11,21,1
11,22,4
11,23,4
11,24,4
11,25,4
11,26,3
11,27,3
11,28,3
11,29,3
11,30,3
12,0,1
12,1,1
12,2,1
12,3,1
12,4,1
12,5,2
12,6,2
12,7,2
12,8,2
12,9,2
12,10,2
12,11,2
12,12,2
12,13,2
12,14,2
12,15,2
12,16,2
12,17,2
12,18,1
12,19,1
12,20,1
12,21,1
12,22,4
12,23,4
12,24,4
12,25,4
12,26,4
12,27,3
12,28,3
12,29,3
12,30,3
13,0,1
13,1,1
13,2,1
13,3,1
13,4,1
13,5,1
13,6,1
13,7,2
13,8,2
13,9,2
13,10,2
13,11,2
13,12,2
13,13,2
13,14,2
13,15,2
13,16,2
13,17,3
13,18,3
13,19,1
13,20,1
13,21,1
13,22,1
13,23,4
13,24,4
13,25,4
13,26,4
13,27,4
13,28,3
13,29,3
13,30,3
14,0,4
14,1,4
14,2,1
14,3,1
14,4,1
14,5,1
14,6,1
14,7,1
14,8,1
14,9,2
14,10,2
14,11,3
14,12,3
14,13,3
14,14,2
14,15,2
14,16,3
14,17,3
14,18,3
14,19,3
14,20,1
14,21,1
14,22,1
14,23,1
14,24,4
14,25,4
14,26,4
14,27,4
14,28,4
14,29,3
14,30,3
15,0,4
15,1,4
15,2,4
15,3,4
15,4,4
15,5,1
15,6,1
15,7,1
15,8,1
15,9,1
15,10,3
15,11,3
15,12,3
15,13,3
15,14,3
15,15,3
15,16,3
15,17,3
15,18,3
15,19,3
15,20,1
15,21,1
15,22,1
15,23,1
15,24,1
15,25,1
15,26,4
15,27,4
15,28,4
15,29,4
15,30,4
16,0,4
16,1,4
16,2,4
16,3,4
16,4,4
16,5,4
16,6,4
16,7,1
16,8,1
16,9,1
16,10,3
16,11,3
16,12,3
16,13,3
16,14,3
16,15,3
16,16,3
16,17,3
16,18,3
16,19,3
16,20,1
16,21,1
16,22,1
16,23,1
16,24,1
16,25,1
16,26,1
16,27,4
16,28,4
16,29,4
16,30,4
17,0,4
17,1,4
17,2,4
17,3,4
17,4,4
17,5,4
17,6,4
17,7,4
17,8,1
17,9,1
17,10,3
17,11,3
17,12,3
17,13,3
17,14,3
17,15,3
17,16,3
17,17,3
17,18,3
17,19,1
17,20,1
17,21,1
17,22,1
17,23,1
17,24,1
17,25,1
17,26,1
17,27,3
17,28,3
17,29,3
17,30,3
18,0,4
18,1,4
18,2,4
18,3,4
18,4,4
18,5,4
18,6,4
18,7,4
18,8,1
18,9,1
18,10,3
18,11,3
18,12,3
18,13,3
18,14,3
18,15,3
18,16,3
18,17,3
18,18,3
18,19,1
18,20,1
18,21,1
18,22,1
18,23,1
18,24,1
18,25,1
18,26,3
18,27,3
18,28,3
18,29,3
18,30,3
19,0,4
19,1,4
19,2,4
19,3,4
19,4,4
19,5,4
19,6,4
19,7,4
19,8,1
19,9,1
19,10,3
19,11,3
19,12,3
19,13,3
19,14,3
19,15,3
19,16,3
19,17,3
19,18,3
19,19,3
19,20,1
19,21,1
19,22,1
19,23,1
19,24,1
19,25,1
19,26,3
19,27,3
19,28,3
19,29,3
19,30,3
20,0,2
20,1,2
20,2,2
20,3,4
20,4,4
20,5,4
20,6,4
20,7,4
20,8,1
20,9,1
20,10,1
20,11,3
20,12,3
20,13,1
20,14,1
20,15,1
20,16,3
20,17,3
20,18,3
20,19,3
20,20,2
20,21,2
20,22,2
20,23,1
20,24,1
20,25,3
20,26,3
20,27,3
20,28,3
20,29,3
20,30,3
21,0,2
21,1,2
21,2,2
21,3,2
21,4,4
21,5,4
21,6,4
21,7,4
21,8,1
21,9,1
21,10,1
21,11,1
21,12,1
21,13,1
21,14,1
21,15,1
21,16,1
21,17,3
21,18,3
21,19,2
21,20,2
21,21,2
21,22,2
21,23,2
21,24,2
21,25,3
21,26,3
21,27,3
21,28,3
21,29,3
21,30,3
22,0,2
22,1,2
22,2,2
22,3,2
22,4,4
22,5,4
22,6,4
22,7,4
22,8,4
22,9,1
22,10,1
22,11,1
22,12,1
22,13,1
22,14,1
22,15,1
22,16,1
22,17,1
22,18,2
22,19,2
22,20,2
22,21,2
22,22,2
22,23,2
22,24,2
22,25,2
22,26,3
22,27,3
22,28,4
22,29,4
22,30,4
23,0,2
23,1,2
23,2,2
23,3,2
23,4,4
23,5,4
23,6,4
23,7,4
23,8,4
23,9,1
23,10,1
23,11,1
23,12,1
23,13,1
23,14,1
23,15,1
23,16,1
23,17,1
23,18,2
23,19,2
23,20,2
23,21,4
23,22,4
23,23,2
23,24,2
23,25,2
23,26,2
23,27,4
23,28,4
23,29,4
23,30,4
24,0,2
24,1,2
24,2,2
24,3,3
24,4,3
24,5,4
24,6,4
24,7,4
24,8,3
24,9,3
24,10,1
24,11,1
24,12,1
24,13,1
24,14,1
24,15,1
24,16,1
24,17,1
24,18,2
24,19,2
24,20,4
24,21,4
24,22,4
24,23,4
24,24,2
24,25,2
24,26,2
24,27,4
24,28,4
24,29,4
24,30,4
25,0,3
25,1,3
25,2,3
25,3,3
25,4,3
25,5,3
25,6,3
25,7,3
25,8,3
25,9,3
25,10,3
25,11,1
25,12,1
25,13,4
25,14,4
25,15,1
25,16,1
25,17,1
25,18,2
25,19,2
25,20,4
25,21,4
25,22,4
25,23,4
25,24,4
25,25,2
25,26,2
25,27,2
25,28,4
25,29,4
25,30,4
26,0,3
26,1,3
26,2,3
26,3,3
26,4,3
26,5,3
26,6,3
26,7,3
26,8,3
26,9,3
26,10,3
26,11,3
26,12,4
26,13,4
26,14,4
26,15,4
26,16,1
26,17,1
26,18,2
26,19,2
26,20,4
26,21,4
26,22,4
26,23,4
26,24,4
26,25,2
26,26,2
26,27,2
26,28,3
26,29,3
26,30,3
27,0,3
27,1,3
27,2,3
27,3,3
27,4,3
27,5,3
27,6,4
27,7,4
27,8,4
27,9,3
27,10,3
27,11,3
27,12,4
27,13,4
27,14,4
27,15,4
27,16,1
27,17,1
27,18,2
27,19,2
27,20,4
27,21,4
27,22,4
27,23,4
27,24,4
27,25,2
27,26,2
27,27,3
27,28,3
27,29,3
27,30,3
28,0,3
28,1,3
28,2,3
28,3,3
28,4,3
28,5,4
28,6,4
28,7,4
28,8,4
28,9,4
28,10,3
28,11,3
28,12,3
28,13,4
28,14,4
28,15,1
28,16,1
28,17,1
28,18,2
28,19,2
28,20,4
28,21,4
28,22,4
28,23,4
28,24,4
28,25,2
28,26,2
28,27,3
28,28,3
28,29,3
28,30,3
29,0,3
29,1,3
29,2,3
29,3,3
29,4,3
29,5,4
29,6,4
29,7,4
29,8,4
29,9,4
29,10,3
29,11,3
29,12,3
29,13,3
29,14,1
29,15,1
29,16,1
29,17,1
29,18,2
29,19,2
29,20,4
29,21,4
29,22,4
29,23,4
29,24,4
29,25,2
29,26,2
29,27,2
29,28,3
29,29,3
29,30,3
30,0,3
30,1,3
30,2,3
30,3,3
30,4,3
30,5,4
30,6,4
30,7,4
30,8,4
30,9,4
30,10,3
30,11,3
30,12,3
30,13,3
30,14,1
30,15,1
30,16,1
30,17,1
30,18,2
30,19,2
30,20,4
30,21,4
30,22,4
30,23,4
30,24,4
30,25,2
30,26,2
30,27,2
30,28,3
30,29,3
30,30,3