5
8
4
4
2,17
12,7
12,17
12,27
22,17
1,4,2
3,4,2
2,4,1
1,2,1
0,1,1
2,3,1
0,3,1
0,2,1
0,0,1
0,1,1
0,2,1
0,3,1
0,4,1
0,5,4
0,6,4
0,7,4
0,8,4
0,9,1
0,10,1
0,11,1
0,12,1
0,13,2
0,14,2
0,15,2
0,16,2
0,17,2
0,18,2
0,19,2
0,20,2
0,21,2
0,22,1
0,23,1
0,24,4
0,25,4
0,26,4
0,27,4
0,28,4
0,29,4
0,30,4
1,0,1
1,1,1
1,2,1
1,3,1
1,4,1
1,5,4
1,6,4
1,7,4
1,8,4
1,9,1
1,10,1
1,11,1
1,12,1
1,13,2
1,14,2
1,15,2
1,16,2
1,17,2
1,18,2
1,19,2
1,20,2
1,21,2
1,22,1
1,23,1
1,24,4
1,25,4
1,26,4
1,27,4
1,28,4
1,29,4
1,30,4
2,0,4
2,1,4
2,2,1
2,3,1
2,4,3
2,5,3
2,6,4
2,7,4
2,8,4
2,9,1
2,10,1
2,11,1
2,12,1
2,13,2
2,14,2
2,15,2
2,16,2
2,17,2
2,18,2
2,19,2
2,20,2
2,21,2
2,22,1
2,23,1
2,24,4
2,25,4
2,26,4
2,27,4
2,28,1
2,29,1
2,30,1
3,0,4
3,1,4
3,2,4
3,3,3
3,4,3
3,5,3
3,6,3
3,7,4
3,8,4
3,9,4
3,10,1
3,11,1
3,12,2
3,13,2
3,14,2
3,15,2
3,16,2
3,17,2
3,18,2
3,19,2
3,20,2
3,21,2
3,22,1
3,23,1
3,24,1
3,25,4
3,26,4
3,27,1
3,28,1
3,29,1
3,30,1
4,0,4
4,1,4
4,2,4
4,3,3
4,4,3
4,5,3
4,6,3
4,7,4
4,8,4
4,9,4
4,10,4
4,11,4
4,12,2
4,13,2
4,14,2
4,15,2
4,16,2
4,17,2
4,18,2
4,19,2
4,20,2
4,21,1
4,22,1
4,23,1
4,24,1
4,25,1
4,26,1
4,27,1
4,28,1
4,29,1
4,30,1
5,0,4
5,1,4
5,2,3
5,3,3
5,4,3
5,5,3
5,6,3
5,7,3
5,8,4
5,9,4
5,10,4
5,11,4
5,12,4
5,13,2
5,14,2
5,15,4
5,16,4
5,17,4
5,18,4
5,19,4
5,20,4
5,21,1
5,22,1
5,23,1
5,24,1
5,25,1
5,26,1
5,27,1
5,28,1
5,29,3
5,30,3
6,0,3
6,1,3
6,2,3
6,3,3
6,4,3
6,5,3
6,6,3
6,7,3
6,8,3
6,9,4
6,10,4
6,11,4
6,12,4
6,13,4
6,14,4
6,15,4
6,16,4
6,17,4
6,18,4
6,19,4
6,20,4
6,21,4
6,22,1
6,23,1
6,24,3
6,25,3
6,26,3
6,27,3
6,28,3
6,29,3
6,30,3
7,0,3
7,1,3
7,2,3
7,3,3
7,4,3
7,5,3
7,6,3
7,7,3
7,8,3
7,9,4
7,10,4
7,11,4
7,12,4
7,13,4
7,14,4
7,15,4
7,16,4
7,17,4
7,18,4
7,19,4
7,20,4
7,21,4
7,22,4
7,23,3
7,24,3
7,25,3
7,26,3
7,27,3
7,28,3
7,29,3
7,30,3
8,0,1
8,1,1
8,2,3
8,3,3
8,4,3
8,5,3
8,6,3
8,7,3
8,8,1
8,9,1
8,10,4
8,11,4
8,12,3
8,13,3
8,14,4
8,15,4
8,16,4
8,17,4
8,18,4
8,19,4
8,20,4
8,21,4
8,22,4
8,23,3
8,24,3
8,25,3
8,26,2
8,27,2
8,28,3
8,29,3
8,30,3
9,0,1
9,1,1
9,2,1
9,3,1
9,4,1
9,5,1
9,6,1
9,7,1
9,8,1
9,9,1
9,10,1
9,11,3
9,12,3
9,13,3
9,14,3
9,15,4
9,16,4
9,17,4
9,18,4
9,19,4
9,20,4
9,21,4
9,22,3
9,23,3
9,24,3
9,25,2
9,26,2
9,27,2
9,28,2
9,29,2
9,30,2
10,0,1
10,1,1
10,2,1
10,3,1
10,4,1
10,5,1
10,6,1
10,7,1
10,8,1
10,9,1
10,10,1
10,11,3
10,12,3
10,13,3
10,14,3
10,15,4
10,16,4
10,17,4
10,18,4
10,19,4
10,20,4
10,21,4
10,22,3
10,23,3
10,24,3
10,25,2
10,26,2
10,27,2
10,28,2
10,29,2
10,30,2
11,0,4
11,1,4
11,2,4
11,3,4
11,4,1
11,5,1
11,6,1
11,7,1
11,8,1
11,9,1
11,10,1
11,11,3
11,12,3
11,13,3
11,14,4
11,15,4
11,16,4
11,17,4
11,18,4
11,19,4
11,20,4
11,21,4
11,22,4
11,23,3
11,24,3
11,25,2
11,26,2
11,27,2
11,28,2
11,29,2
11,30,2
12,0,4
12,1,4
12,2,4
12,3,4
12,4,4
12,5,1
12,6,1
12,7,1
12,8,1
12,9,1
12,10,1
12,11,3
12,12,3
12,13,4
12,14,4
12,15,4
12,16,4
12,17,4
12,18,4
12,19,4
12,20,4
12,21,4
12,22,4
12,23,3
12,24,3
12,25,2
12,26,2
12,27,2
12,28,2
12,29,2
12,30,2
13,0,4
13,1,4
13,2,4
13,3,4
13,4,4
13,5,1
13,6,1
13,7,1
13,8,1
13,9,1
13,10,1
13,11,3
13,12,3
13,13,4
13,14,4
13,15,4
13,16,4
13,17,4
13,18,4
13,19,4
13,20,4
13,21,4
13,22,3
13,23,3
13,24,3
13,25,2
13,26,2
13,27,2
13,28,2
13,29,2
13,30,2
14,0,4
14,1,4
14,2,4
14,3,4
14,4,1
14,5,1
14,6,1
14,7,1
14,8,1
14,9,1
14,10,3
14,11,3
14,12,3
14,13,3
14,14,4
14,15,4
14,16,4
14,17,4
14,18,4
14,19,4
14,20,4
14,21,3
14,22,3
14,23,3
14,24,3
14,25,2
14,26,2
14,27,2
14,28,2
14,29,2
14,30,2
15,0,4
15,1,4
15,2,4
15,3,4
15,4,1
15,5,1
15,6,1
15,7,2
15,8,2
15,9,2
15,10,3
15,11,3
15,12,3
15,13,3
15,14,3
15,15,3
15,16,3
15,17,3
15,18,3
15,19,3
15,20,3
15,21,3
15,22,3
15,23,3
15,24,3
15,25,2
15,26,2
15,27,2
15,28,2
15,29,4
15,30,4
16,0,4
16,1,4
16,2,4
16,3,1
16,4,1
16,5,1
16,6,2
16,7,2
16,8,2
16,9,2
16,10,2
16,11,3
16,12,3
16,13,3
16,14,3
16,15,3
16,16,3
16,17,3
16,18,3
16,19,3
16,20,3
16,21,3
16,22,3
16,23,3
16,24,1
16,25,1
16,26,2
16,27,2
16,28,4
16,29,4
16,30,4
17,0,1
17,1,1
17,2,1
17,3,1
17,4,1
17,5,1
17,6,2
17,7,2
17,8,2
17,9,2
17,10,2
17,11,3
17,12,3
17,13,3
17,14,4
17,15,4
17,16,4
17,17,4
17,18,4
17,19,4
17,20,3
17,21,3
17,22,3
17,23,1
17,24,1
17,25,1
17,26,1
17,27,4
17,28,4
17,29,4
17,30,4
18,0,1
18,1,1
18,2,1
18,3,1
18,4,1
18,5,2
18,6,2
18,7,2
18,8,2
18,9,2
18,10,3
18,11,3
18,12,3
18,13,4
18,14,4
18,15,4
18,16,4
18,17,4
18,18,4
18,19,4
18,20,4
18,21,4
18,22,4
18,23,1
18,24,1
18,25,1
18,26,1
18,27,4
18,28,4
18,29,4
18,30,4
19,0,2
19,1,2
19,2,2
19,3,2
19,4,2
19,5,2
19,6,2
19,7,2
19,8,3
19,9,3
19,10,3
19,11,3
19,12,3
19,13,4
19,14,4
19,15,4
19,16,1
19,17,1
19,18,4
19,19,4
19,20,4
19,21,4
19,22,4
19,23,4
19,24,1
19,25,1
19,26,4
19,27,4
19,28,4
19,29,4
19,30,4
20,0,2
20,1,2
20,2,2
20,3,2
20,4,2
20,5,2
20,6,2
20,7,3
20,8,3
20,9,3
20,10,3
20,11,3
20,12,4
20,13,4
20,14,4
20,15,1
20,16,1
20,17,1
20,18,1
20,19,1
20,20,4
20,21,4
20,22,4
20,23,4
20,24,1
20,25,1
20,26,4
20,27,4
20,28,4
20,29,4
20,30,4
21,0,2
21,1,2
21,2,2
21,3,3
21,4,3
21,5,3
21,6,3
21,7,3
21,8,3
21,9,3
21,10,1
21,11,1
21,12,4
21,13,4
21,14,4
21,15,1
21,16,1
21,17,1
21,18,1
21,19,1
21,20,1
21,21,4
21,22,4
21,23,1
21,24,1
21,25,1
21,26,4
21,27,4
21,28,4
21,29,4
21,30,4
22,0,2
22,1,2
22,2,3
22,3,3
22,4,3
22,5,3
22,6,3
22,7,3
22,8,3
22,9,1
22,10,1
22,11,1
22,12,1
22,13,4
22,14,4
22,15,1
22,16,1
22,17,1
22,18,1
22,19,1
22,20,1
22,21,2
22,22,2
22,23,1
22,24,1
22,25,1
22,26,1
22,27,4
22,28,4
22,29,4
22,30,4
23,0,4
23,1,4
23,2,3
23,3,3
23,4,3
23,5,3
23,6,3
23,7,3
23,8,3
23,9,1
23,10,1
23,11,1
23,12,1
23,13,4
23,14,4
23,15,1
23,16,1
23,17,1
23,18,1
23,19,1
23,20,2
23,21,2
23,22,2
23,23,2
23,24,1
23,25,1
23,26,1
23,27,1
23,28,1
23,29,1
23,30,1
24,0,4
24,1,4
24,2,4
24,3,3
24,4,3
24,5,3
24,6,3
24,7,3
24,8,1
24,9,1
24,10,1
24,11,1
24,12,4
24,13,4
24,14,4
24,15,1
24,16,1
24,17,1
24,18,1
24,19,1
24,20,2
24,21,2
24,22,2
24,23,2
24,24,2
24,25,1
24,26,1
24,27,1
24,28,1
24,29,1
24,30,1
25,0,4
25,1,4
25,2,4
25,3,3
25,4,3
25,5,3
25,6,3
25,7,1
25,8,1
25,9,1
25,10,1
25,11,4
25,12,4
25,13,4
25,14,4
25,15,4
25,16,1
25,17,1
25,18,1
25,19,2
25,20,2
25,21,2
25,22,2
25,23,2
25,24,2
25,25,4
25,26,4
25,27,4
25,28,1
25,29,1
25,30,1
26,0,4
26,1,4
26,2,3
26,3,3
26,4,3
26,5,3
26,6,3
26,7,1
26,8,1
26,9,1
26,10,1
26,11,4
26,12,4
26,13,4
26,14,4
26,15,4
26,16,4
26,17,4
26,18,4
26,19,2
26,20,2
26,21,2
26,22,2
26,23,2
26,24,4
26,25,4
26,26,4
26,27,4
26,28,4
26,29,1
26,30,1
27,0,4
27,1,4
27,2,3
27,3,3
27,4,3
27,5,3
27,6,3
27,7,3
27,8,1
27,9,1
27,10,4
27,11,4
27,12,4
27,13,4
27,14,4
27,15,4
27,16,4
27,17,4
27,18,4
27,19,4
27,20,2
27,21,2
27,22,2
27,23,2
27,24,4
27,25,4
27,26,4
27,27,4
27,28,4
27,29,4
27,30,4
28,0,4
28,1,4
28,2,4
28,3,3
28,4,3
28,5,3
28,6,3
28,7,3
28,8,4
28,9,4
28,10,4
28,11,4
28,12,4
28,13,4
28,14,4
28,15,4
28,16,4
28,17,4
28,18,4
28,19,4
28,20,4
28,21,2
28,22,2
28,23,1
28,24,1
28,25,4
28,26,4
28,27,4
28,28,4
28,29,4
28,30,4
29,0,4
29,1,4
29,2,4
29,3,4
29,4,3
29,5,3
29,6,3
29,7,4
29,8,4
29,9,4
29,10,4
29,11,4
29,12,4
29,13,4
29,14,4
29,15,4
29,16,4
29,17,4
29,18,4
29,19,4
29,20,4
29,21,4
29,22,1
29,23,1
29,24,1
29,25,1
29,26,1
29,27,1
29,28,1
29,29,1
29,30,1
30,0,4
30,1,4
30,2,4
30,3,4
30,4,3
30,5,3
30,6,3
30,7,4
30,8,4
30,9,4
30,10,4
30,11,4
30,12,4
30,13,4
30,14,4
30,15,4
30,16,4
30,17,4
30,18,4
30,19,4
30,20,4
30,21,4
30,22,1
30,23,1
30,24,1
30,25,1
30,26,1
30,27,1
30,28,1
30,29,1
30,30,1