6
10
5
2
7,12
17,2
17,12
17,22
27,2
27,12
2,4,2
0,2,1
1,2,1
2,5,2
2,3,1
1,4,1
4,5,2
0,1,2
0,3,2
3,5,1
0,0,1
0,1,1
0,2,1
0,3,3
0,4,3
0,5,1
0,6,1
0,7,1
0,8,1
0,9,1
0,10,1
0,11,3
0,12,3
0,13,3
0,14,3
0,15,3
0,16,3
0,17,4
0,18,4
0,19,3
0,20,3
0,21,2
0,22,2
0,23,2
0,24,2
0,25,1
0,26,1
0,27,1
0,28,1
0,29,1
0,30,1
1,0,1
1,1,1
1,2,1
1,3,3
1,4,3
1,5,1
1,6,1
1,7,1
1,8,1
1,9,1
1,10,1
1,11,3
1,12,3
1,13,3
1,14,3
1,15,3
1,16,3
1,17,4
1,18,4
1,19,3
1,20,3
1,21,2
1,22,2
1,23,2
1,24,2
1,25,1
1,26,1
1,27,1
1,28,1
1,29,1
1,30,1
2,0,1
2,1,1
2,2,1
2,3,3
2,4,3
2,5,1
2,6,1
2,7,1
2,8,1
2,9,1
2,10,1
2,11,3
2,12,3
2,13,3
2,14,3
2,15,3
2,16,3
2,17,4
2,18,4
2,19,3
2,20,3
2,21,2
2,22,2
2,23,2
2,24,2
2,25,1
2,26,1
2,27,1
2,28,1
2,29,1
2,30,1
3,0,1
3,1,1
3,2,3
3,3,3
3,4,3
3,5,3
3,6,1
3,7,1
3,8,1
3,9,1
3,10,1
3,11,3
3,12,3
3,13,3
3,14,3
3,15,3
3,16,4
3,17,4
3,18,4
3,19,3
3,20,3
3,21,3
3,22,2
3,23,2
3,24,4
3,25,4
3,26,1
3,27,1
3,28,1
3,29,1
3,30,1
4,0,3
4,1,3
4,2,3
4,3,3
4,4,3
4,5,3
4,6,3
4,7,1
4,8,1
4,9,1
4,10,4
4,11,4
4,12,3
4,13,3
4,14,4
4,15,4
4,16,4
4,17,4
4,18,4
4,19,3
4,20,3
4,21,3
4,22,3
4,23,4
4,24,4
4,25,4
4,26,4
4,27,1
4,28,1
4,29,1
4,30,1
5,0,3
5,1,3
5,2,3
5,3,3
5,4,3
5,5,3
5,6,3
5,7,4
5,8,4
5,9,4
5,10,4
5,11,4
5,12,4
5,13,4
5,14,4
5,15,4
5,16,4
5,17,4
5,18,3
5,19,3
5,20,3
5,21,3
5,22,3
5,23,4
5,24,4
5,25,4
5,26,4
5,27,4
5,28,1
5,29,1
5,30,1
6,0,3
6,1,3
6,2,2
6,3,2
6,4,3
6,5,3
6,6,4
6,7,4
6,8,4
6,9,4
6,10,4
6,11,4
6,12,4
6,13,4
6,14,4
6,15,4
6,16,3
6,17,3
6,18,3
6,19,3
6,20,3
6,21,3
6,22,2
6,23,2
6,24,4
6,25,4
6,26,4
6,27,4
6,28,2
6,29,2
6,30,2
7,0,2
7,1,2
7,2,2
7,3,2
7,4,2
7,5,4
7,6,4
7,7,4
7,8,4
7,9,4
7,10,4
7,11,4
7,12,4
7,13,4
7,14,4
7,15,3
7,16,3
7,17,3
7,18,3
7,19,3
7,20,3
7,21,2
7,22,2
7,23,2
7,24,2
7,25,4
7,26,4
7,27,2
7,28,2
7,29,2
7,30,2
8,0,2
8,1,2
8,2,2
8,3,2
8,4,2
8,5,4
8,6,4
8,7,4
8,8,4
8,9,4
8,10,4
8,11,4
8,12,4
8,13,4
8,14,4
8,15,3
8,16,3
8,17,3
8,18,3
8,19,4
8,20,4
8,21,2
8,22,2
8,23,2
8,24,2
8,25,3
8,26,3
8,27,2
8,28,2
8,29,2
8,30,2
9,0,1
9,1,1
9,2,2
9,3,2
9,4,2
9,5,2
9,6,4
9,7,4
9,8,3
9,9,3
9,10,4
9,11,4
9,12,4
9,13,4
9,14,4
9,15,4
9,16,3
9,17,3
9,18,4
9,19,4
9,20,4
9,21,4
9,22,2
9,23,2
9,24,3
9,25,3
9,26,3
9,27,3
9,28,2
9,29,2
9,30,2
10,0,1
10,1,1
10,2,1
10,3,2
10,4,2
10,5,2
10,6,2
10,7,3
10,8,3
10,9,3
10,10,3
10,11,4
10,12,4
10,13,4
10,14,4
10,15,4
10,16,4
10,17,4
10,18,4
10,19,4
10,20,4
10,21,4
10,22,1
10,23,1
10,24,3
10,25,3
10,26,3
10,27,3
10,28,2
10,29,2
10,30,2
11,0,1
11,1,1
11,2,1
11,3,1
11,4,2
11,5,2
11,6,2
11,7,3
11,8,3
11,9,3
11,10,3
11,11,4
11,12,4
11,13,4
11,14,4
11,15,4
11,16,4
11,17,4
11,18,4
11,19,4
11,20,4
11,21,1
11,22,1
11,23,1
11,24,1
11,25,3
11,26,3
11,27,3
11,28,3
11,29,2
11,30,2
12,0,1
12,1,1
12,2,1
12,3,1
12,4,2
12,5,2
12,6,2
12,7,2
12,8,3
12,9,3
12,10,1
12,11,1
12,12,4
12,13,4
12,14,4
12,15,4
12,16,4
12,17,4
12,18,4
12,19,4
12,20,1
12,21,1
12,22,1
12,23,1
12,24,1
12,25,3
12,26,3
12,27,3
12,28,3
12,29,3
12,30,3
13,0,1
13,1,1
13,2,1
13,3,2
13,4,2
13,5,2
13,6,2
13,7,2
13,8,1
13,9,1
13,10,1
13,11,1
13,12,1
13,13,1
13,14,1
13,15,1
13,16,1
13,17,1
13,18,1
13,19,1
13,20,1
13,21,1
13,22,1
13,23,1
13,24,3
13,25,3
13,26,3
13,27,3
13,28,3
13,29,3
13,30,3
14,0,1
14,1,1
14,2,2
14,3,2
14,4,2
14,5,2
14,6,2
14,7,1
14,8,1
14,9,1
14,10,1
14,11,1
14,12,1
14,13,1
14,14,1
14,15,1
14,16,1
14,17,1
14,18,1
14,19,1
14,20,1
14,21,1
14,22,3
14,23,3
14,24,3
14,25,3
14,26,3
14,27,3
14,28,1
14,29,1
14,30,1
15,0,2
15,1,2
15,2,2
15,3,2
15,4,2
15,5,2
15,6,1
15,7,1
15,8,1
15,9,1
15,10,4
15,11,4
15,12,4
15,13,4
15,14,4
15,15,4
15,16,4
15,17,1
15,18,1
15,19,3
15,20,3
15,21,3
15,22,3
15,23,3
15,24,3
15,25,3
15,26,3
15,27,1
15,28,1
15,29,1
15,30,1
16,0,2
16,1,2
16,2,2
16,3,2
16,4,2
16,5,1
16,6,1
16,7,1
16,8,1
16,9,4
16,10,4
16,11,4
16,12,4
16,13,4
16,14,4
16,15,4
16,16,4
16,17,4
16,18,3
16,19,3
16,20,3
16,21,3
16,22,3
16,23,3
16,24,3
16,25,3
16,26,3
16,27,1
16,28,1
16,29,1
16,30,1
17,0,2
17,1,2
17,2,2
17,3,2
17,4,2
17,5,1
17,6,1
17,7,1
17,8,1
17,9,4
17,10,4
17,11,4
17,12,4
17,13,4
17,14,4
17,15,4
17,16,4
17,17,4
17,18,3
17,19,3
17,20,3
17,21,3
17,22,3
17,23,3
17,24,3
17,25,3
17,26,4
17,27,4
17,28,1
17,29,1
17,30,1
18,0,2
18,1,2
18,2,2
18,3,2
18,4,2
18,5,2
18,6,1
18,7,1
18,8,4
18,9,4
18,10,4
18,11,4
18,12,4
18,13,4
18,14,4
18,15,4
18,16,4
18,17,3
18,18,3
18,19,3
18,20,3
18,21,3
18,22,3
18,23,3
18,24,3
18,25,4
18,26,4
18,27,4
18,28,4
18,29,1
18,30,1
19,0,2
19,1,2
19,2,2
19,3,2
19,4,2
19,5,2
19,6,2
19,7,4
19,8,4
19,9,4
19,10,4
19,11,4
19,12,4
19,13,4
19,14,4
19,15,3
19,16,3
19,17,3
19,18,3
19,19,3
19,20,3
19,21,3
19,22,3
19,23,3
19,24,3
19,25,4
19,26,4
19,27,4
19,28,4
19,29,1
19,30,1
20,0,2
20,1,2
20,2,2
20,3,2
20,4,2
20,5,2
20,6,2
20,7,4
20,8,4
20,9,4
20,10,4
20,11,4
20,12,4
20,13,4
20,14,3
20,15,3
20,16,3
20,17,3
20,18,3
20,19,2
20,20,2
20,21,2
20,22,3
20,23,3
20,24,3
20,25,3
20,26,4
20,27,4
20,28,1
20,29,1
20,30,1
21,0,2
21,1,2
21,2,2
21,3,2
21,4,2
21,5,2
21,6,4
21,7,4
21,8,4
21,9,4
21,10,4
21,11,4
21,12,4
21,13,3
21,14,3
21,15,3
21,16,3
21,17,3
21,18,2
21,19,2
21,20,2
21,21,2
21,22,2
21,23,3
21,24,3
21,25,3
21,26,3
21,27,3
21,28,1
21,29,1
21,30,1
22,0,2
22,1,2
22,2,2
22,3,2
22,4,2
22,5,4
22,6,4
22,7,4
22,8,4
22,9,3
22,10,3
22,11,3
22,12,3
22,13,3
22,14,3
22,15,3
22,16,3
22,17,2
22,18,2
22,19,2
22,20,2
22,21,2
22,22,2
22,23,3
22,24,3
22,25,3
22,26,3
22,27,3
22,28,3
22,29,1
22,30,1
23,0,2
23,1,2
23,2,2
23,3,2
23,4,4
23,5,4
23,6,4
23,7,4
23,8,3
23,9,3
23,10,3
23,11,3
23,12,3
23,13,3
23,14,3
23,15,3
23,16,3
23,17,2
23,18,2
23,19,2
23,20,2
23,21,2
23,22,3
23,23,3
23,24,3
23,25,3
23,26,3
23,27,3
23,28,3
23,29,3
23,30,3
24,0,4
24,1,4
24,2,4
24,3,4
24,4,4
24,5,4
24,6,4
24,7,3
24,8,3
24,9,3
24,10,3
24,11,3
24,12,4
24,13,4
24,14,3
24,15,3
24,16,1
24,17,1
24,18,2
24,19,2
24,20,4
24,21,4
24,22,3
24,23,3
24,24,3
24,25,3
24,26,3
24,27,3
24,28,3
24,29,3
24,30,3
25,0,4
25,1,4
25,2,4
25,3,4
25,4,4
25,5,4
25,6,3
25,7,3
25,8,3
25,9,3
25,10,4
25,11,4
25,12,4
25,13,4
25,14,4
25,15,1
25,16,1
25,17,1
25,18,1
25,19,4
25,20,4
25,21,4
25,22,4
25,23,3
25,24,3
25,25,1
25,26,1
25,27,3
25,28,3
25,29,3
25,30,3
26,0,4
26,1,4
26,2,4
26,3,4
26,4,4
26,5,3
26,6,3
26,7,3
26,8,3
26,9,4
26,10,4
26,11,4
26,12,4
26,13,4
26,14,4
26,15,1
26,16,1
26,17,1
26,18,1
26,19,4
26,20,4
26,21,4
26,22,4
26,23,4
26,24,1
26,25,1
26,26,1
26,27,1
26,28,3
26,29,3
26,30,3
27,0,4
27,1,4
27,2,4
27,3,4
27,4,4
27,5,3
27,6,3
27,7,3
27,8,4
27,9,4
27,10,4
27,11,4
27,12,4
27,13,4
27,14,4
27,15,4
27,16,1
27,17,1
27,18,2
27,19,2
27,20,4
27,21,4
27,22,4
27,23,4
27,24,1
27,25,1
27,26,1
27,27,1
27,28,1
27,29,3
27,30,3
28,0,4
28,1,4
28,2,4
28,3,4
28,4,4
28,5,3
28,6,3
28,7,4
28,8,4
28,9,4
28,10,4
28,11,4
28,12,4
28,13,4
28,14,4
28,15,4
28,16,4
28,17,2
28,18,2
28,19,2
28,20,2
28,21,4
28,22,4
28,23,4
28,24,4
28,25,1
28,26,1
28,27,1
28,28,1
28,29,4
28,30,4
29,0,4
29,1,4
29,2,4
29,3,4
29,4,4
29,5,3
29,6,3
29,7,4
29,8,4
29,9,4
29,10,4
29,11,4
29,12,4
29,13,4
29,14,4
29,15,4
29,16,4
29,17,2
29,18,2
29,19,2
29,20,2
29,21,4
29,22,4
29,23,4
29,24,4
29,25,1
29,26,1
29,27,1
29,28,4
29,29,4
29,30,4
30,0,4
30,1,4
30,2,4
30,3,4
30,4,4
30,5,3
30,6,3
30,7,4
30,8,4
30,9,4
30,10,4
30,11,4
30,12,4
30,13,4
30,14,4
30,15,4
30,16,4
30,17,2
30,18,2
30,19,2
30,20,2
30,21,4
30,22,4
30,23,4
30,24,4
30,25,1
30,26,1
30,27,1
30,28,4
30,29,4
30,30,4