5
8
4
0
7,2
7,22
17,12
27,2
27,22
0,2,2
0,3,1
0,1,2
2,3,1
2,4,1
1,2,1
3,4,3
1,4,1
0,0,4
0,1,4
0,2,4
0,3,1
0,4,1
0,5,1
0,6,1
0,7,1
0,8,4
0,9,4
0,10,4
0,11,4
0,12,1
0,13,1
0,14,2
0,15,2
0,16,1
0,17,1
0,18,1
0,19,4
0,20,4
0,21,4
0,22,4
0,23,4
0,24,4
0,25,2
0,26,2
0,27,2
0,28,2
0,29,1
0,30,1
1,0,4
1,1,4
1,2,4
1,3,1
1,4,1
1,5,1
1,6,1
1,7,1
1,8,4
1,9,4
1,10,4
1,11,4
1,12,1
1,13,1
1,14,2
1,15,2
1,16,1
1,17,1
1,18,1
1,19,4
1,20,4
1,21,4
1,22,4
1,23,4
1,24,4
1,25,2
1,26,2
1,27,2
1,28,2
1,29,1
1,30,1
2,0,4
2,1,4
2,2,4
2,3,1
2,4,1
2,5,1
2,6,1
2,7,2
2,8,2
2,9,4
2,10,4
2,11,1
2,12,1
2,13,1
2,14,2
2,15,2
2,16,1
2,17,1
2,18,1
2,19,1
2,20,4
2,21,4
2,22,4
2,23,4
2,24,4
2,25,4
2,26,2
2,27,2
2,28,1
2,29,1
2,30,1
3,0,4
3,1,4
3,2,2
3,3,2
3,4,1
3,5,1
3,6,2
3,7,2
3,8,2
3,9,2
3,10,1
3,11,1
3,12,1
3,13,1
3,14,2
3,15,2
3,16,2
3,17,1
3,18,1
3,19,1
3,20,1
3,21,4
3,22,4
3,23,4
3,24,4
3,25,4
3,26,1
3,27,1
3,28,1
3,29,1
3,30,1
4,0,2
4,1,2
4,2,2
4,3,2
4,4,2
4,5,2
4,6,2
4,7,2
4,8,2
4,9,2
4,10,1
4,11,1
4,12,1
4,13,2
4,14,2
4,15,2
4,16,2
4,17,1
4,18,1
4,19,1
4,20,1
4,21,2
4,22,2
4,23,4
4,24,4
4,25,1
4,26,1
4,27,1
4,28,1
4,29,1
4,30,1
5,0,2
5,1,2
5,2,2
5,3,2
5,4,2
5,5,2
5,6,2
5,7,2
5,8,2
5,9,2
5,10,2
5,11,1
5,12,1
5,13,2
5,14,2
5,15,2
5,16,4
5,17,4
5,18,1
5,19,1
5,20,2
5,21,2
5,22,2
5,23,2
5,24,2
5,25,1
5,26,1
5,27,1
5,28,1
5,29,1
5,30,1
6,0,2
6,1,2
6,2,2
6,3,2
6,4,2
6,5,2
6,6,2
6,7,2
6,8,2
6,9,2
6,10,2
6,11,1
6,12,1
6,13,2
6,14,2
6,15,4
6,16,4
6,17,4
6,18,4
6,19,2
6,20,2
6,21,2
6,22,2
6,23,2
6,24,2
6,25,2
6,26,1
6,27,1
6,28,1
6,29,2
6,30,2
7,0,2
7,1,2
7,2,2
7,3,2
7,4,2
7,5,2
7,6,2
7,7,2
7,8,2
7,9,2
7,10,1
7,11,1
7,12,1
7,13,2
7,14,2
7,15,4
7,16,4
7,17,4
7,18,4
7,19,2
7,20,2
7,21,2
7,22,2
7,23,2
7,24,2
7,25,2
7,26,2
7,27,2
7,28,2
7,29,2
7,30,2
8,0,2
8,1,2
8,2,2
8,3,2
8,4,2
8,5,2
8,6,1
8,7,1
8,8,1
8,9,1
8,10,1
8,11,1
8,12,1
8,13,2
8,14,2
8,15,4
8,16,4
8,17,4
8,18,4
8,19,2
8,20,2
8,21,2
8,22,2
8,23,2
8,24,2
8,25,2
8,26,2
8,27,2
8,28,2
8,29,2
8,30,2
9,0,2
9,1,2
9,2,2
9,3,2
9,4,2
9,5,1
9,6,1
9,7,1
9,8,1
9,9,1
9,10,1
9,11,1
9,12,2
9,13,2
9,14,2
9,15,2
9,16,4
9,17,4
9,18,4
9,19,2
9,20,2
9,21,2
9,22,2
9,23,2
9,24,2
9,25,2
9,26,2
9,27,4
9,28,4
9,29,4
9,30,4
10,0,4
10,1,4
10,2,4
10,3,4
10,4,4
10,5,1
10,6,1
10,7,1
10,8,1
10,9,4
10,10,4
10,11,4
10,12,2
10,13,2
10,14,2
10,15,2
10,16,4
10,17,4
10,18,4
10,19,4
10,20,2
10,21,2
10,22,4
10,23,4
10,24,4
10,25,4
10,26,4
10,27,4
10,28,4
10,29,4
10,30,4
11,0,4
11,1,4
11,2,4
11,3,4
11,4,4
11,5,4
11,6,1
11,7,1
11,8,4
11,9,4
11,10,4
11,11,4
11,12,4
11,13,2
11,14,2
11,15,2
11,16,2
11,17,4
11,18,4
11,19,4
11,20,4
11,21,4
11,22,4
11,23,4
11,24,4
11,25,4
11,26,4
11,27,4
11,28,4
11,29,4
11,30,4
12,0,4
12,1,4
12,2,4
12,3,4
12,4,4
12,5,4
12,6,1
12,7,1
12,8,4
12,9,4
12,10,4
12,11,4
12,12,4
12,13,4
12,14,2
12,15,2
12,16,2
12,17,2
12,18,4
12,19,4
12,20,4
12,21,4
12,22,4
12,23,4
12,24,3
12,25,3
12,26,4
12,27,4
12,28,1
12,29,1
12,30,1
13,0,4
13,1,4
13,2,4
13,3,4
13,4,4
13,5,1
13,6,1
13,7,1
13,8,1
13,9,4
13,10,4
13,11,4
13,12,4
13,13,4
13,14,2
13,15,2
13,16,2
13,17,2
13,18,4
13,19,4
13,20,4
13,21,3
13,22,3
13,23,3
13,24,3
13,25,3
13,26,3
13,27,1
13,28,1
13,29,1
13,30,1
14,0,4
14,1,4
14,2,4
14,3,4
14,4,4
14,5,1
14,6,1
14,7,1
14,8,1
14,9,1
14,10,4
14,11,4
14,12,4
14,13,1
14,14,1
14,15,2
14,16,2
14,17,4
14,18,4
14,19,4
14,20,3
14,21,3
14,22,3
14,23,3
14,24,3
14,25,3
14,26,3
14,27,1
14,28,1
14,29,1
14,30,1
15,0,4
15,1,4
15,2,4
15,3,4
15,4,3
15,5,3
15,6,1
15,7,1
15,8,1
15,9,1
15,10,1
15,11,1
15,12,1
15,13,1
15,14,1
15,15,1
15,16,4
15,17,4
15,18,4
15,19,4
15,20,3
15,21,3
15,22,3
15,23,3
15,24,3
15,25,3
15,26,4
15,27,4
15,28,1
15,29,1
15,30,1
16,0,4
16,1,4
16,2,4
16,3,3
16,4,3
16,5,3
16,6,3
16,7,1
16,8,1
16,9,1
16,10,1
16,11,1
16,12,1
16,13,1
16,14,1
16,15,1
16,16,4
16,17,4
16,18,4
16,19,4
16,20,3
16,21,3
16,22,3
16,23,4
16,24,4
16,25,4
16,26,4
16,27,4
16,28,4
16,29,1
16,30,1
17,0,3
17,1,3
17,2,3
17,3,3
17,4,3
17,5,3
17,6,3
17,7,1
17,8,1
17,9,1
17,10,1
17,11,1
17,12,1
17,13,1
17,14,1
17,15,1
17,16,1
17,17,4
17,18,4
17,19,3
17,20,3
17,21,3
17,22,4
17,23,4
17,24,4
17,25,4
17,26,4
17,27,4
17,28,4
17,29,4
17,30,4
18,0,3
18,1,3
18,2,3
18,3,3
18,4,3
18,5,3
18,6,1
18,7,1
18,8,1
18,9,1
18,10,1
18,11,1
18,12,1
18,13,1
18,14,1
18,15,1
18,16,1
18,17,1
18,18,3
18,19,3
18,20,3
18,21,3
18,22,4
18,23,4
18,24,4
18,25,4
18,26,4
18,27,4
18,28,4
18,29,4
18,30,4
19,0,1
19,1,1
19,2,1
19,3,1
19,4,1
19,5,1
19,6,1
19,7,1
19,8,1
19,9,1
19,10,1
19,11,1
19,12,1
19,13,1
19,14,1
19,15,1
19,16,1
19,17,1
19,18,3
19,19,3
19,20,3
19,21,3
19,22,3
19,23,4
19,24,4
19,25,1
19,26,1
19,27,4
19,28,4
19,29,3
19,30,3
20,0,1
20,1,1
20,2,1
20,3,1
20,4,1
20,5,1
20,6,1
20,7,1
20,8,1
20,9,4
20,10,4
20,11,1
20,12,1
20,13,2
20,14,2
20,15,1
20,16,1
20,17,1
20,18,3
20,19,3
20,20,3
20,21,3
20,22,3
20,23,3
20,24,1
20,25,1
20,26,1
20,27,1
20,28,3
20,29,3
20,30,3
21,0,4
21,1,4
21,2,4
21,3,4
21,4,4
21,5,4
21,6,4
21,7,4
21,8,4
21,9,4
21,10,4
21,11,4
21,12,2
21,13,2
21,14,2
21,15,2
21,16,1
21,17,1
21,18,3
21,19,3
21,20,3
21,21,3
21,22,3
21,23,3
21,24,1
21,25,1
21,26,1
21,27,1
21,28,3
21,29,3
21,30,3
22,0,4
22,1,4
22,2,4
22,3,4
22,4,4
22,5,4
22,6,4
22,7,4
22,8,4
22,9,4
22,10,4
22,11,4
22,12,2
22,13,2
22,14,2
22,15,2
22,16,1
22,17,1
22,18,3
22,19,3
22,20,3
22,21,3
22,22,3
22,23,1
22,24,1
22,25,1
22,26,1
22,27,1
22,28,3
22,29,3
22,30,3
23,0,4
23,1,4
23,2,3
23,3,3
23,4,4
23,5,4
23,6,2
23,7,2
23,8,4
23,9,4
23,10,4
23,11,4
23,12,4
23,13,2
23,14,2
23,15,2
23,16,1
23,17,1
23,18,1
23,19,3
23,20,3
23,21,1
23,22,1
23,23,1
23,24,1
23,25,1
23,26,1
23,27,2
23,28,2
23,29,3
23,30,3
24,0,3
24,1,3
24,2,3
24,3,3
24,4,3
24,5,2
24,6,2
24,7,2
24,8,2
24,9,4
24,10,4
24,11,4
24,12,4
24,13,4
24,14,2
24,15,2
24,16,1
24,17,1
24,18,1
24,19,1
24,20,1
24,21,1
24,22,1
24,23,1
24,24,1
24,25,1
24,26,2
24,27,2
24,28,2
24,29,2
24,30,2
25,0,3
25,1,3
25,2,3
25,3,3
25,4,3
25,5,2
25,6,2
25,7,2
25,8,2
25,9,4
25,10,4
25,11,4
25,12,4
25,13,4
25,14,2
25,15,2
25,16,2
25,17,1
25,18,1
25,19,1
25,20,1
25,21,1
25,22,1
25,23,1
25,24,1
25,25,1
25,26,2
25,27,2
25,28,2
25,29,2
25,30,2
26,0,3
26,1,3
26,2,3
26,3,3
26,4,3
26,5,2
26,6,2
26,7,2
26,8,2
26,9,4
26,10,4
26,11,4
26,12,4
26,13,4
26,14,2
26,15,2
26,16,2
26,17,2
26,18,1
26,19,1
26,20,1
26,21,1
26,22,1
26,23,1
26,24,1
26,25,1
26,26,1
26,27,2
26,28,2
26,29,2
26,30,2
27,0,3
27,1,3
27,2,3
27,3,3
27,4,3
27,5,2
27,6,2
27,7,2
27,8,3
27,9,3
27,10,4
27,11,4
27,12,4
27,13,4
27,14,4
27,15,2
27,16,2
27,17,2
27,18,2
27,19,1
27,20,1
27,21,1
27,22,1
27,23,1
27,24,1
27,25,1
27,26,1
27,27,3
27,28,3
27,29,3
27,30,3
28,0,3
28,1,3
28,2,3
28,3,3
28,4,3
28,5,2
28,6,2
28,7,3
28,8,3
28,9,3
28,10,3
28,11,4
28,12,4
28,13,4
28,14,4
28,15,4
28,16,2
28,17,2
28,18,2
28,19,1
28,20,1
28,21,1
28,22,1
28,23,1
28,24,1
28,25,1
28,26,3
28,27,3
28,28,3
28,29,3
28,30,3
29,0,3
29,1,3
29,2,3
29,3,3
29,4,3
29,5,2
29,6,2
29,7,3
29,8,3
29,9,3
29,10,3
29,11,3
29,12,4
29,13,4
29,14,4
29,15,4
29,16,4
29,17,2
29,18,2
29,19,1
29,20,1
29,21,1
29,22,1
29,23,1
29,24,1
29,25,3
29,26,3
29,27,3
29,28,3
29,29,3
29,30,3
30,0,3
30,1,3
30,2,3
30,3,3
30,4,3
30,5,2
30,6,2
30,7,3
30,8,3
30,9,3
30,10,3
30,11,3
30,12,4
30,13,4
30,14,4
30,15,4
30,16,4
30,17,2
30,18,2
30,19,1
30,20,1
30,21,1
30,22,1
30,23,1
30,24,1
30,25,3
30,26,3
30,27,3
30,28,3
30,29,3
30,30,3