6
10
5
2
2,2
2,22
12,12
12,22
22,2
22,12
1,2,2
0,2,2
2,4,2
2,5,2
2,3,1
0,1,4
1,3,1
0,4,1
4,5,1
3,5,1
0,0,2
0,1,2
0,2,2
0,3,2
0,4,2
0,5,2
0,6,2
0,7,1
0,8,1
0,9,1
0,10,1
0,11,4
0,12,4
0,13,1
0,14,1
0,15,1
0,16,1
0,17,1
0,18,4
0,19,4
0,20,4
0,21,4
0,22,4
0,23,4
0,24,4
0,25,4
0,26,1
0,27,1
0,28,1
0,29,1
0,30,1
1,0,2
1,1,2
1,2,2
1,3,2
1,4,2
1,5,2
1,6,2
1,7,1
1,8,1
1,9,1
1,10,1
1,11,4
1,12,4
1,13,1
1,14,1
1,15,1
1,16,1
1,17,1
1,18,4
1,19,4
1,20,4
1,21,4
1,22,4
1,23,4
1,24,4
1,25,4
1,26,1
1,27,1
1,28,1
1,29,1
1,30,1
2,0,2
2,1,2
2,2,2
2,3,2
2,4,2
2,5,2
2,6,2
2,7,2
2,8,1
2,9,1
2,10,4
2,11,4
2,12,4
2,13,4
2,14,1
2,15,1
2,16,1
2,17,4
2,18,4
2,19,4
2,20,4
2,21,4
2,22,4
2,23,4
2,24,4
2,25,4
2,26,4
2,27,1
2,28,1
2,29,3
2,30,3
3,0,2
3,1,2
3,2,2
3,3,2
3,4,2
3,5,2
3,6,2
3,7,2
3,8,2
3,9,4
3,10,4
3,11,4
3,12,4
3,13,4
3,14,4
3,15,4
3,16,4
3,17,4
3,18,4
3,19,4
3,20,4
3,21,4
3,22,4
3,23,4
3,24,4
3,25,4
3,26,4
3,27,4
3,28,3
3,29,3
3,30,3
4,0,2
4,1,2
4,2,2
4,3,2
4,4,2
4,5,2
4,6,2
4,7,2
4,8,2
4,9,4
4,10,4
4,11,4
4,12,4
4,13,4
4,14,4
4,15,4
4,16,4
4,17,4
4,18,4
4,19,4
4,20,4
4,21,4
4,22,4
4,23,4
4,24,4
4,25,4
4,26,4
4,27,4
4,28,3
4,29,3
4,30,3
5,0,4
5,1,4
5,2,4
5,3,2
5,4,2
5,5,2
5,6,2
5,7,2
5,8,4
5,9,4
5,10,4
5,11,4
5,12,4
5,13,4
5,14,4
5,15,4
5,16,3
5,17,3
5,18,3
5,19,3
5,20,3
5,21,3
5,22,4
5,23,4
5,24,4
5,25,4
5,26,4
5,27,3
5,28,3
5,29,3
5,30,3
6,0,4
6,1,4
6,2,4
6,3,4
6,4,2
6,5,2
6,6,2
6,7,2
6,8,4
6,9,4
6,10,4
6,11,4
6,12,4
6,13,4
6,14,3
6,15,3
6,16,3
6,17,3
6,18,3
6,19,3
6,20,3
6,21,3
6,22,3
6,23,3
6,24,3
6,25,3
6,26,3
6,27,3
6,28,3
6,29,3
6,30,3
7,0,4
7,1,4
7,2,4
7,3,4
7,4,2
7,5,2
7,6,2
7,7,2
7,8,4
7,9,4
7,10,4
7,11,4
7,12,4
7,13,3
7,14,3
7,15,3
7,16,3
7,17,3
7,18,4
7,19,4
7,20,3
7,21,3
7,22,3
7,23,3
7,24,3
7,25,3
7,26,3
7,27,3
7,28,3
7,29,3
7,30,3
8,0,4
8,1,4
8,2,4
8,3,3
8,4,3
8,5,2
8,6,2
8,7,1
8,8,1
8,9,4
8,10,4
8,11,3
8,12,3
8,13,3
8,14,3
8,15,3
8,16,4
8,17,4
8,18,4
8,19,4
8,20,4
8,21,4
8,22,4
8,23,4
8,24,4
8,25,4
8,26,4
8,27,3
8,28,3
8,29,1
8,30,1
9,0,3
9,1,3
9,2,3
9,3,3
9,4,3
9,5,3
9,6,1
9,7,1
9,8,1
9,9,1
9,10,3
9,11,3
9,12,3
9,13,3
9,14,3
9,15,4
9,16,4
9,17,4
9,18,4
9,19,4
9,20,4
9,21,4
9,22,4
9,23,4
9,24,4
9,25,4
9,26,4
9,27,4
9,28,1
9,29,1
9,30,1
10,0,3
10,1,3
10,2,3
10,3,3
10,4,3
10,5,3
10,6,1
10,7,1
10,8,1
10,9,1
10,10,3
10,11,3
10,12,3
10,13,3
10,14,3
10,15,4
10,16,4
10,17,4
10,18,4
10,19,4
10,20,1
10,21,1
10,22,1
10,23,1
10,24,1
10,25,4
10,26,4
10,27,4
10,28,1
10,29,1
10,30,1
11,0,3
11,1,3
11,2,3
11,3,3
11,4,3
11,5,3
11,6,1
11,7,1
11,8,1
11,9,1
11,10,3
11,11,3
11,12,3
11,13,3
11,14,3
11,15,4
11,16,4
11,17,4
11,18,4
11,19,1
11,20,1
11,21,1
11,22,1
11,23,1
11,24,1
11,25,1
11,26,4
11,27,4
11,28,4
11,29,1
11,30,1
12,0,4
12,1,4
12,2,4
12,3,3
12,4,3
12,5,4
12,6,4
12,7,1
12,8,1
12,9,3
12,10,3
12,11,3
12,12,3
12,13,3
12,14,3
12,15,4
12,16,4
12,17,4
12,18,4
12,19,1
12,20,1
12,21,1
12,22,1
12,23,1
12,24,1
12,25,1
12,26,4
12,27,4
12,28,4
12,29,4
12,30,4
13,0,4
13,1,4
13,2,4
13,3,4
13,4,4
13,5,4
13,6,4
13,7,4
13,8,3
13,9,3
13,10,3
13,11,3
13,12,3
13,13,3
13,14,3
13,15,3
13,16,4
13,17,4
13,18,4
13,19,4
13,20,1
13,21,1
13,22,1
13,23,1
13,24,1
13,25,1
13,26,1
13,27,4
13,28,4
13,29,4
13,30,4
14,0,4
14,1,4
14,2,4
14,3,4
14,4,4
14,5,4
14,6,4
14,7,4
14,8,3
14,9,3
14,10,3
14,11,3
14,12,3
14,13,3
14,14,3
14,15,3
14,16,4
14,17,4
14,18,4
14,19,4
14,20,1
14,21,1
14,22,1
14,23,1
14,24,1
14,25,1
14,26,1
14,27,2
14,28,2
14,29,4
14,30,4
15,0,4
15,1,4
15,2,4
15,3,4
15,4,4
15,5,4
15,6,4
15,7,3
15,8,3
15,9,3
15,10,3
15,11,3
15,12,3
15,13,3
15,14,3
15,15,4
15,16,4
15,17,4
15,18,4
15,19,1
15,20,1
15,21,1
15,22,1
15,23,1
15,24,1
15,25,1
15,26,2
15,27,2
15,28,2
15,29,2
15,30,2
16,0,4
16,1,4
16,2,4
16,3,4
16,4,4
16,5,4
16,6,4
16,7,3
16,8,3
16,9,3
16,10,3
16,11,3
16,12,3
16,13,3
16,14,3
16,15,4
16,16,4
16,17,4
16,18,4
16,19,1
16,20,1
16,21,1
16,22,2
16,23,2
16,24,2
16,25,2
16,26,2
16,27,2
16,28,2
16,29,2
16,30,2
17,0,4
17,1,4
17,2,4
17,3,4
17,4,4
17,5,4
17,6,1
17,7,1
17,8,3
17,9,3
17,10,3
17,11,3
17,12,3
17,13,3
17,14,1
17,15,1
17,16,4
17,17,4
17,18,1
17,19,1
17,20,1
17,21,2
17,22,2
17,23,2
17,24,2
17,25,2
17,26,2
17,27,2
17,28,2
17,29,4
17,30,4
18,0,1
18,1,1
18,2,1
18,3,1
18,4,1
18,5,1
18,6,1
18,7,1
18,8,1
18,9,1
18,10,1
18,11,1
18,12,1
18,13,1
18,14,1
18,15,1
18,16,1
18,17,1
18,18,1
18,19,1
18,20,1
18,21,2
18,22,2
18,23,2
18,24,1
18,25,1
18,26,2
18,27,2
18,28,4
18,29,4
18,30,4
19,0,1
19,1,1
19,2,1
19,3,1
19,4,1
19,5,1
19,6,1
19,7,1
19,8,1
19,9,1
19,10,1
19,11,1
19,12,1
19,13,1
19,14,1
19,15,1
19,16,1
19,17,1
19,18,1
19,19,1
19,20,2
19,21,2
19,22,2
19,23,1
19,24,1
19,25,1
19,26,1
19,27,4
19,28,4
19,29,4
19,30,4
20,0,4
20,1,4
20,2,4
20,3,4
20,4,4
20,5,4
20,6,4
20,7,4
20,8,4
20,9,4
20,10,4
20,11,4
20,12,4
20,13,4
20,14,4
20,15,4
20,16,4
20,17,1
20,18,1
20,19,2
20,20,2
20,21,2
20,22,2
20,23,1
20,24,1
20,25,1
20,26,1
20,27,4
20,28,4
20,29,4
20,30,4
21,0,4
21,1,4
21,2,4
21,3,4
21,4,4
21,5,4
21,6,4
21,7,4
21,8,4
21,9,4
21,10,4
21,11,4
21,12,4
21,13,4
21,14,4
21,15,4
21,16,4
21,17,4
21,18,4
21,19,2
21,20,2
21,21,2
21,22,2
21,23,1
21,24,1
21,25,1
21,26,1
21,27,4
21,28,4
21,29,4
21,30,4
22,0,4
22,1,4
22,2,4
22,3,4
22,4,4
22,5,4
22,6,1
22,7,1
22,8,4
22,9,4
22,10,4
22,11,4
22,12,4
22,13,4
22,14,4
22,15,4
22,16,4
22,17,4
22,18,4
22,19,4
22,20,2
22,21,2
22,22,4
22,23,4
22,24,1
22,25,1
22,26,1
22,27,1
22,28,4
22,29,4
22,30,4
23,0,4
23,1,4
23,2,4
23,3,4
23,4,4
23,5,1
23,6,1
23,7,1
23,8,1
23,9,4
23,10,4
23,11,4
23,12,4
23,13,4
23,14,4
23,15,4
23,16,4
23,17,4
23,18,4
23,19,4
23,20,4
23,21,4
23,22,4
23,23,4
23,24,4
23,25,1
23,26,1
23,27,1
23,28,1
23,29,1
23,30,1
24,0,4
24,1,4
24,2,4
24,3,4
24,4,4
24,5,1
24,6,1
24,7,1
24,8,1
24,9,4
24,10,4
24,11,4
24,12,4
24,13,4
24,14,4
24,15,4
24,16,4
24,17,4
24,18,4
24,19,4
24,20,4
24,21,4
24,22,4
24,23,4
24,24,4
24,25,4
24,26,1
24,27,1
24,28,1
24,29,1
24,30,1
25,0,4
25,1,4
25,2,4
25,3,4
25,4,2
25,5,2
25,6,1
25,7,1
25,8,4
25,9,4
25,10,4
25,11,4
25,12,4
25,13,4
25,14,4
25,15,4
25,16,4
25,17,4
25,18,4
25,19,4
25,20,1
25,21,1
25,22,4
25,23,4
25,24,4
25,25,4
25,26,3
25,27,3
25,28,1
25,29,1
25,30,1
26,0,4
26,1,4
26,2,4
26,3,2
26,4,2
26,5,2
26,6,2
26,7,4
26,8,4
26,9,4
26,10,4
26,11,1
26,12,1
26,13,1
26,14,1
26,15,1
26,16,1
26,17,1
26,18,1
26,19,1
26,20,1
26,21,1
26,22,1
26,23,4
26,24,4
26,25,3
26,26,3
26,27,3
26,28,3
26,29,1
26,30,1
27,0,4
27,1,4
27,2,4
27,3,2
27,4,2
27,5,2
27,6,2
27,7,4
27,8,4
27,9,4
27,10,1
27,11,1
27,12,1
27,13,1
27,14,1
27,15,1
27,16,1
27,17,1
27,18,1
27,19,1
27,20,1
27,21,1
27,22,1
27,23,1
27,24,1
27,25,3
27,26,3
27,27,3
27,28,3
27,29,1
27,30,1
28,0,4
28,1,4
28,2,4
28,3,4
28,4,2
28,5,2
28,6,4
28,7,4
28,8,4
28,9,1
28,10,1
28,11,1
28,12,1
28,13,4
28,14,4
28,15,4
28,16,4
28,17,1
28,18,1
28,19,2
28,20,2
28,21,1
28,22,1
28,23,1
28,24,1
28,25,1
28,26,3
28,27,3
28,28,3
28,29,1
28,30,1
29,0,4
29,1,4
29,2,4
29,3,4
29,4,4
29,5,4
29,6,4
29,7,4
29,8,4
29,9,1
29,10,1
29,11,1
29,12,4
29,13,4
29,14,4
29,15,4
29,16,4
29,17,4
29,18,2
29,19,2
29,20,2
29,21,2
29,22,1
29,23,1
29,24,1
29,25,1
29,26,1
29,27,3
29,28,3
29,29,1
29,30,1
30,0,4
30,1,4
30,2,4
30,3,4
30,4,4
30,5,4
30,6,4
30,7,4
30,8,4
30,9,1
30,10,1
30,11,1
30,12,4
30,13,4
30,14,4
30,15,4
30,16,4
30,17,4
30,18,2
30,19,2
30,20,2
30,21,2
30,22,1
30,23,1
30,24,1
30,25,1
30,26,1
30,27,3
30,28,3
30,29,1
30,30,1