6
10
7
4
7,7
7,17
17,7
17,17
17,27
27,17
4,5,2
3,4,2
1,4,2
0,2,2
0,1,1
3,5,1
2,5,1
2,3,1
1,3,2
1,2,2
0,0,3
0,1,3
0,2,3
0,3,2
0,4,2
0,5,2
0,6,2
0,7,3
0,8,3
0,9,3
0,10,3
0,11,3
0,12,3
0,13,3
0,14,4
0,15,4
0,16,4
0,17,4
0,18,4
0,19,4
0,20,4
0,21,4
0,22,4
0,23,2
0,24,2
0,25,2
0,26,2
0,27,1
0,28,1
0,29,1
0,30,1
1,0,3
1,1,3
1,2,3
1,3,2
1,4,2
1,5,2
1,6,2
1,7,3
1,8,3
1,9,3
1,10,3
1,11,3
1,12,3
1,13,3
1,14,4
1,15,4
1,16,4
1,17,4
1,18,4
1,19,4
1,20,4
1,21,4
1,22,4
1,23,2
1,24,2
1,25,2
1,26,2
1,27,1
1,28,1
1,29,1
1,30,1
2,0,3
2,1,3
2,2,3
2,3,3
2,4,2
2,5,2
2,6,3
2,7,3
2,8,3
2,9,3
2,10,3
2,11,3
2,12,3
2,13,4
2,14,4
2,15,4
2,16,4
2,17,4
2,18,4
2,19,4
2,20,4
2,21,4
2,22,4
2,23,2
2,24,2
2,25,2
2,26,1
2,27,1
2,28,1
2,29,1
2,30,1
3,0,3
3,1,3
3,2,3
3,3,3
3,4,3
3,5,3
3,6,3
3,7,3
3,8,3
3,9,3
3,10,3
3,11,3
3,12,4
3,13,4
3,14,4
3,15,4
3,16,4
3,17,4
3,18,4
3,19,4
3,20,4
3,21,4
3,22,4
3,23,2
3,24,2
3,25,2
3,26,1
3,27,1
3,28,1
3,29,4
3,30,4
4,0,3
4,1,3
4,2,3
4,3,3
4,4,3
4,5,3
4,6,3
4,7,3
4,8,3
4,9,4
4,10,4
4,11,4
4,12,4
4,13,4
4,14,4
4,15,4
4,16,4
4,17,4
4,18,4
4,19,4
4,20,4
4,21,4
4,22,4
4,23,4
4,24,2
4,25,2
4,26,1
4,27,1
4,28,4
4,29,4
4,30,4
5,0,1
5,1,1
5,2,1
5,3,3
5,4,3
5,5,4
5,6,4
5,7,4
5,8,4
5,9,4
5,10,4
5,11,4
5,12,4
5,13,4
5,14,3
5,15,3
5,16,3
5,17,3
5,18,3
5,19,3
5,20,4
5,21,4
5,22,4
5,23,4
5,24,2
5,25,2
5,26,1
5,27,1
5,28,4
5,29,4
5,30,4
6,0,1
6,1,1
6,2,1
6,3,1
6,4,4
6,5,4
6,6,4
6,7,4
6,8,4
6,9,4
6,10,4
6,11,3
6,12,3
6,13,3
6,14,3
6,15,3
6,16,3
6,17,3
6,18,3
6,19,3
6,20,3
6,21,4
6,22,4
6,23,2
6,24,2
6,25,2
6,26,1
6,27,1
6,28,4
6,29,4
6,30,4
7,0,1
7,1,1
7,2,1
7,3,1
7,4,4
7,5,4
7,6,4
7,7,4
7,8,4
7,9,4
7,10,3
7,11,3
7,12,3
7,13,3
7,14,3
7,15,3
7,16,3
7,17,3
7,18,3
7,19,3
7,20,3
7,21,3
7,22,2
7,23,2
7,24,2
7,25,2
7,26,1
7,27,1
7,28,1
7,29,4
7,30,4
8,0,1
8,1,1
8,2,1
8,3,1
8,4,4
8,5,4
8,6,4
8,7,4
8,8,4
8,9,4
8,10,3
8,11,3
8,12,3
8,13,3
8,14,3
8,15,3
8,16,3
8,17,3
8,18,3
8,19,3
8,20,3
8,21,3
8,22,2
8,23,2
8,24,2
8,25,2
8,26,1
8,27,1
8,28,1
8,29,1
8,30,1
9,0,1
9,1,1
9,2,1
9,3,2
9,4,2
9,5,4
9,6,4
9,7,4
9,8,4
9,9,4
9,10,4
9,11,3
9,12,3
9,13,3
9,14,3
9,15,3
9,16,3
9,17,3
9,18,3
9,19,3
9,20,3
9,21,4
9,22,4
9,23,2
9,24,2
9,25,4
9,26,4
9,27,1
9,28,1
9,29,1
9,30,1
10,0,1
10,1,1
10,2,2
10,3,2
10,4,2
10,5,2
10,6,4
10,7,4
10,8,4
10,9,4
10,10,4
10,11,4
10,12,4
10,13,3
10,14,3
10,15,3
10,16,3
10,17,4
10,18,4
10,19,4
10,20,4
10,21,4
10,22,4
10,23,4
10,24,4
10,25,4
10,26,4
10,27,4
10,28,4
10,29,1
10,30,1
11,0,3
11,1,3
11,2,2
11,3,2
11,4,2
11,5,2
11,6,4
11,7,4
11,8,4
11,9,4
11,10,4
11,11,4
11,12,4
11,13,4
11,14,4
11,15,4
11,16,4
11,17,4
11,18,4
11,19,4
11,20,4
11,21,4
11,22,4
11,23,4
11,24,4
11,25,4
11,26,4
11,27,4
11,28,4
11,29,4
11,30,4
12,0,3
12,1,3
12,2,3
12,3,2
12,4,2
12,5,4
12,6,4
12,7,4
12,8,4
12,9,1
12,10,1
12,11,4
12,12,4
12,13,4
12,14,4
12,15,4
12,16,4
12,17,4
12,18,4
12,19,4
12,20,4
12,21,4
12,22,4
12,23,4
12,24,4
12,25,4
12,26,4
12,27,4
12,28,4
12,29,4
12,30,4
13,0,3
13,1,3
13,2,3
13,3,4
13,4,4
13,5,4
13,6,4
13,7,4
13,8,1
13,9,1
13,10,1
13,11,1
13,12,4
13,13,4
13,14,4
13,15,4
13,16,4
13,17,4
13,18,2
13,19,2
13,20,2
13,21,4
13,22,4
13,23,4
13,24,4
13,25,4
13,26,4
13,27,4
13,28,4
13,29,2
13,30,2
14,0,3
14,1,3
14,2,4
14,3,4
14,4,4
14,5,4
14,6,4
14,7,1
14,8,1
14,9,1
14,10,1
14,11,1
14,12,4
14,13,4
14,14,4
14,15,4
14,16,2
14,17,2
14,18,2
14,19,2
14,20,2
14,21,2
14,22,4
14,23,4
14,24,4
14,25,4
14,26,2
14,27,2
14,28,2
14,29,2
14,30,2
15,0,4
15,1,4
15,2,4
15,3,4
15,4,4
15,5,1
15,6,1
15,7,1
15,8,1
15,9,1
15,10,1
15,11,4
15,12,4
15,13,4
15,14,4
15,15,2
15,16,2
15,17,2
15,18,2
15,19,2
15,20,2
15,21,2
15,22,4
15,23,4
15,24,4
15,25,2
15,26,2
15,27,2
15,28,2
15,29,2
15,30,2
16,0,4
16,1,4
16,2,4
16,3,4
16,4,1
16,5,1
16,6,1
16,7,1
16,8,1
16,9,1
16,10,4
16,11,4
16,12,4
16,13,4
16,14,4
16,15,2
16,16,2
16,17,2
16,18,2
16,19,2
16,20,2
16,21,4
16,22,4
16,23,4
16,24,4
16,25,2
16,26,2
16,27,2
16,28,2
16,29,2
16,30,2
17,0,4
17,1,4
17,2,4
17,3,1
17,4,1
17,5,1
17,6,1
17,7,1
17,8,1
17,9,1
17,10,4
17,11,4
17,12,4
17,13,4
17,14,2
17,15,2
17,16,2
17,17,2
17,18,2
17,19,2
17,20,2
17,21,4
17,22,4
17,23,4
17,24,4
17,25,2
17,26,2
17,27,2
17,28,2
17,29,2
17,30,2
18,0,3
18,1,3
18,2,3
18,3,1
18,4,1
18,5,1
18,6,1
18,7,1
18,8,1
18,9,1
18,10,4
18,11,4
18,12,4
18,13,4
18,14,2
18,15,2
18,16,2
18,17,2
18,18,2
18,19,2
18,20,2
18,21,2
18,22,4
18,23,4
18,24,2
18,25,2
18,26,2
18,27,2
18,28,2
18,29,2
18,30,2
19,0,3
19,1,3
19,2,3
19,3,3
19,4,1
19,5,1
19,6,1
19,7,1
19,8,1
19,9,1
19,10,4
19,11,4
19,12,4
19,13,4
19,14,2
19,15,2
19,16,2
19,17,2
19,18,2
19,19,2
19,20,2
19,21,2
19,22,4
19,23,4
19,24,2
19,25,2
19,26,2
19,27,2
19,28,2
19,29,2
19,30,2
20,0,3
20,1,3
20,2,3
20,3,3
20,4,3
20,5,3
20,6,3
20,7,1
20,8,1
20,9,4
20,10,4
20,11,4
20,12,4
20,13,3
20,14,3
20,15,2
20,16,2
20,17,4
20,18,4
20,19,2
20,20,2
20,21,4
20,22,4
20,23,4
20,24,4
20,25,2
20,26,2
20,27,2
20,28,3
20,29,3
20,30,3
21,0,2
21,1,2
21,2,3
21,3,3
21,4,3
21,5,3
21,6,3
21,7,3
21,8,3
21,9,4
21,10,4
21,11,4
21,12,3
21,13,3
21,14,3
21,15,3
21,16,4
21,17,4
21,18,4
21,19,4
21,20,4
21,21,4
21,22,4
21,23,4
21,24,4
21,25,3
21,26,3
21,27,3
21,28,3
21,29,3
21,30,3
22,0,2
22,1,2
22,2,2
22,3,3
22,4,3
22,5,3
22,6,3
22,7,3
22,8,3
22,9,3
22,10,4
22,11,4
22,12,3
22,13,3
22,14,3
22,15,3
22,16,4
22,17,4
22,18,4
22,19,4
22,20,4
22,21,4
22,22,4
22,23,4
22,24,3
22,25,3
22,26,3
22,27,3
22,28,3
22,29,3
22,30,3
23,0,2
23,1,2
23,2,2
23,3,2
23,4,3
23,5,3
23,6,3
23,7,3
23,8,3
23,9,3
23,10,4
23,11,4
23,12,4
23,13,3
23,14,3
23,15,3
23,16,3
23,17,4
23,18,4
23,19,4
23,20,4
23,21,4
23,22,4
23,23,3
23,24,3
23,25,3
23,26,3
23,27,4
23,28,4
23,29,3
23,30,3
24,0,2
24,1,2
24,2,2
24,3,2
24,4,2
24,5,2
24,6,2
24,7,3
24,8,3
24,9,4
24,10,4
24,11,4
24,12,4
24,13,4
24,14,3
24,15,3
24,16,3
24,17,3
24,18,4
24,19,4
24,20,4
24,21,4
24,22,4
24,23,3
24,24,3
24,25,3
24,26,4
24,27,4
24,28,4
24,29,4
24,30,4
25,0,3
25,1,3
25,2,2
25,3,2
25,4,2
25,5,2
25,6,2
25,7,2
25,8,4
25,9,4
25,10,4
25,11,4
25,12,4
25,13,4
25,14,3
25,15,3
25,16,3
25,17,3
25,18,3
25,19,3
25,20,4
25,21,4
25,22,4
25,23,3
25,24,3
25,25,3
25,26,4
25,27,4
25,28,4
25,29,4
25,30,4
26,0,3
26,1,3
26,2,3
26,3,3
26,4,2
26,5,2
26,6,2
26,7,2
26,8,4
26,9,4
26,10,4
26,11,4
26,12,4
26,13,4
26,14,3
26,15,3
26,16,3
26,17,3
26,18,3
26,19,3
26,20,3
26,21,4
26,22,4
26,23,3
26,24,3
26,25,3
26,26,3
26,27,4
26,28,4
26,29,4
26,30,4
27,0,3
27,1,3
27,2,3
27,3,3
27,4,3
27,5,2
27,6,2
27,7,4
27,8,4
27,9,4
27,10,4
27,11,4
27,12,4
27,13,4
27,14,4
27,15,3
27,16,3
27,17,3
27,18,3
27,19,3
27,20,3
27,21,4
27,22,4
27,23,4
27,24,3
27,25,3
27,26,3
27,27,3
27,28,4
27,29,4
27,30,4
28,0,3
28,1,3
28,2,3
28,3,3
28,4,3
28,5,3
28,6,4
28,7,4
28,8,4
28,9,4
28,10,2
28,11,2
28,12,4
28,13,4
28,14,4
28,15,3
28,16,3
28,17,3
28,18,3
28,19,3
28,20,4
28,21,4
28,22,4
28,23,4
28,24,4
28,25,3
28,26,3
28,27,3
28,28,2
28,29,2
28,30,2
29,0,3
29,1,3
29,2,3
29,3,3
29,4,3
29,5,3
29,6,4
29,7,4
29,8,4
29,9,2
29,10,2
29,11,2
29,12,2
29,13,4
29,14,4
29,15,3
29,16,3
29,17,3
29,18,3
29,19,3
29,20,4
29,21,4
29,22,4
29,23,4
29,24,4
29,25,3
29,26,3
29,27,2
29,28,2
29,29,2
29,30,2
30,0,3
30,1,3
30,2,3
30,3,3
30,4,3
30,5,3
30,6,4
30,7,4
30,8,4
30,9,2
30,10,2
30,11,2
30,12,2
30,13,4
30,14,4
30,15,3
30,16,3
30,17,3
30,18,3
30,19,3
30,20,4
30,21,4
30,22,4
30,23,4
30,24,4
30,25,3
30,26,3
30,27,2
30,28,2
30,29,2
30,30,2