5
8
5
1
7,7
7,27
17,17
27,7
27,27
0,1,4
1,4,2
1,2,1
0,2,1
0,3,1
2,4,2
3,4,2
2,3,2
0,0,4
0,1,4
0,2,4
0,3,1
0,4,1
0,5,1
0,6,3
0,7,3
0,8,3
0,9,3
0,10,3
0,11,3
0,12,3
0,13,3
0,14,3
0,15,2
0,16,2
0,17,1
0,18,1
0,19,4
0,20,4
0,21,2
0,22,2
0,23,2
0,24,2
0,25,2
0,26,1
0,27,1
0,28,3
0,29,3
0,30,3
1,0,4
1,1,4
1,2,4
1,3,1
1,4,1
1,5,1
1,6,3
1,7,3
1,8,3
1,9,3
1,10,3
1,11,3
1,12,3
1,13,3
1,14,3
1,15,2
1,16,2
1,17,1
1,18,1
1,19,4
1,20,4
1,21,2
1,22,2
1,23,2
1,24,2
1,25,2
1,26,1
1,27,1
1,28,3
1,29,3
1,30,3
2,0,4
2,1,4
2,2,4
2,3,4
2,4,1
2,5,1
2,6,3
2,7,3
2,8,3
2,9,3
2,10,4
2,11,4
2,12,3
2,13,3
2,14,2
2,15,2
2,16,2
2,17,1
2,18,1
2,19,4
2,20,4
2,21,4
2,22,2
2,23,2
2,24,2
2,25,1
2,26,1
2,27,1
2,28,1
2,29,3
2,30,3
3,0,4
3,1,4
3,2,4
3,3,4
3,4,1
3,5,1
3,6,1
3,7,3
3,8,3
3,9,4
3,10,4
3,11,4
3,12,4
3,13,2
3,14,2
3,15,2
3,16,2
3,17,1
3,18,1
3,19,4
3,20,4
3,21,4
3,22,4
3,23,4
3,24,4
3,25,1
3,26,1
3,27,1
3,28,1
3,29,1
3,30,1
4,0,4
4,1,4
4,2,4
4,3,4
4,4,1
4,5,1
4,6,1
4,7,1
4,8,1
4,9,4
4,10,4
4,11,4
4,12,4
4,13,2
4,14,2
4,15,2
4,16,2
4,17,1
4,18,1
4,19,1
4,20,4
4,21,4
4,22,4
4,23,4
4,24,4
4,25,4
4,26,1
4,27,1
4,28,1
4,29,1
4,30,1
5,0,4
5,1,4
5,2,4
5,3,4
5,4,1
5,5,1
5,6,1
5,7,1
5,8,1
5,9,1
5,10,4
5,11,4
5,12,1
5,13,1
5,14,2
5,15,2
5,16,1
5,17,1
5,18,1
5,19,1
5,20,2
5,21,2
5,22,4
5,23,4
5,24,4
5,25,4
5,26,4
5,27,4
5,28,4
5,29,4
5,30,4
6,0,4
6,1,4
6,2,4
6,3,4
6,4,4
6,5,1
6,6,1
6,7,1
6,8,1
6,9,1
6,10,1
6,11,1
6,12,1
6,13,1
6,14,1
6,15,1
6,16,1
6,17,1
6,18,1
6,19,2
6,20,2
6,21,2
6,22,2
6,23,4
6,24,4
6,25,4
6,26,4
6,27,4
6,28,4
6,29,4
6,30,4
7,0,3
7,1,3
7,2,4
7,3,4
7,4,4
7,5,1
7,6,1
7,7,1
7,8,1
7,9,1
7,10,1
7,11,1
7,12,1
7,13,1
7,14,1
7,15,1
7,16,1
7,17,1
7,18,1
7,19,2
7,20,2
7,21,2
7,22,2
7,23,2
7,24,4
7,25,4
7,26,4
7,27,4
7,28,4
7,29,4
7,30,4
8,0,3
8,1,3
8,2,3
8,3,4
8,4,4
8,5,1
8,6,1
8,7,1
8,8,1
8,9,1
8,10,1
8,11,2
8,12,2
8,13,1
8,14,1
8,15,1
8,16,1
8,17,1
8,18,1
8,19,1
8,20,2
8,21,2
8,22,2
8,23,2
8,24,2
8,25,4
8,26,4
8,27,4
8,28,4
8,29,4
8,30,4
9,0,3
9,1,3
9,2,3
9,3,4
9,4,4
9,5,1
9,6,1
9,7,1
9,8,1
9,9,1
9,10,2
9,11,2
9,12,2
9,13,2
9,14,1
9,15,1
9,16,1
9,17,1
9,18,1
9,19,1
9,20,1
9,21,1
9,22,2
9,23,2
9,24,2
9,25,4
9,26,4
9,27,4
9,28,4
9,29,4
9,30,4
10,0,3
10,1,3
10,2,3
10,3,4
10,4,4
10,5,1
10,6,1
10,7,1
10,8,1
10,9,2
10,10,2
10,11,2
10,12,2
10,13,2
10,14,4
10,15,4
10,16,1
10,17,1
10,18,1
10,19,1
10,20,1
10,21,1
10,22,1
10,23,2
10,24,2
10,25,2
10,26,4
10,27,4
10,28,4
10,29,4
10,30,4
11,0,3
11,1,3
11,2,4
11,3,4
11,4,4
11,5,4
11,6,1
11,7,1
11,8,2
11,9,2
11,10,2
11,11,2
11,12,2
11,13,4
11,14,4
11,15,4
11,16,4
11,17,1
11,18,1
11,19,1
11,20,1
11,21,1
11,22,1
11,23,2
11,24,2
11,25,2
11,26,2
11,27,4
11,28,4
11,29,4
11,30,4
12,0,3
12,1,3
12,2,4
12,3,4
12,4,4
12,5,4
12,6,4
12,7,2
12,8,2
12,9,2
12,10,2
12,11,2
12,12,4
12,13,4
12,14,4
12,15,4
12,16,4
12,17,4
12,18,4
12,19,1
12,20,1
12,21,1
12,22,2
12,23,2
12,24,2
12,25,2
12,26,2
12,27,4
12,28,4
12,29,4
12,30,4
13,0,3
13,1,3
13,2,4
13,3,4
13,4,4
13,5,4
13,6,4
13,7,2
13,8,2
13,9,2
13,10,2
13,11,2
13,12,4
13,13,4
13,14,4
13,15,4
13,16,4
13,17,4
13,18,4
13,19,4
13,20,4
13,21,4
13,22,2
13,23,2
13,24,2
13,25,2
13,26,1
13,27,1
13,28,4
13,29,4
13,30,4
14,0,3
14,1,3
14,2,4
14,3,4
14,4,4
14,5,4
14,6,2
14,7,2
14,8,2
14,9,2
14,10,2
14,11,2
14,12,2
14,13,4
14,14,4
14,15,1
14,16,1
14,17,4
14,18,4
14,19,4
14,20,4
14,21,4
14,22,4
14,23,2
14,24,2
14,25,1
14,26,1
14,27,1
14,28,1
14,29,1
14,30,1
15,0,3
15,1,3
15,2,3
15,3,4
15,4,4
15,5,2
15,6,2
15,7,2
15,8,2
15,9,2
15,10,2
15,11,2
15,12,2
15,13,2
15,14,1
15,15,1
15,16,1
15,17,1
15,18,1
15,19,1
15,20,4
15,21,4
15,22,4
15,23,4
15,24,1
15,25,1
15,26,1
15,27,1
15,28,1
15,29,1
15,30,1
16,0,3
16,1,3
16,2,3
16,3,4
16,4,4
16,5,2
16,6,2
16,7,2
16,8,1
16,9,1
16,10,2
16,11,2
16,12,2
16,13,2
16,14,1
16,15,1
16,16,1
16,17,1
16,18,1
16,19,1
16,20,1
16,21,4
16,22,4
16,23,4
16,24,1
16,25,1
16,26,1
16,27,4
16,28,4
16,29,4
16,30,4
17,0,3
17,1,3
17,2,3
17,3,4
17,4,4
17,5,2
17,6,2
17,7,1
17,8,1
17,9,1
17,10,1
17,11,2
17,12,2
17,13,1
17,14,1
17,15,1
17,16,1
17,17,1
17,18,1
17,19,1
17,20,1
17,21,4
17,22,4
17,23,4
17,24,1
17,25,1
17,26,4
17,27,4
17,28,4
17,29,4
17,30,4
18,0,3
18,1,3
18,2,4
18,3,4
18,4,4
18,5,2
18,6,2
18,7,1
18,8,1
18,9,1
18,10,1
18,11,1
18,12,1
18,13,1
18,14,1
18,15,1
18,16,1
18,17,1
18,18,1
18,19,1
18,20,1
18,21,1
18,22,4
18,23,4
18,24,1
18,25,1
18,26,4
18,27,4
18,28,4
18,29,4
18,30,4
19,0,2
19,1,2
19,2,4
19,3,4
19,4,4
19,5,2
19,6,2
19,7,1
19,8,1
19,9,1
19,10,1
19,11,1
19,12,1
19,13,1
19,14,1
19,15,1
19,16,1
19,17,1
19,18,1
19,19,1
19,20,1
19,21,1
19,22,4
19,23,4
19,24,1
19,25,1
19,26,4
19,27,4
19,28,4
19,29,4
19,30,4
20,0,2
20,1,2
20,2,2
20,3,4
20,4,4
20,5,2
20,6,2
20,7,2
20,8,1
20,9,1
20,10,2
20,11,2
20,12,1
20,13,1
20,14,1
20,15,1
20,16,4
20,17,4
20,18,4
20,19,1
20,20,1
20,21,4
20,22,4
20,23,4
20,24,1
20,25,1
20,26,1
20,27,4
20,28,4
20,29,4
20,30,4
21,0,2
21,1,2
21,2,2
21,3,4
21,4,4
21,5,2
21,6,2
21,7,2
21,8,2
21,9,2
21,10,2
21,11,2
21,12,2
21,13,1
21,14,1
21,15,4
21,16,4
21,17,4
21,18,4
21,19,4
21,20,4
21,21,4
21,22,4
21,23,4
21,24,1
21,25,1
21,26,1
21,27,1
21,28,1
21,29,1
21,30,1
22,0,2
22,1,2
22,2,4
22,3,4
22,4,4
22,5,2
22,6,2
22,7,2
22,8,2
22,9,2
22,10,2
22,11,2
22,12,2
22,13,1
22,14,1
22,15,4
22,16,4
22,17,4
22,18,4
22,19,4
22,20,4
22,21,4
22,22,4
22,23,3
22,24,3
22,25,1
22,26,1
22,27,1
22,28,1
22,29,1
22,30,1
23,0,4
23,1,4
23,2,4
23,3,4
23,4,4
23,5,2
23,6,2
23,7,2
23,8,2
23,9,2
23,10,2
23,11,2
23,12,2
23,13,1
23,14,1
23,15,1
23,16,4
23,17,4
23,18,4
23,19,4
23,20,4
23,21,3
23,22,3
23,23,3
23,24,3
23,25,3
23,26,3
23,27,3
23,28,3
23,29,3
23,30,3
24,0,4
24,1,4
24,2,4
24,3,4
24,4,1
24,5,1
24,6,2
24,7,2
24,8,1
24,9,1
24,10,2
24,11,2
24,12,2
24,13,1
24,14,1
24,15,1
24,16,3
24,17,3
24,18,4
24,19,4
24,20,3
24,21,3
24,22,3
24,23,3
24,24,3
24,25,3
24,26,3
24,27,3
24,28,3
24,29,3
24,30,3
25,0,4
25,1,4
25,2,4
25,3,1
25,4,1
25,5,1
25,6,1
25,7,1
25,8,1
25,9,1
25,10,1
25,11,2
25,12,2
25,13,1
25,14,1
25,15,3
25,16,3
25,17,3
25,18,3
25,19,3
25,20,3
25,21,3
25,22,3
25,23,1
25,24,1
25,25,1
25,26,1
25,27,1
25,28,1
25,29,1
25,30,1
26,0,4
26,1,4
26,2,4
26,3,1
26,4,1
26,5,1
26,6,1
26,7,1
26,8,1
26,9,1
26,10,1
26,11,2
26,12,2
26,13,1
26,14,1
26,15,3
26,16,3
26,17,3
26,18,3
26,19,3
26,20,3
26,21,3
26,22,1
26,23,1
26,24,1
26,25,1
26,26,1
26,27,1
26,28,1
26,29,1
26,30,1
27,0,4
27,1,4
27,2,1
27,3,1
27,4,1
27,5,1
27,6,1
27,7,1
27,8,1
27,9,1
27,10,1
27,11,2
27,12,2
27,13,1
27,14,1
27,15,3
27,16,3
27,17,3
27,18,2
27,19,2
27,20,2
27,21,2
27,22,1
27,23,1
27,24,1
27,25,1
27,26,1
27,27,1
27,28,1
27,29,1
27,30,1
28,0,1
28,1,1
28,2,1
28,3,1
28,4,1
28,5,1
28,6,1
28,7,1
28,8,1
28,9,1
28,10,1
28,11,2
28,12,2
28,13,1
28,14,1
28,15,3
28,16,3
28,17,2
28,18,2
28,19,2
28,20,2
28,21,2
28,22,2
28,23,1
28,24,1
28,25,1
28,26,1
28,27,1
28,28,1
28,29,1
28,30,1
29,0,1
29,1,1
29,2,1
29,3,1
29,4,1
29,5,1
29,6,1
29,7,1
29,8,1
29,9,1
29,10,1
29,11,2
29,12,2
29,13,1
29,14,1
29,15,3
29,16,3
29,17,2
29,18,2
29,19,2
29,20,2
29,21,2
29,22,2
29,23,2
29,24,1
29,25,1
29,26,1
29,27,1
29,28,1
29,29,1
29,30,1
30,0,1
30,1,1
30,2,1
30,3,1
30,4,1
30,5,1
30,6,1
30,7,1
30,8,1
30,9,1
30,10,1
30,11,2
30,12,2
30,13,1
30,14,1
30,15,3
30,16,3
30,17,2
30,18,2
30,19,2
30,20,2
30,21,2
30,22,2
30,23,2
30,24,1
30,25,1
30,26,1
30,27,1
30,28,1
30,29,1
30,30,1