5
8
5
2
2,17
12,7
12,17
12,27
22,17
0,2,1
1,2,2
2,4,2
2,3,1
0,1,2
0,3,1
1,4,2
3,4,1
0,0,4
0,1,4
0,2,2
0,3,2
0,4,4
0,5,4
0,6,4
0,7,4
0,8,2
0,9,2
0,10,1
0,11,1
0,12,1
0,13,2
0,14,2
0,15,4
0,16,4
0,17,4
0,18,4
0,19,4
0,20,1
0,21,1
0,22,4
0,23,4
0,24,4
0,25,4
0,26,4
0,27,4
0,28,1
0,29,1
0,30,1
1,0,4
1,1,4
1,2,2
1,3,2
1,4,4
1,5,4
1,6,4
1,7,4
1,8,2
1,9,2
1,10,1
1,11,1
1,12,1
1,13,2
1,14,2
1,15,4
1,16,4
1,17,4
1,18,4
1,19,4
1,20,1
1,21,1
1,22,4
1,23,4
1,24,4
1,25,4
1,26,4
1,27,4
1,28,1
1,29,1
1,30,1
2,0,4
2,1,4
2,2,2
2,3,2
2,4,4
2,5,4
2,6,4
2,7,4
2,8,2
2,9,2
2,10,1
2,11,1
2,12,1
2,13,2
2,14,2
2,15,4
2,16,4
2,17,4
2,18,4
2,19,4
2,20,1
2,21,1
2,22,4
2,23,4
2,24,4
2,25,4
2,26,4
2,27,1
2,28,1
2,29,1
2,30,1
3,0,4
3,1,4
3,2,2
3,3,2
3,4,2
3,5,4
3,6,4
3,7,2
3,8,2
3,9,2
3,10,1
3,11,1
3,12,1
3,13,2
3,14,2
3,15,4
3,16,4
3,17,4
3,18,4
3,19,4
3,20,1
3,21,1
3,22,1
3,23,4
3,24,4
3,25,3
3,26,3
3,27,1
3,28,1
3,29,1
3,30,1
4,0,4
4,1,4
4,2,2
4,3,2
4,4,2
4,5,1
4,6,1
4,7,2
4,8,2
4,9,2
4,10,1
4,11,1
4,12,1
4,13,2
4,14,2
4,15,4
4,16,4
4,17,4
4,18,4
4,19,4
4,20,1
4,21,1
4,22,1
4,23,1
4,24,3
4,25,3
4,26,3
4,27,3
4,28,1
4,29,1
4,30,1
5,0,4
5,1,4
5,2,2
5,3,2
5,4,1
5,5,1
5,6,1
5,7,1
5,8,2
5,9,2
5,10,2
5,11,1
5,12,1
5,13,2
5,14,2
5,15,2
5,16,4
5,17,4
5,18,4
5,19,1
5,20,1
5,21,1
5,22,1
5,23,1
5,24,3
5,25,3
5,26,3
5,27,3
5,28,2
5,29,2
5,30,2
6,0,4
6,1,4
6,2,2
6,3,2
6,4,1
6,5,1
6,6,1
6,7,1
6,8,2
6,9,2
6,10,2
6,11,1
6,12,1
6,13,2
6,14,2
6,15,2
6,16,4
6,17,4
6,18,4
6,19,1
6,20,1
6,21,1
6,22,1
6,23,2
6,24,2
6,25,3
6,26,3
6,27,2
6,28,2
6,29,2
6,30,2
7,0,4
7,1,4
7,2,2
7,3,2
7,4,2
7,5,1
7,6,1
7,7,2
7,8,2
7,9,2
7,10,2
7,11,1
7,12,1
7,13,2
7,14,2
7,15,2
7,16,4
7,17,4
7,18,1
7,19,1
7,20,1
7,21,1
7,22,2
7,23,2
7,24,2
7,25,2
7,26,2
7,27,2
7,28,2
7,29,2
7,30,2
8,0,4
8,1,4
8,2,2
8,3,2
8,4,2
8,5,2
8,6,2
8,7,2
8,8,2
8,9,2
8,10,2
8,11,1
8,12,1
8,13,2
8,14,2
8,15,2
8,16,4
8,17,4
8,18,1
8,19,1
8,20,1
8,21,1
8,22,2
8,23,2
8,24,2
8,25,2
8,26,2
8,27,2
8,28,2
8,29,2
8,30,2
9,0,4
9,1,4
9,2,4
9,3,2
9,4,2
9,5,2
9,6,2
9,7,2
9,8,2
9,9,2
9,10,2
9,11,1
9,12,1
9,13,2
9,14,2
9,15,2
9,16,4
9,17,4
9,18,4
9,19,1
9,20,1
9,21,3
9,22,3
9,23,2
9,24,2
9,25,4
9,26,4
9,27,4
9,28,4
9,29,2
9,30,2
10,0,4
10,1,4
10,2,4
10,3,2
10,4,2
10,5,2
10,6,2
10,7,2
10,8,2
10,9,2
10,10,1
10,11,1
10,12,1
10,13,2
10,14,2
10,15,4
10,16,4
10,17,4
10,18,4
10,19,4
10,20,3
10,21,3
10,22,3
10,23,3
10,24,4
10,25,4
10,26,4
10,27,4
10,28,4
10,29,4
10,30,4
11,0,4
11,1,4
11,2,2
11,3,2
11,4,2
11,5,2
11,6,2
11,7,2
11,8,2
11,9,2
11,10,1
11,11,1
11,12,1
11,13,2
11,14,2
11,15,4
11,16,4
11,17,4
11,18,4
11,19,4
11,20,3
11,21,3
11,22,3
11,23,3
11,24,4
11,25,4
11,26,4
11,27,4
11,28,4
11,29,4
11,30,4
12,0,2
12,1,2
12,2,2
12,3,2
12,4,2
12,5,2
12,6,2
12,7,2
12,8,2
12,9,2
12,10,1
12,11,1
12,12,2
12,13,2
12,14,2
12,15,4
12,16,4
12,17,4
12,18,4
12,19,4
12,20,4
12,21,3
12,22,3
12,23,4
12,24,4
12,25,4
12,26,4
12,27,4
12,28,4
12,29,4
12,30,4
13,0,2
13,1,2
13,2,2
13,3,2
13,4,2
13,5,2
13,6,2
13,7,2
13,8,2
13,9,2
13,10,1
13,11,1
13,12,2
13,13,2
13,14,2
13,15,4
13,16,4
13,17,4
13,18,4
13,19,4
13,20,4
13,21,3
13,22,3
13,23,4
13,24,4
13,25,4
13,26,4
13,27,4
13,28,4
13,29,4
13,30,4
14,0,2
14,1,2
14,2,1
14,3,1
14,4,2
14,5,2
14,6,2
14,7,2
14,8,2
14,9,2
14,10,1
14,11,1
14,12,2
14,13,2
14,14,4
14,15,4
14,16,4
14,17,4
14,18,4
14,19,4
14,20,4
14,21,3
14,22,3
14,23,4
14,24,4
14,25,4
14,26,4
14,27,4
14,28,4
14,29,4
14,30,4
15,0,1
15,1,1
15,2,1
15,3,1
15,4,1
15,5,2
15,6,2
15,7,2
15,8,2
15,9,1
15,10,1
15,11,1
15,12,2
15,13,2
15,14,4
15,15,4
15,16,4
15,17,4
15,18,4
15,19,4
15,20,4
15,21,3
15,22,3
15,23,4
15,24,4
15,25,4
15,26,4
15,27,4
15,28,4
15,29,4
15,30,4
16,0,1
16,1,1
16,2,1
16,3,1
16,4,1
16,5,2
16,6,2
16,7,2
16,8,1
16,9,1
16,10,1
16,11,1
16,12,2
16,13,2
16,14,2
16,15,4
16,16,4
16,17,4
16,18,4
16,19,4
16,20,3
16,21,3
16,22,3
16,23,3
16,24,4
16,25,4
16,26,4
16,27,4
16,28,4
16,29,4
16,30,4
17,0,2
17,1,2
17,2,1
17,3,1
17,4,2
17,5,2
17,6,2
17,7,2
17,8,1
17,9,1
17,10,1
17,11,2
17,12,2
17,13,2
17,14,2
17,15,4
17,16,4
17,17,4
17,18,4
17,19,4
17,20,3
17,21,3
17,22,3
17,23,3
17,24,2
17,25,2
17,26,2
17,27,4
17,28,4
17,29,4
17,30,4
18,0,2
18,1,2
18,2,2
18,3,2
18,4,2
18,5,2
18,6,2
18,7,1
18,8,1
18,9,1
18,10,1
18,11,2
18,12,2
18,13,2
18,14,2
18,15,4
18,16,4
18,17,4
18,18,4
18,19,2
18,20,2
18,21,3
18,22,3
18,23,2
18,24,2
18,25,2
18,26,2
18,27,2
18,28,4
18,29,4
18,30,4
19,0,2
19,1,2
19,2,2
19,3,2
19,4,2
19,5,2
19,6,2
19,7,1
19,8,1
19,9,1
19,10,1
19,11,2
19,12,2
19,13,2
19,14,2
19,15,2
19,16,4
19,17,4
19,18,2
19,19,2
19,20,2
19,21,2
19,22,2
19,23,2
19,24,2
19,25,2
19,26,2
19,27,2
19,28,1
19,29,1
19,30,1
20,0,1
20,1,1
20,2,1
20,3,1
20,4,2
20,5,2
20,6,1
20,7,1
20,8,1
20,9,1
20,10,1
20,11,1
20,12,2
20,13,2
20,14,2
20,15,2
20,16,2
20,17,2
20,18,2
20,19,2
20,20,2
20,21,2
20,22,2
20,23,2
20,24,2
20,25,2
20,26,2
20,27,1
20,28,1
20,29,1
20,30,1
21,0,1
21,1,1
21,2,1
21,3,1
21,4,1
21,5,1
21,6,1
21,7,1
21,8,1
21,9,1
21,10,1
21,11,1
21,12,3
21,13,3
21,14,2
21,15,2
21,16,2
21,17,2
21,18,2
21,19,2
21,20,2
21,21,2
21,22,1
21,23,1
21,24,2
21,25,2
21,26,1
21,27,1
21,28,1
21,29,1
21,30,1
22,0,2
22,1,2
22,2,1
22,3,1
22,4,1
22,5,1
22,6,1
22,7,1
22,8,1
22,9,1
22,10,1
22,11,3
22,12,3
22,13,3
22,14,3
22,15,2
22,16,2
22,17,2
22,18,2
22,19,2
22,20,2
22,21,1
22,22,1
22,23,1
22,24,1
22,25,1
22,26,1
22,27,1
22,28,1
22,29,4
22,30,4
23,0,2
23,1,2
23,2,2
23,3,2
23,4,2
23,5,2
23,6,2
23,7,1
23,8,1
23,9,4
23,10,4
23,11,3
23,12,3
23,13,3
23,14,3
23,15,2
23,16,2
23,17,2
23,18,2
23,19,2
23,20,2
23,21,1
23,22,1
23,23,1
23,24,1
23,25,1
23,26,1
23,27,1
23,28,4
23,29,4
23,30,4
24,0,2
24,1,2
24,2,2
24,3,2
24,4,2
24,5,2
24,6,2
24,7,2
24,8,4
24,9,4
24,10,4
24,11,4
24,12,3
24,13,3
24,14,2
24,15,2
24,16,2
24,17,2
24,18,2
24,19,2
24,20,2
24,21,2
24,22,1
24,23,1
24,24,4
24,25,4
24,26,4
24,27,4
24,28,4
24,29,4
24,30,4
25,0,1
25,1,1
25,2,1
25,3,1
25,4,1
25,5,2
25,6,2
25,7,2
25,8,4
25,9,4
25,10,4
25,11,4
25,12,1
25,13,1
25,14,2
25,15,2
25,16,2
25,17,2
25,18,2
25,19,2
25,20,2
25,21,2
25,22,2
25,23,4
25,24,4
25,25,4
25,26,4
25,27,4
25,28,4
25,29,4
25,30,4
26,0,1
26,1,1
26,2,1
26,3,1
26,4,1
26,5,1
26,6,2
26,7,2
26,8,4
26,9,4
26,10,4
26,11,1
26,12,1
26,13,1
26,14,1
26,15,2
26,16,2
26,17,2
26,18,4
26,19,4
26,20,2
26,21,2
26,22,2
26,23,4
26,24,4
26,25,4
26,26,4
26,27,4
26,28,4
26,29,4
26,30,4
27,0,3
27,1,3
27,2,3
27,3,1
27,4,1
27,5,1
27,6,2
27,7,2
27,8,2
27,9,4
27,10,4
27,11,1
27,12,1
27,13,1
27,14,1
27,15,2
27,16,2
27,17,4
27,18,4
27,19,4
27,20,4
27,21,2
27,22,2
27,23,2
27,24,4
27,25,4
27,26,3
27,27,3
27,28,3
27,29,4
27,30,4
28,0,3
28,1,3
28,2,3
28,3,3
28,4,1
28,5,1
28,6,2
28,7,2
28,8,2
28,9,4
28,10,4
28,11,1
28,12,1
28,13,1
28,14,2
28,15,2
28,16,2
28,17,4
28,18,4
28,19,4
28,20,4
28,21,2
28,22,2
28,23,2
28,24,2
28,25,3
28,26,3
28,27,3
28,28,3
28,29,3
28,30,3
29,0,3
29,1,3
29,2,3
29,3,3
29,4,1
29,5,1
29,6,1
29,7,2
29,8,2
29,9,4
29,10,4
29,11,1
29,12,1
29,13,2
29,14,2
29,15,2
29,16,2
29,17,4
29,18,4
29,19,4
29,20,4
29,21,4
29,22,2
29,23,2
29,24,2
29,25,3
29,26,3
29,27,3
29,28,3
29,29,3
29,30,3
30,0,3
30,1,3
30,2,3
30,3,3
30,4,1
30,5,1
30,6,1
30,7,2
30,8,2
30,9,4
30,10,4
30,11,1
30,12,1
30,13,2
30,14,2
30,15,2
30,16,2
30,17,4
30,18,4
30,19,4
30,20,4
30,21,4
30,22,2
30,23,2
30,24,2
30,25,3
30,26,3
30,27,3
30,28,3
30,29,3
30,30,3