6
10
6
4
2,2
2,12
12,2
12,12
12,22
22,12
4,5,2
1,4,2
3,4,1
2,5,2
0,2,1
2,3,1
3,5,2
0,1,1
1,3,1
0,3,1
0,0,1
0,1,1
0,2,1
0,3,1
0,4,1
0,5,1
0,6,1
0,7,1
0,8,1
0,9,4
0,10,4
0,11,4
0,12,4
0,13,4
0,14,4
0,15,1
0,16,1
0,17,1
0,18,1
0,19,3
0,20,3
0,21,4
0,22,4
0,23,4
0,24,4
0,25,2
0,26,2
0,27,3
0,28,3
0,29,3
0,30,3
1,0,1
1,1,1
1,2,1
1,3,1
1,4,1
1,5,1
1,6,1
1,7,1
1,8,1
1,9,4
1,10,4
1,11,4
1,12,4
1,13,4
1,14,4
1,15,1
1,16,1
1,17,1
1,18,1
1,19,3
1,20,3
1,21,4
1,22,4
1,23,4
1,24,4
1,25,2
1,26,2
1,27,3
1,28,3
1,29,3
1,30,3
2,0,1
2,1,1
2,2,1
2,3,1
2,4,1
2,5,1
2,6,1
2,7,1
2,8,1
2,9,4
2,10,4
2,11,4
2,12,4
2,13,4
2,14,4
2,15,1
2,16,1
2,17,1
2,18,3
2,19,3
2,20,3
2,21,3
2,22,4
2,23,4
2,24,2
2,25,2
2,26,2
2,27,2
2,28,3
2,29,3
2,30,3
3,0,1
3,1,1
3,2,1
3,3,1
3,4,1
3,5,1
3,6,1
3,7,1
3,8,4
3,9,4
3,10,4
3,11,4
3,12,4
3,13,4
3,14,4
3,15,1
3,16,1
3,17,1
3,18,3
3,19,3
3,20,3
3,21,3
3,22,3
3,23,3
3,24,2
3,25,2
3,26,2
3,27,2
3,28,2
3,29,3
3,30,3
4,0,1
4,1,1
4,2,1
4,3,1
4,4,1
4,5,1
4,6,4
4,7,4
4,8,4
4,9,4
4,10,4
4,11,4
4,12,4
4,13,4
4,14,4
4,15,4
4,16,1
4,17,1
4,18,1
4,19,3
4,20,3
4,21,3
4,22,3
4,23,3
4,24,3
4,25,2
4,26,2
4,27,2
4,28,2
4,29,2
4,30,2
5,0,4
5,1,4
5,2,4
5,3,1
5,4,1
5,5,4
5,6,4
5,7,4
5,8,4
5,9,4
5,10,4
5,11,4
5,12,4
5,13,4
5,14,4
5,15,4
5,16,1
5,17,1
5,18,1
5,19,1
5,20,3
5,21,3
5,22,3
5,23,3
5,24,3
5,25,1
5,26,1
5,27,2
5,28,2
5,29,2
5,30,2
6,0,4
6,1,4
6,2,4
6,3,4
6,4,4
6,5,4
6,6,4
6,7,4
6,8,2
6,9,2
6,10,4
6,11,4
6,12,4
6,13,4
6,14,4
6,15,4
6,16,4
6,17,1
6,18,1
6,19,1
6,20,1
6,21,1
6,22,3
6,23,3
6,24,1
6,25,1
6,26,1
6,27,1
6,28,2
6,29,2
6,30,2
7,0,4
7,1,4
7,2,4
7,3,4
7,4,4
7,5,4
7,6,4
7,7,2
7,8,2
7,9,2
7,10,2
7,11,4
7,12,4
7,13,4
7,14,4
7,15,4
7,16,4
7,17,1
7,18,1
7,19,1
7,20,1
7,21,1
7,22,1
7,23,1
7,24,1
7,25,1
7,26,1
7,27,1
7,28,2
7,29,2
7,30,2
8,0,1
8,1,1
8,2,1
8,3,1
8,4,1
8,5,1
8,6,1
8,7,2
8,8,2
8,9,2
8,10,2
8,11,4
8,12,4
8,13,4
8,14,4
8,15,4
8,16,1
8,17,1
8,18,1
8,19,1
8,20,1
8,21,1
8,22,1
8,23,1
8,24,1
8,25,1
8,26,1
8,27,1
8,28,2
8,29,2
8,30,2
9,0,1
9,1,1
9,2,1
9,3,1
9,4,1
9,5,1
9,6,1
9,7,1
9,8,2
9,9,2
9,10,1
9,11,1
9,12,4
9,13,4
9,14,1
9,15,1
9,16,1
9,17,1
9,18,1
9,19,1
9,20,1
9,21,1
9,22,3
9,23,3
9,24,1
9,25,1
9,26,1
9,27,1
9,28,1
9,29,2
9,30,2
10,0,2
10,1,2
10,2,2
10,3,2
10,4,2
10,5,1
10,6,1
10,7,1
10,8,1
10,9,1
10,10,1
10,11,1
10,12,1
10,13,1
10,14,1
10,15,1
10,16,1
10,17,1
10,18,1
10,19,1
10,20,3
10,21,3
10,22,3
10,23,3
10,24,3
10,25,1
10,26,1
10,27,1
10,28,1
10,29,4
10,30,4
11,0,2
11,1,2
11,2,2
11,3,2
11,4,2
11,5,2
11,6,1
11,7,1
11,8,1
11,9,1
11,10,1
11,11,1
11,12,1
11,13,1
11,14,1
11,15,1
11,16,3
11,17,3
11,18,3
11,19,3
11,20,3
11,21,3
11,22,3
11,23,3
11,24,3
11,25,1
11,26,1
11,27,1
11,28,4
11,29,4
11,30,4
12,0,2
12,1,2
12,2,2
12,3,2
12,4,2
12,5,2
12,6,1
12,7,1
12,8,1
12,9,1
12,10,1
12,11,1
12,12,1
12,13,1
12,14,1
12,15,3
12,16,3
12,17,3
12,18,3
12,19,3
12,20,3
12,21,3
12,22,3
12,23,3
12,24,3
12,25,1
12,26,1
12,27,1
12,28,4
12,29,4
12,30,4
13,0,2
13,1,2
13,2,2
13,3,2
13,4,2
13,5,1
13,6,1
13,7,1
13,8,1
13,9,1
13,10,1
13,11,1
13,12,1
13,13,1
13,14,1
13,15,3
13,16,3
13,17,3
13,18,3
13,19,3
13,20,3
13,21,3
13,22,3
13,23,3
13,24,3
13,25,1
13,26,1
13,27,1
13,28,1
13,29,4
13,30,4
14,0,2
14,1,2
14,2,2
14,3,2
14,4,2
14,5,1
14,6,1
14,7,1
14,8,2
14,9,2
14,10,1
14,11,1
14,12,1
14,13,1
14,14,1
14,15,1
14,16,3
14,17,3
14,18,3
14,19,3
14,20,3
14,21,3
14,22,3
14,23,3
14,24,3
14,25,1
14,26,1
14,27,1
14,28,1
14,29,3
14,30,3
15,0,4
15,1,4
15,2,2
15,3,2
15,4,1
15,5,1
15,6,1
15,7,2
15,8,2
15,9,2
15,10,2
15,11,1
15,12,1
15,13,1
15,14,1
15,15,1
15,16,1
15,17,3
15,18,3
15,19,3
15,20,3
15,21,3
15,22,3
15,23,3
15,24,2
15,25,2
15,26,1
15,27,1
15,28,3
15,29,3
15,30,3
16,0,4
16,1,4
16,2,4
16,3,4
16,4,1
16,5,1
16,6,1
16,7,2
16,8,2
16,9,2
16,10,2
16,11,4
16,12,4
16,13,1
16,14,1
16,15,1
16,16,1
16,17,3
16,18,3
16,19,3
16,20,3
16,21,3
16,22,3
16,23,2
16,24,2
16,25,2
16,26,2
16,27,2
16,28,3
16,29,3
16,30,3
17,0,4
17,1,4
17,2,4
17,3,4
17,4,4
17,5,1
17,6,1
17,7,1
17,8,2
17,9,2
17,10,4
17,11,4
17,12,4
17,13,4
17,14,1
17,15,1
17,16,4
17,17,4
17,18,3
17,19,3
17,20,1
17,21,1
17,22,1
17,23,2
17,24,2
17,25,2
17,26,2
17,27,2
17,28,2
17,29,3
17,30,3
18,0,4
18,1,4
18,2,4
18,3,4
18,4,4
18,5,1
18,6,1
18,7,1
18,8,1
18,9,1
18,10,4
18,11,4
18,12,4
18,13,4
18,14,4
18,15,4
18,16,4
18,17,4
18,18,4
18,19,1
18,20,1
18,21,1
18,22,1
18,23,1
18,24,2
18,25,2
18,26,2
18,27,2
18,28,2
18,29,4
18,30,4
19,0,3
19,1,3
19,2,4
19,3,4
19,4,4
19,5,4
19,6,1
19,7,1
19,8,1
19,9,1
19,10,1
19,11,4
19,12,4
19,13,4
19,14,4
19,15,4
19,16,4
19,17,4
19,18,4
19,19,1
19,20,1
19,21,1
19,22,1
19,23,1
19,24,1
19,25,1
19,26,2
19,27,2
19,28,4
19,29,4
19,30,4
20,0,3
20,1,3
20,2,3
20,3,4
20,4,4
20,5,4
20,6,2
20,7,2
20,8,1
20,9,1
20,10,1
20,11,1
20,12,1
20,13,1
20,14,1
20,15,4
20,16,4
20,17,4
20,18,4
20,19,1
20,20,1
20,21,1
20,22,1
20,23,1
20,24,1
20,25,1
20,26,1
20,27,1
20,28,4
20,29,4
20,30,4
21,0,3
21,1,3
21,2,3
21,3,4
21,4,4
21,5,2
21,6,2
21,7,2
21,8,2
21,9,1
21,10,1
21,11,1
21,12,1
21,13,1
21,14,1
21,15,1
21,16,4
21,17,4
21,18,4
21,19,4
21,20,1
21,21,1
21,22,1
21,23,1
21,24,1
21,25,1
21,26,1
21,27,1
21,28,1
21,29,4
21,30,4
22,0,3
22,1,3
22,2,3
22,3,4
22,4,4
22,5,2
22,6,2
22,7,2
22,8,2
22,9,1
22,10,1
22,11,1
22,12,1
22,13,1
22,14,1
22,15,1
22,16,4
22,17,4
22,18,4
22,19,4
22,20,3
22,21,3
22,22,3
22,23,3
22,24,3
22,25,1
22,26,1
22,27,1
22,28,1
22,29,4
22,30,4
23,0,3
23,1,3
23,2,4
23,3,4
23,4,4
23,5,2
23,6,2
23,7,2
23,8,2
23,9,1
23,10,1
23,11,1
23,12,1
23,13,1
23,14,1
23,15,1
23,16,4
23,17,4
23,18,4
23,19,3
23,20,3
23,21,3
23,22,3
23,23,3
23,24,3
23,25,3
23,26,1
23,27,1
23,28,1
23,29,4
23,30,4
24,0,4
24,1,4
24,2,4
24,3,4
24,4,4
24,5,2
24,6,2
24,7,2
24,8,2
24,9,1
24,10,1
24,11,1
24,12,1
24,13,1
24,14,1
24,15,4
24,16,4
24,17,4
24,18,4
24,19,3
24,20,3
24,21,3
24,22,3
24,23,3
24,24,3
24,25,3
24,26,1
24,27,1
24,28,4
24,29,4
24,30,4
25,0,4
25,1,4
25,2,4
25,3,4
25,4,2
25,5,2
25,6,2
25,7,2
25,8,1
25,9,1
25,10,1
25,11,1
25,12,4
25,13,4
25,14,4
25,15,4
25,16,4
25,17,4
25,18,1
25,19,1
25,20,3
25,21,3
25,22,3
25,23,3
25,24,3
25,25,1
25,26,1
25,27,1
25,28,4
25,29,4
25,30,4
26,0,2
26,1,2
26,2,2
26,3,2
26,4,2
26,5,2
26,6,2
26,7,1
26,8,1
26,9,1
26,10,1
26,11,4
26,12,4
26,13,4
26,14,4
26,15,4
26,16,4
26,17,1
26,18,1
26,19,1
26,20,1
26,21,3
26,22,3
26,23,3
26,24,1
26,25,1
26,26,1
26,27,1
26,28,4
26,29,4
26,30,4
27,0,2
27,1,2
27,2,2
27,3,2
27,4,2
27,5,2
27,6,2
27,7,1
27,8,1
27,9,1
27,10,4
27,11,4
27,12,4
27,13,4
27,14,4
27,15,4
27,16,4
27,17,1
27,18,1
27,19,1
27,20,1
27,21,3
27,22,3
27,23,1
27,24,1
27,25,1
27,26,1
27,27,1
27,28,4
27,29,4
27,30,4
28,0,2
28,1,2
28,2,2
28,3,2
28,4,2
28,5,2
28,6,2
28,7,2
28,8,1
28,9,1
28,10,4
28,11,4
28,12,4
28,13,4
28,14,4
28,15,4
28,16,3
28,17,3
28,18,1
28,19,1
28,20,1
28,21,3
28,22,3
28,23,1
28,24,1
28,25,1
28,26,1
28,27,2
28,28,2
28,29,4
28,30,4
29,0,2
29,1,2
29,2,2
29,3,2
29,4,2
29,5,2
29,6,2
29,7,2
29,8,1
29,9,1
29,10,4
29,11,4
29,12,4
29,13,4
29,14,4
29,15,3
29,16,3
29,17,3
29,18,3
29,19,1
29,20,1
29,21,3
29,22,3
29,23,3
29,24,1
29,25,1
29,26,2
29,27,2
29,28,2
29,29,2
29,30,2
30,0,2
30,1,2
30,2,2
30,3,2
30,4,2
30,5,2
30,6,2
30,7,2
30,8,1
30,9,1
30,10,4
30,11,4
30,12,4
30,13,4
30,14,4
30,15,3
30,16,3
30,17,3
30,18,3
30,19,1
30,20,1
30,21,3
30,22,3
30,23,3
30,24,1
30,25,1
30,26,2
30,27,2
30,28,2
30,29,2
30,30,2