6
10
5
1
2,7
2,27
12,7
12,17
22,7
22,27
0,1,2
1,5,1
1,3,1
0,2,1
0,3,2
2,4,1
2,3,1
4,5,1
3,4,1
3,5,2
0,0,4
0,1,4
0,2,4
0,3,2
0,4,2
0,5,2
0,6,2
0,7,2
0,8,2
0,9,2
0,10,3
0,11,3
0,12,3
0,13,3
0,14,3
0,15,2
0,16,2
0,17,2
0,18,2
0,19,2
0,20,2
0,21,2
0,22,2
0,23,4
0,24,4
0,25,4
0,26,4
0,27,4
0,28,4
0,29,4
0,30,4
1,0,4
1,1,4
1,2,4
1,3,2
1,4,2
1,5,2
1,6,2
1,7,2
1,8,2
1,9,2
1,10,3
1,11,3
1,12,3
1,13,3
1,14,3
1,15,2
1,16,2
1,17,2
1,18,2
1,19,2
1,20,2
1,21,2
1,22,2
1,23,4
1,24,4
1,25,4
1,26,4
1,27,4
1,28,4
1,29,4
1,30,4
2,0,4
2,1,4
2,2,4
2,3,4
2,4,2
2,5,2
2,6,2
2,7,2
2,8,2
2,9,2
2,10,2
2,11,3
2,12,3
2,13,3
2,14,3
2,15,3
2,16,2
2,17,2
2,18,3
2,19,3
2,20,2
2,21,2
2,22,1
2,23,1
2,24,4
2,25,4
2,26,4
2,27,4
2,28,4
2,29,4
2,30,4
3,0,4
3,1,4
3,2,4
3,3,4
3,4,2
3,5,2
3,6,2
3,7,2
3,8,2
3,9,2
3,10,2
3,11,2
3,12,3
3,13,3
3,14,3
3,15,3
3,16,3
3,17,3
3,18,3
3,19,3
3,20,3
3,21,1
3,22,1
3,23,1
3,24,1
3,25,4
3,26,4
3,27,4
3,28,4
3,29,4
3,30,4
4,0,4
4,1,4
4,2,4
4,3,2
4,4,2
4,5,2
4,6,2
4,7,2
4,8,2
4,9,2
4,10,2
4,11,2
4,12,3
4,13,3
4,14,3
4,15,3
4,16,3
4,17,3
4,18,3
4,19,3
4,20,3
4,21,1
4,22,1
4,23,1
4,24,1
4,25,4
4,26,4
4,27,4
4,28,4
4,29,4
4,30,4
5,0,4
5,1,4
5,2,2
5,3,2
5,4,2
5,5,2
5,6,2
5,7,2
5,8,2
5,9,2
5,10,2
5,11,2
5,12,3
5,13,3
5,14,3
5,15,3
5,16,3
5,17,3
5,18,3
5,19,3
5,20,2
5,21,2
5,22,1
5,23,1
5,24,4
5,25,4
5,26,4
5,27,4
5,28,4
5,29,4
5,30,4
6,0,4
6,1,4
6,2,2
6,3,2
6,4,2
6,5,2
6,6,2
6,7,2
6,8,2
6,9,2
6,10,2
6,11,4
6,12,4
6,13,3
6,14,3
6,15,3
6,16,3
6,17,3
6,18,3
6,19,2
6,20,2
6,21,2
6,22,2
6,23,4
6,24,4
6,25,4
6,26,4
6,27,4
6,28,4
6,29,4
6,30,4
7,0,4
7,1,4
7,2,4
7,3,2
7,4,2
7,5,4
7,6,4
7,7,4
7,8,4
7,9,4
7,10,4
7,11,4
7,12,4
7,13,4
7,14,3
7,15,3
7,16,3
7,17,3
7,18,3
7,19,2
7,20,2
7,21,2
7,22,2
7,23,4
7,24,4
7,25,4
7,26,4
7,27,4
7,28,4
7,29,4
7,30,4
8,0,4
8,1,4
8,2,4
8,3,4
8,4,4
8,5,4
8,6,4
8,7,4
8,8,4
8,9,4
8,10,4
8,11,4
8,12,4
8,13,4
8,14,4
8,15,3
8,16,3
8,17,3
8,18,3
8,19,3
8,20,2
8,21,2
8,22,2
8,23,2
8,24,4
8,25,4
8,26,4
8,27,4
8,28,4
8,29,4
8,30,4
9,0,4
9,1,4
9,2,4
9,3,4
9,4,4
9,5,4
9,6,4
9,7,4
9,8,2
9,9,2
9,10,2
9,11,4
9,12,4
9,13,4
9,14,4
9,15,3
9,16,3
9,17,3
9,18,3
9,19,3
9,20,2
9,21,2
9,22,2
9,23,2
9,24,2
9,25,2
9,26,2
9,27,4
9,28,4
9,29,4
9,30,4
10,0,4
10,1,4
10,2,4
10,3,4
10,4,4
10,5,2
10,6,2
10,7,2
10,8,2
10,9,2
10,10,2
10,11,2
10,12,4
10,13,4
10,14,3
10,15,3
10,16,3
10,17,3
10,18,3
10,19,3
10,20,3
10,21,2
10,22,2
10,23,2
10,24,2
10,25,2
10,26,2
10,27,2
10,28,2
10,29,2
10,30,2
11,0,4
11,1,4
11,2,4
11,3,2
11,4,2
11,5,2
11,6,2
11,7,2
11,8,2
11,9,2
11,10,2
11,11,2
11,12,1
11,13,1
11,14,3
11,15,3
11,16,3
11,17,3
11,18,3
11,19,3
11,20,3
11,21,4
11,22,4
11,23,4
11,24,2
11,25,2
11,26,2
11,27,2
11,28,2
11,29,2
11,30,2
12,0,2
12,1,2
12,2,2
12,3,2
12,4,2
12,5,2
12,6,2
12,7,2
12,8,2
12,9,2
12,10,2
12,11,1
12,12,1
12,13,1
12,14,1
12,15,3
12,16,3
12,17,3
12,18,3
12,19,3
12,20,4
12,21,4
12,22,4
12,23,4
12,24,4
12,25,4
12,26,4
12,27,4
12,28,4
12,29,4
12,30,4
13,0,2
13,1,2
13,2,2
13,3,2
13,4,2
13,5,2
13,6,2
13,7,2
13,8,2
13,9,2
13,10,2
13,11,1
13,12,1
13,13,1
13,14,1
13,15,3
13,16,3
13,17,3
13,18,3
13,19,3
13,20,4
13,21,4
13,22,4
13,23,4
13,24,4
13,25,4
13,26,4
13,27,4
13,28,4
13,29,4
13,30,4
14,0,1
14,1,1
14,2,2
14,3,2
14,4,2
14,5,2
14,6,2
14,7,2
14,8,2
14,9,2
14,10,1
14,11,1
14,12,1
14,13,1
14,14,1
14,15,3
14,16,3
14,17,3
14,18,3
14,19,3
14,20,4
14,21,4
14,22,4
14,23,1
14,24,1
14,25,4
14,26,4
14,27,2
14,28,2
14,29,4
14,30,4
15,0,1
15,1,1
15,2,1
15,3,1
15,4,1
15,5,1
15,6,1
15,7,2
15,8,2
15,9,1
15,10,1
15,11,1
15,12,1
15,13,1
15,14,4
15,15,4
15,16,3
15,17,3
15,18,3
15,19,4
15,20,4
15,21,4
15,22,1
15,23,1
15,24,1
15,25,1
15,26,2
15,27,2
15,28,2
15,29,2
15,30,2
16,0,1
16,1,1
16,2,1
16,3,1
16,4,1
16,5,1
16,6,1
16,7,1
16,8,1
16,9,1
16,10,1
16,11,1
16,12,1
16,13,4
16,14,4
16,15,4
16,16,4
16,17,4
16,18,4
16,19,4
16,20,4
16,21,4
16,22,1
16,23,1
16,24,1
16,25,1
16,26,2
16,27,2
16,28,2
16,29,2
16,30,2
17,0,3
17,1,3
17,2,3
17,3,3
17,4,3
17,5,1
17,6,1
17,7,1
17,8,1
17,9,1
17,10,1
17,11,1
17,12,1
17,13,4
17,14,4
17,15,4
17,16,4
17,17,4
17,18,4
17,19,4
17,20,4
17,21,4
17,22,1
17,23,1
17,24,1
17,25,1
17,26,1
17,27,2
17,28,2
17,29,2
17,30,2
18,0,3
18,1,3
18,2,3
18,3,3
18,4,3
18,5,3
18,6,1
18,7,1
18,8,4
18,9,4
18,10,1
18,11,1
18,12,1
18,13,1
18,14,4
18,15,4
18,16,4
18,17,4
18,18,4
18,19,4
18,20,4
18,21,1
18,22,1
18,23,1
18,24,1
18,25,1
18,26,1
18,27,2
18,28,2
18,29,2
18,30,2
19,0,4
19,1,4
19,2,3
19,3,3
19,4,3
19,5,3
19,6,4
19,7,4
19,8,4
19,9,4
19,10,4
19,11,1
19,12,1
19,13,1
19,14,1
19,15,1
19,16,1
19,17,1
19,18,1
19,19,1
19,20,1
19,21,1
19,22,1
19,23,1
19,24,1
19,25,1
19,26,3
19,27,3
19,28,2
19,29,2
19,30,2
20,0,4
20,1,4
20,2,4
20,3,3
20,4,3
20,5,4
20,6,4
20,7,4
20,8,4
20,9,4
20,10,4
20,11,4
20,12,1
20,13,1
20,14,1
20,15,1
20,16,1
20,17,1
20,18,1
20,19,1
20,20,1
20,21,1
20,22,1
20,23,1
20,24,3
20,25,3
20,26,3
20,27,3
20,28,3
20,29,3
20,30,3
21,0,4
21,1,4
21,2,4
21,3,4
21,4,4
21,5,4
21,6,4
21,7,4
21,8,4
21,9,4
21,10,4
21,11,4
21,12,1
21,13,1
21,14,1
21,15,1
21,16,4
21,17,4
21,18,1
21,19,1
21,20,1
21,21,1
21,22,1
21,23,3
21,24,3
21,25,3
21,26,3
21,27,3
21,28,3
21,29,3
21,30,3
22,0,4
22,1,4
22,2,4
22,3,4
22,4,4
22,5,4
22,6,4
22,7,4
22,8,4
22,9,4
22,10,4
22,11,1
22,12,1
22,13,1
22,14,1
22,15,4
22,16,4
22,17,4
22,18,4
22,19,1
22,20,1
22,21,1
22,22,1
22,23,3
22,24,3
22,25,3
22,26,3
22,27,3
22,28,3
22,29,3
22,30,3
23,0,4
23,1,4
23,2,4
23,3,4
23,4,4
23,5,4
23,6,4
23,7,4
23,8,4
23,9,4
23,10,1
23,11,1
23,12,1
23,13,1
23,14,1
23,15,4
23,16,4
23,17,4
23,18,4
23,19,4
23,20,1
23,21,1
23,22,1
23,23,3
23,24,3
23,25,3
23,26,3
23,27,3
23,28,3
23,29,3
23,30,3
24,0,4
24,1,4
24,2,4
24,3,4
24,4,4
24,5,4
24,6,4
24,7,4
24,8,4
24,9,4
24,10,1
24,11,1
24,12,1
24,13,1
24,14,1
24,15,4
24,16,4
24,17,4
24,18,4
24,19,4
24,20,4
24,21,1
24,22,1
24,23,1
24,24,3
24,25,3
24,26,3
24,27,3
24,28,3
24,29,3
24,30,3
25,0,1
25,1,1
25,2,1
25,3,1
25,4,1
25,5,4
25,6,4
25,7,4
25,8,4
25,9,4
25,10,4
25,11,1
25,12,1
25,13,1
25,14,2
25,15,2
25,16,4
25,17,4
25,18,4
25,19,4
25,20,4
25,21,1
25,22,1
25,23,1
25,24,4
25,25,4
25,26,4
25,27,4
25,28,4
25,29,4
25,30,4
26,0,1
26,1,1
26,2,1
26,3,1
26,4,1
26,5,1
26,6,4
26,7,4
26,8,4
26,9,4
26,10,4
26,11,2
26,12,2
26,13,2
26,14,2
26,15,2
26,16,2
26,17,2
26,18,4
26,19,4
26,20,1
26,21,1
26,22,1
26,23,4
26,24,4
26,25,4
26,26,4
26,27,4
26,28,4
26,29,4
26,30,4
27,0,1
27,1,1
27,2,1
27,3,1
27,4,1
27,5,1
27,6,3
27,7,3
27,8,4
27,9,4
27,10,2
27,11,2
27,12,2
27,13,2
27,14,2
27,15,2
27,16,2
27,17,2
27,18,2
27,19,1
27,20,1
27,21,1
27,22,1
27,23,4
27,24,4
27,25,4
27,26,4
27,27,4
27,28,4
27,29,4
27,30,4
28,0,3
28,1,3
28,2,1
28,3,1
28,4,1
28,5,3
28,6,3
28,7,3
28,8,3
28,9,2
28,10,2
28,11,2
28,12,2
28,13,1
28,14,1
28,15,1
28,16,2
28,17,2
28,18,2
28,19,1
28,20,1
28,21,1
28,22,2
28,23,2
28,24,4
28,25,4
28,26,4
28,27,4
28,28,4
28,29,2
28,30,2
29,0,3
29,1,3
29,2,3
29,3,1
29,4,1
29,5,3
29,6,3
29,7,3
29,8,3
29,9,2
29,10,2
29,11,2
29,12,1
29,13,1
29,14,1
29,15,1
29,16,1
29,17,2
29,18,2
29,19,1
29,20,1
29,21,2
29,22,2
29,23,2
29,24,2
29,25,2
29,26,2
29,27,2
29,28,2
29,29,2
29,30,2
30,0,3
30,1,3
30,2,3
30,3,1
30,4,1
30,5,3
30,6,3
30,7,3
30,8,3
30,9,2
30,10,2
30,11,2
30,12,1
30,13,1
30,14,1
30,15,1
30,16,1
30,17,2
30,18,2
30,19,1
30,20,1
30,21,2
30,22,2
30,23,2
30,24,2
30,25,2
30,26,2
30,27,2
30,28,2
30,29,2
30,30,2