6
10
5
0
7,2
7,22
17,12
27,2
27,12
27,22
0,2,2
0,3,1
0,1,3
2,4,1
2,5,2
2,3,1
1,2,1
4,5,1
3,4,1
1,5,4
0,0,4
0,1,4
0,2,4
0,3,3
0,4,3
0,5,3
0,6,3
0,7,3
0,8,3
0,9,3
0,10,1
0,11,1
0,12,1
0,13,1
0,14,1
0,15,1
0,16,4
0,17,4
0,18,4
0,19,4
0,20,4
0,21,4
0,22,4
0,23,4
0,24,2
0,25,2
0,26,2
0,27,2
0,28,2
0,29,4
0,30,4
1,0,4
1,1,4
1,2,4
1,3,3
1,4,3
1,5,3
1,6,3
1,7,3
1,8,3
1,9,3
1,10,1
1,11,1
1,12,1
1,13,1
1,14,1
1,15,1
1,16,4
1,17,4
1,18,4
1,19,4
1,20,4
1,21,4
1,22,4
1,23,4
1,24,2
1,25,2
1,26,2
1,27,2
1,28,2
1,29,4
1,30,4
2,0,4
2,1,4
2,2,2
2,3,2
2,4,3
2,5,3
2,6,3
2,7,3
2,8,3
2,9,2
2,10,2
2,11,1
2,12,1
2,13,1
2,14,1
2,15,1
2,16,4
2,17,4
2,18,4
2,19,4
2,20,4
2,21,4
2,22,4
2,23,4
2,24,4
2,25,2
2,26,2
2,27,2
2,28,4
2,29,4
2,30,4
3,0,2
3,1,2
3,2,2
3,3,2
3,4,2
3,5,2
3,6,2
3,7,2
3,8,2
3,9,2
3,10,2
3,11,2
3,12,1
3,13,1
3,14,1
3,15,2
3,16,2
3,17,4
3,18,4
3,19,4
3,20,4
3,21,4
3,22,4
3,23,4
3,24,4
3,25,4
3,26,4
3,27,4
3,28,4
3,29,4
3,30,4
4,0,2
4,1,2
4,2,2
4,3,2
4,4,2
4,5,2
4,6,2
4,7,2
4,8,2
4,9,2
4,10,2
4,11,2
4,12,2
4,13,2
4,14,2
4,15,2
4,16,2
4,17,2
4,18,4
4,19,4
4,20,4
4,21,4
4,22,4
4,23,4
4,24,4
4,25,4
4,26,4
4,27,4
4,28,4
4,29,4
4,30,4
5,0,4
5,1,4
5,2,4
5,3,4
5,4,4
5,5,2
5,6,2
5,7,1
5,8,1
5,9,2
5,10,2
5,11,2
5,12,2
5,13,2
5,14,2
5,15,2
5,16,2
5,17,2
5,18,2
5,19,4
5,20,4
5,21,4
5,22,4
5,23,4
5,24,4
5,25,4
5,26,4
5,27,4
5,28,4
5,29,4
5,30,4
6,0,4
6,1,4
6,2,4
6,3,4
6,4,4
6,5,4
6,6,1
6,7,1
6,8,1
6,9,1
6,10,2
6,11,2
6,12,2
6,13,2
6,14,1
6,15,1
6,16,2
6,17,2
6,18,2
6,19,4
6,20,4
6,21,4
6,22,4
6,23,4
6,24,4
6,25,4
6,26,2
6,27,2
6,28,4
6,29,4
6,30,4
7,0,4
7,1,4
7,2,4
7,3,4
7,4,4
7,5,4
7,6,1
7,7,1
7,8,1
7,9,1
7,10,1
7,11,2
7,12,2
7,13,1
7,14,1
7,15,1
7,16,1
7,17,2
7,18,2
7,19,4
7,20,4
7,21,4
7,22,4
7,23,4
7,24,4
7,25,2
7,26,2
7,27,2
7,28,2
7,29,4
7,30,4
8,0,4
8,1,4
8,2,4
8,3,4
8,4,4
8,5,4
8,6,1
8,7,1
8,8,1
8,9,1
8,10,1
8,11,1
8,12,1
8,13,1
8,14,1
8,15,1
8,16,1
8,17,2
8,18,2
8,19,4
8,20,4
8,21,4
8,22,4
8,23,4
8,24,4
8,25,2
8,26,2
8,27,2
8,28,2
8,29,2
8,30,2
9,0,4
9,1,4
9,2,4
9,3,4
9,4,4
9,5,2
9,6,2
9,7,1
9,8,1
9,9,1
9,10,1
9,11,1
9,12,1
9,13,1
9,14,1
9,15,1
9,16,2
9,17,2
9,18,2
9,19,2
9,20,4
9,21,4
9,22,4
9,23,4
9,24,4
9,25,4
9,26,2
9,27,2
9,28,2
9,29,2
9,30,2
10,0,4
10,1,4
10,2,4
10,3,2
10,4,2
10,5,2
10,6,2
10,7,2
10,8,2
10,9,1
10,10,1
10,11,3
10,12,3
10,13,1
10,14,1
10,15,1
10,16,2
10,17,2
10,18,2
10,19,2
10,20,1
10,21,1
10,22,4
10,23,4
10,24,4
10,25,4
10,26,4
10,27,4
10,28,2
10,29,2
10,30,2
11,0,4
11,1,4
11,2,2
11,3,2
11,4,2
11,5,2
11,6,2
11,7,2
11,8,2
11,9,2
11,10,3
11,11,3
11,12,3
11,13,3
11,14,1
11,15,1
11,16,1
11,17,2
11,18,2
11,19,1
11,20,1
11,21,1
11,22,1
11,23,1
11,24,4
11,25,4
11,26,4
11,27,4
11,28,4
11,29,4
11,30,4
12,0,2
12,1,2
12,2,2
12,3,2
12,4,2
12,5,1
12,6,1
12,7,2
12,8,2
12,9,2
12,10,3
12,11,3
12,12,3
12,13,3
12,14,1
12,15,1
12,16,1
12,17,1
12,18,1
12,19,1
12,20,1
12,21,1
12,22,1
12,23,1
12,24,1
12,25,4
12,26,4
12,27,4
12,28,4
12,29,4
12,30,4
13,0,2
13,1,2
13,2,2
13,3,2
13,4,1
13,5,1
13,6,1
13,7,1
13,8,2
13,9,2
13,10,3
13,11,3
13,12,3
13,13,3
13,14,1
13,15,1
13,16,1
13,17,1
13,18,1
13,19,1
13,20,1
13,21,1
13,22,1
13,23,1
13,24,1
13,25,3
13,26,3
13,27,3
13,28,3
13,29,3
13,30,3
14,0,4
14,1,4
14,2,4
14,3,4
14,4,1
14,5,1
14,6,1
14,7,1
14,8,2
14,9,2
14,10,2
14,11,3
14,12,3
14,13,2
14,14,2
14,15,1
14,16,1
14,17,2
14,18,2
14,19,2
14,20,1
14,21,1
14,22,1
14,23,1
14,24,3
14,25,3
14,26,3
14,27,3
14,28,3
14,29,3
14,30,3
15,0,4
15,1,4
15,2,4
15,3,4
15,4,4
15,5,1
15,6,1
15,7,2
15,8,2
15,9,2
15,10,2
15,11,2
15,12,2
15,13,2
15,14,2
15,15,2
15,16,2
15,17,2
15,18,2
15,19,2
15,20,2
15,21,1
15,22,1
15,23,3
15,24,3
15,25,3
15,26,3
15,27,2
15,28,2
15,29,2
15,30,2
16,0,4
16,1,4
16,2,4
16,3,4
16,4,4
16,5,1
16,6,1
16,7,2
16,8,2
16,9,2
16,10,2
16,11,2
16,12,2
16,13,2
16,14,2
16,15,2
16,16,2
16,17,2
16,18,2
16,19,2
16,20,2
16,21,2
16,22,3
16,23,3
16,24,3
16,25,3
16,26,2
16,27,2
16,28,2
16,29,2
16,30,2
17,0,4
17,1,4
17,2,4
17,3,4
17,4,4
17,5,1
17,6,1
17,7,1
17,8,2
17,9,2
17,10,2
17,11,2
17,12,2
17,13,2
17,14,2
17,15,2
17,16,4
17,17,4
17,18,4
17,19,2
17,20,2
17,21,2
17,22,3
17,23,3
17,24,3
17,25,3
17,26,2
17,27,2
17,28,2
17,29,2
17,30,2
18,0,4
18,1,4
18,2,4
18,3,4
18,4,4
18,5,1
18,6,1
18,7,1
18,8,1
18,9,2
18,10,2
18,11,2
18,12,2
18,13,2
18,14,2
18,15,4
18,16,4
18,17,4
18,18,4
18,19,4
18,20,2
18,21,2
18,22,2
18,23,3
18,24,3
18,25,1
18,26,1
18,27,2
18,28,2
18,29,4
18,30,4
19,0,4
19,1,4
19,2,4
19,3,4
19,4,3
19,5,3
19,6,1
19,7,1
19,8,1
19,9,1
19,10,2
19,11,2
19,12,2
19,13,2
19,14,2
19,15,4
19,16,4
19,17,4
19,18,4
19,19,4
19,20,2
19,21,2
19,22,2
19,23,2
19,24,1
19,25,1
19,26,1
19,27,1
19,28,4
19,29,4
19,30,4
20,0,4
20,1,4
20,2,4
20,3,3
20,4,3
20,5,3
20,6,3
20,7,1
20,8,1
20,9,1
20,10,1
20,11,2
20,12,2
20,13,2
20,14,2
20,15,4
20,16,4
20,17,4
20,18,4
20,19,4
20,20,2
20,21,2
20,22,2
20,23,2
20,24,1
20,25,1
20,26,1
20,27,1
20,28,4
20,29,4
20,30,4
21,0,4
21,1,4
21,2,4
21,3,3
21,4,3
21,5,3
21,6,3
21,7,3
21,8,1
21,9,1
21,10,1
21,11,1
21,12,2
21,13,2
21,14,2
21,15,2
21,16,4
21,17,4
21,18,4
21,19,1
21,20,1
21,21,2
21,22,2
21,23,3
21,24,3
21,25,1
21,26,1
21,27,1
21,28,4
21,29,4
21,30,4
22,0,4
22,1,4
22,2,4
22,3,3
22,4,3
22,5,3
22,6,3
22,7,3
22,8,1
22,9,1
22,10,1
22,11,1
22,12,2
22,13,2
22,14,2
22,15,2
22,16,1
22,17,1
22,18,1
22,19,1
22,20,1
22,21,1
22,22,3
22,23,3
22,24,3
22,25,3
22,26,1
22,27,1
22,28,4
22,29,4
22,30,4
23,0,4
23,1,4
23,2,4
23,3,3
23,4,3
23,5,3
23,6,3
23,7,1
23,8,1
23,9,1
23,10,1
23,11,1
23,12,1
23,13,2
23,14,2
23,15,1
23,16,1
23,17,1
23,18,1
23,19,1
23,20,1
23,21,1
23,22,3
23,23,3
23,24,3
23,25,3
23,26,1
23,27,1
23,28,1
23,29,4
23,30,4
24,0,4
24,1,4
24,2,3
24,3,3
24,4,3
24,5,3
24,6,1
24,7,1
24,8,1
24,9,1
24,10,1
24,11,1
24,12,1
24,13,1
24,14,1
24,15,1
24,16,1
24,17,1
24,18,1
24,19,1
24,20,1
24,21,4
24,22,4
24,23,3
24,24,3
24,25,1
24,26,1
24,27,1
24,28,1
24,29,2
24,30,2
25,0,3
25,1,3
25,2,3
25,3,3
25,4,3
25,5,3
25,6,1
25,7,1
25,8,1
25,9,1
25,10,1
25,11,1
25,12,1
25,13,1
25,14,1
25,15,1
25,16,1
25,17,4
25,18,4
25,19,4
25,20,4
25,21,4
25,22,4
25,23,4
25,24,4
25,25,1
25,26,1
25,27,1
25,28,2
25,29,2
25,30,2
26,0,3
26,1,3
26,2,3
26,3,3
26,4,3
26,5,3
26,6,3
26,7,1
26,8,1
26,9,1
26,10,1
26,11,1
26,12,1
26,13,1
26,14,1
26,15,1
26,16,4
26,17,4
26,18,4
26,19,4
26,20,4
26,21,4
26,22,4
26,23,4
26,24,4
26,25,4
26,26,1
26,27,1
26,28,2
26,29,2
26,30,2
27,0,3
27,1,3
27,2,3
27,3,3
27,4,3
27,5,3
27,6,3
27,7,4
27,8,4
27,9,1
27,10,1
27,11,1
27,12,1
27,13,1
27,14,1
27,15,4
27,16,4
27,17,4
27,18,4
27,19,4
27,20,4
27,21,4
27,22,4
27,23,4
27,24,4
27,25,4
27,26,1
27,27,1
27,28,2
27,29,2
27,30,2
28,0,3
28,1,3
28,2,3
28,3,3
28,4,3
28,5,3
28,6,4
28,7,4
28,8,4
28,9,4
28,10,1
28,11,1
28,12,1
28,13,1
28,14,1
28,15,4
28,16,4
28,17,4
28,18,4
28,19,4
28,20,4
28,21,4
28,22,4
28,23,4
28,24,4
28,25,1
28,26,1
28,27,1
28,28,1
28,29,2
28,30,2
29,0,3
29,1,3
29,2,3
29,3,3
29,4,3
29,5,4
29,6,4
29,7,4
29,8,4
29,9,4
29,10,1
29,11,1
29,12,1
29,13,1
29,14,1
29,15,1
29,16,4
29,17,4
29,18,4
29,19,4
29,20,4
29,21,4
29,22,4
29,23,4
29,24,4
29,25,1
29,26,1
29,27,1
29,28,1
29,29,1
29,30,1
30,0,3
30,1,3
30,2,3
30,3,3
30,4,3
30,5,4
30,6,4
30,7,4
30,8,4
30,9,4
30,10,1
30,11,1
30,12,1
30,13,1
30,14,1
30,15,1
30,16,4
30,17,4
30,18,4
30,19,4
30,20,4
30,21,4
30,22,4
30,23,4
30,24,4
30,25,1
30,26,1
30,27,1
30,28,1
30,29,1
30,30,1