5
8
5
1
7,2
7,22
17,12
27,2
27,22
1,4,3
0,1,2
1,2,1
3,4,4
2,4,2
0,3,3
0,2,1
2,3,1
0,0,3
0,1,3
0,2,3
0,3,3
0,4,3
0,5,3
0,6,3
0,7,3
0,8,3
0,9,3
0,10,3
0,11,3
0,12,3
0,13,3
0,14,3
0,15,3
0,16,4
0,17,4
0,18,4
0,19,4
0,20,2
0,21,2
0,22,4
0,23,4
0,24,4
0,25,3
0,26,3
0,27,3
0,28,4
0,29,4
0,30,4
1,0,3
1,1,3
1,2,3
1,3,3
1,4,3
1,5,3
1,6,3
1,7,3
1,8,3
1,9,3
1,10,3
1,11,3
1,12,3
1,13,3
1,14,3
1,15,3
1,16,4
1,17,4
1,18,4
1,19,4
1,20,2
1,21,2
1,22,4
1,23,4
1,24,4
1,25,3
1,26,3
1,27,3
1,28,4
1,29,4
1,30,4
2,0,3
2,1,3
2,2,2
2,3,2
2,4,2
2,5,2
2,6,2
2,7,2
2,8,2
2,9,2
2,10,2
2,11,2
2,12,2
2,13,3
2,14,3
2,15,1
2,16,1
2,17,4
2,18,4
2,19,2
2,20,2
2,21,2
2,22,4
2,23,4
2,24,4
2,25,3
2,26,3
2,27,3
2,28,3
2,29,4
2,30,4
3,0,2
3,1,2
3,2,2
3,3,2
3,4,2
3,5,2
3,6,2
3,7,2
3,8,2
3,9,2
3,10,2
3,11,2
3,12,2
3,13,2
3,14,1
3,15,1
3,16,1
3,17,1
3,18,2
3,19,2
3,20,2
3,21,2
3,22,4
3,23,4
3,24,4
3,25,4
3,26,3
3,27,3
3,28,3
3,29,3
3,30,3
4,0,2
4,1,2
4,2,2
4,3,2
4,4,3
4,5,3
4,6,3
4,7,3
4,8,3
4,9,3
4,10,3
4,11,2
4,12,2
4,13,2
4,14,1
4,15,1
4,16,1
4,17,1
4,18,2
4,19,2
4,20,2
4,21,4
4,22,4
4,23,4
4,24,4
4,25,4
4,26,3
4,27,3
4,28,3
4,29,3
4,30,3
5,0,3
5,1,3
5,2,3
5,3,3
5,4,3
5,5,3
5,6,3
5,7,3
5,8,3
5,9,3
5,10,3
5,11,3
5,12,2
5,13,2
5,14,2
5,15,1
5,16,1
5,17,2
5,18,2
5,19,2
5,20,4
5,21,4
5,22,4
5,23,4
5,24,4
5,25,4
5,26,4
5,27,3
5,28,3
5,29,3
5,30,3
6,0,3
6,1,3
6,2,3
6,3,3
6,4,3
6,5,3
6,6,1
6,7,1
6,8,3
6,9,3
6,10,3
6,11,3
6,12,2
6,13,2
6,14,2
6,15,2
6,16,2
6,17,2
6,18,2
6,19,2
6,20,4
6,21,4
6,22,4
6,23,4
6,24,4
6,25,4
6,26,4
6,27,2
6,28,2
6,29,2
6,30,2
7,0,3
7,1,3
7,2,3
7,3,3
7,4,3
7,5,1
7,6,1
7,7,1
7,8,1
7,9,3
7,10,3
7,11,3
7,12,3
7,13,2
7,14,2
7,15,2
7,16,2
7,17,2
7,18,2
7,19,4
7,20,4
7,21,4
7,22,4
7,23,4
7,24,4
7,25,4
7,26,2
7,27,2
7,28,2
7,29,2
7,30,2
8,0,3
8,1,3
8,2,3
8,3,3
8,4,3
8,5,1
8,6,1
8,7,1
8,8,1
8,9,3
8,10,3
8,11,3
8,12,3
8,13,3
8,14,3
8,15,2
8,16,2
8,17,4
8,18,4
8,19,4
8,20,4
8,21,4
8,22,4
8,23,4
8,24,4
8,25,4
8,26,2
8,27,2
8,28,2
8,29,1
8,30,1
9,0,3
9,1,3
9,2,3
9,3,3
9,4,3
9,5,1
9,6,1
9,7,1
9,8,1
9,9,1
9,10,3
9,11,3
9,12,3
9,13,3
9,14,3
9,15,3
9,16,4
9,17,4
9,18,4
9,19,4
9,20,4
9,21,4
9,22,4
9,23,4
9,24,4
9,25,4
9,26,2
9,27,2
9,28,1
9,29,1
9,30,1
10,0,3
10,1,3
10,2,3
10,3,3
10,4,2
10,5,2
10,6,1
10,7,1
10,8,1
10,9,1
10,10,3
10,11,3
10,12,3
10,13,3
10,14,3
10,15,3
10,16,4
10,17,4
10,18,4
10,19,3
10,20,3
10,21,4
10,22,4
10,23,4
10,24,4
10,25,2
10,26,2
10,27,2
10,28,1
10,29,1
10,30,1
11,0,2
11,1,2
11,2,2
11,3,2
11,4,2
11,5,2
11,6,2
11,7,1
11,8,1
11,9,4
11,10,4
11,11,3
11,12,3
11,13,3
11,14,3
11,15,3
11,16,4
11,17,4
11,18,3
11,19,3
11,20,3
11,21,3
11,22,4
11,23,4
11,24,4
11,25,2
11,26,2
11,27,2
11,28,1
11,29,1
11,30,1
12,0,2
12,1,2
12,2,2
12,3,2
12,4,2
12,5,2
12,6,2
12,7,2
12,8,4
12,9,4
12,10,4
12,11,4
12,12,3
12,13,3
12,14,3
12,15,3
12,16,4
12,17,4
12,18,3
12,19,3
12,20,3
12,21,3
12,22,4
12,23,4
12,24,4
12,25,2
12,26,2
12,27,1
12,28,1
12,29,1
12,30,1
13,0,2
13,1,2
13,2,2
13,3,1
13,4,1
13,5,2
13,6,2
13,7,2
13,8,4
13,9,4
13,10,4
13,11,4
13,12,3
13,13,3
13,14,3
13,15,4
13,16,4
13,17,4
13,18,3
13,19,3
13,20,3
13,21,4
13,22,4
13,23,4
13,24,2
13,25,2
13,26,2
13,27,1
13,28,1
13,29,1
13,30,1
14,0,2
14,1,2
14,2,1
14,3,1
14,4,1
14,5,1
14,6,2
14,7,2
14,8,4
14,9,4
14,10,4
14,11,3
14,12,3
14,13,3
14,14,3
14,15,4
14,16,4
14,17,4
14,18,3
14,19,3
14,20,4
14,21,4
14,22,4
14,23,4
14,24,2
14,25,2
14,26,2
14,27,2
14,28,1
14,29,1
14,30,1
15,0,2
15,1,2
15,2,1
15,3,1
15,4,1
15,5,1
15,6,2
15,7,2
15,8,4
15,9,4
15,10,3
15,11,3
15,12,3
15,13,3
15,14,3
15,15,4
15,16,4
15,17,3
15,18,3
15,19,3
15,20,4
15,21,4
15,22,4
15,23,2
15,24,2
15,25,2
15,26,2
15,27,2
15,28,4
15,29,4
15,30,4
16,0,2
16,1,2
16,2,2
16,3,1
16,4,1
16,5,2
16,6,2
16,7,2
16,8,4
16,9,4
16,10,3
16,11,3
16,12,3
16,13,3
16,14,3
16,15,4
16,16,4
16,17,3
16,18,3
16,19,3
16,20,3
16,21,4
16,22,4
16,23,2
16,24,2
16,25,2
16,26,2
16,27,4
16,28,4
16,29,4
16,30,4
17,0,2
17,1,2
17,2,2
17,3,2
17,4,2
17,5,2
17,6,2
17,7,2
17,8,4
17,9,4
17,10,3
17,11,3
17,12,3
17,13,3
17,14,3
17,15,4
17,16,4
17,17,4
17,18,3
17,19,3
17,20,3
17,21,4
17,22,4
17,23,2
17,24,2
17,25,2
17,26,2
17,27,4
17,28,4
17,29,4
17,30,4
18,0,2
18,1,2
18,2,2
18,3,2
18,4,2
18,5,2
18,6,2
18,7,4
18,8,4
18,9,4
18,10,3
18,11,3
18,12,3
18,13,3
18,14,3
18,15,4
18,16,4
18,17,4
18,18,3
18,19,3
18,20,3
18,21,4
18,22,4
18,23,2
18,24,2
18,25,2
18,26,2
18,27,4
18,28,4
18,29,4
18,30,4
19,0,4
19,1,4
19,2,4
19,3,4
19,4,4
19,5,4
19,6,4
19,7,4
19,8,4
19,9,4
19,10,3
19,11,3
19,12,3
19,13,3
19,14,3
19,15,4
19,16,4
19,17,4
19,18,3
19,19,3
19,20,3
19,21,4
19,22,4
19,23,2
19,24,2
19,25,2
19,26,3
19,27,3
19,28,4
19,29,4
19,30,4
20,0,4
20,1,4
20,2,4
20,3,4
20,4,4
20,5,4
20,6,4
20,7,4
20,8,4
20,9,3
20,10,3
20,11,3
20,12,3
20,13,3
20,14,3
20,15,4
20,16,4
20,17,3
20,18,3
20,19,3
20,20,4
20,21,4
20,22,4
20,23,2
20,24,2
20,25,3
20,26,3
20,27,3
20,28,3
20,29,4
20,30,4
21,0,4
21,1,4
21,2,4
21,3,4
21,4,3
21,5,3
21,6,3
21,7,3
21,8,3
21,9,3
21,10,3
21,11,3
21,12,3
21,13,3
21,14,3
21,15,4
21,16,4
21,17,3
21,18,3
21,19,3
21,20,4
21,21,4
21,22,4
21,23,2
21,24,2
21,25,3
21,26,3
21,27,3
21,28,3
21,29,3
21,30,3
22,0,4
22,1,4
22,2,4
22,3,3
22,4,3
22,5,3
22,6,3
22,7,3
22,8,3
22,9,3
22,10,3
22,11,3
22,12,3
22,13,3
22,14,3
22,15,4
22,16,4
22,17,4
22,18,3
22,19,3
22,20,4
22,21,4
22,22,2
22,23,2
22,24,2
22,25,2
22,26,3
22,27,3
22,28,3
22,29,3
22,30,3
23,0,3
23,1,3
23,2,3
23,3,3
23,4,3
23,5,3
23,6,2
23,7,2
23,8,2
23,9,2
23,10,2
23,11,2
23,12,3
23,13,3
23,14,3
23,15,4
23,16,4
23,17,4
23,18,3
23,19,3
23,20,4
23,21,4
23,22,2
23,23,2
23,24,2
23,25,2
23,26,3
23,27,3
23,28,3
23,29,3
23,30,3
24,0,3
24,1,3
24,2,3
24,3,3
24,4,3
24,5,2
24,6,2
24,7,2
24,8,2
24,9,2
24,10,2
24,11,2
24,12,2
24,13,3
24,14,3
24,15,3
24,16,4
24,17,4
24,18,3
24,19,3
24,20,4
24,21,4
24,22,4
24,23,2
24,24,2
24,25,4
24,26,4
24,27,3
24,28,3
24,29,3
24,30,3
25,0,2
25,1,2
25,2,2
25,3,2
25,4,2
25,5,2
25,6,2
25,7,2
25,8,1
25,9,1
25,10,2
25,11,2
25,12,2
25,13,3
25,14,3
25,15,3
25,16,4
25,17,4
25,18,3
25,19,3
25,20,4
25,21,4
25,22,4
25,23,4
25,24,4
25,25,4
25,26,4
25,27,4
25,28,4
25,29,4
25,30,4
26,0,2
26,1,2
26,2,2
26,3,2
26,4,2
26,5,2
26,6,2
26,7,1
26,8,1
26,9,1
26,10,1
26,11,2
26,12,2
26,13,3
26,14,3
26,15,3
26,16,4
26,17,4
26,18,3
26,19,3
26,20,4
26,21,4
26,22,4
26,23,4
26,24,4
26,25,4
26,26,4
26,27,4
26,28,4
26,29,4
26,30,4
27,0,2
27,1,2
27,2,2
27,3,2
27,4,2
27,5,2
27,6,2
27,7,1
27,8,1
27,9,1
27,10,1
27,11,2
27,12,2
27,13,3
27,14,3
27,15,4
27,16,4
27,17,4
27,18,3
27,19,3
27,20,4
27,21,4
27,22,4
27,23,4
27,24,4
27,25,4
27,26,4
27,27,4
27,28,4
27,29,3
27,30,3
28,0,2
28,1,2
28,2,2
28,3,2
28,4,2
28,5,2
28,6,4
28,7,4
28,8,1
28,9,1
28,10,2
28,11,2
28,12,2
28,13,3
28,14,3
28,15,4
28,16,4
28,17,4
28,18,3
28,19,3
28,20,4
28,21,4
28,22,4
28,23,4
28,24,4
28,25,4
28,26,4
28,27,4
28,28,3
28,29,3
28,30,3
29,0,2
29,1,2
29,2,2
29,3,2
29,4,2
29,5,4
29,6,4
29,7,4
29,8,4
29,9,2
29,10,2
29,11,2
29,12,2
29,13,3
29,14,3
29,15,4
29,16,4
29,17,4
29,18,3
29,19,3
29,20,4
29,21,4
29,22,4
29,23,4
29,24,4
29,25,4
29,26,4
29,27,4
29,28,3
29,29,3
29,30,3
30,0,2
30,1,2
30,2,2
30,3,2
30,4,2
30,5,4
30,6,4
30,7,4
30,8,4
30,9,2
30,10,2
30,11,2
30,12,2
30,13,3
30,14,3
30,15,4
30,16,4
30,17,4
30,18,3
30,19,3
30,20,4
30,21,4
30,22,4
30,23,4
30,24,4
30,25,4
30,26,4
30,27,4
30,28,3
30,29,3
30,30,3