6
10
6
3
2,2
2,22
12,2
12,12
22,12
22,22
3,4,2
3,5,2
0,3,1
2,3,2
1,3,2
4,5,2
2,4,1
1,5,1
0,2,1
0,1,4
0,0,4
0,1,4
0,2,4
0,3,4
0,4,4
0,5,2
0,6,2
0,7,2
0,8,2
0,9,2
0,10,3
0,11,3
0,12,3
0,13,3
0,14,1
0,15,1
0,16,1
0,17,1
0,18,1
0,19,4
0,20,4
0,21,4
0,22,4
0,23,4
0,24,4
0,25,3
0,26,3
0,27,3
0,28,4
0,29,4
0,30,4
1,0,4
1,1,4
1,2,4
1,3,4
1,4,4
1,5,2
1,6,2
1,7,2
1,8,2
1,9,2
1,10,3
1,11,3
1,12,3
1,13,3
1,14,1
1,15,1
1,16,1
1,17,1
1,18,1
1,19,4
1,20,4
1,21,4
1,22,4
1,23,4
1,24,4
1,25,3
1,26,3
1,27,3
1,28,4
1,29,4
1,30,4
2,0,4
2,1,4
2,2,4
2,3,4
2,4,4
2,5,2
2,6,2
2,7,2
2,8,2
2,9,2
2,10,3
2,11,3
2,12,3
2,13,1
2,14,1
2,15,1
2,16,1
2,17,1
2,18,4
2,19,4
2,20,4
2,21,4
2,22,4
2,23,4
2,24,4
2,25,4
2,26,3
2,27,3
2,28,3
2,29,4
2,30,4
3,0,4
3,1,4
3,2,4
3,3,4
3,4,4
3,5,2
3,6,2
3,7,2
3,8,2
3,9,3
3,10,3
3,11,3
3,12,1
3,13,1
3,14,1
3,15,1
3,16,2
3,17,2
3,18,4
3,19,4
3,20,4
3,21,4
3,22,4
3,23,4
3,24,4
3,25,4
3,26,3
3,27,3
3,28,3
3,29,3
3,30,3
4,0,4
4,1,4
4,2,4
4,3,4
4,4,4
4,5,2
4,6,2
4,7,2
4,8,2
4,9,3
4,10,3
4,11,3
4,12,1
4,13,1
4,14,1
4,15,2
4,16,2
4,17,2
4,18,2
4,19,4
4,20,4
4,21,4
4,22,4
4,23,4
4,24,4
4,25,1
4,26,1
4,27,3
4,28,3
4,29,3
4,30,3
5,0,4
5,1,4
5,2,4
5,3,4
5,4,4
5,5,4
5,6,2
5,7,2
5,8,3
5,9,3
5,10,3
5,11,1
5,12,1
5,13,1
5,14,1
5,15,2
5,16,2
5,17,2
5,18,2
5,19,4
5,20,4
5,21,4
5,22,4
5,23,4
5,24,1
5,25,1
5,26,1
5,27,1
5,28,1
5,29,1
5,30,1
6,0,4
6,1,4
6,2,4
6,3,4
6,4,4
6,5,4
6,6,3
6,7,3
6,8,3
6,9,3
6,10,3
6,11,1
6,12,1
6,13,1
6,14,1
6,15,1
6,16,2
6,17,2
6,18,4
6,19,4
6,20,4
6,21,4
6,22,4
6,23,4
6,24,1
6,25,1
6,26,1
6,27,1
6,28,1
6,29,1
6,30,1
7,0,4
7,1,4
7,2,4
7,3,4
7,4,4
7,5,3
7,6,3
7,7,3
7,8,3
7,9,3
7,10,4
7,11,4
7,12,1
7,13,1
7,14,1
7,15,1
7,16,1
7,17,4
7,18,4
7,19,4
7,20,4
7,21,4
7,22,4
7,23,4
7,24,4
7,25,1
7,26,1
7,27,1
7,28,1
7,29,1
7,30,1
8,0,4
8,1,4
8,2,4
8,3,4
8,4,4
8,5,3
8,6,3
8,7,3
8,8,3
8,9,4
8,10,4
8,11,4
8,12,4
8,13,1
8,14,1
8,15,1
8,16,1
8,17,4
8,18,4
8,19,4
8,20,2
8,21,2
8,22,4
8,23,4
8,24,4
8,25,1
8,26,1
8,27,1
8,28,1
8,29,1
8,30,1
9,0,4
9,1,4
9,2,4
9,3,4
9,4,2
9,5,2
9,6,3
9,7,3
9,8,4
9,9,4
9,10,4
9,11,4
9,12,4
9,13,4
9,14,1
9,15,1
9,16,4
9,17,4
9,18,4
9,19,2
9,20,2
9,21,2
9,22,2
9,23,4
9,24,4
9,25,1
9,26,1
9,27,1
9,28,1
9,29,1
9,30,1
10,0,2
10,1,2
10,2,2
10,3,2
10,4,2
10,5,2
10,6,2
10,7,4
10,8,4
10,9,4
10,10,4
10,11,4
10,12,4
10,13,4
10,14,4
10,15,4
10,16,4
10,17,4
10,18,4
10,19,2
10,20,2
10,21,2
10,22,2
10,23,4
10,24,4
10,25,4
10,26,1
10,27,1
10,28,1
10,29,1
10,30,1
11,0,2
11,1,2
11,2,2
11,3,2
11,4,2
11,5,2
11,6,2
11,7,4
11,8,4
11,9,4
11,10,4
11,11,4
11,12,4
11,13,4
11,14,4
11,15,4
11,16,4
11,17,4
11,18,4
11,19,2
11,20,2
11,21,2
11,22,2
11,23,4
11,24,4
11,25,4
11,26,2
11,27,2
11,28,1
11,29,1
11,30,1
12,0,2
12,1,2
12,2,2
12,3,2
12,4,2
12,5,2
12,6,2
12,7,2
12,8,4
12,9,4
12,10,4
12,11,4
12,12,4
12,13,4
12,14,4
12,15,4
12,16,4
12,17,4
12,18,1
12,19,1
12,20,2
12,21,2
12,22,4
12,23,4
12,24,4
12,25,2
12,26,2
12,27,2
12,28,2
12,29,2
12,30,2
13,0,2
13,1,2
13,2,2
13,3,2
13,4,2
13,5,2
13,6,2
13,7,2
13,8,2
13,9,4
13,10,4
13,11,4
13,12,4
13,13,4
13,14,4
13,15,4
13,16,4
13,17,1
13,18,1
13,19,1
13,20,1
13,21,4
13,22,4
13,23,4
13,24,4
13,25,2
13,26,2
13,27,2
13,28,2
13,29,2
13,30,2
14,0,2
14,1,2
14,2,2
14,3,2
14,4,2
14,5,2
14,6,2
14,7,2
14,8,2
14,9,2
14,10,4
14,11,4
14,12,4
14,13,4
14,14,4
14,15,4
14,16,1
14,17,1
14,18,1
14,19,1
14,20,1
14,21,4
14,22,4
14,23,4
14,24,4
14,25,2
14,26,2
14,27,2
14,28,2
14,29,2
14,30,2
15,0,4
15,1,4
15,2,2
15,3,2
15,4,3
15,5,3
15,6,2
15,7,2
15,8,2
15,9,2
15,10,3
15,11,3
15,12,3
15,13,3
15,14,3
15,15,3
15,16,1
15,17,1
15,18,1
15,19,1
15,20,2
15,21,2
15,22,4
15,23,4
15,24,1
15,25,1
15,26,2
15,27,2
15,28,2
15,29,2
15,30,2
16,0,4
16,1,4
16,2,4
16,3,3
16,4,3
16,5,3
16,6,3
16,7,2
16,8,2
16,9,3
16,10,3
16,11,3
16,12,3
16,13,3
16,14,3
16,15,3
16,16,3
16,17,1
16,18,1
16,19,2
16,20,2
16,21,2
16,22,2
16,23,1
16,24,1
16,25,1
16,26,1
16,27,2
16,28,2
16,29,2
16,30,2
17,0,4
17,1,4
17,2,4
17,3,3
17,4,3
17,5,3
17,6,3
17,7,3
17,8,3
17,9,3
17,10,3
17,11,3
17,12,2
17,13,2
17,14,3
17,15,3
17,16,3
17,17,3
17,18,2
17,19,2
17,20,2
17,21,2
17,22,2
17,23,1
17,24,1
17,25,1
17,26,1
17,27,2
17,28,2
17,29,2
17,30,2
18,0,4
18,1,4
18,2,4
18,3,4
18,4,3
18,5,3
18,6,3
18,7,3
18,8,3
18,9,3
18,10,3
18,11,2
18,12,2
18,13,2
18,14,2
18,15,3
18,16,3
18,17,3
18,18,2
18,19,2
18,20,2
18,21,2
18,22,1
18,23,1
18,24,1
18,25,1
18,26,2
18,27,2
18,28,2
18,29,2
18,30,2
19,0,4
19,1,4
19,2,4
19,3,4
19,4,1
19,5,1
19,6,3
19,7,3
19,8,3
19,9,3
19,10,2
19,11,2
19,12,2
19,13,2
19,14,2
19,15,2
19,16,3
19,17,3
19,18,3
19,19,2
19,20,2
19,21,1
19,22,1
19,23,1
19,24,1
19,25,1
19,26,2
19,27,2
19,28,2
19,29,1
19,30,1
20,0,4
20,1,4
20,2,4
20,3,1
20,4,1
20,5,1
20,6,1
20,7,3
20,8,3
20,9,2
20,10,2
20,11,2
20,12,2
20,13,2
20,14,2
20,15,2
20,16,3
20,17,3
20,18,3
20,19,3
20,20,1
20,21,1
20,22,1
20,23,1
20,24,1
20,25,1
20,26,2
20,27,2
20,28,1
20,29,1
20,30,1
21,0,4
21,1,4
21,2,1
21,3,1
21,4,1
21,5,1
21,6,1
21,7,4
21,8,4
21,9,2
21,10,2
21,11,2
21,12,2
21,13,2
21,14,2
21,15,2
21,16,2
21,17,3
21,18,3
21,19,3
21,20,1
21,21,1
21,22,1
21,23,1
21,24,1
21,25,1
21,26,2
21,27,2
21,28,1
21,29,1
21,30,1
22,0,4
22,1,4
22,2,1
22,3,1
22,4,1
22,5,1
22,6,4
22,7,4
22,8,4
22,9,4
22,10,2
22,11,2
22,12,2
22,13,2
22,14,2
22,15,2
22,16,2
22,17,2
22,18,3
22,19,3
22,20,1
22,21,1
22,22,1
22,23,1
22,24,1
22,25,1
22,26,2
22,27,2
22,28,2
22,29,1
22,30,1
23,0,4
23,1,4
23,2,4
23,3,1
23,4,1
23,5,4
23,6,4
23,7,4
23,8,4
23,9,4
23,10,2
23,11,2
23,12,2
23,13,2
23,14,2
23,15,2
23,16,2
23,17,2
23,18,3
23,19,3
23,20,1
23,21,1
23,22,1
23,23,1
23,24,1
23,25,1
23,26,2
23,27,2
23,28,2
23,29,2
23,30,2
24,0,4
24,1,4
24,2,4
24,3,4
24,4,4
24,5,4
24,6,4
24,7,4
24,8,4
24,9,2
24,10,2
24,11,2
24,12,2
24,13,2
24,14,2
24,15,2
24,16,2
24,17,3
24,18,3
24,19,3
24,20,1
24,21,1
24,22,1
24,23,1
24,24,1
24,25,3
24,26,3
24,27,2
24,28,2
24,29,2
24,30,2
25,0,4
25,1,4
25,2,4
25,3,4
25,4,4
25,5,4
25,6,4
25,7,4
25,8,4
25,9,2
25,10,2
25,11,2
25,12,1
25,13,1
25,14,2
25,15,2
25,16,3
25,17,3
25,18,3
25,19,3
25,20,1
25,21,1
25,22,1
25,23,1
25,24,3
25,25,3
25,26,3
25,27,3
25,28,3
25,29,3
25,30,3
26,0,2
26,1,2
26,2,2
26,3,2
26,4,2
26,5,4
26,6,4
26,7,4
26,8,4
26,9,2
26,10,2
26,11,1
26,12,1
26,13,1
26,14,1
26,15,3
26,16,3
26,17,3
26,18,3
26,19,3
26,20,1
26,21,1
26,22,1
26,23,1
26,24,3
26,25,3
26,26,3
26,27,3
26,28,3
26,29,3
26,30,3
27,0,2
27,1,2
27,2,2
27,3,2
27,4,2
27,5,2
27,6,4
27,7,4
27,8,2
27,9,2
27,10,2
27,11,1
27,12,1
27,13,1
27,14,1
27,15,3
27,16,3
27,17,3
27,18,3
27,19,4
27,20,4
27,21,1
27,22,1
27,23,2
27,24,2
27,25,3
27,26,3
27,27,3
27,28,3
27,29,3
27,30,3
28,0,4
28,1,4
28,2,2
28,3,2
28,4,2
28,5,2
28,6,4
28,7,4
28,8,2
28,9,2
28,10,2
28,11,1
28,12,1
28,13,1
28,14,3
28,15,3
28,16,3
28,17,3
28,18,4
28,19,4
28,20,4
28,21,4
28,22,2
28,23,2
28,24,2
28,25,2
28,26,3
28,27,3
28,28,3
28,29,3
28,30,3
29,0,4
29,1,4
29,2,4
29,3,2
29,4,2
29,5,4
29,6,4
29,7,4
29,8,2
29,9,2
29,10,1
29,11,1
29,12,1
29,13,3
29,14,3
29,15,3
29,16,3
29,17,3
29,18,4
29,19,4
29,20,4
29,21,4
29,22,2
29,23,2
29,24,2
29,25,2
29,26,2
29,27,3
29,28,3
29,29,3
29,30,3
30,0,4
30,1,4
30,2,4
30,3,2
30,4,2
30,5,4
30,6,4
30,7,4
30,8,2
30,9,2
30,10,1
30,11,1
30,12,1
30,13,3
30,14,3
30,15,3
30,16,3
30,17,3
30,18,4
30,19,4
30,20,4
30,21,4
30,22,2
30,23,2
30,24,2
30,25,2
30,26,2
30,27,3
30,28,3
30,29,3
30,30,3