5
8
4
3
2,2
2,22
12,12
22,2
22,22
2,3,1
3,4,1
0,3,1
1,2,1
2,4,2
0,2,1
1,4,3
0,1,4
0,0,4
0,1,4
0,2,4
0,3,4
0,4,4
0,5,3
0,6,3
0,7,2
0,8,2
0,9,2
0,10,2
0,11,2
0,12,2
0,13,1
0,14,1
0,15,1
0,16,1
0,17,1
0,18,4
0,19,4
0,20,4
0,21,4
0,22,4
0,23,4
0,24,4
0,25,4
0,26,2
0,27,2
0,28,2
0,29,2
0,30,2
1,0,4
1,1,4
1,2,4
1,3,4
1,4,4
1,5,3
1,6,3
1,7,2
1,8,2
1,9,2
1,10,2
1,11,2
1,12,2
1,13,1
1,14,1
1,15,1
1,16,1
1,17,1
1,18,4
1,19,4
1,20,4
1,21,4
1,22,4
1,23,4
1,24,4
1,25,4
1,26,2
1,27,2
1,28,2
1,29,2
1,30,2
2,0,4
2,1,4
2,2,4
2,3,4
2,4,4
2,5,3
2,6,3
2,7,3
2,8,2
2,9,2
2,10,2
2,11,2
2,12,2
2,13,1
2,14,1
2,15,1
2,16,1
2,17,1
2,18,1
2,19,4
2,20,4
2,21,4
2,22,4
2,23,4
2,24,4
2,25,4
2,26,2
2,27,2
2,28,2
2,29,2
2,30,2
3,0,4
3,1,4
3,2,4
3,3,4
3,4,4
3,5,3
3,6,3
3,7,3
3,8,3
3,9,2
3,10,2
3,11,2
3,12,2
3,13,2
3,14,1
3,15,1
3,16,1
3,17,1
3,18,1
3,19,1
3,20,4
3,21,4
3,22,4
3,23,4
3,24,4
3,25,4
3,26,4
3,27,2
3,28,2
3,29,2
3,30,2
4,0,4
4,1,4
4,2,4
4,3,4
4,4,4
4,5,3
4,6,3
4,7,3
4,8,3
4,9,3
4,10,3
4,11,2
4,12,2
4,13,2
4,14,2
4,15,1
4,16,1
4,17,1
4,18,1
4,19,1
4,20,4
4,21,4
4,22,4
4,23,4
4,24,4
4,25,4
4,26,4
4,27,4
4,28,2
4,29,2
4,30,2
5,0,4
5,1,4
5,2,4
5,3,4
5,4,2
5,5,2
5,6,3
5,7,3
5,8,3
5,9,3
5,10,3
5,11,3
5,12,2
5,13,2
5,14,2
5,15,4
5,16,4
5,17,1
5,18,1
5,19,2
5,20,2
5,21,4
5,22,4
5,23,3
5,24,3
5,25,4
5,26,4
5,27,4
5,28,4
5,29,4
5,30,4
6,0,4
6,1,4
6,2,4
6,3,2
6,4,2
6,5,2
6,6,2
6,7,3
6,8,3
6,9,3
6,10,3
6,11,3
6,12,2
6,13,2
6,14,4
6,15,4
6,16,4
6,17,4
6,18,2
6,19,2
6,20,2
6,21,2
6,22,3
6,23,3
6,24,3
6,25,3
6,26,4
6,27,4
6,28,4
6,29,4
6,30,4
7,0,4
7,1,4
7,2,4
7,3,2
7,4,2
7,5,2
7,6,2
7,7,3
7,8,3
7,9,3
7,10,3
7,11,3
7,12,2
7,13,2
7,14,4
7,15,4
7,16,4
7,17,4
7,18,2
7,19,2
7,20,2
7,21,2
7,22,3
7,23,3
7,24,3
7,25,3
7,26,4
7,27,4
7,28,4
7,29,4
7,30,4
8,0,4
8,1,4
8,2,4
8,3,2
8,4,2
8,5,2
8,6,2
8,7,3
8,8,3
8,9,3
8,10,3
8,11,2
8,12,2
8,13,2
8,14,4
8,15,4
8,16,4
8,17,4
8,18,2
8,19,2
8,20,2
8,21,3
8,22,3
8,23,3
8,24,3
8,25,3
8,26,4
8,27,4
8,28,4
8,29,4
8,30,4
9,0,4
9,1,4
9,2,2
9,3,2
9,4,2
9,5,2
9,6,4
9,7,4
9,8,3
9,9,3
9,10,2
9,11,2
9,12,2
9,13,2
9,14,4
9,15,4
9,16,4
9,17,4
9,18,4
9,19,2
9,20,2
9,21,3
9,22,3
9,23,3
9,24,3
9,25,2
9,26,2
9,27,4
9,28,4
9,29,1
9,30,1
10,0,2
10,1,2
10,2,2
10,3,2
10,4,2
10,5,4
10,6,4
10,7,4
10,8,4
10,9,2
10,10,2
10,11,2
10,12,2
10,13,2
10,14,2
10,15,4
10,16,4
10,17,4
10,18,4
10,19,2
10,20,2
10,21,2
10,22,3
10,23,3
10,24,2
10,25,2
10,26,2
10,27,2
10,28,1
10,29,1
10,30,1
11,0,2
11,1,2
11,2,2
11,3,2
11,4,4
11,5,4
11,6,4
11,7,4
11,8,4
11,9,2
11,10,2
11,11,2
11,12,2
11,13,2
11,14,2
11,15,2
11,16,4
11,17,4
11,18,2
11,19,2
11,20,2
11,21,2
11,22,2
11,23,2
11,24,2
11,25,2
11,26,2
11,27,2
11,28,1
11,29,1
11,30,1
12,0,4
12,1,4
12,2,4
12,3,4
12,4,4
12,5,4
12,6,4
12,7,4
12,8,4
12,9,2
12,10,2
12,11,2
12,12,2
12,13,2
12,14,2
12,15,2
12,16,3
12,17,3
12,18,2
12,19,2
12,20,2
12,21,2
12,22,2
12,23,2
12,24,2
12,25,2
12,26,2
12,27,2
12,28,1
12,29,1
12,30,1
13,0,4
13,1,4
13,2,4
13,3,4
13,4,4
13,5,4
13,6,4
13,7,4
13,8,2
13,9,2
13,10,2
13,11,2
13,12,2
13,13,2
13,14,2
13,15,3
13,16,3
13,17,3
13,18,3
13,19,2
13,20,2
13,21,4
13,22,4
13,23,4
13,24,4
13,25,2
13,26,2
13,27,4
13,28,4
13,29,1
13,30,1
14,0,2
14,1,2
14,2,2
14,3,2
14,4,4
14,5,4
14,6,1
14,7,1
14,8,2
14,9,2
14,10,2
14,11,2
14,12,2
14,13,2
14,14,2
14,15,3
14,16,3
14,17,3
14,18,3
14,19,3
14,20,4
14,21,4
14,22,4
14,23,4
14,24,4
14,25,4
14,26,4
14,27,4
14,28,4
14,29,4
14,30,4
15,0,2
15,1,2
15,2,2
15,3,2
15,4,2
15,5,1
15,6,1
15,7,1
15,8,1
15,9,2
15,10,2
15,11,2
15,12,2
15,13,2
15,14,2
15,15,2
15,16,3
15,17,3
15,18,3
15,19,3
15,20,4
15,21,4
15,22,4
15,23,4
15,24,4
15,25,4
15,26,4
15,27,4
15,28,4
15,29,4
15,30,4
16,0,1
16,1,1
16,2,2
16,3,2
16,4,2
16,5,1
16,6,1
16,7,1
16,8,1
16,9,2
16,10,2
16,11,2
16,12,2
16,13,2
16,14,2
16,15,2
16,16,3
16,17,3
16,18,3
16,19,3
16,20,4
16,21,4
16,22,4
16,23,4
16,24,3
16,25,3
16,26,3
16,27,3
16,28,3
16,29,3
16,30,3
17,0,1
17,1,1
17,2,1
17,3,2
17,4,2
17,5,2
17,6,1
17,7,1
17,8,3
17,9,3
17,10,2
17,11,2
17,12,2
17,13,2
17,14,2
17,15,3
17,16,3
17,17,3
17,18,3
17,19,3
17,20,3
17,21,4
17,22,4
17,23,3
17,24,3
17,25,3
17,26,3
17,27,3
17,28,3
17,29,3
17,30,3
18,0,1
18,1,1
18,2,1
18,3,2
18,4,2
18,5,2
18,6,2
18,7,3
18,8,3
18,9,3
18,10,3
18,11,3
18,12,3
18,13,3
18,14,3
18,15,3
18,16,3
18,17,3
18,18,3
18,19,3
18,20,3
18,21,4
18,22,4
18,23,3
18,24,3
18,25,3
18,26,3
18,27,2
18,28,2
18,29,3
18,30,3
19,0,1
19,1,1
19,2,3
19,3,3
19,4,2
19,5,2
19,6,2
19,7,3
19,8,3
19,9,3
19,10,3
19,11,3
19,12,3
19,13,3
19,14,3
19,15,3
19,16,3
19,17,3
19,18,3
19,19,3
19,20,4
19,21,4
19,22,4
19,23,4
19,24,3
19,25,3
19,26,2
19,27,2
19,28,2
19,29,2
19,30,2
20,0,3
20,1,3
20,2,3
20,3,3
20,4,3
20,5,2
20,6,2
20,7,2
20,8,3
20,9,3
20,10,3
20,11,3
20,12,3
20,13,3
20,14,3
20,15,3
20,16,3
20,17,3
20,18,3
20,19,4
20,20,4
20,21,4
20,22,4
20,23,4
20,24,4
20,25,4
20,26,2
20,27,2
20,28,2
20,29,2
20,30,2
21,0,3
21,1,3
21,2,3
21,3,3
21,4,3
21,5,2
21,6,2
21,7,2
21,8,2
21,9,3
21,10,3
21,11,1
21,12,1
21,13,1
21,14,3
21,15,3
21,16,3
21,17,3
21,18,3
21,19,4
21,20,4
21,21,4
21,22,4
21,23,4
21,24,4
21,25,4
21,26,4
21,27,2
21,28,2
21,29,2
21,30,2
22,0,3
22,1,3
22,2,3
22,3,3
22,4,3
22,5,3
22,6,2
22,7,2
22,8,2
22,9,2
22,10,1
22,11,1
22,12,1
22,13,1
22,14,1
22,15,3
22,16,3
22,17,3
22,18,3
22,19,3
22,20,4
22,21,4
22,22,4
22,23,4
22,24,4
22,25,4
22,26,4
22,27,2
22,28,2
22,29,2
22,30,2
23,0,3
23,1,3
23,2,3
23,3,3
23,4,3
23,5,3
23,6,2
23,7,2
23,8,2
23,9,2
23,10,1
23,11,1
23,12,1
23,13,1
23,14,1
23,15,2
23,16,2
23,17,3
23,18,3
23,19,3
23,20,4
23,21,4
23,22,4
23,23,4
23,24,4
23,25,4
23,26,3
23,27,3
23,28,2
23,29,2
23,30,2
24,0,3
24,1,3
24,2,3
24,3,3
24,4,3
24,5,3
24,6,3
24,7,2
24,8,2
24,9,1
24,10,1
24,11,1
24,12,1
24,13,1
24,14,2
24,15,2
24,16,2
24,17,2
24,18,3
24,19,3
24,20,4
24,21,4
24,22,4
24,23,4
24,24,4
24,25,3
24,26,3
24,27,3
24,28,3
24,29,3
24,30,3
25,0,3
25,1,3
25,2,3
25,3,3
25,4,3
25,5,3
25,6,3
25,7,1
25,8,1
25,9,1
25,10,1
25,11,1
25,12,1
25,13,2
25,14,2
25,15,2
25,16,2
25,17,2
25,18,3
25,19,3
25,20,3
25,21,4
25,22,4
25,23,4
25,24,3
25,25,3
25,26,3
25,27,3
25,28,3
25,29,3
25,30,3
26,0,1
26,1,1
26,2,1
26,3,3
26,4,3
26,5,3
26,6,1
26,7,1
26,8,1
26,9,1
26,10,1
26,11,3
26,12,3
26,13,2
26,14,2
26,15,2
26,16,2
26,17,2
26,18,3
26,19,3
26,20,3
26,21,3
26,22,3
26,23,3
26,24,3
26,25,3
26,26,3
26,27,4
26,28,4
26,29,4
26,30,4
27,0,1
27,1,1
27,2,1
27,3,1
27,4,1
27,5,1
27,6,1
27,7,1
27,8,1
27,9,3
27,10,3
27,11,3
27,12,3
27,13,3
27,14,2
27,15,2
27,16,2
27,17,4
27,18,4
27,19,3
27,20,3
27,21,3
27,22,3
27,23,3
27,24,3
27,25,3
27,26,4
27,27,4
27,28,4
27,29,4
27,30,4
28,0,1
28,1,1
28,2,1
28,3,1
28,4,1
28,5,1
28,6,1
28,7,1
28,8,3
28,9,3
28,10,3
28,11,3
28,12,3
28,13,3
28,14,4
28,15,4
28,16,4
28,17,4
28,18,4
28,19,4
28,20,4
28,21,4
28,22,4
28,23,4
28,24,4
28,25,4
28,26,4
28,27,4
28,28,4
28,29,1
28,30,1
29,0,3
29,1,3
29,2,3
29,3,3
29,4,3
29,5,3
29,6,3
29,7,3
29,8,3
29,9,3
29,10,3
29,11,3
29,12,3
29,13,4
29,14,4
29,15,4
29,16,4
29,17,4
29,18,4
29,19,4
29,20,4
29,21,4
29,22,4
29,23,4
29,24,4
29,25,4
29,26,4
29,27,4
29,28,1
29,29,1
29,30,1
30,0,3
30,1,3
30,2,3
30,3,3
30,4,3
30,5,3
30,6,3
30,7,3
30,8,3
30,9,3
30,10,3
30,11,3
30,12,3
30,13,4
30,14,4
30,15,4
30,16,4
30,17,4
30,18,4
30,19,4
30,20,4
30,21,4
30,22,4
30,23,4
30,24,4
30,25,4
30,26,4
30,27,4
30,28,1
30,29,1
30,30,1