5
8
4
2
2,17
12,7
12,17
12,27
22,17
2,3,1
0,2,2
2,4,1
1,2,1
0,3,2
3,4,1
0,1,1
1,4,1
0,0,4
0,1,4
0,2,2
0,3,2
0,4,2
0,5,3
0,6,3
0,7,3
0,8,4
0,9,4
0,10,4
0,11,4
0,12,3
0,13,3
0,14,3
0,15,3
0,16,3
0,17,3
0,18,3
0,19,3
0,20,4
0,21,4
0,22,4
0,23,4
0,24,4
0,25,4
0,26,4
0,27,4
0,28,2
0,29,2
0,30,2
1,0,4
1,1,4
1,2,2
1,3,2
1,4,2
1,5,3
1,6,3
1,7,3
1,8,4
1,9,4
1,10,4
1,11,4
1,12,3
1,13,3
1,14,3
1,15,3
1,16,3
1,17,3
1,18,3
1,19,3
1,20,4
1,21,4
1,22,4
1,23,4
1,24,4
1,25,4
1,26,4
1,27,4
1,28,2
1,29,2
1,30,2
2,0,4
2,1,4
2,2,2
2,3,2
2,4,2
2,5,3
2,6,3
2,7,3
2,8,3
2,9,4
2,10,4
2,11,3
2,12,3
2,13,3
2,14,3
2,15,3
2,16,3
2,17,3
2,18,3
2,19,3
2,20,4
2,21,4
2,22,4
2,23,4
2,24,4
2,25,4
2,26,4
2,27,4
2,28,4
2,29,2
2,30,2
3,0,4
3,1,4
3,2,4
3,3,2
3,4,2
3,5,3
3,6,3
3,7,3
3,8,3
3,9,4
3,10,4
3,11,3
3,12,3
3,13,3
3,14,3
3,15,3
3,16,3
3,17,3
3,18,3
3,19,3
3,20,3
3,21,4
3,22,4
3,23,4
3,24,4
3,25,4
3,26,4
3,27,4
3,28,4
3,29,4
3,30,4
4,0,4
4,1,4
4,2,4
4,3,2
4,4,2
4,5,3
4,6,3
4,7,3
4,8,3
4,9,4
4,10,4
4,11,4
4,12,3
4,13,3
4,14,3
4,15,3
4,16,3
4,17,3
4,18,3
4,19,3
4,20,3
4,21,3
4,22,4
4,23,4
4,24,4
4,25,4
4,26,4
4,27,4
4,28,4
4,29,4
4,30,4
5,0,4
5,1,4
5,2,2
5,3,2
5,4,2
5,5,2
5,6,3
5,7,3
5,8,3
5,9,4
5,10,4
5,11,4
5,12,2
5,13,2
5,14,2
5,15,2
5,16,3
5,17,3
5,18,3
5,19,3
5,20,3
5,21,3
5,22,2
5,23,2
5,24,4
5,25,4
5,26,4
5,27,4
5,28,2
5,29,2
5,30,2
6,0,1
6,1,1
6,2,2
6,3,2
6,4,2
6,5,2
6,6,2
6,7,3
6,8,3
6,9,4
6,10,4
6,11,2
6,12,2
6,13,2
6,14,2
6,15,2
6,16,2
6,17,3
6,18,3
6,19,3
6,20,3
6,21,2
6,22,2
6,23,2
6,24,2
6,25,4
6,26,4
6,27,2
6,28,2
6,29,2
6,30,2
7,0,1
7,1,1
7,2,1
7,3,2
7,4,2
7,5,2
7,6,2
7,7,3
7,8,3
7,9,4
7,10,4
7,11,2
7,12,2
7,13,2
7,14,2
7,15,2
7,16,2
7,17,4
7,18,4
7,19,4
7,20,4
7,21,2
7,22,2
7,23,2
7,24,2
7,25,2
7,26,2
7,27,2
7,28,2
7,29,2
7,30,2
8,0,1
8,1,1
8,2,1
8,3,2
8,4,2
8,5,2
8,6,3
8,7,3
8,8,3
8,9,4
8,10,4
8,11,4
8,12,2
8,13,2
8,14,2
8,15,2
8,16,4
8,17,4
8,18,4
8,19,4
8,20,4
8,21,4
8,22,2
8,23,2
8,24,2
8,25,2
8,26,2
8,27,2
8,28,2
8,29,2
8,30,2
9,0,1
9,1,1
9,2,2
9,3,2
9,4,2
9,5,3
9,6,3
9,7,3
9,8,3
9,9,4
9,10,4
9,11,4
9,12,2
9,13,2
9,14,2
9,15,2
9,16,4
9,17,4
9,18,4
9,19,4
9,20,4
9,21,4
9,22,2
9,23,2
9,24,2
9,25,2
9,26,3
9,27,3
9,28,2
9,29,2
9,30,2
10,0,2
10,1,2
10,2,2
10,3,2
10,4,2
10,5,3
10,6,3
10,7,3
10,8,3
10,9,3
10,10,4
10,11,4
10,12,4
10,13,2
10,14,2
10,15,4
10,16,4
10,17,4
10,18,4
10,19,4
10,20,4
10,21,2
10,22,2
10,23,2
10,24,2
10,25,3
10,26,3
10,27,3
10,28,3
10,29,3
10,30,3
11,0,2
11,1,2
11,2,2
11,3,2
11,4,2
11,5,3
11,6,3
11,7,3
11,8,3
11,9,3
11,10,4
11,11,4
11,12,4
11,13,4
11,14,4
11,15,4
11,16,4
11,17,4
11,18,4
11,19,4
11,20,4
11,21,2
11,22,2
11,23,2
11,24,2
11,25,3
11,26,3
11,27,3
11,28,3
11,29,3
11,30,3
12,0,3
12,1,3
12,2,2
12,3,2
12,4,3
12,5,3
12,6,3
12,7,3
12,8,3
12,9,3
12,10,3
12,11,4
12,12,4
12,13,4
12,14,4
12,15,4
12,16,4
12,17,4
12,18,4
12,19,4
12,20,4
12,21,4
12,22,2
12,23,2
12,24,3
12,25,3
12,26,3
12,27,3
12,28,3
12,29,3
12,30,3
13,0,3
13,1,3
13,2,3
13,3,3
13,4,3
13,5,3
13,6,3
13,7,3
13,8,3
13,9,3
13,10,3
13,11,3
13,12,4
13,13,4
13,14,4
13,15,4
13,16,4
13,17,4
13,18,4
13,19,4
13,20,4
13,21,4
13,22,4
13,23,4
13,24,3
13,25,3
13,26,3
13,27,3
13,28,3
13,29,3
13,30,3
14,0,3
14,1,3
14,2,3
14,3,3
14,4,3
14,5,3
14,6,3
14,7,3
14,8,3
14,9,3
14,10,3
14,11,3
14,12,4
14,13,4
14,14,4
14,15,4
14,16,4
14,17,4
14,18,4
14,19,4
14,20,4
14,21,4
14,22,4
14,23,4
14,24,4
14,25,3
14,26,3
14,27,3
14,28,3
14,29,3
14,30,3
15,0,4
15,1,4
15,2,4
15,3,4
15,4,3
15,5,3
15,6,4
15,7,4
15,8,3
15,9,3
15,10,3
15,11,3
15,12,4
15,13,4
15,14,4
15,15,4
15,16,4
15,17,4
15,18,4
15,19,4
15,20,4
15,21,4
15,22,4
15,23,4
15,24,4
15,25,3
15,26,3
15,27,3
15,28,3
15,29,4
15,30,4
16,0,4
16,1,4
16,2,4
16,3,4
16,4,4
16,5,4
16,6,4
16,7,4
16,8,4
16,9,3
16,10,3
16,11,4
16,12,4
16,13,4
16,14,4
16,15,4
16,16,4
16,17,4
16,18,4
16,19,4
16,20,4
16,21,4
16,22,4
16,23,4
16,24,4
16,25,4
16,26,3
16,27,3
16,28,4
16,29,4
16,30,4
17,0,4
17,1,4
17,2,4
17,3,4
17,4,4
17,5,4
17,6,4
17,7,4
17,8,4
17,9,4
17,10,4
17,11,4
17,12,4
17,13,4
17,14,3
17,15,3
17,16,4
17,17,4
17,18,4
17,19,4
17,20,2
17,21,2
17,22,4
17,23,4
17,24,4
17,25,4
17,26,2
17,27,2
17,28,4
17,29,4
17,30,4
18,0,1
18,1,1
18,2,1
18,3,4
18,4,4
18,5,1
18,6,1
18,7,4
18,8,4
18,9,4
18,10,4
18,11,4
18,12,4
18,13,3
18,14,3
18,15,3
18,16,3
18,17,4
18,18,4
18,19,2
18,20,2
18,21,2
18,22,2
18,23,4
18,24,4
18,25,2
18,26,2
18,27,2
18,28,2
18,29,4
18,30,4
19,0,1
19,1,1
19,2,1
19,3,1
19,4,1
19,5,1
19,6,1
19,7,1
19,8,4
19,9,4
19,10,2
19,11,2
19,12,2
19,13,3
19,14,3
19,15,3
19,16,3
19,17,3
19,18,3
19,19,2
19,20,2
19,21,2
19,22,2
19,23,1
19,24,1
19,25,2
19,26,2
19,27,2
19,28,2
19,29,3
19,30,3
20,0,1
20,1,1
20,2,1
20,3,1
20,4,1
20,5,1
20,6,1
20,7,1
20,8,1
20,9,2
20,10,2
20,11,2
20,12,2
20,13,2
20,14,3
20,15,3
20,16,3
20,17,3
20,18,3
20,19,3
20,20,2
20,21,2
20,22,1
20,23,1
20,24,1
20,25,1
20,26,2
20,27,2
20,28,3
20,29,3
20,30,3
21,0,1
21,1,1
21,2,1
21,3,3
21,4,3
21,5,1
21,6,1
21,7,1
21,8,1
21,9,2
21,10,2
21,11,2
21,12,2
21,13,2
21,14,3
21,15,3
21,16,3
21,17,3
21,18,3
21,19,3
21,20,3
21,21,3
21,22,1
21,23,1
21,24,1
21,25,1
21,26,4
21,27,4
21,28,3
21,29,3
21,30,3
22,0,1
22,1,1
22,2,3
22,3,3
22,4,3
22,5,3
22,6,1
22,7,1
22,8,4
22,9,4
22,10,2
22,11,2
22,12,2
22,13,2
22,14,3
22,15,3
22,16,3
22,17,3
22,18,3
22,19,3
22,20,3
22,21,3
22,22,3
22,23,1
22,24,1
22,25,4
22,26,4
22,27,4
22,28,4
22,29,3
22,30,3
23,0,3
23,1,3
23,2,3
23,3,3
23,4,3
23,5,3
23,6,4
23,7,4
23,8,4
23,9,4
23,10,4
23,11,2
23,12,2
23,13,3
23,14,3
23,15,3
23,16,3
23,17,3
23,18,3
23,19,3
23,20,3
23,21,3
23,22,3
23,23,3
23,24,4
23,25,4
23,26,4
23,27,4
23,28,4
23,29,3
23,30,3
24,0,3
24,1,3
24,2,3
24,3,3
24,4,3
24,5,4
24,6,4
24,7,4
24,8,4
24,9,4
24,10,4
24,11,4
24,12,4
24,13,3
24,14,3
24,15,3
24,16,3
24,17,3
24,18,3
24,19,3
24,20,3
24,21,3
24,22,3
24,23,3
24,24,4
24,25,4
24,26,4
24,27,4
24,28,3
24,29,3
24,30,3
25,0,3
25,1,3
25,2,2
25,3,2
25,4,2
25,5,4
25,6,4
25,7,4
25,8,4
25,9,4
25,10,4
25,11,4
25,12,4
25,13,4
25,14,3
25,15,3
25,16,3
25,17,3
25,18,3
25,19,3
25,20,3
25,21,3
25,22,3
25,23,2
25,24,2
25,25,4
25,26,4
25,27,3
25,28,3
25,29,3
25,30,3
26,0,2
26,1,2
26,2,2
26,3,2
26,4,2
26,5,2
26,6,4
26,7,4
26,8,3
26,9,3
26,10,4
26,11,4
26,12,4
26,13,4
26,14,1
26,15,1
26,16,3
26,17,3
26,18,2
26,19,2
26,20,2
26,21,2
26,22,2
26,23,2
26,24,2
26,25,2
26,26,3
26,27,3
26,28,3
26,29,3
26,30,3
27,0,2
27,1,2
27,2,2
27,3,2
27,4,2
27,5,2
27,6,3
27,7,3
27,8,3
27,9,3
27,10,3
27,11,4
27,12,4
27,13,1
27,14,1
27,15,1
27,16,1
27,17,2
27,18,2
27,19,2
27,20,2
27,21,2
27,22,2
27,23,2
27,24,2
27,25,2
27,26,3
27,27,3
27,28,3
27,29,3
27,30,3
28,0,2
28,1,2
28,2,2
28,3,2
28,4,2
28,5,3
28,6,3
28,7,3
28,8,3
28,9,3
28,10,3
28,11,4
28,12,4
28,13,1
28,14,1
28,15,1
28,16,1
28,17,2
28,18,2
28,19,2
28,20,4
28,21,4
28,22,4
28,23,2
28,24,2
28,25,1
28,26,1
28,27,3
28,28,3
28,29,3
28,30,3
29,0,2
29,1,2
29,2,2
29,3,2
29,4,3
29,5,3
29,6,3
29,7,3
29,8,3
29,9,3
29,10,3
29,11,4
29,12,4
29,13,4
29,14,1
29,15,1
29,16,1
29,17,2
29,18,2
29,19,4
29,20,4
29,21,4
29,22,4
29,23,4
29,24,1
29,25,1
29,26,1
29,27,1
29,28,3
29,29,3
29,30,3
30,0,2
30,1,2
30,2,2
30,3,2
30,4,3
30,5,3
30,6,3
30,7,3
30,8,3
30,9,3
30,10,3
30,11,4
30,12,4
30,13,4
30,14,1
30,15,1
30,16,1
30,17,2
30,18,2
30,19,4
30,20,4
30,21,4
30,22,4
30,23,4
30,24,1
30,25,1
30,26,1
30,27,1
30,28,3
30,29,3
30,30,3