5
8
6
1
2,7
2,27
12,17
22,7
22,27
0,1,3
1,2,2
1,4,4
0,2,2
0,3,1
2,3,2
2,4,2
3,4,1
0,0,1
0,1,1
0,2,1
0,3,4
0,4,4
0,5,2
0,6,2
0,7,2
0,8,2
0,9,2
0,10,4
0,11,4
0,12,4
0,13,4
0,14,2
0,15,2
0,16,3
0,17,3
0,18,3
0,19,3
0,20,2
0,21,2
0,22,1
0,23,1
0,24,3
0,25,3
0,26,3
0,27,3
0,28,3
0,29,3
0,30,3
1,0,1
1,1,1
1,2,1
1,3,4
1,4,4
1,5,2
1,6,2
1,7,2
1,8,2
1,9,2
1,10,4
1,11,4
1,12,4
1,13,4
1,14,2
1,15,2
1,16,3
1,17,3
1,18,3
1,19,3
1,20,2
1,21,2
1,22,1
1,23,1
1,24,3
1,25,3
1,26,3
1,27,3
1,28,3
1,29,3
1,30,3
2,0,1
2,1,1
2,2,4
2,3,4
2,4,4
2,5,2
2,6,2
2,7,2
2,8,2
2,9,2
2,10,2
2,11,4
2,12,4
2,13,2
2,14,2
2,15,2
2,16,3
2,17,3
2,18,3
2,19,3
2,20,2
2,21,2
2,22,1
2,23,1
2,24,3
2,25,3
2,26,3
2,27,3
2,28,3
2,29,3
2,30,3
3,0,1
3,1,1
3,2,4
3,3,4
3,4,4
3,5,2
3,6,2
3,7,2
3,8,2
3,9,2
3,10,2
3,11,3
3,12,3
3,13,2
3,14,2
3,15,2
3,16,2
3,17,3
3,18,3
3,19,2
3,20,2
3,21,2
3,22,1
3,23,1
3,24,3
3,25,3
3,26,3
3,27,3
3,28,3
3,29,3
3,30,3
4,0,1
4,1,1
4,2,1
4,3,4
4,4,4
4,5,2
4,6,2
4,7,2
4,8,2
4,9,2
4,10,3
4,11,3
4,12,3
4,13,3
4,14,2
4,15,2
4,16,2
4,17,2
4,18,2
4,19,2
4,20,2
4,21,2
4,22,1
4,23,1
4,24,3
4,25,3
4,26,3
4,27,3
4,28,3
4,29,3
4,30,3
5,0,1
5,1,1
5,2,1
5,3,4
5,4,4
5,5,4
5,6,2
5,7,2
5,8,2
5,9,2
5,10,3
5,11,3
5,12,3
5,13,3
5,14,3
5,15,2
5,16,2
5,17,2
5,18,2
5,19,2
5,20,2
5,21,1
5,22,1
5,23,1
5,24,1
5,25,3
5,26,3
5,27,2
5,28,2
5,29,3
5,30,3
6,0,1
6,1,1
6,2,4
6,3,4
6,4,4
6,5,4
6,6,2
6,7,2
6,8,2
6,9,2
6,10,2
6,11,3
6,12,3
6,13,3
6,14,3
6,15,3
6,16,3
6,17,3
6,18,2
6,19,2
6,20,1
6,21,1
6,22,1
6,23,1
6,24,1
6,25,1
6,26,2
6,27,2
6,28,2
6,29,2
6,30,2
7,0,4
7,1,4
7,2,4
7,3,4
7,4,4
7,5,4
7,6,2
7,7,2
7,8,2
7,9,2
7,10,2
7,11,1
7,12,1
7,13,3
7,14,3
7,15,3
7,16,3
7,17,3
7,18,3
7,19,1
7,20,1
7,21,1
7,22,1
7,23,1
7,24,1
7,25,1
7,26,2
7,27,2
7,28,2
7,29,2
7,30,2
8,0,4
8,1,4
8,2,4
8,3,4
8,4,4
8,5,4
8,6,2
8,7,2
8,8,2
8,9,2
8,10,1
8,11,1
8,12,1
8,13,1
8,14,3
8,15,3
8,16,3
8,17,3
8,18,3
8,19,1
8,20,1
8,21,1
8,22,1
8,23,1
8,24,1
8,25,4
8,26,4
8,27,2
8,28,2
8,29,2
8,30,2
9,0,4
9,1,4
9,2,4
9,3,4
9,4,4
9,5,1
9,6,1
9,7,2
9,8,2
9,9,1
9,10,1
9,11,1
9,12,1
9,13,1
9,14,1
9,15,3
9,16,3
9,17,3
9,18,2
9,19,2
9,20,1
9,21,1
9,22,4
9,23,4
9,24,4
9,25,4
9,26,4
9,27,4
9,28,2
9,29,2
9,30,2
10,0,4
10,1,4
10,2,4
10,3,1
10,4,1
10,5,1
10,6,1
10,7,1
10,8,1
10,9,1
10,10,1
10,11,1
10,12,1
10,13,1
10,14,1
10,15,2
10,16,2
10,17,2
10,18,2
10,19,2
10,20,2
10,21,4
10,22,4
10,23,4
10,24,4
10,25,4
10,26,4
10,27,4
10,28,2
10,29,2
10,30,2
11,0,4
11,1,4
11,2,1
11,3,1
11,4,1
11,5,1
11,6,1
11,7,1
11,8,1
11,9,1
11,10,1
11,11,1
11,12,1
11,13,1
11,14,2
11,15,2
11,16,2
11,17,2
11,18,2
11,19,2
11,20,2
11,21,4
11,22,4
11,23,4
11,24,4
11,25,4
11,26,4
11,27,4
11,28,4
11,29,2
11,30,2
12,0,1
12,1,1
12,2,1
12,3,1
12,4,1
12,5,3
12,6,3
12,7,1
12,8,1
12,9,2
12,10,2
12,11,1
12,12,1
12,13,2
12,14,2
12,15,2
12,16,2
12,17,2
12,18,2
12,19,2
12,20,2
12,21,2
12,22,4
12,23,4
12,24,4
12,25,4
12,26,4
12,27,4
12,28,4
12,29,2
12,30,2
13,0,1
13,1,1
13,2,1
13,3,1
13,4,3
13,5,3
13,6,3
13,7,3
13,8,2
13,9,2
13,10,2
13,11,2
13,12,2
13,13,2
13,14,2
13,15,2
13,16,2
13,17,2
13,18,2
13,19,2
13,20,2
13,21,2
13,22,2
13,23,4
13,24,4
13,25,4
13,26,4
13,27,4
13,28,2
13,29,2
13,30,2
14,0,3
14,1,3
14,2,3
14,3,3
14,4,3
14,5,3
14,6,3
14,7,3
14,8,2
14,9,2
14,10,2
14,11,2
14,12,2
14,13,2
14,14,2
14,15,2
14,16,2
14,17,2
14,18,2
14,19,2
14,20,2
14,21,2
14,22,2
14,23,2
14,24,4
14,25,4
14,26,4
14,27,2
14,28,2
14,29,2
14,30,2
15,0,3
15,1,3
15,2,3
15,3,3
15,4,3
15,5,3
15,6,3
15,7,1
15,8,1
15,9,2
15,10,2
15,11,2
15,12,2
15,13,2
15,14,3
15,15,3
15,16,3
15,17,3
15,18,2
15,19,2
15,20,2
15,21,2
15,22,2
15,23,2
15,24,1
15,25,1
15,26,1
15,27,2
15,28,2
15,29,2
15,30,2
16,0,3
16,1,3
16,2,1
16,3,1
16,4,1
16,5,1
16,6,1
16,7,1
16,8,1
16,9,1
16,10,1
16,11,2
16,12,2
16,13,3
16,14,3
16,15,3
16,16,3
16,17,3
16,18,3
16,19,2
16,20,2
16,21,2
16,22,2
16,23,1
16,24,1
16,25,1
16,26,1
16,27,1
16,28,2
16,29,2
16,30,2
17,0,1
17,1,1
17,2,1
17,3,1
17,4,1
17,5,1
17,6,1
17,7,1
17,8,1
17,9,1
17,10,1
17,11,1
17,12,3
17,13,3
17,14,3
17,15,3
17,16,3
17,17,3
17,18,3
17,19,2
17,20,2
17,21,2
17,22,2
17,23,1
17,24,1
17,25,1
17,26,1
17,27,1
17,28,2
17,29,2
17,30,2
18,0,1
18,1,1
18,2,1
18,3,1
18,4,1
18,5,1
18,6,1
18,7,1
18,8,1
18,9,1
18,10,1
18,11,1
18,12,3
18,13,3
18,14,3
18,15,3
18,16,3
18,17,3
18,18,3
18,19,2
18,20,2
18,21,2
18,22,2
18,23,1
18,24,1
18,25,1
18,26,1
18,27,3
18,28,3
18,29,2
18,30,2
19,0,1
19,1,1
19,2,1
19,3,1
19,4,1
19,5,1
19,6,2
19,7,2
19,8,1
19,9,1
19,10,1
19,11,3
19,12,3
19,13,3
19,14,3
19,15,3
19,16,3
19,17,3
19,18,1
19,19,1
19,20,2
19,21,2
19,22,4
19,23,4
19,24,1
19,25,1
19,26,3
19,27,3
19,28,3
19,29,3
19,30,3
20,0,3
20,1,3
20,2,3
20,3,1
20,4,1
20,5,2
20,6,2
20,7,2
20,8,2
20,9,2
20,10,2
20,11,3
20,12,3
20,13,3
20,14,3
20,15,3
20,16,1
20,17,1
20,18,1
20,19,1
20,20,1
20,21,4
20,22,4
20,23,4
20,24,4
20,25,3
20,26,3
20,27,3
20,28,3
20,29,3
20,30,3
21,0,3
21,1,3
21,2,3
21,3,3
21,4,2
21,5,2
21,6,2
21,7,2
21,8,2
21,9,2
21,10,2
21,11,2
21,12,3
21,13,3
21,14,3
21,15,1
21,16,1
21,17,1
21,18,1
21,19,1
21,20,1
21,21,4
21,22,4
21,23,4
21,24,4
21,25,3
21,26,3
21,27,3
21,28,3
21,29,3
21,30,3
22,0,3
22,1,3
22,2,3
22,3,3
22,4,2
22,5,2
22,6,2
22,7,2
22,8,2
22,9,2
22,10,2
22,11,2
22,12,2
22,13,2
22,14,2
22,15,1
22,16,1
22,17,1
22,18,1
22,19,1
22,20,3
22,21,3
22,22,4
22,23,4
22,24,3
22,25,3
22,26,3
22,27,3
22,28,3
22,29,3
22,30,3
23,0,3
23,1,3
23,2,3
23,3,3
23,4,2
23,5,2
23,6,2
23,7,2
23,8,2
23,9,2
23,10,2
23,11,2
23,12,2
23,13,2
23,14,2
23,15,2
23,16,1
23,17,1
23,18,1
23,19,3
23,20,3
23,21,3
23,22,3
23,23,3
23,24,3
23,25,3
23,26,3
23,27,3
23,28,3
23,29,3
23,30,3
24,0,3
24,1,3
24,2,3
24,3,3
24,4,3
24,5,2
24,6,2
24,7,2
24,8,2
24,9,2
24,10,1
24,11,1
24,12,2
24,13,2
24,14,2
24,15,2
24,16,4
24,17,4
24,18,4
24,19,3
24,20,3
24,21,3
24,22,3
24,23,3
24,24,3
24,25,3
24,26,3
24,27,3
24,28,3
24,29,3
24,30,3
25,0,3
25,1,3
25,2,3
25,3,3
25,4,3
25,5,1
25,6,1
25,7,1
25,8,1
25,9,1
25,10,1
25,11,1
25,12,1
25,13,2
25,14,2
25,15,4
25,16,4
25,17,4
25,18,4
25,19,4
25,20,3
25,21,3
25,22,3
25,23,3
25,24,3
25,25,3
25,26,3
25,27,3
25,28,3
25,29,3
25,30,3
26,0,4
26,1,4
26,2,3
26,3,3
26,4,1
26,5,1
26,6,1
26,7,1
26,8,1
26,9,1
26,10,1
26,11,1
26,12,1
26,13,1
26,14,1
26,15,4
26,16,4
26,17,4
26,18,4
26,19,4
26,20,2
26,21,2
26,22,2
26,23,2
26,24,2
26,25,2
26,26,2
26,27,3
26,28,3
26,29,4
26,30,4
27,0,4
27,1,4
27,2,4
27,3,1
27,4,1
27,5,1
27,6,1
27,7,1
27,8,1
27,9,1
27,10,1
27,11,1
27,12,1
27,13,1
27,14,1
27,15,1
27,16,4
27,17,4
27,18,4
27,19,2
27,20,2
27,21,2
27,22,2
27,23,2
27,24,2
27,25,2
27,26,2
27,27,2
27,28,4
27,29,4
27,30,4
28,0,4
28,1,4
28,2,4
28,3,1
28,4,1
28,5,1
28,6,1
28,7,4
28,8,4
28,9,4
28,10,1
28,11,1
28,12,1
28,13,1
28,14,1
28,15,1
28,16,4
28,17,4
28,18,4
28,19,2
28,20,2
28,21,2
28,22,4
28,23,4
28,24,4
28,25,2
28,26,2
28,27,2
28,28,4
28,29,4
28,30,4
29,0,4
29,1,4
29,2,4
29,3,1
29,4,1
29,5,1
29,6,4
29,7,4
29,8,4
29,9,4
29,10,4
29,11,1
29,12,1
29,13,1
29,14,1
29,15,4
29,16,4
29,17,4
29,18,4
29,19,2
29,20,2
29,21,4
29,22,4
29,23,4
29,24,4
29,25,4
29,26,2
29,27,2
29,28,4
29,29,4
29,30,4
30,0,4
30,1,4
30,2,4
30,3,1
30,4,1
30,5,1
30,6,4
30,7,4
30,8,4
30,9,4
30,10,4
30,11,1
30,12,1
30,13,1
30,14,1
30,15,4
30,16,4
30,17,4
30,18,4
30,19,2
30,20,2
30,21,4
30,22,4
30,23,4
30,24,4
30,25,4
30,26,2
30,27,2
30,28,4
30,29,4
30,30,4