9
16
8
0
7,2
7,12
7,22
17,2
17,12
17,22
27,2
27,12
27,22
0,3,1
0,1,1
6,7,1
3,6,2
4,7,2
3,7,1
5,7,1
7,8,1
2,4,1
3,4,2
4,5,1
1,4,1
2,5,1
1,2,1
1,3,2
5,8,1
0,0,4
0,1,4
0,2,4
0,3,4
0,4,4
0,5,4
0,6,2
0,7,2
0,8,2
0,9,2
0,10,1
0,11,1
0,12,1
0,13,1
0,14,1
0,15,4
0,16,4
0,17,4
0,18,4
0,19,4
0,20,4
0,21,4
0,22,4
0,23,4
0,24,4
0,25,4
0,26,4
0,27,4
0,28,3
0,29,3
0,30,3
1,0,4
1,1,4
1,2,4
1,3,4
1,4,4
1,5,4
1,6,2
1,7,2
1,8,2
1,9,2
1,10,1
1,11,1
1,12,1
1,13,1
1,14,1
1,15,4
1,16,4
1,17,4
1,18,4
1,19,4
1,20,4
1,21,4
1,22,4
1,23,4
1,24,4
1,25,4
1,26,4
1,27,4
1,28,3
1,29,3
1,30,3
2,0,4
2,1,4
2,2,4
2,3,4
2,4,4
2,5,4
2,6,2
2,7,2
2,8,2
2,9,2
2,10,1
2,11,1
2,12,1
2,13,1
2,14,1
2,15,1
2,16,4
2,17,4
2,18,4
2,19,4
2,20,4
2,21,4
2,22,4
2,23,4
2,24,4
2,25,4
2,26,4
2,27,4
2,28,3
2,29,3
2,30,3
3,0,4
3,1,4
3,2,4
3,3,4
3,4,4
3,5,4
3,6,4
3,7,2
3,8,2
3,9,4
3,10,4
3,11,1
3,12,1
3,13,1
3,14,1
3,15,1
3,16,1
3,17,4
3,18,4
3,19,4
3,20,4
3,21,4
3,22,4
3,23,4
3,24,4
3,25,4
3,26,4
3,27,1
3,28,1
3,29,3
3,30,3
4,0,4
4,1,4
4,2,4
4,3,4
4,4,4
4,5,4
4,6,4
4,7,4
4,8,4
4,9,4
4,10,4
4,11,4
4,12,4
4,13,4
4,14,1
4,15,1
4,16,1
4,17,4
4,18,4
4,19,4
4,20,4
4,21,4
4,22,4
4,23,4
4,24,4
4,25,4
4,26,1
4,27,1
4,28,1
4,29,1
4,30,1
5,0,4
5,1,4
5,2,4
5,3,4
5,4,4
5,5,4
5,6,4
5,7,4
5,8,4
5,9,4
5,10,4
5,11,4
5,12,4
5,13,4
5,14,4
5,15,1
5,16,1
5,17,4
5,18,4
5,19,4
5,20,4
5,21,4
5,22,4
5,23,4
5,24,4
5,25,4
5,26,1
5,27,1
5,28,1
5,29,1
5,30,1
6,0,4
6,1,4
6,2,4
6,3,4
6,4,4
6,5,4
6,6,4
6,7,1
6,8,1
6,9,4
6,10,4
6,11,4
6,12,4
6,13,4
6,14,4
6,15,1
6,16,1
6,17,4
6,18,4
6,19,4
6,20,4
6,21,4
6,22,4
6,23,4
6,24,4
6,25,4
6,26,1
6,27,1
6,28,1
6,29,1
6,30,1
7,0,4
7,1,4
7,2,4
7,3,4
7,4,4
7,5,4
7,6,1
7,7,1
7,8,1
7,9,1
7,10,4
7,11,4
7,12,4
7,13,4
7,14,4
7,15,1
7,16,1
7,17,1
7,18,4
7,19,4
7,20,4
7,21,4
7,22,4
7,23,4
7,24,4
7,25,4
7,26,1
7,27,1
7,28,1
7,29,1
7,30,1
8,0,4
8,1,4
8,2,4
8,3,4
8,4,4
8,5,4
8,6,1
8,7,1
8,8,1
8,9,1
8,10,4
8,11,4
8,12,4
8,13,4
8,14,4
8,15,1
8,16,1
8,17,1
8,18,1
8,19,4
8,20,4
8,21,4
8,22,4
8,23,4
8,24,4
8,25,4
8,26,1
8,27,1
8,28,1
8,29,1
8,30,1
9,0,4
9,1,4
9,2,4
9,3,4
9,4,4
9,5,4
9,6,1
9,7,1
9,8,1
9,9,1
9,10,4
9,11,4
9,12,4
9,13,4
9,14,4
9,15,4
9,16,1
9,17,1
9,18,1
9,19,1
9,20,4
9,21,4
9,22,4
9,23,4
9,24,4
9,25,3
9,26,3
9,27,1
9,28,1
9,29,2
9,30,2
10,0,4
10,1,4
10,2,4
10,3,4
10,4,4
10,5,3
10,6,3
10,7,1
10,8,1
10,9,1
10,10,1
10,11,4
10,12,4
10,13,4
10,14,4
10,15,4
10,16,1
10,17,1
10,18,1
10,19,1
10,20,1
10,21,1
10,22,4
10,23,4
10,24,3
10,25,3
10,26,3
10,27,3
10,28,2
10,29,2
10,30,2
11,0,4
11,1,4
11,2,4
11,3,4
11,4,3
11,5,3
11,6,3
11,7,3
11,8,1
11,9,1
11,10,1
11,11,1
11,12,4
11,13,4
11,14,4
11,15,3
11,16,3
11,17,1
11,18,1
11,19,1
11,20,1
11,21,1
11,22,1
11,23,1
11,24,3
11,25,3
11,26,3
11,27,3
11,28,2
11,29,2
11,30,2
12,0,4
12,1,4
12,2,4
12,3,4
12,4,3
12,5,3
12,6,3
12,7,3
12,8,1
12,9,1
12,10,1
12,11,1
12,12,3
12,13,3
12,14,3
12,15,3
12,16,3
12,17,3
12,18,3
12,19,1
12,20,1
12,21,1
12,22,1
12,23,1
12,24,1
12,25,3
12,26,3
12,27,3
12,28,3
12,29,2
12,30,2
13,0,4
13,1,4
13,2,4
13,3,2
13,4,2
13,5,3
13,6,3
13,7,4
13,8,4
13,9,1
13,10,1
13,11,3
13,12,3
13,13,3
13,14,3
13,15,3
13,16,3
13,17,3
13,18,3
13,19,3
13,20,1
13,21,1
13,22,1
13,23,1
13,24,1
13,25,3
13,26,3
13,27,3
13,28,3
13,29,3
13,30,3
14,0,2
14,1,2
14,2,2
14,3,2
14,4,2
14,5,2
14,6,4
14,7,4
14,8,4
14,9,4
14,10,3
14,11,3
14,12,3
14,13,3
14,14,3
14,15,3
14,16,3
14,17,3
14,18,3
14,19,3
14,20,4
14,21,4
14,22,1
14,23,1
14,24,4
14,25,4
14,26,3
14,27,3
14,28,3
14,29,3
14,30,3
15,0,2
15,1,2
15,2,2
15,3,2
15,4,2
15,5,2
15,6,4
15,7,4
15,8,4
15,9,4
15,10,3
15,11,3
15,12,3
15,13,3
15,14,3
15,15,3
15,16,3
15,17,3
15,18,3
15,19,4
15,20,4
15,21,4
15,22,4
15,23,4
15,24,4
15,25,4
15,26,4
15,27,3
15,28,3
15,29,4
15,30,4
16,0,2
16,1,2
16,2,2
16,3,2
16,4,2
16,5,2
16,6,4
16,7,4
16,8,4
16,9,3
16,10,3
16,11,3
16,12,3
16,13,3
16,14,3
16,15,3
16,16,3
16,17,3
16,18,4
16,19,4
16,20,4
16,21,4
16,22,4
16,23,4
16,24,4
16,25,4
16,26,4
16,27,4
16,28,4
16,29,4
16,30,4
17,0,2
17,1,2
17,2,2
17,3,2
17,4,2
17,5,4
17,6,4
17,7,4
17,8,4
17,9,3
17,10,3
17,11,3
17,12,3
17,13,3
17,14,3
17,15,3
17,16,3
17,17,3
17,18,4
17,19,4
17,20,4
17,21,4
17,22,4
17,23,4
17,24,4
17,25,4
17,26,4
17,27,4
17,28,4
17,29,4
17,30,4
18,0,2
18,1,2
18,2,2
18,3,2
18,4,2
18,5,4
18,6,4
18,7,4
18,8,4
18,9,3
18,10,3
18,11,3
18,12,3
18,13,3
18,14,3
18,15,3
18,16,3
18,17,3
18,18,3
18,19,4
18,20,4
18,21,4
18,22,4
18,23,4
18,24,4
18,25,4
18,26,4
18,27,4
18,28,1
18,29,1
18,30,1
19,0,2
19,1,2
19,2,2
19,3,2
19,4,2
19,5,2
19,6,4
19,7,4
19,8,2
19,9,2
19,10,3
19,11,3
19,12,3
19,13,3
19,14,3
19,15,3
19,16,3
19,17,3
19,18,3
19,19,3
19,20,4
19,21,4
19,22,4
19,23,4
19,24,4
19,25,4
19,26,4
19,27,1
19,28,1
19,29,1
19,30,1
20,0,4
20,1,4
20,2,4
20,3,2
20,4,2
20,5,2
20,6,2
20,7,2
20,8,2
20,9,2
20,10,2
20,11,3
20,12,3
20,13,3
20,14,3
20,15,3
20,16,3
20,17,3
20,18,3
20,19,3
20,20,4
20,21,4
20,22,4
20,23,4
20,24,1
20,25,1
20,26,1
20,27,1
20,28,1
20,29,1
20,30,1
21,0,4
21,1,4
21,2,4
21,3,4
21,4,2
21,5,2
21,6,2
21,7,2
21,8,2
21,9,2
21,10,2
21,11,3
21,12,3
21,13,3
21,14,3
21,15,1
21,16,1
21,17,3
21,18,3
21,19,3
21,20,3
21,21,4
21,22,4
21,23,1
21,24,1
21,25,1
21,26,1
21,27,1
21,28,1
21,29,1
21,30,1
22,0,4
22,1,4
22,2,4
22,3,4
22,4,4
22,5,4
22,6,4
22,7,4
22,8,2
22,9,2
22,10,1
22,11,1
22,12,3
22,13,3
22,14,1
22,15,1
22,16,1
22,17,1
22,18,3
22,19,3
22,20,3
22,21,4
22,22,4
22,23,1
22,24,1
22,25,1
22,26,1
22,27,1
22,28,1
22,29,2
22,30,2
23,0,4
23,1,4
23,2,4
23,3,4
23,4,4
23,5,4
23,6,4
23,7,4
23,8,4
23,9,1
23,10,1
23,11,1
23,12,1
23,13,1
23,14,1
23,15,1
23,16,1
23,17,1
23,18,3
23,19,3
23,20,4
23,21,4
23,22,4
23,23,1
23,24,1
23,25,1
23,26,1
23,27,1
23,28,2
23,29,2
23,30,2
24,0,4
24,1,4
24,2,4
24,3,1
24,4,1
24,5,1
24,6,4
24,7,4
24,8,4
24,9,1
24,10,1
24,11,1
24,12,1
24,13,1
24,14,1
24,15,1
24,16,1
24,17,3
24,18,3
24,19,3
24,20,4
24,21,4
24,22,4
24,23,4
24,24,1
24,25,1
24,26,3
24,27,3
24,28,2
24,29,2
24,30,2
25,0,1
25,1,1
25,2,1
25,3,1
25,4,1
25,5,1
25,6,1
25,7,4
25,8,4
25,9,4
25,10,1
25,11,1
25,12,1
25,13,1
25,14,1
25,15,1
25,16,3
25,17,3
25,18,3
25,19,3
25,20,4
25,21,4
25,22,4
25,23,4
25,24,4
25,25,3
25,26,3
25,27,3
25,28,3
25,29,2
25,30,2
26,0,1
26,1,1
26,2,1
26,3,1
26,4,1
26,5,1
26,6,1
26,7,4
26,8,4
26,9,4
26,10,1
26,11,1
26,12,1
26,13,1
26,14,1
26,15,3
26,16,3
26,17,3
26,18,3
26,19,4
26,20,4
26,21,4
26,22,4
26,23,4
26,24,4
26,25,3
26,26,3
26,27,3
26,28,3
26,29,2
26,30,2
27,0,1
27,1,1
27,2,1
27,3,1
27,4,1
27,5,1
27,6,1
27,7,4
27,8,4
27,9,4
27,10,1
27,11,1
27,12,1
27,13,1
27,14,1
27,15,3
27,16,3
27,17,3
27,18,3
27,19,4
27,20,4
27,21,4
27,22,4
27,23,4
27,24,4
27,25,4
27,26,3
27,27,3
27,28,3
27,29,2
27,30,2
28,0,1
28,1,1
28,2,1
28,3,1
28,4,1
28,5,1
28,6,1
28,7,4
28,8,4
28,9,4
28,10,1
28,11,1
28,12,1
28,13,1
28,14,1
28,15,3
28,16,3
28,17,3
28,18,3
28,19,3
28,20,4
28,21,4
28,22,4
28,23,4
28,24,4
28,25,4
28,26,3
28,27,3
28,28,2
28,29,2
28,30,2
29,0,1
29,1,1
29,2,1
29,3,1
29,4,1
29,5,1
29,6,4
29,7,4
29,8,4
29,9,4
29,10,1
29,11,1
29,12,1
29,13,1
29,14,1
29,15,3
29,16,3
29,17,3
29,18,3
29,19,3
29,20,4
29,21,4
29,22,4
29,23,4
29,24,4
29,25,4
29,26,3
29,27,3
29,28,2
29,29,2
29,30,2
30,0,1
30,1,1
30,2,1
30,3,1
30,4,1
30,5,1
30,6,4
30,7,4
30,8,4
30,9,4
30,10,1
30,11,1
30,12,1
30,13,1
30,14,1
30,15,3
30,16,3
30,17,3
30,18,3
30,19,3
30,20,4
30,21,4
30,22,4
30,23,4
30,24,4
30,25,4
30,26,3
30,27,3
30,28,2
30,29,2
30,30,2