9
16
9
4
2,2
2,12
2,22
12,2
12,12
12,22
22,2
22,12
22,22
2,4,2
1,4,2
4,7,2
4,6,2
4,5,2
3,4,1
4,8,1
0,4,2
1,2,2
2,5,1
0,1,1
6,7,1
7,8,1
3,6,1
5,8,2
0,3,1
0,0,4
0,1,4
0,2,4
0,3,4
0,4,4
0,5,1
0,6,1
0,7,1
0,8,1
0,9,2
0,10,2
0,11,2
0,12,2
0,13,2
0,14,2
0,15,2
0,16,3
0,17,3
0,18,3
0,19,4
0,20,4
0,21,4
0,22,4
0,23,4
0,24,4
0,25,3
0,26,3
0,27,3
0,28,3
0,29,3
0,30,3
1,0,4
1,1,4
1,2,4
1,3,4
1,4,4
1,5,1
1,6,1
1,7,1
1,8,1
1,9,2
1,10,2
1,11,2
1,12,2
1,13,2
1,14,2
1,15,2
1,16,3
1,17,3
1,18,3
1,19,4
1,20,4
1,21,4
1,22,4
1,23,4
1,24,4
1,25,3
1,26,3
1,27,3
1,28,3
1,29,3
1,30,3
2,0,4
2,1,4
2,2,4
2,3,4
2,4,4
2,5,1
2,6,1
2,7,1
2,8,2
2,9,2
2,10,2
2,11,2
2,12,2
2,13,2
2,14,2
2,15,2
2,16,3
2,17,3
2,18,3
2,19,4
2,20,4
2,21,4
2,22,4
2,23,4
2,24,4
2,25,3
2,26,3
2,27,3
2,28,2
2,29,2
2,30,2
3,0,4
3,1,4
3,2,4
3,3,4
3,4,4
3,5,1
3,6,1
3,7,2
3,8,2
3,9,2
3,10,2
3,11,2
3,12,2
3,13,2
3,14,2
3,15,3
3,16,3
3,17,3
3,18,3
3,19,4
3,20,4
3,21,4
3,22,4
3,23,4
3,24,4
3,25,3
3,26,3
3,27,2
3,28,2
3,29,2
3,30,2
4,0,4
4,1,4
4,2,4
4,3,4
4,4,4
4,5,1
4,6,1
4,7,2
4,8,2
4,9,2
4,10,2
4,11,2
4,12,2
4,13,2
4,14,2
4,15,3
4,16,3
4,17,3
4,18,4
4,19,4
4,20,4
4,21,4
4,22,4
4,23,4
4,24,4
4,25,3
4,26,3
4,27,2
4,28,2
4,29,2
4,30,2
5,0,4
5,1,4
5,2,4
5,3,4
5,4,1
5,5,1
5,6,1
5,7,1
5,8,2
5,9,2
5,10,2
5,11,2
5,12,2
5,13,2
5,14,2
5,15,3
5,16,3
5,17,4
5,18,4
5,19,4
5,20,4
5,21,4
5,22,4
5,23,4
5,24,4
5,25,3
5,26,3
5,27,3
5,28,2
5,29,2
5,30,2
6,0,1
6,1,1
6,2,1
6,3,1
6,4,1
6,5,1
6,6,1
6,7,1
6,8,2
6,9,2
6,10,2
6,11,2
6,12,2
6,13,2
6,14,3
6,15,3
6,16,3
6,17,4
6,18,4
6,19,4
6,20,4
6,21,4
6,22,4
6,23,4
6,24,4
6,25,3
6,26,3
6,27,3
6,28,2
6,29,2
6,30,2
7,0,1
7,1,1
7,2,1
7,3,1
7,4,1
7,5,1
7,6,1
7,7,1
7,8,2
7,9,2
7,10,2
7,11,2
7,12,2
7,13,2
7,14,3
7,15,3
7,16,3
7,17,4
7,18,4
7,19,4
7,20,4
7,21,4
7,22,4
7,23,4
7,24,4
7,25,3
7,26,3
7,27,3
7,28,3
7,29,2
7,30,2
8,0,1
8,1,1
8,2,2
8,3,2
8,4,2
8,5,1
8,6,1
8,7,3
8,8,3
8,9,2
8,10,2
8,11,2
8,12,2
8,13,2
8,14,2
8,15,3
8,16,3
8,17,4
8,18,4
8,19,4
8,20,4
8,21,4
8,22,4
8,23,4
8,24,4
8,25,3
8,26,3
8,27,3
8,28,3
8,29,3
8,30,3
9,0,2
9,1,2
9,2,2
9,3,2
9,4,2
9,5,2
9,6,3
9,7,3
9,8,3
9,9,3
9,10,2
9,11,2
9,12,2
9,13,2
9,14,2
9,15,3
9,16,3
9,17,4
9,18,4
9,19,4
9,20,4
9,21,4
9,22,4
9,23,4
9,24,2
9,25,2
9,26,3
9,27,3
9,28,3
9,29,3
9,30,3
10,0,2
10,1,2
10,2,2
10,3,2
10,4,2
10,5,2
10,6,3
10,7,3
10,8,3
10,9,3
10,10,2
10,11,2
10,12,2
10,13,2
10,14,2
10,15,3
10,16,3
10,17,3
10,18,4
10,19,4
10,20,2
10,21,2
10,22,2
10,23,2
10,24,2
10,25,2
10,26,2
10,27,3
10,28,3
10,29,4
10,30,4
11,0,2
11,1,2
11,2,2
11,3,2
11,4,2
11,5,3
11,6,3
11,7,3
11,8,3
11,9,2
11,10,2
11,11,2
11,12,2
11,13,2
11,14,2
11,15,3
11,16,3
11,17,3
11,18,3
11,19,2
11,20,2
11,21,2
11,22,2
11,23,2
11,24,2
11,25,2
11,26,2
11,27,4
11,28,4
11,29,4
11,30,4
12,0,2
12,1,2
12,2,2
12,3,2
12,4,2
12,5,3
12,6,3
12,7,3
12,8,3
12,9,2
12,10,2
12,11,2
12,12,2
12,13,2
12,14,2
12,15,3
12,16,3
12,17,3
12,18,3
12,19,2
12,20,2
12,21,2
12,22,2
12,23,2
12,24,2
12,25,2
12,26,4
12,27,4
12,28,4
12,29,4
12,30,4
13,0,2
13,1,2
13,2,2
13,3,2
13,4,2
13,5,2
13,6,3
13,7,3
13,8,3
13,9,2
13,10,2
13,11,2
13,12,2
13,13,2
13,14,2
13,15,2
13,16,3
13,17,3
13,18,2
13,19,2
13,20,2
13,21,2
13,22,2
13,23,2
13,24,2
13,25,4
13,26,4
13,27,4
13,28,4
13,29,4
13,30,4
14,0,2
14,1,2
14,2,2
14,3,2
14,4,2
14,5,2
14,6,2
14,7,3
14,8,3
14,9,2
14,10,2
14,11,2
14,12,2
14,13,2
14,14,2
14,15,2
14,16,2
14,17,2
14,18,2
14,19,2
14,20,2
14,21,2
14,22,2
14,23,2
14,24,2
14,25,4
14,26,4
14,27,4
14,28,4
14,29,4
14,30,4
15,0,4
15,1,4
15,2,4
15,3,4
15,4,2
15,5,2
15,6,2
15,7,3
15,8,3
15,9,3
15,10,2
15,11,2
15,12,4
15,13,4
15,14,2
15,15,2
15,16,2
15,17,2
15,18,2
15,19,2
15,20,2
15,21,2
15,22,2
15,23,2
15,24,4
15,25,4
15,26,4
15,27,4
15,28,4
15,29,4
15,30,4
16,0,4
16,1,4
16,2,4
16,3,4
16,4,4
16,5,2
16,6,2
16,7,3
16,8,3
16,9,3
16,10,4
16,11,4
16,12,4
16,13,4
16,14,4
16,15,2
16,16,2
16,17,2
16,18,2
16,19,2
16,20,2
16,21,2
16,22,1
16,23,1
16,24,4
16,25,4
16,26,4
16,27,4
16,28,4
16,29,4
16,30,4
17,0,4
17,1,4
17,2,4
17,3,4
17,4,4
17,5,2
17,6,2
17,7,3
17,8,3
17,9,4
17,10,4
17,11,4
17,12,4
17,13,4
17,14,4
17,15,4
17,16,2
17,17,2
17,18,2
17,19,2
17,20,2
17,21,1
17,22,1
17,23,1
17,24,1
17,25,4
17,26,4
17,27,4
17,28,4
17,29,4
17,30,4
18,0,4
18,1,4
18,2,4
18,3,4
18,4,2
18,5,2
18,6,2
18,7,3
18,8,3
18,9,4
18,10,4
18,11,4
18,12,4
18,13,4
18,14,4
18,15,4
18,16,4
18,17,2
18,18,2
18,19,3
18,20,3
18,21,1
18,22,1
18,23,1
18,24,1
18,25,3
18,26,3
18,27,4
18,28,4
18,29,1
18,30,1
19,0,4
19,1,4
19,2,3
19,3,3
19,4,2
19,5,2
19,6,2
19,7,3
19,8,3
19,9,4
19,10,4
19,11,4
19,12,4
19,13,4
19,14,4
19,15,4
19,16,4
19,17,4
19,18,3
19,19,3
19,20,3
19,21,3
19,22,1
19,23,1
19,24,3
19,25,3
19,26,3
19,27,3
19,28,1
19,29,1
19,30,1
20,0,3
20,1,3
20,2,3
20,3,3
20,4,3
20,5,2
20,6,2
20,7,3
20,8,3
20,9,4
20,10,4
20,11,4
20,12,4
20,13,4
20,14,4
20,15,4
20,16,4
20,17,4
20,18,3
20,19,3
20,20,3
20,21,3
20,22,3
20,23,3
20,24,3
20,25,3
20,26,3
20,27,3
20,28,1
20,29,1
20,30,1
21,0,3
21,1,3
21,2,3
21,3,3
21,4,3
21,5,2
21,6,2
21,7,3
21,8,3
21,9,4
21,10,4
21,11,4
21,12,4
21,13,4
21,14,4
21,15,4
21,16,4
21,17,4
21,18,4
21,19,3
21,20,3
21,21,3
21,22,3
21,23,3
21,24,3
21,25,3
21,26,3
21,27,2
21,28,2
21,29,1
21,30,1
22,0,3
22,1,3
22,2,3
22,3,3
22,4,3
22,5,2
22,6,2
22,7,3
22,8,3
22,9,4
22,10,4
22,11,4
22,12,4
22,13,4
22,14,4
22,15,4
22,16,4
22,17,4
22,18,4
22,19,3
22,20,3
22,21,3
22,22,3
22,23,3
22,24,3
22,25,3
22,26,2
22,27,2
22,28,2
22,29,2
22,30,2
23,0,3
23,1,3
23,2,3
23,3,3
23,4,3
23,5,2
23,6,2
23,7,3
23,8,3
23,9,4
23,10,4
23,11,4
23,12,4
23,13,4
23,14,4
23,15,4
23,16,4
23,17,4
23,18,3
23,19,3
23,20,3
23,21,3
23,22,3
23,23,3
23,24,3
23,25,3
23,26,2
23,27,2
23,28,2
23,29,2
23,30,2
24,0,3
24,1,3
24,2,3
24,3,3
24,4,3
24,5,2
24,6,2
24,7,3
24,8,3
24,9,4
24,10,4
24,11,4
24,12,4
24,13,4
24,14,4
24,15,4
24,16,3
24,17,3
24,18,3
24,19,3
24,20,3
24,21,3
24,22,3
24,23,3
24,24,3
24,25,4
24,26,4
24,27,2
24,28,2
24,29,1
24,30,1
25,0,3
25,1,3
25,2,3
25,3,3
25,4,2
25,5,2
25,6,2
25,7,3
25,8,3
25,9,3
25,10,4
25,11,4
25,12,4
25,13,4
25,14,4
25,15,3
25,16,3
25,17,3
25,18,3
25,19,3
25,20,4
25,21,4
25,22,4
25,23,4
25,24,4
25,25,4
25,26,4
25,27,4
25,28,1
25,29,1
25,30,1
26,0,3
26,1,3
26,2,2
26,3,2
26,4,2
26,5,2
26,6,2
26,7,3
26,8,3
26,9,3
26,10,4
26,11,4
26,12,4
26,13,4
26,14,3
26,15,3
26,16,3
26,17,3
26,18,4
26,19,4
26,20,4
26,21,4
26,22,4
26,23,4
26,24,4
26,25,4
26,26,4
26,27,4
26,28,1
26,29,1
26,30,1
27,0,2
27,1,2
27,2,2
27,3,2
27,4,2
27,5,2
27,6,3
27,7,3
27,8,3
27,9,3
27,10,4
27,11,4
27,12,4
27,13,4
27,14,3
27,15,3
27,16,3
27,17,4
27,18,4
27,19,4
27,20,4
27,21,4
27,22,4
27,23,4
27,24,4
27,25,4
27,26,4
27,27,4
27,28,4
27,29,1
27,30,1
28,0,2
28,1,2
28,2,2
28,3,2
28,4,1
28,5,1
28,6,3
28,7,3
28,8,3
28,9,3
28,10,3
28,11,4
28,12,4
28,13,4
28,14,3
28,15,3
28,16,4
28,17,4
28,18,4
28,19,4
28,20,4
28,21,4
28,22,1
28,23,1
28,24,4
28,25,4
28,26,4
28,27,4
28,28,4
28,29,1
28,30,1
29,0,2
29,1,2
29,2,2
29,3,1
29,4,1
29,5,1
29,6,1
29,7,3
29,8,3
29,9,3
29,10,3
29,11,4
29,12,4
29,13,4
29,14,3
29,15,3
29,16,4
29,17,4
29,18,4
29,19,4
29,20,4
29,21,1
29,22,1
29,23,1
29,24,1
29,25,4
29,26,4
29,27,4
29,28,4
29,29,1
29,30,1
30,0,2
30,1,2
30,2,2
30,3,1
30,4,1
30,5,1
30,6,1
30,7,3
30,8,3
30,9,3
30,10,3
30,11,4
30,12,4
30,13,4
30,14,3
30,15,3
30,16,4
30,17,4
30,18,4
30,19,4
30,20,4
30,21,1
30,22,1
30,23,1
30,24,1
30,25,4
30,26,4
30,27,4
30,28,4
30,29,1
30,30,1