9
16
9
4
2,2
2,12
2,22
12,2
12,12
12,22
22,2
22,12
22,22
4,8,1
0,4,2
4,5,1
3,4,2
2,4,2
4,7,1
1,4,1
5,8,2
7,8,2
0,3,2
0,1,1
3,6,2
6,7,1
2,5,1
3,7,2
1,2,2
0,0,3
0,1,3
0,2,3
0,3,3
0,4,3
0,5,3
0,6,3
0,7,3
0,8,4
0,9,4
0,10,3
0,11,3
0,12,3
0,13,3
0,14,3
0,15,4
0,16,4
0,17,4
0,18,4
0,19,2
0,20,2
0,21,2
0,22,2
0,23,2
0,24,2
0,25,2
0,26,3
0,27,3
0,28,3
0,29,3
0,30,3
1,0,3
1,1,3
1,2,3
1,3,3
1,4,3
1,5,3
1,6,3
1,7,3
1,8,4
1,9,4
1,10,3
1,11,3
1,12,3
1,13,3
1,14,3
1,15,4
1,16,4
1,17,4
1,18,4
1,19,2
1,20,2
1,21,2
1,22,2
1,23,2
1,24,2
1,25,2
1,26,3
1,27,3
1,28,3
1,29,3
1,30,3
2,0,3
2,1,3
2,2,3
2,3,3
2,4,3
2,5,3
2,6,3
2,7,3
2,8,4
2,9,4
2,10,3
2,11,3
2,12,3
2,13,3
2,14,3
2,15,4
2,16,4
2,17,4
2,18,4
2,19,2
2,20,2
2,21,2
2,22,2
2,23,2
2,24,2
2,25,2
2,26,2
2,27,3
2,28,3
2,29,3
2,30,3
3,0,3
3,1,3
3,2,3
3,3,3
3,4,3
3,5,3
3,6,3
3,7,4
3,8,4
3,9,4
3,10,3
3,11,3
3,12,3
3,13,3
3,14,3
3,15,4
3,16,4
3,17,4
3,18,4
3,19,2
3,20,2
3,21,2
3,22,2
3,23,2
3,24,2
3,25,2
3,26,2
3,27,1
3,28,1
3,29,1
3,30,1
4,0,3
4,1,3
4,2,3
4,3,3
4,4,3
4,5,3
4,6,4
4,7,4
4,8,4
4,9,4
4,10,3
4,11,3
4,12,3
4,13,3
4,14,3
4,15,3
4,16,4
4,17,4
4,18,3
4,19,3
4,20,2
4,21,2
4,22,2
4,23,2
4,24,2
4,25,2
4,26,1
4,27,1
4,28,1
4,29,1
4,30,1
5,0,3
5,1,3
5,2,3
5,3,3
5,4,1
5,5,1
5,6,4
5,7,4
5,8,4
5,9,4
5,10,3
5,11,3
5,12,3
5,13,3
5,14,3
5,15,3
5,16,3
5,17,3
5,18,3
5,19,3
5,20,3
5,21,2
5,22,2
5,23,2
5,24,2
5,25,2
5,26,1
5,27,1
5,28,1
5,29,3
5,30,3
6,0,3
6,1,3
6,2,3
6,3,1
6,4,1
6,5,1
6,6,1
6,7,4
6,8,4
6,9,2
6,10,2
6,11,3
6,12,3
6,13,3
6,14,3
6,15,3
6,16,3
6,17,3
6,18,3
6,19,3
6,20,3
6,21,4
6,22,4
6,23,2
6,24,2
6,25,1
6,26,1
6,27,1
6,28,3
6,29,3
6,30,3
7,0,4
7,1,4
7,2,4
7,3,1
7,4,1
7,5,1
7,6,1
7,7,2
7,8,2
7,9,2
7,10,2
7,11,2
7,12,2
7,13,2
7,14,2
7,15,2
7,16,2
7,17,2
7,18,3
7,19,3
7,20,4
7,21,4
7,22,4
7,23,4
7,24,1
7,25,1
7,26,1
7,27,1
7,28,3
7,29,3
7,30,3
8,0,4
8,1,4
8,2,4
8,3,4
8,4,1
8,5,1
8,6,2
8,7,2
8,8,2
8,9,2
8,10,2
8,11,2
8,12,2
8,13,2
8,14,2
8,15,2
8,16,2
8,17,2
8,18,2
8,19,4
8,20,4
8,21,4
8,22,4
8,23,4
8,24,1
8,25,1
8,26,1
8,27,1
8,28,1
8,29,3
8,30,3
9,0,4
9,1,4
9,2,4
9,3,4
9,4,4
9,5,4
9,6,2
9,7,2
9,8,2
9,9,2
9,10,4
9,11,4
9,12,4
9,13,4
9,14,4
9,15,2
9,16,2
9,17,2
9,18,2
9,19,4
9,20,4
9,21,4
9,22,4
9,23,4
9,24,1
9,25,1
9,26,1
9,27,1
9,28,1
9,29,3
9,30,3
10,0,4
10,1,4
10,2,4
10,3,4
10,4,4
10,5,4
10,6,4
10,7,2
10,8,2
10,9,4
10,10,4
10,11,4
10,12,4
10,13,4
10,14,4
10,15,4
10,16,2
10,17,2
10,18,2
10,19,4
10,20,4
10,21,4
10,22,4
10,23,4
10,24,4
10,25,1
10,26,1
10,27,1
10,28,1
10,29,3
10,30,3
11,0,4
11,1,4
11,2,4
11,3,4
11,4,4
11,5,4
11,6,4
11,7,3
11,8,3
11,9,4
11,10,4
11,11,4
11,12,4
11,13,4
11,14,4
11,15,4
11,16,4
11,17,2
11,18,2
11,19,2
11,20,4
11,21,4
11,22,4
11,23,4
11,24,4
11,25,4
11,26,1
11,27,1
11,28,3
11,29,3
11,30,3
12,0,4
12,1,4
12,2,4
12,3,4
12,4,4
12,5,4
12,6,3
12,7,3
12,8,3
12,9,3
12,10,4
12,11,4
12,12,4
12,13,4
12,14,4
12,15,4
12,16,4
12,17,2
12,18,2
12,19,2
12,20,4
12,21,4
12,22,4
12,23,4
12,24,4
12,25,4
12,26,4
12,27,3
12,28,3
12,29,3
12,30,3
13,0,4
13,1,4
13,2,4
13,3,4
13,4,4
13,5,4
13,6,3
13,7,3
13,8,3
13,9,3
13,10,4
13,11,4
13,12,4
13,13,4
13,14,4
13,15,4
13,16,2
13,17,2
13,18,2
13,19,2
13,20,4
13,21,4
13,22,4
13,23,4
13,24,4
13,25,4
13,26,4
13,27,3
13,28,3
13,29,3
13,30,3
14,0,4
14,1,4
14,2,4
14,3,4
14,4,4
14,5,1
14,6,1
14,7,3
14,8,3
14,9,4
14,10,4
14,11,4
14,12,4
14,13,4
14,14,4
14,15,4
14,16,2
14,17,2
14,18,2
14,19,2
14,20,4
14,21,4
14,22,4
14,23,4
14,24,4
14,25,4
14,26,4
14,27,4
14,28,3
14,29,3
14,30,3
15,0,4
15,1,4
15,2,4
15,3,4
15,4,1
15,5,1
15,6,1
15,7,1
15,8,4
15,9,4
15,10,4
15,11,4
15,12,4
15,13,4
15,14,4
15,15,4
15,16,4
15,17,2
15,18,2
15,19,4
15,20,4
15,21,4
15,22,4
15,23,4
15,24,4
15,25,4
15,26,4
15,27,4
15,28,4
15,29,3
15,30,3
16,0,4
16,1,4
16,2,3
16,3,3
16,4,1
16,5,1
16,6,1
16,7,1
16,8,4
16,9,4
16,10,4
16,11,4
16,12,4
16,13,4
16,14,4
16,15,4
16,16,4
16,17,4
16,18,4
16,19,4
16,20,4
16,21,4
16,22,2
16,23,2
16,24,2
16,25,4
16,26,4
16,27,4
16,28,4
16,29,3
16,30,3
17,0,3
17,1,3
17,2,3
17,3,3
17,4,3
17,5,1
17,6,1
17,7,4
17,8,4
17,9,4
17,10,4
17,11,4
17,12,4
17,13,4
17,14,4
17,15,4
17,16,4
17,17,4
17,18,4
17,19,4
17,20,4
17,21,2
17,22,2
17,23,2
17,24,2
17,25,2
17,26,4
17,27,4
17,28,3
17,29,3
17,30,3
18,0,3
18,1,3
18,2,3
18,3,3
18,4,3
18,5,1
18,6,1
18,7,4
18,8,4
18,9,4
18,10,3
18,11,3
18,12,4
18,13,4
18,14,4
18,15,4
18,16,4
18,17,4
18,18,1
18,19,1
18,20,1
18,21,2
18,22,2
18,23,2
18,24,2
18,25,2
18,26,3
18,27,3
18,28,3
18,29,3
18,30,3
19,0,3
19,1,3
19,2,3
19,3,3
19,4,3
19,5,1
19,6,1
19,7,4
19,8,4
19,9,3
19,10,3
19,11,3
19,12,3
19,13,3
19,14,4
19,15,4
19,16,4
19,17,1
19,18,1
19,19,1
19,20,1
19,21,1
19,22,2
19,23,2
19,24,2
19,25,3
19,26,3
19,27,3
19,28,3
19,29,3
19,30,3
20,0,3
20,1,3
20,2,3
20,3,3
20,4,3
20,5,1
20,6,1
20,7,4
20,8,4
20,9,3
20,10,3
20,11,3
20,12,3
20,13,3
20,14,3
20,15,4
20,16,4
20,17,1
20,18,1
20,19,1
20,20,1
20,21,1
20,22,1
20,23,1
20,24,1
20,25,3
20,26,3
20,27,3
20,28,3
20,29,4
20,30,4
21,0,3
21,1,3
21,2,3
21,3,3
21,4,3
21,5,1
21,6,1
21,7,4
21,8,4
21,9,3
21,10,3
21,11,3
21,12,3
21,13,3
21,14,3
21,15,4
21,16,4
21,17,4
21,18,1
21,19,1
21,20,1
21,21,1
21,22,1
21,23,1
21,24,1
21,25,1
21,26,3
21,27,3
21,28,4
21,29,4
21,30,4
22,0,3
22,1,3
22,2,3
22,3,3
22,4,3
22,5,1
22,6,1
22,7,4
22,8,4
22,9,4
22,10,3
22,11,3
22,12,3
22,13,3
22,14,3
22,15,4
22,16,4
22,17,4
22,18,1
22,19,1
22,20,1
22,21,1
22,22,1
22,23,1
22,24,1
22,25,1
22,26,3
22,27,3
22,28,4
22,29,4
22,30,4
23,0,3
23,1,3
23,2,3
23,3,3
23,4,3
23,5,1
23,6,1
23,7,4
23,8,4
23,9,4
23,10,3
23,11,3
23,12,3
23,13,3
23,14,3
23,15,3
23,16,4
23,17,4
23,18,1
23,19,1
23,20,1
23,21,1
23,22,1
23,23,1
23,24,1
23,25,1
23,26,3
23,27,3
23,28,4
23,29,4
23,30,4
24,0,3
24,1,3
24,2,3
24,3,3
24,4,3
24,5,1
24,6,1
24,7,1
24,8,4
24,9,4
24,10,3
24,11,3
24,12,3
24,13,3
24,14,3
24,15,3
24,16,4
24,17,4
24,18,1
24,19,1
24,20,1
24,21,1
24,22,1
24,23,1
24,24,1
24,25,3
24,26,3
24,27,3
24,28,3
24,29,4
24,30,4
25,0,3
25,1,3
25,2,3
25,3,3
25,4,1
25,5,1
25,6,1
25,7,1
25,8,4
25,9,4
25,10,3
25,11,3
25,12,3
25,13,3
25,14,3
25,15,3
25,16,4
25,17,4
25,18,4
25,19,1
25,20,1
25,21,3
25,22,3
25,23,3
25,24,3
25,25,3
25,26,3
25,27,3
25,28,3
25,29,2
25,30,2
26,0,3
26,1,3
26,2,3
26,3,3
26,4,1
26,5,1
26,6,1
26,7,1
26,8,4
26,9,4
26,10,3
26,11,3
26,12,3
26,13,3
26,14,3
26,15,3
26,16,4
26,17,4
26,18,4
26,19,4
26,20,3
26,21,3
26,22,3
26,23,3
26,24,3
26,25,3
26,26,3
26,27,3
26,28,2
26,29,2
26,30,2
27,0,3
27,1,3
27,2,3
27,3,3
27,4,1
27,5,1
27,6,1
27,7,1
27,8,4
27,9,4
27,10,3
27,11,3
27,12,3
27,13,3
27,14,3
27,15,1
27,16,1
27,17,4
27,18,4
27,19,4
27,20,3
27,21,3
27,22,3
27,23,1
27,24,1
27,25,3
27,26,3
27,27,2
27,28,2
27,29,2
27,30,2
28,0,3
28,1,3
28,2,3
28,3,2
28,4,2
28,5,1
28,6,1
28,7,1
28,8,4
28,9,4
28,10,3
28,11,3
28,12,3
28,13,3
28,14,1
28,15,1
28,16,1
28,17,1
28,18,4
28,19,4
28,20,3
28,21,3
28,22,1
28,23,1
28,24,1
28,25,1
28,26,1
28,27,2
28,28,2
28,29,2
28,30,2
29,0,2
29,1,2
29,2,2
29,3,2
29,4,2
29,5,2
29,6,1
29,7,1
29,8,4
29,9,4
29,10,3
29,11,3
29,12,3
29,13,3
29,14,1
29,15,1
29,16,1
29,17,1
29,18,4
29,19,4
29,20,3
29,21,3
29,22,1
29,23,1
29,24,1
29,25,1
29,26,1
29,27,1
29,28,2
29,29,2
29,30,2
30,0,2
30,1,2
30,2,2
30,3,2
30,4,2
30,5,2
30,6,1
30,7,1
30,8,4
30,9,4
30,10,3
30,11,3
30,12,3
30,13,3
30,14,1
30,15,1
30,16,1
30,17,1
30,18,4
30,19,4
30,20,3
30,21,3
30,22,1
30,23,1
30,24,1
30,25,1
30,26,1
30,27,1
30,28,2
30,29,2
30,30,2