9
16
9
5
2,2
2,12
2,22
12,2
12,12
12,22
22,2
22,12
22,22
1,5,2
2,5,1
5,7,2
5,8,2
4,5,1
1,3,2
1,2,2
0,1,1
1,4,1
3,7,1
3,6,2
0,3,1
3,4,1
6,7,2
7,8,1
4,7,2
0,0,3
0,1,3
0,2,3
0,3,3
0,4,3
0,5,1
0,6,1
0,7,3
0,8,3
0,9,3
0,10,4
0,11,4
0,12,4
0,13,4
0,14,4
0,15,4
0,16,4
0,17,4
0,18,4
0,19,4
0,20,4
0,21,4
0,22,4
0,23,4
0,24,4
0,25,4
0,26,3
0,27,3
0,28,3
0,29,3
0,30,3
1,0,3
1,1,3
1,2,3
1,3,3
1,4,3
1,5,1
1,6,1
1,7,3
1,8,3
1,9,3
1,10,4
1,11,4
1,12,4
1,13,4
1,14,4
1,15,4
1,16,4
1,17,4
1,18,4
1,19,4
1,20,4
1,21,4
1,22,4
1,23,4
1,24,4
1,25,4
1,26,3
1,27,3
1,28,3
1,29,3
1,30,3
2,0,3
2,1,3
2,2,3
2,3,3
2,4,3
2,5,1
2,6,1
2,7,3
2,8,3
2,9,4
2,10,4
2,11,4
2,12,4
2,13,4
2,14,4
2,15,4
2,16,4
2,17,4
2,18,4
2,19,4
2,20,4
2,21,4
2,22,4
2,23,4
2,24,4
2,25,3
2,26,3
2,27,3
2,28,3
2,29,3
2,30,3
3,0,3
3,1,3
3,2,3
3,3,3
3,4,3
3,5,1
3,6,1
3,7,3
3,8,3
3,9,4
3,10,4
3,11,4
3,12,4
3,13,4
3,14,4
3,15,4
3,16,4
3,17,4
3,18,4
3,19,4
3,20,4
3,21,4
3,22,4
3,23,4
3,24,4
3,25,3
3,26,3
3,27,3
3,28,3
3,29,3
3,30,3
4,0,3
4,1,3
4,2,3
4,3,3
4,4,3
4,5,1
4,6,1
4,7,3
4,8,3
4,9,3
4,10,4
4,11,4
4,12,4
4,13,4
4,14,4
4,15,4
4,16,4
4,17,4
4,18,4
4,19,4
4,20,4
4,21,4
4,22,4
4,23,4
4,24,4
4,25,4
4,26,3
4,27,3
4,28,2
4,29,2
4,30,2
5,0,4
5,1,4
5,2,3
5,3,3
5,4,1
5,5,1
5,6,1
5,7,3
5,8,3
5,9,3
5,10,3
5,11,4
5,12,4
5,13,4
5,14,4
5,15,4
5,16,4
5,17,4
5,18,4
5,19,4
5,20,4
5,21,4
5,22,4
5,23,4
5,24,4
5,25,4
5,26,4
5,27,2
5,28,2
5,29,2
5,30,2
6,0,4
6,1,4
6,2,4
6,3,1
6,4,1
6,5,1
6,6,1
6,7,3
6,8,3
6,9,3
6,10,3
6,11,4
6,12,4
6,13,4
6,14,4
6,15,4
6,16,4
6,17,4
6,18,4
6,19,4
6,20,4
6,21,1
6,22,1
6,23,4
6,24,4
6,25,4
6,26,4
6,27,2
6,28,2
6,29,2
6,30,2
7,0,4
7,1,4
7,2,4
7,3,1
7,4,1
7,5,1
7,6,1
7,7,3
7,8,3
7,9,3
7,10,4
7,11,4
7,12,4
7,13,4
7,14,4
7,15,4
7,16,4
7,17,4
7,18,4
7,19,4
7,20,1
7,21,1
7,22,1
7,23,1
7,24,4
7,25,4
7,26,4
7,27,4
7,28,2
7,29,2
7,30,2
8,0,4
8,1,4
8,2,4
8,3,1
8,4,1
8,5,1
8,6,1
8,7,3
8,8,3
8,9,3
8,10,4
8,11,4
8,12,4
8,13,4
8,14,3
8,15,3
8,16,3
8,17,3
8,18,3
8,19,3
8,20,1
8,21,1
8,22,1
8,23,1
8,24,4
8,25,4
8,26,4
8,27,4
8,28,2
8,29,2
8,30,2
9,0,4
9,1,4
9,2,1
9,3,1
9,4,1
9,5,1
9,6,1
9,7,1
9,8,3
9,9,3
9,10,3
9,11,4
9,12,4
9,13,3
9,14,3
9,15,3
9,16,3
9,17,3
9,18,3
9,19,3
9,20,3
9,21,1
9,22,1
9,23,3
9,24,3
9,25,4
9,26,4
9,27,4
9,28,4
9,29,2
9,30,2
10,0,1
10,1,1
10,2,1
10,3,1
10,4,1
10,5,1
10,6,1
10,7,1
10,8,3
10,9,3
10,10,3
10,11,3
10,12,3
10,13,3
10,14,3
10,15,3
10,16,4
10,17,4
10,18,3
10,19,3
10,20,3
10,21,3
10,22,3
10,23,3
10,24,3
10,25,3
10,26,4
10,27,4
10,28,4
10,29,1
10,30,1
11,0,1
11,1,1
11,2,1
11,3,1
11,4,1
11,5,1
11,6,1
11,7,1
11,8,1
11,9,3
11,10,3
11,11,3
11,12,3
11,13,3
11,14,3
11,15,4
11,16,4
11,17,4
11,18,4
11,19,3
11,20,3
11,21,3
11,22,3
11,23,3
11,24,3
11,25,3
11,26,4
11,27,4
11,28,1
11,29,1
11,30,1
12,0,1
12,1,1
12,2,1
12,3,1
12,4,1
12,5,1
12,6,1
12,7,1
12,8,1
12,9,3
12,10,3
12,11,3
12,12,3
12,13,3
12,14,3
12,15,4
12,16,4
12,17,4
12,18,4
12,19,3
12,20,3
12,21,3
12,22,3
12,23,3
12,24,3
12,25,3
12,26,4
12,27,4
12,28,1
12,29,1
12,30,1
13,0,1
13,1,1
13,2,1
13,3,1
13,4,1
13,5,1
13,6,1
13,7,1
13,8,1
13,9,3
13,10,3
13,11,3
13,12,3
13,13,3
13,14,3
13,15,3
13,16,4
13,17,4
13,18,3
13,19,3
13,20,3
13,21,3
13,22,3
13,23,3
13,24,3
13,25,3
13,26,4
13,27,4
13,28,4
13,29,1
13,30,1
14,0,1
14,1,1
14,2,1
14,3,1
14,4,1
14,5,1
14,6,1
14,7,1
14,8,4
14,9,4
14,10,3
14,11,3
14,12,3
14,13,3
14,14,3
14,15,3
14,16,4
14,17,4
14,18,3
14,19,3
14,20,3
14,21,3
14,22,3
14,23,3
14,24,3
14,25,3
14,26,4
14,27,4
14,28,4
14,29,4
14,30,4
15,0,4
15,1,4
15,2,4
15,3,4
15,4,4
15,5,1
15,6,1
15,7,4
15,8,4
15,9,4
15,10,4
15,11,4
15,12,4
15,13,3
15,14,3
15,15,4
15,16,4
15,17,4
15,18,4
15,19,3
15,20,3
15,21,1
15,22,1
15,23,3
15,24,3
15,25,1
15,26,1
15,27,4
15,28,4
15,29,4
15,30,4
16,0,4
16,1,4
16,2,4
16,3,4
16,4,4
16,5,4
16,6,4
16,7,4
16,8,4
16,9,4
16,10,4
16,11,4
16,12,4
16,13,4
16,14,4
16,15,4
16,16,4
16,17,4
16,18,4
16,19,1
16,20,1
16,21,1
16,22,1
16,23,1
16,24,1
16,25,1
16,26,1
16,27,1
16,28,1
16,29,1
16,30,1
17,0,4
17,1,4
17,2,4
17,3,4
17,4,4
17,5,4
17,6,4
17,7,4
17,8,4
17,9,3
17,10,3
17,11,4
17,12,4
17,13,4
17,14,4
17,15,4
17,16,4
17,17,4
17,18,1
17,19,1
17,20,1
17,21,1
17,22,1
17,23,1
17,24,1
17,25,1
17,26,1
17,27,1
17,28,1
17,29,1
17,30,1
18,0,4
18,1,4
18,2,4
18,3,4
18,4,4
18,5,4
18,6,4
18,7,3
18,8,3
18,9,3
18,10,3
18,11,3
18,12,3
18,13,3
18,14,3
18,15,3
18,16,3
18,17,3
18,18,1
18,19,1
18,20,1
18,21,1
18,22,1
18,23,1
18,24,1
18,25,1
18,26,4
18,27,4
18,28,4
18,29,4
18,30,4
19,0,4
19,1,4
19,2,2
19,3,2
19,4,4
19,5,4
19,6,3
19,7,3
19,8,3
19,9,3
19,10,3
19,11,3
19,12,3
19,13,3
19,14,3
19,15,3
19,16,3
19,17,3
19,18,3
19,19,1
19,20,1
19,21,1
19,22,1
19,23,1
19,24,1
19,25,4
19,26,4
19,27,4
19,28,4
19,29,4
19,30,4
20,0,2
20,1,2
20,2,2
20,3,2
20,4,2
20,5,2
20,6,3
20,7,3
20,8,3
20,9,3
20,10,1
20,11,1
20,12,1
20,13,1
20,14,1
20,15,3
20,16,3
20,17,3
20,18,3
20,19,1
20,20,1
20,21,1
20,22,1
20,23,1
20,24,1
20,25,4
20,26,4
20,27,4
20,28,2
20,29,2
20,30,2
21,0,2
21,1,2
21,2,2
21,3,2
21,4,2
21,5,2
21,6,2
21,7,3
21,8,3
21,9,1
21,10,1
21,11,1
21,12,1
21,13,1
21,14,1
21,15,1
21,16,3
21,17,3
21,18,1
21,19,1
21,20,1
21,21,1
21,22,1
21,23,1
21,24,1
21,25,4
21,26,4
21,27,2
21,28,2
21,29,2
21,30,2
22,0,2
22,1,2
22,2,2
22,3,2
22,4,2
22,5,2
22,6,2
22,7,3
22,8,3
22,9,1
22,10,1
22,11,1
22,12,1
22,13,1
22,14,1
22,15,1
22,16,4
22,17,4
22,18,1
22,19,1
22,20,1
22,21,1
22,22,1
22,23,1
22,24,1
22,25,4
22,26,4
22,27,2
22,28,2
22,29,2
22,30,2
23,0,2
23,1,2
23,2,2
23,3,2
23,4,2
23,5,2
23,6,2
23,7,3
23,8,3
23,9,3
23,10,1
23,11,1
23,12,1
23,13,1
23,14,1
23,15,4
23,16,4
23,17,4
23,18,4
23,19,1
23,20,1
23,21,1
23,22,1
23,23,1
23,24,1
23,25,4
23,26,4
23,27,2
23,28,2
23,29,2
23,30,2
24,0,2
24,1,2
24,2,2
24,3,2
24,4,2
24,5,2
24,6,3
24,7,3
24,8,3
24,9,3
24,10,1
24,11,1
24,12,1
24,13,1
24,14,1
24,15,4
24,16,4
24,17,4
24,18,4
24,19,1
24,20,1
24,21,1
24,22,1
24,23,1
24,24,1
24,25,4
24,26,4
24,27,2
24,28,2
24,29,2
24,30,2
25,0,2
25,1,2
25,2,2
25,3,2
25,4,2
25,5,2
25,6,3
25,7,3
25,8,3
25,9,3
25,10,1
25,11,1
25,12,1
25,13,1
25,14,1
25,15,1
25,16,4
25,17,4
25,18,1
25,19,1
25,20,1
25,21,1
25,22,1
25,23,1
25,24,4
25,25,4
25,26,4
25,27,4
25,28,2
25,29,2
25,30,2
26,0,1
26,1,1
26,2,1
26,3,2
26,4,2
26,5,2
26,6,2
26,7,3
26,8,3
26,9,4
26,10,4
26,11,1
26,12,1
26,13,1
26,14,1
26,15,1
26,16,1
26,17,1
26,18,1
26,19,1
26,20,1
26,21,2
26,22,2
26,23,2
26,24,4
26,25,4
26,26,4
26,27,4
26,28,4
26,29,4
26,30,4
27,0,1
27,1,1
27,2,1
27,3,1
27,4,2
27,5,2
27,6,2
27,7,2
27,8,4
27,9,4
27,10,4
27,11,4
27,12,1
27,13,1
27,14,1
27,15,1
27,16,1
27,17,1
27,18,1
27,19,1
27,20,2
27,21,2
27,22,2
27,23,2
27,24,2
27,25,4
27,26,4
27,27,4
27,28,4
27,29,4
27,30,4
28,0,1
28,1,1
28,2,1
28,3,1
28,4,1
28,5,2
28,6,2
28,7,2
28,8,4
28,9,4
28,10,4
28,11,4
28,12,2
28,13,2
28,14,2
28,15,1
28,16,1
28,17,4
28,18,4
28,19,4
28,20,2
28,21,2
28,22,2
28,23,2
28,24,2
28,25,2
28,26,4
28,27,4
28,28,1
28,29,1
28,30,1
29,0,1
29,1,1
29,2,1
29,3,1
29,4,1
29,5,1
29,6,2
29,7,2
29,8,2
29,9,4
29,10,4
29,11,2
29,12,2
29,13,2
29,14,2
29,15,2
29,16,4
29,17,4
29,18,4
29,19,4
29,20,4
29,21,2
29,22,2
29,23,2
29,24,2
29,25,2
29,26,2
29,27,1
29,28,1
29,29,1
29,30,1
30,0,1
30,1,1
30,2,1
30,3,1
30,4,1
30,5,1
30,6,2
30,7,2
30,8,2
30,9,4
30,10,4
30,11,2
30,12,2
30,13,2
30,14,2
30,15,2
30,16,4
30,17,4
30,18,4
30,19,4
30,20,4
30,21,2
30,22,2
30,23,2
30,24,2
30,25,2
30,26,2
30,27,1
30,28,1
30,29,1
30,30,1