9
16
8
0
7,2
7,12
7,22
17,2
17,12
17,22
27,2
27,12
27,22
0,1,2
0,3,1
6,7,1
7,8,1
3,7,1
4,7,2
1,2,1
1,3,1
1,4,1
2,5,1
2,4,2
3,6,2
5,8,1
4,8,2
4,5,1
3,4,1
0,0,3
0,1,3
0,2,3
0,3,1
0,4,1
0,5,1
0,6,2
0,7,2
0,8,2
0,9,3
0,10,3
0,11,3
0,12,3
0,13,3
0,14,4
0,15,4
0,16,4
0,17,4
0,18,4
0,19,1
0,20,1
0,21,1
0,22,1
0,23,1
0,24,4
0,25,4
0,26,3
0,27,3
0,28,4
0,29,4
0,30,4
1,0,3
1,1,3
1,2,3
1,3,1
1,4,1
1,5,1
1,6,2
1,7,2
1,8,2
1,9,3
1,10,3
1,11,3
1,12,3
1,13,3
1,14,4
1,15,4
1,16,4
1,17,4
1,18,4
1,19,1
1,20,1
1,21,1
1,22,1
1,23,1
1,24,4
1,25,4
1,26,3
1,27,3
1,28,4
1,29,4
1,30,4
2,0,3
2,1,3
2,2,1
2,3,1
2,4,1
2,5,1
2,6,2
2,7,2
2,8,2
2,9,2
2,10,3
2,11,3
2,12,3
2,13,3
2,14,3
2,15,4
2,16,4
2,17,4
2,18,1
2,19,1
2,20,1
2,21,1
2,22,1
2,23,4
2,24,4
2,25,4
2,26,3
2,27,3
2,28,4
2,29,4
2,30,4
3,0,1
3,1,1
3,2,1
3,3,1
3,4,1
3,5,3
3,6,3
3,7,2
3,8,2
3,9,2
3,10,2
3,11,3
3,12,3
3,13,3
3,14,3
3,15,3
3,16,3
3,17,3
3,18,1
3,19,1
3,20,1
3,21,1
3,22,4
3,23,4
3,24,4
3,25,4
3,26,3
3,27,3
3,28,4
3,29,4
3,30,4
4,0,1
4,1,1
4,2,1
4,3,1
4,4,3
4,5,3
4,6,3
4,7,3
4,8,2
4,9,2
4,10,2
4,11,2
4,12,2
4,13,3
4,14,3
4,15,3
4,16,3
4,17,3
4,18,3
4,19,1
4,20,1
4,21,4
4,22,4
4,23,4
4,24,4
4,25,4
4,26,3
4,27,3
4,28,3
4,29,4
4,30,4
5,0,3
5,1,3
5,2,3
5,3,3
5,4,3
5,5,3
5,6,3
5,7,3
5,8,2
5,9,2
5,10,2
5,11,2
5,12,2
5,13,2
5,14,2
5,15,3
5,16,3
5,17,3
5,18,3
5,19,4
5,20,4
5,21,4
5,22,4
5,23,4
5,24,4
5,25,4
5,26,3
5,27,3
5,28,3
5,29,4
5,30,4
6,0,3
6,1,3
6,2,3
6,3,3
6,4,3
6,5,3
6,6,3
6,7,3
6,8,2
6,9,2
6,10,2
6,11,2
6,12,2
6,13,2
6,14,2
6,15,2
6,16,3
6,17,3
6,18,4
6,19,4
6,20,4
6,21,4
6,22,4
6,23,4
6,24,4
6,25,3
6,26,3
6,27,3
6,28,3
6,29,4
6,30,4
7,0,3
7,1,3
7,2,3
7,3,3
7,4,3
7,5,3
7,6,3
7,7,1
7,8,1
7,9,2
7,10,2
7,11,2
7,12,2
7,13,2
7,14,2
7,15,2
7,16,2
7,17,4
7,18,4
7,19,4
7,20,4
7,21,4
7,22,4
7,23,4
7,24,4
7,25,3
7,26,3
7,27,3
7,28,3
7,29,4
7,30,4
8,0,3
8,1,3
8,2,3
8,3,3
8,4,3
8,5,3
8,6,1
8,7,1
8,8,1
8,9,1
8,10,2
8,11,2
8,12,2
8,13,2
8,14,2
8,15,2
8,16,2
8,17,4
8,18,4
8,19,4
8,20,4
8,21,4
8,22,4
8,23,4
8,24,4
8,25,4
8,26,3
8,27,3
8,28,3
8,29,4
8,30,4
9,0,3
9,1,3
9,2,3
9,3,3
9,4,3
9,5,3
9,6,1
9,7,1
9,8,1
9,9,1
9,10,2
9,11,2
9,12,2
9,13,2
9,14,2
9,15,2
9,16,2
9,17,2
9,18,4
9,19,4
9,20,4
9,21,4
9,22,4
9,23,4
9,24,4
9,25,4
9,26,4
9,27,3
9,28,3
9,29,4
9,30,4
10,0,4
10,1,4
10,2,4
10,3,3
10,4,3
10,5,1
10,6,1
10,7,1
10,8,1
10,9,1
10,10,1
10,11,2
10,12,2
10,13,4
10,14,4
10,15,2
10,16,2
10,17,2
10,18,4
10,19,4
10,20,4
10,21,4
10,22,4
10,23,4
10,24,4
10,25,4
10,26,4
10,27,3
10,28,3
10,29,4
10,30,4
11,0,4
11,1,4
11,2,4
11,3,4
11,4,1
11,5,1
11,6,1
11,7,1
11,8,1
11,9,1
11,10,1
11,11,1
11,12,4
11,13,4
11,14,4
11,15,4
11,16,2
11,17,2
11,18,4
11,19,4
11,20,4
11,21,4
11,22,4
11,23,4
11,24,4
11,25,4
11,26,3
11,27,3
11,28,3
11,29,4
11,30,4
12,0,4
12,1,4
12,2,4
12,3,4
12,4,1
12,5,1
12,6,1
12,7,1
12,8,1
12,9,1
12,10,1
12,11,1
12,12,4
12,13,4
12,14,4
12,15,4
12,16,2
12,17,2
12,18,4
12,19,4
12,20,4
12,21,4
12,22,4
12,23,1
12,24,1
12,25,1
12,26,3
12,27,3
12,28,3
12,29,4
12,30,4
13,0,4
13,1,4
13,2,4
13,3,4
13,4,1
13,5,1
13,6,1
13,7,1
13,8,1
13,9,1
13,10,1
13,11,1
13,12,4
13,13,4
13,14,4
13,15,4
13,16,2
13,17,2
13,18,4
13,19,4
13,20,4
13,21,1
13,22,1
13,23,1
13,24,1
13,25,1
13,26,1
13,27,3
13,28,3
13,29,4
13,30,4
14,0,4
14,1,4
14,2,4
14,3,3
14,4,3
14,5,1
14,6,1
14,7,1
14,8,1
14,9,1
14,10,1
14,11,2
14,12,2
14,13,4
14,14,4
14,15,2
14,16,2
14,17,2
14,18,4
14,19,4
14,20,1
14,21,1
14,22,1
14,23,1
14,24,1
14,25,1
14,26,1
14,27,3
14,28,3
14,29,4
14,30,4
15,0,3
15,1,3
15,2,3
15,3,3
15,4,3
15,5,3
15,6,1
15,7,1
15,8,2
15,9,2
15,10,2
15,11,2
15,12,2
15,13,2
15,14,2
15,15,2
15,16,2
15,17,2
15,18,4
15,19,4
15,20,1
15,21,1
15,22,1
15,23,1
15,24,1
15,25,1
15,26,3
15,27,3
15,28,3
15,29,4
15,30,4
16,0,3
16,1,3
16,2,3
16,3,3
16,4,3
16,5,3
16,6,3
16,7,2
16,8,2
16,9,2
16,10,2
16,11,2
16,12,2
16,13,2
16,14,2
16,15,2
16,16,2
16,17,4
16,18,4
16,19,4
16,20,1
16,21,1
16,22,1
16,23,1
16,24,1
16,25,3
16,26,3
16,27,3
16,28,3
16,29,4
16,30,4
17,0,3
17,1,3
17,2,3
17,3,3
17,4,3
17,5,3
17,6,3
17,7,2
17,8,2
17,9,2
17,10,2
17,11,2
17,12,2
17,13,2
17,14,2
17,15,2
17,16,4
17,17,4
17,18,4
17,19,4
17,20,1
17,21,1
17,22,1
17,23,1
17,24,1
17,25,3
17,26,3
17,27,3
17,28,4
17,29,4
17,30,4
18,0,3
18,1,3
18,2,3
18,3,3
18,4,3
18,5,3
18,6,3
18,7,2
18,8,2
18,9,2
18,10,2
18,11,2
18,12,2
18,13,2
18,14,2
18,15,2
18,16,4
18,17,4
18,18,4
18,19,1
18,20,1
18,21,1
18,22,1
18,23,1
18,24,1
18,25,3
18,26,3
18,27,3
18,28,4
18,29,4
18,30,4
19,0,3
19,1,3
19,2,3
19,3,3
19,4,3
19,5,3
19,6,4
19,7,4
19,8,2
19,9,2
19,10,2
19,11,2
19,12,2
19,13,2
19,14,2
19,15,4
19,16,4
19,17,4
19,18,4
19,19,1
19,20,1
19,21,1
19,22,1
19,23,1
19,24,1
19,25,3
19,26,3
19,27,3
19,28,3
19,29,4
19,30,4
20,0,4
20,1,4
20,2,4
20,3,3
20,4,3
20,5,4
20,6,4
20,7,4
20,8,4
20,9,4
20,10,2
20,11,2
20,12,2
20,13,2
20,14,2
20,15,4
20,16,4
20,17,4
20,18,2
20,19,2
20,20,1
20,21,1
20,22,1
20,23,1
20,24,1
20,25,3
20,26,3
20,27,3
20,28,3
20,29,3
20,30,3
21,0,4
21,1,4
21,2,4
21,3,4
21,4,4
21,5,4
21,6,4
21,7,4
21,8,4
21,9,4
21,10,4
21,11,4
21,12,2
21,13,2
21,14,4
21,15,4
21,16,4
21,17,2
21,18,2
21,19,2
21,20,2
21,21,2
21,22,1
21,23,1
21,24,2
21,25,2
21,26,3
21,27,3
21,28,3
21,29,3
21,30,3
22,0,4
22,1,4
22,2,4
22,3,4
22,4,4
22,5,4
22,6,4
22,7,4
22,8,4
22,9,4
22,10,4
22,11,4
22,12,4
22,13,4
22,14,4
22,15,4
22,16,4
22,17,2
22,18,2
22,19,2
22,20,2
22,21,2
22,22,2
22,23,2
22,24,2
22,25,2
22,26,2
22,27,3
22,28,3
22,29,3
22,30,3
23,0,4
23,1,4
23,2,4
23,3,4
23,4,3
23,5,3
23,6,3
23,7,3
23,8,3
23,9,3
23,10,4
23,11,4
23,12,4
23,13,4
23,14,4
23,15,4
23,16,3
23,17,3
23,18,2
23,19,2
23,20,2
23,21,2
23,22,2
23,23,2
23,24,2
23,25,2
23,26,2
23,27,2
23,28,2
23,29,2
23,30,2
24,0,4
24,1,4
24,2,4
24,3,3
24,4,3
24,5,3
24,6,3
24,7,3
24,8,3
24,9,3
24,10,3
24,11,3
24,12,4
24,13,4
24,14,3
24,15,3
24,16,3
24,17,3
24,18,3
24,19,3
24,20,3
24,21,3
24,22,3
24,23,3
24,24,3
24,25,2
24,26,2
24,27,2
24,28,2
24,29,2
24,30,2
25,0,3
25,1,3
25,2,3
25,3,3
25,4,3
25,5,3
25,6,4
25,7,4
25,8,3
25,9,3
25,10,3
25,11,3
25,12,3
25,13,3
25,14,3
25,15,3
25,16,3
25,17,3
25,18,3
25,19,3
25,20,3
25,21,3
25,22,3
25,23,3
25,24,3
25,25,3
25,26,3
25,27,3
25,28,3
25,29,3
25,30,3
26,0,3
26,1,3
26,2,3
26,3,3
26,4,3
26,5,4
26,6,4
26,7,4
26,8,4
26,9,3
26,10,3
26,11,3
26,12,3
26,13,3
26,14,3
26,15,3
26,16,3
26,17,3
26,18,3
26,19,3
26,20,3
26,21,3
26,22,3
26,23,3
26,24,3
26,25,3
26,26,3
26,27,3
26,28,3
26,29,3
26,30,3
27,0,3
27,1,3
27,2,3
27,3,3
27,4,3
27,5,4
27,6,4
27,7,4
27,8,4
27,9,4
27,10,3
27,11,3
27,12,3
27,13,3
27,14,3
27,15,3
27,16,2
27,17,2
27,18,2
27,19,3
27,20,3
27,21,3
27,22,3
27,23,3
27,24,3
27,25,3
27,26,2
27,27,2
27,28,3
27,29,3
27,30,3
28,0,3
28,1,3
28,2,3
28,3,3
28,4,3
28,5,4
28,6,4
28,7,4
28,8,4
28,9,4
28,10,3
28,11,3
28,12,3
28,13,3
28,14,3
28,15,2
28,16,2
28,17,2
28,18,2
28,19,2
28,20,3
28,21,3
28,22,3
28,23,3
28,24,3
28,25,2
28,26,2
28,27,2
28,28,2
28,29,2
28,30,2
29,0,3
29,1,3
29,2,3
29,3,3
29,4,3
29,5,4
29,6,4
29,7,4
29,8,4
29,9,4
29,10,3
29,11,3
29,12,3
29,13,3
29,14,3
29,15,2
29,16,2
29,17,2
29,18,2
29,19,2
29,20,3
29,21,3
29,22,3
29,23,3
29,24,3
29,25,2
29,26,2
29,27,2
29,28,2
29,29,2
29,30,2
30,0,3
30,1,3
30,2,3
30,3,3
30,4,3
30,5,4
30,6,4
30,7,4
30,8,4
30,9,4
30,10,3
30,11,3
30,12,3
30,13,3
30,14,3
30,15,2
30,16,2
30,17,2
30,18,2
30,19,2
30,20,3
30,21,3
30,22,3
30,23,3
30,24,3
30,25,2
30,26,2
30,27,2
30,28,2
30,29,2
30,30,2