9
16
10
8
2,2
2,12
2,22
12,2
12,12
12,22
22,2
22,12
22,22
4,8,2
5,8,2
7,8,2
4,5,2
1,4,2
4,7,1
3,4,1
1,5,2
2,5,2
1,3,1
1,2,1
0,1,1
6,7,1
3,7,2
3,6,1
0,3,1
0,0,3
0,1,3
0,2,3
0,3,3
0,4,3
0,5,3
0,6,3
0,7,3
0,8,3
0,9,1
0,10,1
0,11,1
0,12,1
0,13,1
0,14,1
0,15,3
0,16,3
0,17,3
0,18,3
0,19,3
0,20,3
0,21,3
0,22,3
0,23,3
0,24,3
0,25,1
0,26,1
0,27,1
0,28,1
0,29,4
0,30,4
1,0,3
1,1,3
1,2,3
1,3,3
1,4,3
1,5,3
1,6,3
1,7,3
1,8,3
1,9,1
1,10,1
1,11,1
1,12,1
1,13,1
1,14,1
1,15,3
1,16,3
1,17,3
1,18,3
1,19,3
1,20,3
1,21,3
1,22,3
1,23,3
1,24,3
1,25,1
1,26,1
1,27,1
1,28,1
1,29,4
1,30,4
2,0,3
2,1,3
2,2,3
2,3,3
2,4,3
2,5,3
2,6,3
2,7,3
2,8,3
2,9,1
2,10,1
2,11,1
2,12,1
2,13,1
2,14,1
2,15,1
2,16,3
2,17,3
2,18,3
2,19,3
2,20,3
2,21,3
2,22,3
2,23,3
2,24,3
2,25,3
2,26,1
2,27,1
2,28,4
2,29,4
2,30,4
3,0,3
3,1,3
3,2,3
3,3,3
3,4,3
3,5,3
3,6,3
3,7,3
3,8,3
3,9,1
3,10,1
3,11,1
3,12,1
3,13,1
3,14,1
3,15,1
3,16,3
3,17,3
3,18,3
3,19,3
3,20,3
3,21,3
3,22,3
3,23,3
3,24,3
3,25,3
3,26,4
3,27,4
3,28,4
3,29,4
3,30,4
4,0,3
4,1,3
4,2,3
4,3,3
4,4,3
4,5,3
4,6,3
4,7,3
4,8,2
4,9,2
4,10,1
4,11,1
4,12,1
4,13,1
4,14,1
4,15,2
4,16,2
4,17,3
4,18,3
4,19,3
4,20,3
4,21,3
4,22,3
4,23,3
4,24,3
4,25,4
4,26,4
4,27,4
4,28,4
4,29,4
4,30,4
5,0,4
5,1,4
5,2,4
5,3,4
5,4,4
5,5,3
5,6,3
5,7,2
5,8,2
5,9,2
5,10,2
5,11,1
5,12,1
5,13,1
5,14,2
5,15,2
5,16,2
5,17,2
5,18,2
5,19,3
5,20,3
5,21,4
5,22,4
5,23,4
5,24,4
5,25,4
5,26,4
5,27,4
5,28,4
5,29,1
5,30,1
6,0,4
6,1,4
6,2,4
6,3,4
6,4,4
6,5,4
6,6,4
6,7,2
6,8,2
6,9,2
6,10,2
6,11,3
6,12,3
6,13,3
6,14,2
6,15,2
6,16,2
6,17,2
6,18,2
6,19,2
6,20,4
6,21,4
6,22,4
6,23,4
6,24,4
6,25,4
6,26,4
6,27,4
6,28,1
6,29,1
6,30,1
7,0,4
7,1,4
7,2,4
7,3,4
7,4,4
7,5,4
7,6,4
7,7,4
7,8,2
7,9,2
7,10,3
7,11,3
7,12,3
7,13,3
7,14,3
7,15,2
7,16,2
7,17,2
7,18,2
7,19,2
7,20,4
7,21,4
7,22,4
7,23,4
7,24,4
7,25,4
7,26,4
7,27,4
7,28,1
7,29,1
7,30,1
8,0,2
8,1,2
8,2,2
8,3,4
8,4,4
8,5,4
8,6,4
8,7,4
8,8,3
8,9,3
8,10,3
8,11,3
8,12,3
8,13,3
8,14,3
8,15,2
8,16,2
8,17,2
8,18,2
8,19,1
8,20,1
8,21,4
8,22,4
8,23,4
8,24,4
8,25,4
8,26,4
8,27,4
8,28,4
8,29,1
8,30,1
9,0,2
9,1,2
9,2,2
9,3,2
9,4,4
9,5,4
9,6,4
9,7,3
9,8,3
9,9,3
9,10,3
9,11,3
9,12,3
9,13,3
9,14,4
9,15,4
9,16,2
9,17,2
9,18,1
9,19,1
9,20,1
9,21,1
9,22,4
9,23,4
9,24,1
9,25,1
9,26,4
9,27,4
9,28,4
9,29,4
9,30,4
10,0,2
10,1,2
10,2,2
10,3,2
10,4,2
10,5,4
10,6,4
10,7,3
10,8,3
10,9,3
10,10,4
10,11,4
10,12,4
10,13,4
10,14,4
10,15,4
10,16,4
10,17,1
10,18,1
10,19,1
10,20,1
10,21,1
10,22,1
10,23,1
10,24,1
10,25,1
10,26,1
10,27,4
10,28,4
10,29,4
10,30,4
11,0,2
11,1,2
11,2,2
11,3,2
11,4,2
11,5,4
11,6,4
11,7,3
11,8,3
11,9,4
11,10,4
11,11,4
11,12,4
11,13,4
11,14,4
11,15,4
11,16,4
11,17,1
11,18,1
11,19,1
11,20,1
11,21,1
11,22,1
11,23,1
11,24,1
11,25,1
11,26,1
11,27,2
11,28,2
11,29,4
11,30,4
12,0,2
12,1,2
12,2,2
12,3,2
12,4,2
12,5,4
12,6,4
12,7,3
12,8,3
12,9,4
12,10,4
12,11,4
12,12,4
12,13,4
12,14,4
12,15,4
12,16,4
12,17,1
12,18,1
12,19,1
12,20,1
12,21,1
12,22,1
12,23,1
12,24,1
12,25,1
12,26,2
12,27,2
12,28,2
12,29,2
12,30,2
13,0,2
13,1,2
13,2,2
13,3,2
13,4,2
13,5,4
13,6,4
13,7,3
13,8,3
13,9,3
13,10,4
13,11,4
13,12,4
13,13,4
13,14,4
13,15,4
13,16,3
13,17,3
13,18,1
13,19,1
13,20,1
13,21,1
13,22,1
13,23,1
13,24,1
13,25,1
13,26,2
13,27,2
13,28,2
13,29,2
13,30,2
14,0,2
14,1,2
14,2,2
14,3,2
14,4,2
14,5,4
14,6,4
14,7,3
14,8,3
14,9,3
14,10,4
14,11,4
14,12,4
14,13,4
14,14,4
14,15,3
14,16,3
14,17,3
14,18,3
14,19,1
14,20,1
14,21,1
14,22,1
14,23,1
14,24,1
14,25,4
14,26,4
14,27,2
14,28,2
14,29,2
14,30,2
15,0,2
15,1,2
15,2,2
15,3,2
15,4,2
15,5,4
15,6,4
15,7,3
15,8,3
15,9,3
15,10,3
15,11,4
15,12,4
15,13,4
15,14,4
15,15,3
15,16,3
15,17,3
15,18,3
15,19,3
15,20,1
15,21,1
15,22,4
15,23,4
15,24,4
15,25,4
15,26,4
15,27,4
15,28,4
15,29,4
15,30,4
16,0,1
16,1,1
16,2,2
16,3,2
16,4,4
16,5,4
16,6,4
16,7,3
16,8,3
16,9,3
16,10,3
16,11,3
16,12,4
16,13,4
16,14,4
16,15,3
16,16,3
16,17,3
16,18,3
16,19,3
16,20,3
16,21,4
16,22,4
16,23,4
16,24,4
16,25,4
16,26,4
16,27,4
16,28,4
16,29,4
16,30,4
17,0,1
17,1,1
17,2,1
17,3,4
17,4,4
17,5,4
17,6,4
17,7,4
17,8,3
17,9,3
17,10,3
17,11,3
17,12,4
17,13,4
17,14,4
17,15,4
17,16,3
17,17,3
17,18,3
17,19,3
17,20,3
17,21,4
17,22,4
17,23,4
17,24,4
17,25,2
17,26,2
17,27,4
17,28,4
17,29,4
17,30,4
18,0,1
18,1,1
18,2,1
18,3,4
18,4,4
18,5,4
18,6,4
18,7,4
18,8,3
18,9,3
18,10,3
18,11,3
18,12,4
18,13,4
18,14,4
18,15,4
18,16,3
18,17,3
18,18,3
18,19,3
18,20,4
18,21,4
18,22,4
18,23,4
18,24,2
18,25,2
18,26,2
18,27,2
18,28,2
18,29,2
18,30,2
19,0,1
19,1,1
19,2,3
19,3,3
19,4,4
19,5,4
19,6,4
19,7,4
19,8,4
19,9,3
19,10,3
19,11,4
19,12,4
19,13,4
19,14,4
19,15,3
19,16,3
19,17,3
19,18,3
19,19,4
19,20,4
19,21,4
19,22,4
19,23,4
19,24,2
19,25,2
19,26,2
19,27,2
19,28,2
19,29,2
19,30,2
20,0,3
20,1,3
20,2,3
20,3,3
20,4,3
20,5,4
20,6,4
20,7,4
20,8,4
20,9,4
20,10,4
20,11,4
20,12,4
20,13,4
20,14,4
20,15,3
20,16,3
20,17,3
20,18,4
20,19,4
20,20,4
20,21,4
20,22,4
20,23,4
20,24,4
20,25,2
20,26,2
20,27,2
20,28,3
20,29,3
20,30,3
21,0,3
21,1,3
21,2,3
21,3,3
21,4,3
21,5,3
21,6,4
21,7,4
21,8,4
21,9,4
21,10,4
21,11,4
21,12,4
21,13,4
21,14,4
21,15,3
21,16,3
21,17,3
21,18,4
21,19,4
21,20,4
21,21,4
21,22,4
21,23,4
21,24,4
21,25,2
21,26,2
21,27,3
21,28,3
21,29,3
21,30,3
22,0,3
22,1,3
22,2,3
22,3,3
22,4,3
22,5,3
22,6,2
22,7,2
22,8,4
22,9,4
22,10,4
22,11,4
22,12,4
22,13,4
22,14,4
22,15,4
22,16,3
22,17,3
22,18,3
22,19,4
22,20,4
22,21,4
22,22,4
22,23,4
22,24,4
22,25,2
22,26,2
22,27,3
22,28,3
22,29,3
22,30,3
23,0,3
23,1,3
23,2,3
23,3,3
23,4,3
23,5,2
23,6,2
23,7,2
23,8,2
23,9,4
23,10,4
23,11,4
23,12,4
23,13,4
23,14,4
23,15,4
23,16,3
23,17,3
23,18,3
23,19,3
23,20,4
23,21,4
23,22,4
23,23,4
23,24,4
23,25,2
23,26,2
23,27,3
23,28,3
23,29,3
23,30,3
24,0,3
24,1,3
24,2,3
24,3,3
24,4,3
24,5,2
24,6,2
24,7,2
24,8,2
24,9,4
24,10,4
24,11,4
24,12,4
24,13,4
24,14,4
24,15,4
24,16,3
24,17,3
24,18,3
24,19,3
24,20,4
24,21,4
24,22,4
24,23,4
24,24,4
24,25,2
24,26,2
24,27,2
24,28,3
24,29,3
24,30,3
25,0,3
25,1,3
25,2,3
25,3,3
25,4,3
25,5,2
25,6,2
25,7,2
25,8,1
25,9,1
25,10,4
25,11,4
25,12,4
25,13,4
25,14,4
25,15,4
25,16,3
25,17,3
25,18,3
25,19,3
25,20,4
25,21,4
25,22,4
25,23,4
25,24,4
25,25,2
25,26,2
25,27,2
25,28,4
25,29,4
25,30,4
26,0,4
26,1,4
26,2,3
26,3,3
26,4,2
26,5,2
26,6,2
26,7,1
26,8,1
26,9,1
26,10,1
26,11,1
26,12,1
26,13,4
26,14,4
26,15,4
26,16,4
26,17,3
26,18,3
26,19,3
26,20,4
26,21,4
26,22,4
26,23,4
26,24,2
26,25,2
26,26,2
26,27,4
26,28,4
26,29,4
26,30,4
27,0,4
27,1,4
27,2,4
27,3,4
27,4,2
27,5,2
27,6,2
27,7,1
27,8,1
27,9,1
27,10,1
27,11,1
27,12,1
27,13,1
27,14,4
27,15,4
27,16,4
27,17,4
27,18,3
27,19,3
27,20,4
27,21,4
27,22,4
27,23,2
27,24,2
27,25,2
27,26,2
27,27,4
27,28,4
27,29,4
27,30,4
28,0,4
28,1,4
28,2,4
28,3,4
28,4,4
28,5,2
28,6,2
28,7,1
28,8,1
28,9,1
28,10,1
28,11,1
28,12,1
28,13,1
28,14,4
28,15,4
28,16,4
28,17,4
28,18,3
28,19,3
28,20,4
28,21,4
28,22,4
28,23,2
28,24,2
28,25,2
28,26,3
28,27,3
28,28,4
28,29,4
28,30,4
29,0,4
29,1,4
29,2,4
29,3,4
29,4,4
29,5,2
29,6,2
29,7,1
29,8,1
29,9,1
29,10,1
29,11,1
29,12,1
29,13,4
29,14,4
29,15,4
29,16,4
29,17,3
29,18,3
29,19,3
29,20,4
29,21,4
29,22,2
29,23,2
29,24,2
29,25,3
29,26,3
29,27,3
29,28,3
29,29,3
29,30,3
30,0,4
30,1,4
30,2,4
30,3,4
30,4,4
30,5,2
30,6,2
30,7,1
30,8,1
30,9,1
30,10,1
30,11,1
30,12,1
30,13,4
30,14,4
30,15,4
30,16,4
30,17,3
30,18,3
30,19,3
30,20,4
30,21,4
30,22,2
30,23,2
30,24,2
30,25,3
30,26,3
30,27,3
30,28,3
30,29,3
30,30,3