9
16
9
2
7,7
7,17
7,27
17,7
17,17
17,27
27,7
27,17
27,27
1,2,2
2,4,2
2,5,1
1,4,2
0,1,1
4,6,1
4,7,1
4,8,1
4,5,2
3,4,1
0,4,1
6,7,1
3,6,1
7,8,2
5,8,2
0,3,2
0,0,4
0,1,4
0,2,4
0,3,2
0,4,2
0,5,1
0,6,1
0,7,2
0,8,2
0,9,2
0,10,2
0,11,3
0,12,3
0,13,3
0,14,3
0,15,2
0,16,2
0,17,2
0,18,2
0,19,1
0,20,1
0,21,1
0,22,1
0,23,3
0,24,3
0,25,3
0,26,3
0,27,1
0,28,1
0,29,1
0,30,1
1,0,4
1,1,4
1,2,4
1,3,2
1,4,2
1,5,1
1,6,1
1,7,2
1,8,2
1,9,2
1,10,2
1,11,3
1,12,3
1,13,3
1,14,3
1,15,2
1,16,2
1,17,2
1,18,2
1,19,1
1,20,1
1,21,1
1,22,1
1,23,3
1,24,3
1,25,3
1,26,3
1,27,1
1,28,1
1,29,1
1,30,1
2,0,4
2,1,4
2,2,4
2,3,2
2,4,2
2,5,1
2,6,1
2,7,1
2,8,2
2,9,2
2,10,3
2,11,3
2,12,3
2,13,3
2,14,4
2,15,4
2,16,2
2,17,2
2,18,1
2,19,1
2,20,1
2,21,1
2,22,3
2,23,3
2,24,3
2,25,3
2,26,1
2,27,1
2,28,1
2,29,1
2,30,1
3,0,4
3,1,4
3,2,4
3,3,2
3,4,2
3,5,1
3,6,1
3,7,1
3,8,1
3,9,1
3,10,3
3,11,3
3,12,3
3,13,4
3,14,4
3,15,4
3,16,4
3,17,4
3,18,1
3,19,1
3,20,1
3,21,1
3,22,3
3,23,3
3,24,3
3,25,3
3,26,1
3,27,1
3,28,1
3,29,1
3,30,1
4,0,4
4,1,4
4,2,2
4,3,2
4,4,2
4,5,1
4,6,1
4,7,1
4,8,1
4,9,1
4,10,1
4,11,3
4,12,3
4,13,4
4,14,4
4,15,4
4,16,4
4,17,4
4,18,4
4,19,1
4,20,1
4,21,1
4,22,1
4,23,3
4,24,3
4,25,4
4,26,4
4,27,1
4,28,1
4,29,1
4,30,1
5,0,2
5,1,2
5,2,2
5,3,2
5,4,2
5,5,1
5,6,1
5,7,1
5,8,1
5,9,1
5,10,1
5,11,3
5,12,3
5,13,4
5,14,4
5,15,4
5,16,4
5,17,4
5,18,4
5,19,4
5,20,1
5,21,1
5,22,1
5,23,1
5,24,4
5,25,4
5,26,4
5,27,4
5,28,4
5,29,4
5,30,4
6,0,2
6,1,2
6,2,2
6,3,2
6,4,2
6,5,1
6,6,1
6,7,1
6,8,1
6,9,1
6,10,3
6,11,3
6,12,3
6,13,4
6,14,4
6,15,4
6,16,4
6,17,4
6,18,4
6,19,4
6,20,4
6,21,1
6,22,1
6,23,1
6,24,4
6,25,4
6,26,4
6,27,4
6,28,4
6,29,4
6,30,4
7,0,2
7,1,2
7,2,2
7,3,2
7,4,1
7,5,1
7,6,1
7,7,1
7,8,1
7,9,1
7,10,3
7,11,3
7,12,3
7,13,3
7,14,4
7,15,4
7,16,4
7,17,4
7,18,4
7,19,4
7,20,4
7,21,1
7,22,1
7,23,1
7,24,1
7,25,4
7,26,4
7,27,4
7,28,4
7,29,4
7,30,4
8,0,2
8,1,2
8,2,3
8,3,3
8,4,1
8,5,1
8,6,1
8,7,1
8,8,1
8,9,1
8,10,3
8,11,3
8,12,3
8,13,3
8,14,4
8,15,4
8,16,4
8,17,4
8,18,4
8,19,4
8,20,4
8,21,1
8,22,1
8,23,1
8,24,1
8,25,4
8,26,4
8,27,4
8,28,4
8,29,4
8,30,4
9,0,3
9,1,3
9,2,3
9,3,3
9,4,3
9,5,1
9,6,1
9,7,1
9,8,1
9,9,1
9,10,3
9,11,3
9,12,3
9,13,1
9,14,1
9,15,4
9,16,4
9,17,4
9,18,4
9,19,4
9,20,4
9,21,4
9,22,1
9,23,1
9,24,1
9,25,4
9,26,4
9,27,4
9,28,4
9,29,4
9,30,4
10,0,3
10,1,3
10,2,3
10,3,3
10,4,3
10,5,4
10,6,4
10,7,1
10,8,1
10,9,3
10,10,3
10,11,3
10,12,1
10,13,1
10,14,1
10,15,1
10,16,4
10,17,4
10,18,4
10,19,4
10,20,4
10,21,4
10,22,1
10,23,1
10,24,1
10,25,4
10,26,4
10,27,4
10,28,4
10,29,4
10,30,4
11,0,4
11,1,4
11,2,3
11,3,3
11,4,4
11,5,4
11,6,4
11,7,4
11,8,3
11,9,3
11,10,3
11,11,3
11,12,1
11,13,1
11,14,1
11,15,1
11,16,4
11,17,4
11,18,4
11,19,4
11,20,4
11,21,1
11,22,1
11,23,1
11,24,1
11,25,1
11,26,4
11,27,4
11,28,4
11,29,4
11,30,4
12,0,4
12,1,4
12,2,4
12,3,4
12,4,4
12,5,4
12,6,4
12,7,4
12,8,3
12,9,3
12,10,3
12,11,4
12,12,4
12,13,1
12,14,1
12,15,4
12,16,4
12,17,4
12,18,4
12,19,4
12,20,1
12,21,1
12,22,1
12,23,1
12,24,1
12,25,1
12,26,4
12,27,4
12,28,4
12,29,4
12,30,4
13,0,4
13,1,4
13,2,4
13,3,4
13,4,4
13,5,4
13,6,4
13,7,4
13,8,3
13,9,3
13,10,4
13,11,4
13,12,4
13,13,4
13,14,4
13,15,4
13,16,4
13,17,4
13,18,4
13,19,1
13,20,1
13,21,1
13,22,1
13,23,1
13,24,1
13,25,1
13,26,4
13,27,4
13,28,4
13,29,4
13,30,4
14,0,4
14,1,4
14,2,4
14,3,4
14,4,4
14,5,4
14,6,4
14,7,3
14,8,3
14,9,3
14,10,4
14,11,4
14,12,4
14,13,4
14,14,4
14,15,4
14,16,4
14,17,2
14,18,2
14,19,1
14,20,1
14,21,1
14,22,1
14,23,1
14,24,1
14,25,1
14,26,1
14,27,4
14,28,4
14,29,4
14,30,4
15,0,3
15,1,3
15,2,3
15,3,3
15,4,3
15,5,3
15,6,3
15,7,3
15,8,3
15,9,3
15,10,4
15,11,4
15,12,4
15,13,4
15,14,4
15,15,2
15,16,2
15,17,2
15,18,2
15,19,2
15,20,1
15,21,1
15,22,4
15,23,4
15,24,1
15,25,1
15,26,1
15,27,1
15,28,1
15,29,1
15,30,1
16,0,3
16,1,3
16,2,3
16,3,3
16,4,3
16,5,3
16,6,3
16,7,3
16,8,3
16,9,3
16,10,4
16,11,4
16,12,4
16,13,4
16,14,2
16,15,2
16,16,2
16,17,2
16,18,2
16,19,2
16,20,2
16,21,4
16,22,4
16,23,4
16,24,4
16,25,1
16,26,1
16,27,1
16,28,1
16,29,1
16,30,1
17,0,4
17,1,4
17,2,3
17,3,3
17,4,3
17,5,3
17,6,3
17,7,3
17,8,3
17,9,3
17,10,3
17,11,4
17,12,4
17,13,2
17,14,2
17,15,2
17,16,2
17,17,2
17,18,2
17,19,2
17,20,2
17,21,4
17,22,4
17,23,4
17,24,4
17,25,1
17,26,1
17,27,1
17,28,1
17,29,1
17,30,1
18,0,4
18,1,4
18,2,4
18,3,3
18,4,3
18,5,3
18,6,3
18,7,3
18,8,3
18,9,3
18,10,3
18,11,1
18,12,1
18,13,2
18,14,2
18,15,2
18,16,2
18,17,2
18,18,2
18,19,2
18,20,2
18,21,2
18,22,4
18,23,4
18,24,1
18,25,1
18,26,1
18,27,1
18,28,1
18,29,1
18,30,1
19,0,4
19,1,4
19,2,4
19,3,3
19,4,3
19,5,3
19,6,3
19,7,3
19,8,3
19,9,3
19,10,1
19,11,1
19,12,1
19,13,1
19,14,2
19,15,2
19,16,2
19,17,2
19,18,2
19,19,2
19,20,2
19,21,2
19,22,2
19,23,1
19,24,1
19,25,1
19,26,1
19,27,1
19,28,1
19,29,1
19,30,1
20,0,4
20,1,4
20,2,4
20,3,3
20,4,3
20,5,3
20,6,3
20,7,3
20,8,3
20,9,1
20,10,1
20,11,1
20,12,1
20,13,1
20,14,2
20,15,2
20,16,2
20,17,2
20,18,2
20,19,2
20,20,2
20,21,2
20,22,2
20,23,1
20,24,1
20,25,1
20,26,1
20,27,2
20,28,2
20,29,2
20,30,2
21,0,4
21,1,4
21,2,1
21,3,1
21,4,3
21,5,3
21,6,3
21,7,3
21,8,1
21,9,1
21,10,1
21,11,1
21,12,1
21,13,2
21,14,2
21,15,2
21,16,2
21,17,1
21,18,1
21,19,2
21,20,2
21,21,2
21,22,1
21,23,1
21,24,1
21,25,1
21,26,2
21,27,2
21,28,2
21,29,2
21,30,2
22,0,1
22,1,1
22,2,1
22,3,1
22,4,1
22,5,1
22,6,1
22,7,1
22,8,1
22,9,1
22,10,1
22,11,3
22,12,3
22,13,2
22,14,2
22,15,2
22,16,1
22,17,1
22,18,1
22,19,1
22,20,1
22,21,1
22,22,1
22,23,1
22,24,1
22,25,2
22,26,2
22,27,2
22,28,2
22,29,2
22,30,2
23,0,1
23,1,1
23,2,1
23,3,1
23,4,1
23,5,1
23,6,1
23,7,1
23,8,1
23,9,1
23,10,3
23,11,3
23,12,3
23,13,3
23,14,2
23,15,2
23,16,1
23,17,1
23,18,1
23,19,1
23,20,1
23,21,1
23,22,1
23,23,1
23,24,1
23,25,2
23,26,2
23,27,2
23,28,2
23,29,2
23,30,2
24,0,1
24,1,1
24,2,1
24,3,1
24,4,1
24,5,4
24,6,4
24,7,4
24,8,4
24,9,4
24,10,3
24,11,3
24,12,3
24,13,3
24,14,2
24,15,2
24,16,2
24,17,1
24,18,1
24,19,2
24,20,2
24,21,2
24,22,1
24,23,1
24,24,3
24,25,3
24,26,2
24,27,2
24,28,2
24,29,2
24,30,2
25,0,3
25,1,3
25,2,1
25,3,1
25,4,4
25,5,4
25,6,4
25,7,4
25,8,4
25,9,4
25,10,4
25,11,3
25,12,3
25,13,2
25,14,2
25,15,2
25,16,2
25,17,2
25,18,2
25,19,2
25,20,2
25,21,2
25,22,2
25,23,3
25,24,3
25,25,3
25,26,3
25,27,3
25,28,3
25,29,3
25,30,3
26,0,3
26,1,3
26,2,3
26,3,3
26,4,4
26,5,4
26,6,4
26,7,4
26,8,4
26,9,4
26,10,4
26,11,2
26,12,2
26,13,2
26,14,2
26,15,2
26,16,2
26,17,2
26,18,2
26,19,2
26,20,2
26,21,2
26,22,2
26,23,3
26,24,3
26,25,3
26,26,3
26,27,3
26,28,3
26,29,3
26,30,3
27,0,3
27,1,3
27,2,3
27,3,3
27,4,3
27,5,4
27,6,4
27,7,4
27,8,4
27,9,4
27,10,2
27,11,2
27,12,2
27,13,2
27,14,2
27,15,2
27,16,2
27,17,2
27,18,2
27,19,2
27,20,2
27,21,2
27,22,2
27,23,3
27,24,3
27,25,3
27,26,3
27,27,3
27,28,3
27,29,3
27,30,3
28,0,4
28,1,4
28,2,3
28,3,3
28,4,3
28,5,4
28,6,4
28,7,4
28,8,4
28,9,4
28,10,2
28,11,2
28,12,2
28,13,2
28,14,2
28,15,2
28,16,2
28,17,2
28,18,2
28,19,2
28,20,2
28,21,2
28,22,1
28,23,1
28,24,3
28,25,3
28,26,3
28,27,3
28,28,3
28,29,3
28,30,3
29,0,4
29,1,4
29,2,4
29,3,3
29,4,3
29,5,4
29,6,4
29,7,4
29,8,4
29,9,4
29,10,2
29,11,2
29,12,2
29,13,2
29,14,2
29,15,2
29,16,2
29,17,2
29,18,2
29,19,2
29,20,2
29,21,1
29,22,1
29,23,1
29,24,1
29,25,3
29,26,3
29,27,3
29,28,3
29,29,3
29,30,3
30,0,4
30,1,4
30,2,4
30,3,3
30,4,3
30,5,4
30,6,4
30,7,4
30,8,4
30,9,4
30,10,2
30,11,2
30,12,2
30,13,2
30,14,2
30,15,2
30,16,2
30,17,2
30,18,2
30,19,2
30,20,2
30,21,1
30,22,1
30,23,1
30,24,1
30,25,3
30,26,3
30,27,3
30,28,3
30,29,3
30,30,3