9
16
9
0
7,7
7,17
7,27
17,7
17,17
17,27
27,7
27,17
27,27
0,3,2
0,4,1
0,1,1
2,5,1
1,2,2
3,4,1
3,6,2
7,8,2
4,7,2
5,7,2
6,7,1
5,8,1
4,5,2
1,4,2
4,6,1
1,5,2
0,0,4
0,1,4
0,2,4
0,3,4
0,4,2
0,5,2
0,6,1
0,7,1
0,8,1
0,9,1
0,10,2
0,11,2
0,12,2
0,13,2
0,14,2
0,15,4
0,16,4
0,17,4
0,18,4
0,19,4
0,20,4
0,21,3
0,22,3
0,23,2
0,24,2
0,25,4
0,26,4
0,27,4
0,28,1
0,29,1
0,30,1
1,0,4
1,1,4
1,2,4
1,3,4
1,4,2
1,5,2
1,6,1
1,7,1
1,8,1
1,9,1
1,10,2
1,11,2
1,12,2
1,13,2
1,14,2
1,15,4
1,16,4
1,17,4
1,18,4
1,19,4
1,20,4
1,21,3
1,22,3
1,23,2
1,24,2
1,25,4
1,26,4
1,27,4
1,28,1
1,29,1
1,30,1
2,0,4
2,1,4
2,2,4
2,3,4
2,4,2
2,5,2
2,6,2
2,7,1
2,8,1
2,9,2
2,10,2
2,11,2
2,12,2
2,13,2
2,14,3
2,15,3
2,16,4
2,17,4
2,18,4
2,19,4
2,20,3
2,21,3
2,22,3
2,23,2
2,24,2
2,25,4
2,26,4
2,27,4
2,28,4
2,29,1
2,30,1
3,0,4
3,1,4
3,2,4
3,3,4
3,4,2
3,5,2
3,6,2
3,7,2
3,8,2
3,9,2
3,10,2
3,11,2
3,12,3
3,13,3
3,14,3
3,15,3
3,16,3
3,17,3
3,18,3
3,19,3
3,20,3
3,21,3
3,22,3
3,23,2
3,24,2
3,25,4
3,26,4
3,27,4
3,28,4
3,29,4
3,30,4
4,0,4
4,1,4
4,2,4
4,3,4
4,4,4
4,5,2
4,6,2
4,7,2
4,8,2
4,9,2
4,10,2
4,11,3
4,12,3
4,13,3
4,14,3
4,15,3
4,16,3
4,17,3
4,18,3
4,19,3
4,20,3
4,21,3
4,22,2
4,23,2
4,24,2
4,25,4
4,26,4
4,27,4
4,28,4
4,29,4
4,30,4
5,0,4
5,1,4
5,2,4
5,3,4
5,4,4
5,5,4
5,6,4
5,7,4
5,8,4
5,9,4
5,10,4
5,11,3
5,12,3
5,13,3
5,14,3
5,15,2
5,16,2
5,17,2
5,18,2
5,19,2
5,20,2
5,21,2
5,22,2
5,23,2
5,24,2
5,25,4
5,26,4
5,27,4
5,28,4
5,29,4
5,30,4
6,0,2
6,1,2
6,2,4
6,3,4
6,4,4
6,5,4
6,6,4
6,7,4
6,8,4
6,9,4
6,10,4
6,11,4
6,12,3
6,13,3
6,14,2
6,15,2
6,16,2
6,17,2
6,18,2
6,19,2
6,20,2
6,21,2
6,22,2
6,23,2
6,24,4
6,25,4
6,26,4
6,27,4
6,28,4
6,29,4
6,30,4
7,0,2
7,1,2
7,2,2
7,3,4
7,4,4
7,5,4
7,6,4
7,7,4
7,8,4
7,9,4
7,10,4
7,11,4
7,12,3
7,13,3
7,14,2
7,15,2
7,16,2
7,17,2
7,18,2
7,19,2
7,20,2
7,21,1
7,22,1
7,23,1
7,24,4
7,25,4
7,26,4
7,27,4
7,28,4
7,29,4
7,30,4
8,0,2
8,1,2
8,2,2
8,3,4
8,4,4
8,5,4
8,6,4
8,7,4
8,8,4
8,9,4
8,10,4
8,11,3
8,12,3
8,13,3
8,14,3
8,15,2
8,16,2
8,17,2
8,18,2
8,19,2
8,20,1
8,21,1
8,22,1
8,23,1
8,24,1
8,25,4
8,26,4
8,27,4
8,28,4
8,29,4
8,30,4
9,0,2
9,1,2
9,2,1
9,3,1
9,4,4
9,5,4
9,6,4
9,7,4
9,8,4
9,9,4
9,10,4
9,11,3
9,12,3
9,13,3
9,14,3
9,15,2
9,16,2
9,17,2
9,18,2
9,19,2
9,20,1
9,21,1
9,22,1
9,23,1
9,24,1
9,25,4
9,26,4
9,27,4
9,28,4
9,29,4
9,30,4
10,0,1
10,1,1
10,2,1
10,3,1
10,4,1
10,5,4
10,6,4
10,7,4
10,8,4
10,9,4
10,10,1
10,11,1
10,12,3
10,13,3
10,14,3
10,15,2
10,16,2
10,17,2
10,18,2
10,19,2
10,20,1
10,21,1
10,22,1
10,23,1
10,24,1
10,25,1
10,26,4
10,27,4
10,28,4
10,29,4
10,30,4
11,0,1
11,1,1
11,2,1
11,3,1
11,4,1
11,5,1
11,6,4
11,7,4
11,8,4
11,9,1
11,10,1
11,11,1
11,12,1
11,13,3
11,14,3
11,15,2
11,16,2
11,17,2
11,18,2
11,19,2
11,20,1
11,21,1
11,22,1
11,23,1
11,24,1
11,25,1
11,26,4
11,27,4
11,28,4
11,29,4
11,30,4
12,0,1
12,1,1
12,2,1
12,3,1
12,4,1
12,5,1
12,6,1
12,7,4
12,8,4
12,9,1
12,10,1
12,11,1
12,12,1
12,13,3
12,14,3
12,15,2
12,16,2
12,17,2
12,18,2
12,19,2
12,20,2
12,21,1
12,22,1
12,23,1
12,24,1
12,25,3
12,26,3
12,27,4
12,28,4
12,29,3
12,30,3
13,0,1
13,1,1
13,2,1
13,3,1
13,4,1
13,5,1
13,6,1
13,7,4
13,8,4
13,9,1
13,10,1
13,11,1
13,12,1
13,13,3
13,14,3
13,15,3
13,16,2
13,17,2
13,18,2
13,19,2
13,20,2
13,21,1
13,22,1
13,23,1
13,24,3
13,25,3
13,26,3
13,27,3
13,28,3
13,29,3
13,30,3
14,0,1
14,1,1
14,2,1
14,3,1
14,4,1
14,5,1
14,6,4
14,7,4
14,8,4
14,9,1
14,10,1
14,11,1
14,12,1
14,13,3
14,14,3
14,15,3
14,16,4
14,17,4
14,18,2
14,19,2
14,20,1
14,21,1
14,22,1
14,23,1
14,24,3
14,25,3
14,26,3
14,27,3
14,28,3
14,29,3
14,30,3
15,0,4
15,1,4
15,2,1
15,3,1
15,4,1
15,5,4
15,6,4
15,7,4
15,8,4
15,9,4
15,10,1
15,11,1
15,12,3
15,13,3
15,14,3
15,15,4
15,16,4
15,17,4
15,18,4
15,19,4
15,20,1
15,21,1
15,22,1
15,23,1
15,24,1
15,25,3
15,26,3
15,27,3
15,28,3
15,29,3
15,30,3
16,0,4
16,1,4
16,2,4
16,3,4
16,4,4
16,5,4
16,6,4
16,7,4
16,8,4
16,9,4
16,10,4
16,11,3
16,12,3
16,13,3
16,14,3
16,15,4
16,16,4
16,17,4
16,18,4
16,19,4
16,20,4
16,21,1
16,22,1
16,23,1
16,24,1
16,25,3
16,26,3
16,27,3
16,28,3
16,29,3
16,30,3
17,0,4
17,1,4
17,2,4
17,3,4
17,4,4
17,5,4
17,6,4
17,7,4
17,8,4
17,9,4
17,10,4
17,11,3
17,12,3
17,13,3
17,14,3
17,15,4
17,16,4
17,17,4
17,18,4
17,19,4
17,20,4
17,21,1
17,22,1
17,23,1
17,24,1
17,25,3
17,26,3
17,27,3
17,28,3
17,29,3
17,30,3
18,0,4
18,1,4
18,2,4
18,3,4
18,4,4
18,5,4
18,6,4
18,7,4
18,8,4
18,9,4
18,10,4
18,11,3
18,12,3
18,13,3
18,14,4
18,15,4
18,16,4
18,17,4
18,18,4
18,19,4
18,20,4
18,21,1
18,22,1
18,23,1
18,24,1
18,25,3
18,26,3
18,27,3
18,28,3
18,29,3
18,30,3
19,0,4
19,1,4
19,2,4
19,3,4
19,4,4
19,5,4
19,6,4
19,7,4
19,8,4
19,9,4
19,10,3
19,11,3
19,12,3
19,13,4
19,14,4
19,15,4
19,16,4
19,17,4
19,18,4
19,19,4
19,20,4
19,21,4
19,22,1
19,23,1
19,24,3
19,25,3
19,26,3
19,27,3
19,28,3
19,29,3
19,30,3
20,0,4
20,1,4
20,2,4
20,3,4
20,4,1
20,5,1
20,6,4
20,7,4
20,8,3
20,9,3
20,10,3
20,11,3
20,12,3
20,13,4
20,14,4
20,15,4
20,16,2
20,17,2
20,18,4
20,19,4
20,20,4
20,21,4
20,22,2
20,23,2
20,24,3
20,25,3
20,26,3
20,27,3
20,28,3
20,29,3
20,30,3
21,0,4
21,1,4
21,2,4
21,3,1
21,4,1
21,5,1
21,6,1
21,7,3
21,8,3
21,9,3
21,10,3
21,11,3
21,12,4
21,13,4
21,14,4
21,15,2
21,16,2
21,17,2
21,18,2
21,19,4
21,20,4
21,21,2
21,22,2
21,23,2
21,24,2
21,25,3
21,26,3
21,27,3
21,28,2
21,29,2
21,30,2
22,0,4
22,1,4
22,2,4
22,3,1
22,4,1
22,5,1
22,6,1
22,7,3
22,8,3
22,9,3
22,10,3
22,11,4
22,12,4
22,13,4
22,14,4
22,15,2
22,16,2
22,17,2
22,18,2
22,19,1
22,20,1
22,21,2
22,22,2
22,23,2
22,24,2
22,25,2
22,26,2
22,27,2
22,28,2
22,29,2
22,30,2
23,0,4
23,1,4
23,2,4
23,3,1
23,4,1
23,5,1
23,6,1
23,7,3
23,8,3
23,9,3
23,10,3
23,11,4
23,12,4
23,13,4
23,14,4
23,15,4
23,16,2
23,17,2
23,18,1
23,19,1
23,20,1
23,21,1
23,22,2
23,23,2
23,24,2
23,25,2
23,26,2
23,27,2
23,28,2
23,29,2
23,30,2
24,0,4
24,1,4
24,2,3
24,3,3
24,4,1
24,5,1
24,6,1
24,7,1
24,8,3
24,9,3
24,10,1
24,11,1
24,12,4
24,13,4
24,14,4
24,15,4
24,16,1
24,17,1
24,18,1
24,19,1
24,20,1
24,21,1
24,22,2
24,23,2
24,24,2
24,25,2
24,26,2
24,27,1
24,28,1
24,29,1
24,30,1
25,0,3
25,1,3
25,2,3
25,3,3
25,4,3
25,5,1
25,6,1
25,7,1
25,8,1
25,9,1
25,10,1
25,11,1
25,12,1
25,13,4
25,14,4
25,15,1
25,16,1
25,17,1
25,18,1
25,19,1
25,20,1
25,21,3
25,22,3
25,23,2
25,24,2
25,25,1
25,26,1
25,27,1
25,28,1
25,29,1
25,30,1
26,0,3
26,1,3
26,2,3
26,3,3
26,4,3
26,5,1
26,6,1
26,7,1
26,8,1
26,9,1
26,10,1
26,11,1
26,12,1
26,13,1
26,14,1
26,15,1
26,16,1
26,17,1
26,18,1
26,19,1
26,20,3
26,21,3
26,22,3
26,23,3
26,24,1
26,25,1
26,26,1
26,27,1
26,28,1
26,29,1
26,30,1
27,0,3
27,1,3
27,2,3
27,3,3
27,4,1
27,5,1
27,6,1
27,7,1
27,8,1
27,9,1
27,10,1
27,11,1
27,12,1
27,13,1
27,14,1
27,15,1
27,16,1
27,17,1
27,18,1
27,19,1
27,20,3
27,21,3
27,22,3
27,23,3
27,24,1
27,25,1
27,26,1
27,27,1
27,28,1
27,29,1
27,30,1
28,0,3
28,1,3
28,2,2
28,3,2
28,4,1
28,5,1
28,6,1
28,7,1
28,8,1
28,9,1
28,10,1
28,11,4
28,12,4
28,13,4
28,14,1
28,15,1
28,16,1
28,17,1
28,18,1
28,19,1
28,20,3
28,21,3
28,22,3
28,23,3
28,24,3
28,25,1
28,26,1
28,27,1
28,28,1
28,29,1
28,30,1
29,0,2
29,1,2
29,2,2
29,3,2
29,4,2
29,5,1
29,6,1
29,7,1
29,8,1
29,9,1
29,10,4
29,11,4
29,12,4
29,13,4
29,14,4
29,15,1
29,16,1
29,17,1
29,18,1
29,19,1
29,20,1
29,21,3
29,22,3
29,23,3
29,24,3
29,25,1
29,26,1
29,27,1
29,28,1
29,29,1
29,30,1
30,0,2
30,1,2
30,2,2
30,3,2
30,4,2
30,5,1
30,6,1
30,7,1
30,8,1
30,9,1
30,10,4
30,11,4
30,12,4
30,13,4
30,14,4
30,15,1
30,16,1
30,17,1
30,18,1
30,19,1
30,20,1
30,21,3
30,22,3
30,23,3
30,24,3
30,25,1
30,26,1
30,27,1
30,28,1
30,29,1
30,30,1