9
16
8
4
2,2
2,12
2,22
12,2
12,12
12,22
22,2
22,12
22,22
3,4,2
1,4,2
4,6,2
2,4,1
4,7,1
4,8,1
4,5,1
1,3,2
3,6,1
0,3,2
0,1,1
1,2,1
6,7,1
2,5,2
7,8,1
5,8,1
0,0,4
0,1,4
0,2,4
0,3,4
0,4,4
0,5,4
0,6,4
0,7,2
0,8,2
0,9,2
0,10,1
0,11,1
0,12,1
0,13,1
0,14,1
0,15,2
0,16,2
0,17,2
0,18,2
0,19,3
0,20,3
0,21,3
0,22,3
0,23,3
0,24,3
0,25,4
0,26,4
0,27,4
0,28,4
0,29,4
0,30,4
1,0,4
1,1,4
1,2,4
1,3,4
1,4,4
1,5,4
1,6,4
1,7,2
1,8,2
1,9,2
1,10,1
1,11,1
1,12,1
1,13,1
1,14,1
1,15,2
1,16,2
1,17,2
1,18,2
1,19,3
1,20,3
1,21,3
1,22,3
1,23,3
1,24,3
1,25,4
1,26,4
1,27,4
1,28,4
1,29,4
1,30,4
2,0,4
2,1,4
2,2,4
2,3,4
2,4,4
2,5,4
2,6,2
2,7,2
2,8,2
2,9,2
2,10,1
2,11,1
2,12,1
2,13,1
2,14,1
2,15,1
2,16,2
2,17,2
2,18,3
2,19,3
2,20,3
2,21,3
2,22,3
2,23,3
2,24,3
2,25,4
2,26,4
2,27,4
2,28,4
2,29,4
2,30,4
3,0,4
3,1,4
3,2,4
3,3,4
3,4,4
3,5,4
3,6,2
3,7,2
3,8,2
3,9,1
3,10,1
3,11,1
3,12,1
3,13,1
3,14,1
3,15,1
3,16,1
3,17,3
3,18,3
3,19,3
3,20,3
3,21,3
3,22,3
3,23,3
3,24,3
3,25,4
3,26,4
3,27,4
3,28,4
3,29,4
3,30,4
4,0,4
4,1,4
4,2,4
4,3,4
4,4,4
4,5,2
4,6,2
4,7,2
4,8,1
4,9,1
4,10,1
4,11,1
4,12,1
4,13,1
4,14,1
4,15,1
4,16,1
4,17,3
4,18,3
4,19,3
4,20,3
4,21,3
4,22,3
4,23,3
4,24,3
4,25,3
4,26,4
4,27,4
4,28,4
4,29,4
4,30,4
5,0,4
5,1,4
5,2,4
5,3,2
5,4,2
5,5,2
5,6,2
5,7,2
5,8,1
5,9,1
5,10,1
5,11,4
5,12,4
5,13,4
5,14,1
5,15,1
5,16,3
5,17,3
5,18,3
5,19,3
5,20,3
5,21,3
5,22,3
5,23,3
5,24,3
5,25,3
5,26,3
5,27,3
5,28,3
5,29,3
5,30,3
6,0,2
6,1,2
6,2,2
6,3,2
6,4,2
6,5,2
6,6,2
6,7,1
6,8,1
6,9,1
6,10,4
6,11,4
6,12,4
6,13,4
6,14,4
6,15,3
6,16,3
6,17,3
6,18,3
6,19,3
6,20,3
6,21,1
6,22,1
6,23,1
6,24,3
6,25,3
6,26,3
6,27,3
6,28,3
6,29,3
6,30,3
7,0,2
7,1,2
7,2,2
7,3,2
7,4,2
7,5,3
7,6,3
7,7,1
7,8,1
7,9,1
7,10,4
7,11,4
7,12,4
7,13,4
7,14,4
7,15,3
7,16,3
7,17,3
7,18,3
7,19,1
7,20,1
7,21,1
7,22,1
7,23,1
7,24,1
7,25,1
7,26,3
7,27,3
7,28,3
7,29,1
7,30,1
8,0,4
8,1,4
8,2,2
8,3,2
8,4,3
8,5,3
8,6,3
8,7,3
8,8,1
8,9,1
8,10,4
8,11,4
8,12,4
8,13,4
8,14,4
8,15,4
8,16,3
8,17,3
8,18,1
8,19,1
8,20,1
8,21,1
8,22,1
8,23,1
8,24,1
8,25,1
8,26,1
8,27,1
8,28,1
8,29,1
8,30,1
9,0,4
9,1,4
9,2,4
9,3,4
9,4,3
9,5,3
9,6,3
9,7,3
9,8,1
9,9,1
9,10,4
9,11,4
9,12,4
9,13,4
9,14,4
9,15,4
9,16,1
9,17,1
9,18,1
9,19,1
9,20,1
9,21,1
9,22,4
9,23,4
9,24,1
9,25,1
9,26,1
9,27,1
9,28,1
9,29,1
9,30,1
10,0,4
10,1,4
10,2,4
10,3,4
10,4,4
10,5,3
10,6,3
10,7,1
10,8,1
10,9,1
10,10,4
10,11,4
10,12,4
10,13,4
10,14,4
10,15,1
10,16,1
10,17,1
10,18,1
10,19,1
10,20,4
10,21,4
10,22,4
10,23,4
10,24,4
10,25,4
10,26,4
10,27,4
10,28,1
10,29,1
10,30,1
11,0,4
11,1,4
11,2,4
11,3,4
11,4,4
11,5,4
11,6,1
11,7,1
11,8,1
11,9,1
11,10,4
11,11,4
11,12,4
11,13,4
11,14,4
11,15,1
11,16,1
11,17,1
11,18,1
11,19,4
11,20,4
11,21,4
11,22,4
11,23,4
11,24,4
11,25,4
11,26,4
11,27,4
11,28,4
11,29,1
11,30,1
12,0,4
12,1,4
12,2,4
12,3,4
12,4,4
12,5,4
12,6,1
12,7,1
12,8,1
12,9,4
12,10,4
12,11,4
12,12,4
12,13,4
12,14,4
12,15,4
12,16,1
12,17,1
12,18,4
12,19,4
12,20,4
12,21,4
12,22,4
12,23,4
12,24,4
12,25,4
12,26,4
12,27,4
12,28,4
12,29,4
12,30,4
13,0,4
13,1,4
13,2,4
13,3,4
13,4,4
13,5,1
13,6,1
13,7,1
13,8,1
13,9,4
13,10,4
13,11,4
13,12,4
13,13,4
13,14,4
13,15,4
13,16,4
13,17,4
13,18,4
13,19,4
13,20,4
13,21,4
13,22,4
13,23,4
13,24,4
13,25,4
13,26,4
13,27,4
13,28,4
13,29,4
13,30,4
14,0,4
14,1,4
14,2,4
14,3,4
14,4,4
14,5,1
14,6,1
14,7,1
14,8,3
14,9,3
14,10,4
14,11,4
14,12,4
14,13,4
14,14,4
14,15,4
14,16,4
14,17,4
14,18,4
14,19,4
14,20,4
14,21,4
14,22,4
14,23,4
14,24,4
14,25,4
14,26,4
14,27,4
14,28,4
14,29,4
14,30,4
15,0,4
15,1,4
15,2,4
15,3,4
15,4,1
15,5,1
15,6,1
15,7,3
15,8,3
15,9,3
15,10,3
15,11,4
15,12,4
15,13,4
15,14,4
15,15,4
15,16,4
15,17,4
15,18,4
15,19,4
15,20,2
15,21,2
15,22,4
15,23,4
15,24,4
15,25,4
15,26,4
15,27,4
15,28,4
15,29,4
15,30,4
16,0,1
16,1,1
16,2,1
16,3,1
16,4,1
16,5,1
16,6,1
16,7,3
16,8,3
16,9,3
16,10,3
16,11,3
16,12,4
16,13,4
16,14,4
16,15,4
16,16,4
16,17,4
16,18,4
16,19,2
16,20,2
16,21,2
16,22,2
16,23,4
16,24,4
16,25,4
16,26,4
16,27,4
16,28,4
16,29,4
16,30,4
17,0,1
17,1,1
17,2,1
17,3,1
17,4,1
17,5,1
17,6,4
17,7,4
17,8,3
17,9,3
17,10,3
17,11,3
17,12,2
17,13,2
17,14,4
17,15,4
17,16,1
17,17,1
17,18,1
17,19,2
17,20,2
17,21,2
17,22,2
17,23,4
17,24,4
17,25,4
17,26,4
17,27,4
17,28,4
17,29,4
17,30,4
18,0,4
18,1,4
18,2,4
18,3,4
18,4,4
18,5,4
18,6,4
18,7,4
18,8,4
18,9,3
18,10,3
18,11,2
18,12,2
18,13,2
18,14,2
18,15,1
18,16,1
18,17,1
18,18,1
18,19,1
18,20,2
18,21,2
18,22,3
18,23,3
18,24,4
18,25,4
18,26,1
18,27,1
18,28,4
18,29,4
18,30,4
19,0,4
19,1,4
19,2,4
19,3,4
19,4,4
19,5,4
19,6,4
19,7,4
19,8,4
19,9,4
19,10,2
19,11,2
19,12,2
19,13,2
19,14,2
19,15,1
19,16,1
19,17,1
19,18,1
19,19,1
19,20,3
19,21,3
19,22,3
19,23,3
19,24,3
19,25,1
19,26,1
19,27,1
19,28,1
19,29,4
19,30,4
20,0,2
20,1,2
20,2,2
20,3,2
20,4,2
20,5,4
20,6,4
20,7,4
20,8,4
20,9,4
20,10,2
20,11,2
20,12,2
20,13,2
20,14,2
20,15,2
20,16,1
20,17,1
20,18,1
20,19,3
20,20,3
20,21,3
20,22,3
20,23,3
20,24,3
20,25,1
20,26,1
20,27,1
20,28,1
20,29,1
20,30,1
21,0,2
21,1,2
21,2,2
21,3,2
21,4,2
21,5,2
21,6,4
21,7,4
21,8,4
21,9,4
21,10,2
21,11,2
21,12,2
21,13,2
21,14,2
21,15,2
21,16,3
21,17,3
21,18,3
21,19,3
21,20,3
21,21,3
21,22,3
21,23,3
21,24,3
21,25,3
21,26,1
21,27,1
21,28,1
21,29,1
21,30,1
22,0,2
22,1,2
22,2,2
22,3,2
22,4,2
22,5,2
22,6,4
22,7,4
22,8,4
22,9,4
22,10,2
22,11,2
22,12,2
22,13,2
22,14,2
22,15,3
22,16,3
22,17,3
22,18,3
22,19,3
22,20,3
22,21,3
22,22,3
22,23,3
22,24,3
22,25,3
22,26,1
22,27,1
22,28,1
22,29,1
22,30,1
23,0,2
23,1,2
23,2,2
23,3,2
23,4,2
23,5,2
23,6,2
23,7,4
23,8,4
23,9,2
23,10,2
23,11,2
23,12,2
23,13,2
23,14,2
23,15,3
23,16,3
23,17,3
23,18,3
23,19,3
23,20,3
23,21,3
23,22,3
23,23,3
23,24,3
23,25,3
23,26,1
23,27,1
23,28,1
23,29,1
23,30,1
24,0,2
24,1,2
24,2,2
24,3,2
24,4,2
24,5,2
24,6,2
24,7,2
24,8,2
24,9,2
24,10,2
24,11,2
24,12,2
24,13,2
24,14,2
24,15,2
24,16,3
24,17,3
24,18,2
24,19,2
24,20,3
24,21,3
24,22,3
24,23,3
24,24,3
24,25,2
24,26,2
24,27,1
24,28,1
24,29,1
24,30,1
25,0,2
25,1,2
25,2,2
25,3,2
25,4,2
25,5,2
25,6,2
25,7,2
25,8,2
25,9,2
25,10,2
25,11,2
25,12,2
25,13,2
25,14,2
25,15,2
25,16,2
25,17,2
25,18,2
25,19,2
25,20,2
25,21,2
25,22,2
25,23,2
25,24,2
25,25,2
25,26,2
25,27,2
25,28,2
25,29,2
25,30,2
26,0,2
26,1,2
26,2,1
26,3,1
26,4,2
26,5,2
26,6,2
26,7,2
26,8,2
26,9,2
26,10,2
26,11,2
26,12,2
26,13,2
26,14,2
26,15,2
26,16,2
26,17,2
26,18,2
26,19,2
26,20,2
26,21,2
26,22,2
26,23,2
26,24,2
26,25,2
26,26,2
26,27,2
26,28,2
26,29,2
26,30,2
27,0,1
27,1,1
27,2,1
27,3,1
27,4,1
27,5,1
27,6,1
27,7,1
27,8,1
27,9,1
27,10,1
27,11,1
27,12,1
27,13,1
27,14,1
27,15,1
27,16,1
27,17,1
27,18,1
27,19,1
27,20,1
27,21,1
27,22,1
27,23,1
27,24,1
27,25,1
27,26,1
27,27,1
27,28,1
27,29,1
27,30,1
28,0,1
28,1,1
28,2,1
28,3,1
28,4,1
28,5,1
28,6,1
28,7,1
28,8,1
28,9,1
28,10,1
28,11,1
28,12,1
28,13,1
28,14,1
28,15,1
28,16,1
28,17,1
28,18,1
28,19,1
28,20,1
28,21,1
28,22,1
28,23,1
28,24,1
28,25,1
28,26,1
28,27,1
28,28,1
28,29,1
28,30,1
29,0,2
29,1,2
29,2,2
29,3,2
29,4,2
29,5,2
29,6,2
29,7,2
29,8,2
29,9,2
29,10,2
29,11,2
29,12,2
29,13,2
29,14,2
29,15,2
29,16,2
29,17,2
29,18,2
29,19,2
29,20,2
29,21,2
29,22,2
29,23,2
29,24,2
29,25,2
29,26,2
29,27,2
29,28,2
29,29,2
29,30,2
30,0,2
30,1,2
30,2,2
30,3,2
30,4,2
30,5,2
30,6,2
30,7,2
30,8,2
30,9,2
30,10,2
30,11,2
30,12,2
30,13,2
30,14,2
30,15,2
30,16,2
30,17,2
30,18,2
30,19,2
30,20,2
30,21,2
30,22,2
30,23,2
30,24,2
30,25,2
30,26,2
30,27,2
30,28,2
30,29,2
30,30,2