9
16
8
7
2,2
2,12
2,22
12,2
12,12
12,22
22,2
22,12
22,22
6,7,1
4,7,2
3,7,2
7,8,2
3,6,1
4,5,2
5,8,1
2,5,1
3,4,1
4,8,2
0,4,2
2,4,1
1,4,1
0,3,2
0,1,1
1,2,1
0,0,1
0,1,1
0,2,1
0,3,1
0,4,1
0,5,1
0,6,1
0,7,1
0,8,1
0,9,1
0,10,2
0,11,2
0,12,2
0,13,2
0,14,2
0,15,4
0,16,4
0,17,2
0,18,2
0,19,2
0,20,4
0,21,4
0,22,4
0,23,4
0,24,4
0,25,4
0,26,4
0,27,4
0,28,2
0,29,2
0,30,2
1,0,1
1,1,1
1,2,1
1,3,1
1,4,1
1,5,1
1,6,1
1,7,1
1,8,1
1,9,1
1,10,2
1,11,2
1,12,2
1,13,2
1,14,2
1,15,4
1,16,4
1,17,2
1,18,2
1,19,2
1,20,4
1,21,4
1,22,4
1,23,4
1,24,4
1,25,4
1,26,4
1,27,4
1,28,2
1,29,2
1,30,2
2,0,1
2,1,1
2,2,1
2,3,1
2,4,1
2,5,1
2,6,1
2,7,1
2,8,1
2,9,2
2,10,2
2,11,2
2,12,2
2,13,2
2,14,2
2,15,4
2,16,4
2,17,2
2,18,2
2,19,2
2,20,4
2,21,4
2,22,4
2,23,4
2,24,4
2,25,4
2,26,4
2,27,4
2,28,4
2,29,2
2,30,2
3,0,1
3,1,1
3,2,1
3,3,1
3,4,1
3,5,1
3,6,1
3,7,1
3,8,2
3,9,2
3,10,2
3,11,2
3,12,2
3,13,2
3,14,2
3,15,4
3,16,4
3,17,2
3,18,2
3,19,4
3,20,4
3,21,4
3,22,4
3,23,4
3,24,4
3,25,4
3,26,4
3,27,4
3,28,4
3,29,2
3,30,2
4,0,1
4,1,1
4,2,1
4,3,1
4,4,1
4,5,4
4,6,4
4,7,4
4,8,2
4,9,2
4,10,2
4,11,2
4,12,2
4,13,2
4,14,2
4,15,4
4,16,4
4,17,2
4,18,2
4,19,4
4,20,4
4,21,4
4,22,4
4,23,4
4,24,4
4,25,4
4,26,4
4,27,4
4,28,4
4,29,2
4,30,2
5,0,1
5,1,1
5,2,1
5,3,4
5,4,4
5,5,4
5,6,4
5,7,4
5,8,4
5,9,2
5,10,2
5,11,2
5,12,2
5,13,2
5,14,4
5,15,4
5,16,4
5,17,2
5,18,2
5,19,2
5,20,4
5,21,4
5,22,4
5,23,4
5,24,4
5,25,4
5,26,4
5,27,4
5,28,2
5,29,2
5,30,2
6,0,1
6,1,1
6,2,4
6,3,4
6,4,4
6,5,4
6,6,4
6,7,4
6,8,4
6,9,4
6,10,4
6,11,2
6,12,2
6,13,4
6,14,4
6,15,4
6,16,4
6,17,2
6,18,2
6,19,2
6,20,2
6,21,2
6,22,2
6,23,2
6,24,2
6,25,2
6,26,2
6,27,2
6,28,2
6,29,2
6,30,2
7,0,2
7,1,2
7,2,4
7,3,4
7,4,4
7,5,4
7,6,4
7,7,4
7,8,4
7,9,4
7,10,4
7,11,4
7,12,4
7,13,4
7,14,4
7,15,4
7,16,3
7,17,3
7,18,2
7,19,2
7,20,2
7,21,2
7,22,2
7,23,2
7,24,2
7,25,2
7,26,2
7,27,2
7,28,2
7,29,2
7,30,2
8,0,2
8,1,2
8,2,2
8,3,4
8,4,4
8,5,4
8,6,4
8,7,2
8,8,2
8,9,4
8,10,4
8,11,4
8,12,4
8,13,4
8,14,4
8,15,3
8,16,3
8,17,3
8,18,3
8,19,2
8,20,2
8,21,1
8,22,1
8,23,1
8,24,1
8,25,1
8,26,2
8,27,2
8,28,2
8,29,2
8,30,2
9,0,2
9,1,2
9,2,2
9,3,2
9,4,4
9,5,4
9,6,2
9,7,2
9,8,2
9,9,2
9,10,4
9,11,4
9,12,4
9,13,4
9,14,4
9,15,3
9,16,3
9,17,3
9,18,3
9,19,3
9,20,1
9,21,1
9,22,1
9,23,1
9,24,1
9,25,1
9,26,1
9,27,1
9,28,1
9,29,1
9,30,1
10,0,2
10,1,2
10,2,2
10,3,2
10,4,2
10,5,2
10,6,2
10,7,2
10,8,2
10,9,2
10,10,4
10,11,4
10,12,4
10,13,4
10,14,4
10,15,3
10,16,3
10,17,3
10,18,3
10,19,3
10,20,1
10,21,1
10,22,1
10,23,1
10,24,1
10,25,1
10,26,1
10,27,1
10,28,1
10,29,1
10,30,1
11,0,2
11,1,2
11,2,2
11,3,2
11,4,2
11,5,2
11,6,2
11,7,2
11,8,2
11,9,4
11,10,4
11,11,4
11,12,4
11,13,4
11,14,4
11,15,3
11,16,3
11,17,3
11,18,3
11,19,1
11,20,1
11,21,1
11,22,1
11,23,1
11,24,1
11,25,1
11,26,4
11,27,4
11,28,4
11,29,4
11,30,4
12,0,2
12,1,2
12,2,2
12,3,2
12,4,2
12,5,2
12,6,4
12,7,4
12,8,4
12,9,4
12,10,4
12,11,4
12,12,4
12,13,4
12,14,4
12,15,4
12,16,3
12,17,3
12,18,1
12,19,1
12,20,1
12,21,1
12,22,1
12,23,1
12,24,1
12,25,4
12,26,4
12,27,4
12,28,4
12,29,4
12,30,4
13,0,2
13,1,2
13,2,2
13,3,2
13,4,2
13,5,4
13,6,4
13,7,4
13,8,4
13,9,4
13,10,4
13,11,4
13,12,4
13,13,4
13,14,4
13,15,4
13,16,1
13,17,1
13,18,1
13,19,1
13,20,1
13,21,1
13,22,1
13,23,1
13,24,1
13,25,4
13,26,4
13,27,4
13,28,4
13,29,3
13,30,3
14,0,2
14,1,2
14,2,2
14,3,2
14,4,2
14,5,4
14,6,4
14,7,4
14,8,4
14,9,4
14,10,4
14,11,4
14,12,4
14,13,4
14,14,4
14,15,1
14,16,1
14,17,1
14,18,1
14,19,1
14,20,1
14,21,1
14,22,1
14,23,1
14,24,1
14,25,1
14,26,4
14,27,4
14,28,3
14,29,3
14,30,3
15,0,1
15,1,1
15,2,2
15,3,2
15,4,1
15,5,1
15,6,4
15,7,4
15,8,4
15,9,4
15,10,4
15,11,4
15,12,4
15,13,4
15,14,4
15,15,1
15,16,1
15,17,1
15,18,1
15,19,1
15,20,4
15,21,4
15,22,4
15,23,1
15,24,1
15,25,1
15,26,1
15,27,1
15,28,3
15,29,3
15,30,3
16,0,1
16,1,1
16,2,1
16,3,1
16,4,1
16,5,1
16,6,1
16,7,4
16,8,4
16,9,4
16,10,4
16,11,4
16,12,4
16,13,4
16,14,2
16,15,2
16,16,1
16,17,1
16,18,1
16,19,4
16,20,4
16,21,4
16,22,4
16,23,4
16,24,1
16,25,1
16,26,1
16,27,1
16,28,1
16,29,3
16,30,3
17,0,1
17,1,1
17,2,1
17,3,1
17,4,1
17,5,1
17,6,1
17,7,2
17,8,2
17,9,4
17,10,4
17,11,4
17,12,2
17,13,2
17,14,2
17,15,2
17,16,2
17,17,2
17,18,2
17,19,4
17,20,4
17,21,4
17,22,4
17,23,4
17,24,4
17,25,1
17,26,1
17,27,1
17,28,1
17,29,2
17,30,2
18,0,1
18,1,1
18,2,1
18,3,1
18,4,1
18,5,1
18,6,2
18,7,2
18,8,2
18,9,2
18,10,2
18,11,2
18,12,2
18,13,2
18,14,2
18,15,2
18,16,2
18,17,2
18,18,2
18,19,2
18,20,4
18,21,4
18,22,4
18,23,4
18,24,4
18,25,1
18,26,1
18,27,1
18,28,2
18,29,2
18,30,2
19,0,1
19,1,1
19,2,1
19,3,1
19,4,1
19,5,1
19,6,2
19,7,2
19,8,2
19,9,2
19,10,2
19,11,2
19,12,2
19,13,2
19,14,4
19,15,4
19,16,2
19,17,2
19,18,2
19,19,2
19,20,1
19,21,1
19,22,4
19,23,4
19,24,1
19,25,1
19,26,1
19,27,1
19,28,2
19,29,2
19,30,2
20,0,1
20,1,1
20,2,1
20,3,1
20,4,1
20,5,2
20,6,2
20,7,2
20,8,2
20,9,4
20,10,4
20,11,4
20,12,4
20,13,4
20,14,4
20,15,4
20,16,4
20,17,2
20,18,2
20,19,1
20,20,1
20,21,1
20,22,1
20,23,1
20,24,1
20,25,1
20,26,1
20,27,1
20,28,2
20,29,2
20,30,2
21,0,1
21,1,1
21,2,1
21,3,1
21,4,1
21,5,2
21,6,2
21,7,2
21,8,4
21,9,4
21,10,4
21,11,4
21,12,4
21,13,4
21,14,4
21,15,4
21,16,4
21,17,2
21,18,2
21,19,1
21,20,1
21,21,1
21,22,1
21,23,1
21,24,1
21,25,1
21,26,1
21,27,1
21,28,2
21,29,2
21,30,2
22,0,1
22,1,1
22,2,1
22,3,1
22,4,1
22,5,2
22,6,2
22,7,4
22,8,4
22,9,4
22,10,4
22,11,4
22,12,4
22,13,4
22,14,4
22,15,4
22,16,4
22,17,2
22,18,2
22,19,1
22,20,1
22,21,1
22,22,1
22,23,1
22,24,1
22,25,1
22,26,1
22,27,1
22,28,1
22,29,2
22,30,2
23,0,1
23,1,1
23,2,1
23,3,1
23,4,1
23,5,2
23,6,2
23,7,4
23,8,4
23,9,4
23,10,4
23,11,4
23,12,4
23,13,4
23,14,4
23,15,4
23,16,4
23,17,2
23,18,2
23,19,1
23,20,1
23,21,1
23,22,1
23,23,1
23,24,1
23,25,1
23,26,1
23,27,1
23,28,1
23,29,4
23,30,4
24,0,1
24,1,1
24,2,1
24,3,1
24,4,1
24,5,2
24,6,2
24,7,2
24,8,4
24,9,4
24,10,4
24,11,4
24,12,4
24,13,4
24,14,4
24,15,4
24,16,4
24,17,2
24,18,2
24,19,1
24,20,1
24,21,1
24,22,1
24,23,1
24,24,1
24,25,1
24,26,1
24,27,1
24,28,4
24,29,4
24,30,4
25,0,1
25,1,1
25,2,1
25,3,1
25,4,1
25,5,2
25,6,2
25,7,2
25,8,2
25,9,4
25,10,4
25,11,4
25,12,4
25,13,4
25,14,4
25,15,4
25,16,4
25,17,2
25,18,2
25,19,1
25,20,1
25,21,1
25,22,1
25,23,1
25,24,1
25,25,1
25,26,2
25,27,2
25,28,4
25,29,4
25,30,4
26,0,2
26,1,2
26,2,1
26,3,1
26,4,4
26,5,4
26,6,2
26,7,2
26,8,2
26,9,4
26,10,4
26,11,4
26,12,4
26,13,4
26,14,4
26,15,4
26,16,4
26,17,2
26,18,2
26,19,1
26,20,1
26,21,1
26,22,1
26,23,1
26,24,1
26,25,2
26,26,2
26,27,2
26,28,2
26,29,4
26,30,4
27,0,2
27,1,2
27,2,2
27,3,4
27,4,4
27,5,4
27,6,4
27,7,2
27,8,2
27,9,2
27,10,4
27,11,4
27,12,4
27,13,4
27,14,4
27,15,4
27,16,4
27,17,2
27,18,2
27,19,1
27,20,1
27,21,1
27,22,1
27,23,1
27,24,1
27,25,2
27,26,2
27,27,2
27,28,2
27,29,1
27,30,1
28,0,2
28,1,2
28,2,2
28,3,4
28,4,4
28,5,4
28,6,4
28,7,2
28,8,2
28,9,2
28,10,3
28,11,3
28,12,4
28,13,4
28,14,4
28,15,4
28,16,4
28,17,2
28,18,2
28,19,1
28,20,1
28,21,1
28,22,1
28,23,1
28,24,3
28,25,3
28,26,2
28,27,2
28,28,1
28,29,1
28,30,1
29,0,2
29,1,2
29,2,4
29,3,4
29,4,4
29,5,4
29,6,4
29,7,2
29,8,2
29,9,3
29,10,3
29,11,3
29,12,3
29,13,4
29,14,4
29,15,4
29,16,4
29,17,2
29,18,2
29,19,1
29,20,1
29,21,1
29,22,1
29,23,3
29,24,3
29,25,3
29,26,3
29,27,1
29,28,1
29,29,1
29,30,1
30,0,2
30,1,2
30,2,4
30,3,4
30,4,4
30,5,4
30,6,4
30,7,2
30,8,2
30,9,3
30,10,3
30,11,3
30,12,3
30,13,4
30,14,4
30,15,4
30,16,4
30,17,2
30,18,2
30,19,1
30,20,1
30,21,1
30,22,1
30,23,3
30,24,3
30,25,3
30,26,3
30,27,1
30,28,1
30,29,1
30,30,1