9
16
8
1
2,7
2,17
2,27
12,7
12,17
12,27
22,7
22,17
22,27
1,2,2
1,5,2
1,3,1
0,1,1
1,4,1
5,8,1
7,8,1
4,8,2
2,5,1
4,5,2
6,7,2
3,6,1
3,7,1
4,7,1
0,3,1
3,4,1
0,0,4
0,1,4
0,2,4
0,3,1
0,4,1
0,5,1
0,6,1
0,7,1
0,8,1
0,9,1
0,10,4
0,11,4
0,12,4
0,13,4
0,14,4
0,15,1
0,16,1
0,17,1
0,18,1
0,19,1
0,20,1
0,21,2
0,22,2
0,23,2
0,24,2
0,25,2
0,26,2
0,27,2
0,28,2
0,29,2
0,30,2
1,0,4
1,1,4
1,2,4
1,3,1
1,4,1
1,5,1
1,6,1
1,7,1
1,8,1
1,9,1
1,10,4
1,11,4
1,12,4
1,13,4
1,14,4
1,15,1
1,16,1
1,17,1
1,18,1
1,19,1
1,20,1
1,21,2
1,22,2
1,23,2
1,24,2
1,25,2
1,26,2
1,27,2
1,28,2
1,29,2
1,30,2
2,0,4
2,1,4
2,2,4
2,3,1
2,4,1
2,5,1
2,6,1
2,7,1
2,8,1
2,9,1
2,10,1
2,11,4
2,12,4
2,13,4
2,14,1
2,15,1
2,16,1
2,17,1
2,18,1
2,19,1
2,20,1
2,21,1
2,22,2
2,23,2
2,24,2
2,25,2
2,26,2
2,27,2
2,28,2
2,29,2
2,30,2
3,0,4
3,1,4
3,2,4
3,3,1
3,4,1
3,5,1
3,6,1
3,7,1
3,8,1
3,9,1
3,10,1
3,11,1
3,12,1
3,13,1
3,14,1
3,15,1
3,16,1
3,17,1
3,18,1
3,19,1
3,20,1
3,21,1
3,22,2
3,23,2
3,24,2
3,25,2
3,26,2
3,27,2
3,28,2
3,29,2
3,30,2
4,0,4
4,1,4
4,2,4
4,3,1
4,4,1
4,5,1
4,6,1
4,7,1
4,8,1
4,9,1
4,10,1
4,11,1
4,12,1
4,13,1
4,14,1
4,15,1
4,16,1
4,17,1
4,18,1
4,19,1
4,20,1
4,21,1
4,22,2
4,23,2
4,24,2
4,25,2
4,26,2
4,27,2
4,28,2
4,29,2
4,30,2
5,0,4
5,1,4
5,2,4
5,3,1
5,4,1
5,5,1
5,6,1
5,7,3
5,8,3
5,9,3
5,10,1
5,11,1
5,12,3
5,13,3
5,14,1
5,15,1
5,16,4
5,17,4
5,18,1
5,19,1
5,20,1
5,21,1
5,22,1
5,23,2
5,24,2
5,25,1
5,26,1
5,27,2
5,28,2
5,29,2
5,30,2
6,0,4
6,1,4
6,2,4
6,3,1
6,4,1
6,5,1
6,6,3
6,7,3
6,8,3
6,9,3
6,10,3
6,11,3
6,12,3
6,13,3
6,14,3
6,15,4
6,16,4
6,17,4
6,18,4
6,19,1
6,20,1
6,21,1
6,22,1
6,23,1
6,24,1
6,25,1
6,26,1
6,27,1
6,28,2
6,29,2
6,30,2
7,0,4
7,1,4
7,2,1
7,3,1
7,4,1
7,5,1
7,6,3
7,7,3
7,8,3
7,9,3
7,10,3
7,11,3
7,12,3
7,13,3
7,14,3
7,15,4
7,16,4
7,17,4
7,18,4
7,19,4
7,20,1
7,21,1
7,22,1
7,23,1
7,24,1
7,25,1
7,26,1
7,27,1
7,28,1
7,29,2
7,30,2
8,0,1
8,1,1
8,2,1
8,3,1
8,4,1
8,5,4
8,6,4
8,7,3
8,8,3
8,9,3
8,10,3
8,11,3
8,12,3
8,13,3
8,14,4
8,15,4
8,16,4
8,17,4
8,18,4
8,19,4
8,20,4
8,21,4
8,22,4
8,23,4
8,24,4
8,25,4
8,26,1
8,27,1
8,28,1
8,29,1
8,30,1
9,0,1
9,1,1
9,2,1
9,3,1
9,4,4
9,5,4
9,6,4
9,7,4
9,8,4
9,9,3
9,10,3
9,11,1
9,12,1
9,13,1
9,14,4
9,15,4
9,16,4
9,17,4
9,18,4
9,19,4
9,20,4
9,21,4
9,22,4
9,23,4
9,24,4
9,25,4
9,26,4
9,27,1
9,28,1
9,29,1
9,30,1
10,0,1
10,1,1
10,2,1
10,3,1
10,4,4
10,5,4
10,6,4
10,7,4
10,8,4
10,9,4
10,10,1
10,11,1
10,12,1
10,13,1
10,14,1
10,15,4
10,16,4
10,17,4
10,18,4
10,19,4
10,20,4
10,21,4
10,22,4
10,23,4
10,24,4
10,25,4
10,26,4
10,27,4
10,28,4
10,29,4
10,30,4
11,0,1
11,1,1
11,2,1
11,3,4
11,4,4
11,5,4
11,6,4
11,7,4
11,8,4
11,9,4
11,10,1
11,11,1
11,12,1
11,13,1
11,14,1
11,15,4
11,16,4
11,17,4
11,18,4
11,19,4
11,20,4
11,21,4
11,22,4
11,23,4
11,24,4
11,25,4
11,26,4
11,27,4
11,28,4
11,29,4
11,30,4
12,0,4
12,1,4
12,2,4
12,3,4
12,4,4
12,5,4
12,6,4
12,7,4
12,8,4
12,9,4
12,10,1
12,11,1
12,12,1
12,13,1
12,14,4
12,15,4
12,16,4
12,17,4
12,18,4
12,19,4
12,20,4
12,21,2
12,22,2
12,23,4
12,24,4
12,25,4
12,26,4
12,27,4
12,28,4
12,29,4
12,30,4
13,0,4
13,1,4
13,2,4
13,3,4
13,4,4
13,5,4
13,6,4
13,7,4
13,8,4
13,9,4
13,10,1
13,11,1
13,12,1
13,13,1
13,14,4
13,15,4
13,16,4
13,17,4
13,18,4
13,19,4
13,20,2
13,21,2
13,22,2
13,23,2
13,24,4
13,25,4
13,26,4
13,27,4
13,28,4
13,29,4
13,30,4
14,0,1
14,1,1
14,2,1
14,3,4
14,4,4
14,5,4
14,6,4
14,7,4
14,8,4
14,9,4
14,10,1
14,11,1
14,12,1
14,13,2
14,14,2
14,15,4
14,16,4
14,17,4
14,18,4
14,19,4
14,20,2
14,21,2
14,22,2
14,23,2
14,24,2
14,25,4
14,26,4
14,27,4
14,28,4
14,29,4
14,30,4
15,0,1
15,1,1
15,2,1
15,3,1
15,4,4
15,5,4
15,6,4
15,7,4
15,8,4
15,9,1
15,10,1
15,11,1
15,12,2
15,13,2
15,14,2
15,15,2
15,16,2
15,17,4
15,18,4
15,19,4
15,20,2
15,21,2
15,22,2
15,23,2
15,24,2
15,25,4
15,26,4
15,27,4
15,28,4
15,29,4
15,30,4
16,0,1
16,1,1
16,2,1
16,3,1
16,4,1
16,5,1
16,6,1
16,7,1
16,8,1
16,9,1
16,10,1
16,11,1
16,12,2
16,13,2
16,14,2
16,15,2
16,16,2
16,17,2
16,18,4
16,19,4
16,20,2
16,21,2
16,22,2
16,23,2
16,24,3
16,25,3
16,26,4
16,27,4
16,28,4
16,29,4
16,30,4
17,0,1
17,1,1
17,2,1
17,3,1
17,4,1
17,5,1
17,6,1
17,7,1
17,8,1
17,9,1
17,10,1
17,11,3
17,12,3
17,13,2
17,14,2
17,15,2
17,16,2
17,17,2
17,18,4
17,19,4
17,20,2
17,21,2
17,22,2
17,23,3
17,24,3
17,25,3
17,26,3
17,27,3
17,28,3
17,29,3
17,30,3
18,0,1
18,1,1
18,2,1
18,3,3
18,4,3
18,5,3
18,6,3
18,7,3
18,8,3
18,9,3
18,10,3
18,11,3
18,12,3
18,13,3
18,14,2
18,15,2
18,16,2
18,17,4
18,18,4
18,19,4
18,20,2
18,21,2
18,22,3
18,23,3
18,24,3
18,25,3
18,26,3
18,27,3
18,28,3
18,29,3
18,30,3
19,0,3
19,1,3
19,2,3
19,3,3
19,4,3
19,5,3
19,6,3
19,7,3
19,8,3
19,9,3
19,10,3
19,11,3
19,12,3
19,13,3
19,14,4
19,15,4
19,16,4
19,17,4
19,18,4
19,19,4
19,20,2
19,21,2
19,22,3
19,23,3
19,24,3
19,25,4
19,26,4
19,27,4
19,28,4
19,29,4
19,30,4
20,0,3
20,1,3
20,2,3
20,3,3
20,4,3
20,5,1
20,6,1
20,7,1
20,8,1
20,9,1
20,10,3
20,11,3
20,12,3
20,13,4
20,14,4
20,15,4
20,16,4
20,17,4
20,18,4
20,19,4
20,20,2
20,21,2
20,22,3
20,23,3
20,24,4
20,25,4
20,26,4
20,27,4
20,28,4
20,29,4
20,30,4
21,0,4
21,1,4
21,2,3
21,3,3
21,4,1
21,5,1
21,6,1
21,7,1
21,8,1
21,9,1
21,10,1
21,11,3
21,12,3
21,13,4
21,14,4
21,15,4
21,16,4
21,17,4
21,18,4
21,19,4
21,20,2
21,21,2
21,22,3
21,23,3
21,24,4
21,25,4
21,26,4
21,27,4
21,28,4
21,29,4
21,30,4
22,0,4
22,1,4
22,2,4
22,3,4
22,4,1
22,5,1
22,6,1
22,7,1
22,8,1
22,9,1
22,10,1
22,11,3
22,12,3
22,13,4
22,14,4
22,15,4
22,16,4
22,17,4
22,18,4
22,19,4
22,20,2
22,21,2
22,22,3
22,23,3
22,24,4
22,25,4
22,26,4
22,27,4
22,28,4
22,29,4
22,30,4
23,0,4
23,1,4
23,2,4
23,3,4
23,4,4
23,5,1
23,6,1
23,7,1
23,8,1
23,9,1
23,10,1
23,11,3
23,12,3
23,13,4
23,14,4
23,15,4
23,16,4
23,17,4
23,18,4
23,19,4
23,20,2
23,21,2
23,22,3
23,23,3
23,24,4
23,25,4
23,26,4
23,27,4
23,28,4
23,29,4
23,30,4
24,0,3
24,1,3
24,2,4
24,3,4
24,4,4
24,5,1
24,6,1
24,7,1
24,8,1
24,9,1
24,10,3
24,11,3
24,12,3
24,13,3
24,14,4
24,15,4
24,16,4
24,17,4
24,18,4
24,19,4
24,20,2
24,21,2
24,22,3
24,23,3
24,24,3
24,25,4
24,26,4
24,27,4
24,28,4
24,29,4
24,30,4
25,0,3
25,1,3
25,2,3
25,3,4
25,4,4
25,5,1
25,6,1
25,7,1
25,8,1
25,9,3
25,10,3
25,11,3
25,12,3
25,13,3
25,14,3
25,15,4
25,16,4
25,17,4
25,18,4
25,19,4
25,20,2
25,21,2
25,22,3
25,23,3
25,24,3
25,25,4
25,26,4
25,27,4
25,28,4
25,29,4
25,30,4
26,0,3
26,1,3
26,2,3
26,3,4
26,4,4
26,5,1
26,6,1
26,7,1
26,8,1
26,9,3
26,10,3
26,11,3
26,12,3
26,13,3
26,14,3
26,15,3
26,16,4
26,17,4
26,18,4
26,19,4
26,20,2
26,21,2
26,22,2
26,23,3
26,24,3
26,25,4
26,26,4
26,27,4
26,28,4
26,29,3
26,30,3
27,0,3
27,1,3
27,2,4
27,3,4
27,4,4
27,5,1
27,6,1
27,7,1
27,8,1
27,9,3
27,10,3
27,11,3
27,12,3
27,13,3
27,14,3
27,15,3
27,16,3
27,17,4
27,18,4
27,19,4
27,20,2
27,21,2
27,22,2
27,23,3
27,24,3
27,25,3
27,26,4
27,27,4
27,28,3
27,29,3
27,30,3
28,0,2
28,1,2
28,2,4
28,3,4
28,4,4
28,5,4
28,6,1
28,7,1
28,8,2
28,9,2
28,10,3
28,11,3
28,12,2
28,13,2
28,14,3
28,15,3
28,16,3
28,17,4
28,18,4
28,19,4
28,20,4
28,21,2
28,22,2
28,23,3
28,24,3
28,25,3
28,26,1
28,27,1
28,28,3
28,29,3
28,30,3
29,0,2
29,1,2
29,2,2
29,3,4
29,4,4
29,5,4
29,6,4
29,7,2
29,8,2
29,9,2
29,10,2
29,11,2
29,12,2
29,13,2
29,14,2
29,15,3
29,16,3
29,17,4
29,18,4
29,19,4
29,20,4
29,21,2
29,22,2
29,23,3
29,24,3
29,25,1
29,26,1
29,27,1
29,28,1
29,29,3
29,30,3
30,0,2
30,1,2
30,2,2
30,3,4
30,4,4
30,5,4
30,6,4
30,7,2
30,8,2
30,9,2
30,10,2
30,11,2
30,12,2
30,13,2
30,14,2
30,15,3
30,16,3
30,17,4
30,18,4
30,19,4
30,20,4
30,21,2
30,22,2
30,23,3
30,24,3
30,25,1
30,26,1
30,27,1
30,28,1
30,29,3
30,30,3