9
16
9
1
7,7
7,17
7,27
17,7
17,17
17,27
27,7
27,17
27,27
1,2,1
1,5,1
1,4,1
0,1,2
7,8,2
5,8,2
3,7,1
5,7,1
4,7,1
6,7,1
3,4,1
0,3,1
3,6,1
2,5,1
4,5,2
0,4,1
0,0,3
0,1,3
0,2,3
0,3,3
0,4,3
0,5,4
0,6,4
0,7,4
0,8,4
0,9,4
0,10,4
0,11,1
0,12,1
0,13,1
0,14,1
0,15,1
0,16,4
0,17,4
0,18,4
0,19,4
0,20,1
0,21,1
0,22,1
0,23,1
0,24,1
0,25,3
0,26,3
0,27,3
0,28,2
0,29,2
0,30,2
1,0,3
1,1,3
1,2,3
1,3,3
1,4,3
1,5,4
1,6,4
1,7,4
1,8,4
1,9,4
1,10,4
1,11,1
1,12,1
1,13,1
1,14,1
1,15,1
1,16,4
1,17,4
1,18,4
1,19,4
1,20,1
1,21,1
1,22,1
1,23,1
1,24,1
1,25,3
1,26,3
1,27,3
1,28,2
1,29,2
1,30,2
2,0,3
2,1,3
2,2,3
2,3,3
2,4,4
2,5,4
2,6,4
2,7,4
2,8,4
2,9,4
2,10,4
2,11,1
2,12,1
2,13,1
2,14,1
2,15,1
2,16,4
2,17,4
2,18,4
2,19,4
2,20,1
2,21,1
2,22,1
2,23,1
2,24,3
2,25,3
2,26,3
2,27,3
2,28,2
2,29,2
2,30,2
3,0,3
3,1,3
3,2,1
3,3,1
3,4,4
3,5,4
3,6,4
3,7,4
3,8,4
3,9,4
3,10,3
3,11,3
3,12,1
3,13,1
3,14,1
3,15,4
3,16,4
3,17,4
3,18,4
3,19,4
3,20,4
3,21,1
3,22,1
3,23,3
3,24,3
3,25,3
3,26,3
3,27,2
3,28,2
3,29,2
3,30,2
4,0,1
4,1,1
4,2,1
4,3,1
4,4,1
4,5,4
4,6,4
4,7,4
4,8,4
4,9,3
4,10,3
4,11,3
4,12,3
4,13,1
4,14,1
4,15,4
4,16,4
4,17,4
4,18,4
4,19,4
4,20,4
4,21,3
4,22,3
4,23,3
4,24,3
4,25,3
4,26,2
4,27,2
4,28,2
4,29,2
4,30,2
5,0,1
5,1,1
5,2,1
5,3,1
5,4,1
5,5,3
5,6,3
5,7,3
5,8,3
5,9,3
5,10,3
5,11,3
5,12,3
5,13,1
5,14,1
5,15,4
5,16,4
5,17,4
5,18,4
5,19,4
5,20,3
5,21,3
5,22,3
5,23,3
5,24,3
5,25,2
5,26,2
5,27,2
5,28,2
5,29,2
5,30,2
6,0,1
6,1,1
6,2,1
6,3,1
6,4,3
6,5,3
6,6,3
6,7,3
6,8,3
6,9,3
6,10,3
6,11,3
6,12,1
6,13,1
6,14,1
6,15,4
6,16,4
6,17,4
6,18,4
6,19,4
6,20,3
6,21,3
6,22,3
6,23,3
6,24,2
6,25,2
6,26,2
6,27,2
6,28,2
6,29,2
6,30,2
7,0,4
7,1,4
7,2,4
7,3,4
7,4,3
7,5,3
7,6,3
7,7,3
7,8,3
7,9,3
7,10,3
7,11,3
7,12,1
7,13,1
7,14,1
7,15,4
7,16,4
7,17,4
7,18,4
7,19,4
7,20,3
7,21,3
7,22,3
7,23,2
7,24,2
7,25,2
7,26,2
7,27,2
7,28,2
7,29,2
7,30,2
8,0,4
8,1,4
8,2,4
8,3,4
8,4,4
8,5,3
8,6,3
8,7,3
8,8,3
8,9,3
8,10,3
8,11,1
8,12,1
8,13,1
8,14,1
8,15,4
8,16,4
8,17,4
8,18,4
8,19,4
8,20,3
8,21,3
8,22,2
8,23,2
8,24,2
8,25,2
8,26,2
8,27,2
8,28,2
8,29,2
8,30,2
9,0,4
9,1,4
9,2,4
9,3,4
9,4,4
9,5,3
9,6,3
9,7,3
9,8,3
9,9,3
9,10,3
9,11,1
9,12,1
9,13,1
9,14,1
9,15,4
9,16,4
9,17,4
9,18,4
9,19,4
9,20,3
9,21,3
9,22,2
9,23,2
9,24,2
9,25,2
9,26,2
9,27,2
9,28,2
9,29,2
9,30,2
10,0,4
10,1,4
10,2,4
10,3,4
10,4,3
10,5,3
10,6,3
10,7,3
10,8,3
10,9,3
10,10,2
10,11,2
10,12,1
10,13,1
10,14,4
10,15,4
10,16,4
10,17,4
10,18,4
10,19,4
10,20,3
10,21,3
10,22,3
10,23,2
10,24,2
10,25,3
10,26,3
10,27,2
10,28,2
10,29,2
10,30,2
11,0,4
11,1,4
11,2,1
11,3,1
11,4,3
11,5,3
11,6,3
11,7,3
11,8,2
11,9,2
11,10,2
11,11,2
11,12,2
11,13,2
11,14,4
11,15,4
11,16,4
11,17,4
11,18,4
11,19,4
11,20,3
11,21,3
11,22,3
11,23,3
11,24,3
11,25,3
11,26,3
11,27,3
11,28,2
11,29,2
11,30,2
12,0,1
12,1,1
12,2,1
12,3,1
12,4,1
12,5,3
12,6,3
12,7,2
12,8,2
12,9,2
12,10,2
12,11,2
12,12,2
12,13,2
12,14,2
12,15,4
12,16,4
12,17,4
12,18,4
12,19,4
12,20,4
12,21,3
12,22,3
12,23,3
12,24,3
12,25,3
12,26,3
12,27,3
12,28,2
12,29,2
12,30,2
13,0,1
13,1,1
13,2,1
13,3,1
13,4,1
13,5,4
13,6,4
13,7,2
13,8,2
13,9,2
13,10,2
13,11,2
13,12,2
13,13,2
13,14,2
13,15,2
13,16,4
13,17,4
13,18,4
13,19,4
13,20,4
13,21,1
13,22,1
13,23,1
13,24,3
13,25,3
13,26,3
13,27,3
13,28,2
13,29,2
13,30,2
14,0,2
14,1,2
14,2,1
14,3,1
14,4,4
14,5,4
14,6,4
14,7,4
14,8,2
14,9,2
14,10,2
14,11,2
14,12,2
14,13,2
14,14,2
14,15,2
14,16,2
14,17,4
14,18,4
14,19,4
14,20,1
14,21,1
14,22,1
14,23,1
14,24,1
14,25,3
14,26,3
14,27,4
14,28,4
14,29,2
14,30,2
15,0,2
15,1,2
15,2,2
15,3,4
15,4,4
15,5,4
15,6,4
15,7,4
15,8,4
15,9,4
15,10,2
15,11,2
15,12,4
15,13,4
15,14,2
15,15,2
15,16,2
15,17,2
15,18,2
15,19,2
15,20,1
15,21,1
15,22,1
15,23,1
15,24,1
15,25,4
15,26,4
15,27,4
15,28,4
15,29,4
15,30,4
16,0,2
16,1,2
16,2,2
16,3,4
16,4,4
16,5,4
16,6,4
16,7,4
16,8,4
16,9,4
16,10,4
16,11,4
16,12,4
16,13,4
16,14,4
16,15,2
16,16,2
16,17,2
16,18,2
16,19,2
16,20,2
16,21,1
16,22,1
16,23,1
16,24,4
16,25,4
16,26,4
16,27,4
16,28,4
16,29,4
16,30,4
17,0,2
17,1,2
17,2,1
17,3,1
17,4,4
17,5,4
17,6,4
17,7,4
17,8,4
17,9,4
17,10,4
17,11,4
17,12,4
17,13,4
17,14,4
17,15,2
17,16,2
17,17,2
17,18,2
17,19,2
17,20,2
17,21,2
17,22,1
17,23,1
17,24,4
17,25,4
17,26,4
17,27,4
17,28,4
17,29,4
17,30,4
18,0,1
18,1,1
18,2,1
18,3,1
18,4,1
18,5,4
18,6,4
18,7,4
18,8,4
18,9,4
18,10,4
18,11,4
18,12,4
18,13,4
18,14,4
18,15,2
18,16,2
18,17,2
18,18,2
18,19,2
18,20,2
18,21,2
18,22,1
18,23,1
18,24,4
18,25,4
18,26,4
18,27,4
18,28,4
18,29,4
18,30,4
19,0,1
19,1,1
19,2,1
19,3,1
19,4,1
19,5,4
19,6,4
19,7,4
19,8,4
19,9,4
19,10,4
19,11,4
19,12,4
19,13,4
19,14,2
19,15,2
19,16,2
19,17,2
19,18,2
19,19,2
19,20,2
19,21,1
19,22,1
19,23,1
19,24,1
19,25,4
19,26,4
19,27,4
19,28,4
19,29,4
19,30,4
20,0,2
20,1,2
20,2,1
20,3,1
20,4,4
20,5,4
20,6,4
20,7,4
20,8,4
20,9,4
20,10,4
20,11,2
20,12,2
20,13,2
20,14,2
20,15,2
20,16,2
20,17,4
20,18,4
20,19,4
20,20,4
20,21,1
20,22,1
20,23,1
20,24,1
20,25,1
20,26,1
20,27,1
20,28,1
20,29,1
20,30,1
21,0,2
21,1,2
21,2,2
21,3,4
21,4,4
21,5,4
21,6,4
21,7,4
21,8,4
21,9,4
21,10,2
21,11,2
21,12,2
21,13,2
21,14,2
21,15,2
21,16,4
21,17,4
21,18,4
21,19,4
21,20,4
21,21,4
21,22,1
21,23,1
21,24,1
21,25,1
21,26,1
21,27,1
21,28,1
21,29,1
21,30,1
22,0,2
22,1,2
22,2,2
22,3,4
22,4,4
22,5,4
22,6,4
22,7,4
22,8,4
22,9,4
22,10,2
22,11,2
22,12,2
22,13,2
22,14,2
22,15,2
22,16,4
22,17,4
22,18,4
22,19,4
22,20,4
22,21,4
22,22,2
22,23,2
22,24,2
22,25,2
22,26,2
22,27,2
22,28,2
22,29,2
22,30,2
23,0,2
23,1,2
23,2,3
23,3,3
23,4,4
23,5,4
23,6,4
23,7,4
23,8,4
23,9,4
23,10,4
23,11,2
23,12,2
23,13,2
23,14,2
23,15,2
23,16,4
23,17,4
23,18,4
23,19,4
23,20,4
23,21,2
23,22,2
23,23,2
23,24,2
23,25,2
23,26,2
23,27,2
23,28,2
23,29,2
23,30,2
24,0,3
24,1,3
24,2,3
24,3,3
24,4,3
24,5,4
24,6,4
24,7,4
24,8,4
24,9,4
24,10,4
24,11,1
24,12,1
24,13,2
24,14,2
24,15,3
24,16,3
24,17,4
24,18,4
24,19,4
24,20,2
24,21,2
24,22,2
24,23,2
24,24,2
24,25,4
24,26,4
24,27,4
24,28,4
24,29,2
24,30,2
25,0,3
25,1,3
25,2,3
25,3,3
25,4,3
25,5,4
25,6,4
25,7,4
25,8,4
25,9,4
25,10,1
25,11,1
25,12,1
25,13,1
25,14,3
25,15,3
25,16,3
25,17,3
25,18,3
25,19,3
25,20,2
25,21,2
25,22,2
25,23,2
25,24,4
25,25,4
25,26,4
25,27,4
25,28,4
25,29,4
25,30,4
26,0,4
26,1,4
26,2,3
26,3,3
26,4,4
26,5,4
26,6,4
26,7,4
26,8,4
26,9,4
26,10,1
26,11,1
26,12,1
26,13,1
26,14,3
26,15,3
26,16,3
26,17,3
26,18,3
26,19,3
26,20,3
26,21,2
26,22,2
26,23,4
26,24,4
26,25,4
26,26,4
26,27,4
26,28,4
26,29,4
26,30,4
27,0,4
27,1,4
27,2,4
27,3,4
27,4,4
27,5,4
27,6,4
27,7,4
27,8,4
27,9,4
27,10,4
27,11,1
27,12,1
27,13,1
27,14,1
27,15,3
27,16,3
27,17,3
27,18,3
27,19,3
27,20,3
27,21,3
27,22,4
27,23,4
27,24,4
27,25,4
27,26,4
27,27,4
27,28,4
27,29,4
27,30,4
28,0,4
28,1,4
28,2,4
28,3,4
28,4,4
28,5,4
28,6,4
28,7,4
28,8,4
28,9,4
28,10,4
28,11,4
28,12,1
28,13,1
28,14,1
28,15,3
28,16,3
28,17,3
28,18,3
28,19,3
28,20,3
28,21,3
28,22,4
28,23,4
28,24,4
28,25,4
28,26,4
28,27,4
28,28,4
28,29,4
28,30,4
29,0,4
29,1,4
29,2,4
29,3,4
29,4,4
29,5,4
29,6,4
29,7,4
29,8,4
29,9,4
29,10,4
29,11,4
29,12,4
29,13,1
29,14,1
29,15,3
29,16,3
29,17,3
29,18,3
29,19,3
29,20,3
29,21,4
29,22,4
29,23,4
29,24,4
29,25,4
29,26,4
29,27,4
29,28,4
29,29,4
29,30,4
30,0,4
30,1,4
30,2,4
30,3,4
30,4,4
30,5,4
30,6,4
30,7,4
30,8,4
30,9,4
30,10,4
30,11,4
30,12,4
30,13,1
30,14,1
30,15,3
30,16,3
30,17,3
30,18,3
30,19,3
30,20,3
30,21,4
30,22,4
30,23,4
30,24,4
30,25,4
30,26,4
30,27,4
30,28,4
30,29,4
30,30,4