9
16
8
5
2,2
2,12
2,22
12,2
12,12
12,22
22,2
22,12
22,22
2,5,2
5,8,1
4,5,1
5,7,2
3,6,1
6,7,2
2,4,1
1,2,1
7,8,2
3,4,1
1,4,1
4,7,1
0,3,1
0,1,1
1,3,2
3,7,1
0,0,2
0,1,2
0,2,2
0,3,2
0,4,2
0,5,4
0,6,4
0,7,4
0,8,4
0,9,4
0,10,2
0,11,2
0,12,2
0,13,2
0,14,2
0,15,1
0,16,1
0,17,1
0,18,1
0,19,1
0,20,3
0,21,3
0,22,3
0,23,3
0,24,3
0,25,3
0,26,3
0,27,3
0,28,3
0,29,3
0,30,3
1,0,2
1,1,2
1,2,2
1,3,2
1,4,2
1,5,4
1,6,4
1,7,4
1,8,4
1,9,4
1,10,2
1,11,2
1,12,2
1,13,2
1,14,2
1,15,1
1,16,1
1,17,1
1,18,1
1,19,1
1,20,3
1,21,3
1,22,3
1,23,3
1,24,3
1,25,3
1,26,3
1,27,3
1,28,3
1,29,3
1,30,3
2,0,2
2,1,2
2,2,2
2,3,2
2,4,2
2,5,4
2,6,4
2,7,4
2,8,4
2,9,4
2,10,2
2,11,2
2,12,2
2,13,2
2,14,2
2,15,1
2,16,1
2,17,1
2,18,1
2,19,3
2,20,3
2,21,3
2,22,3
2,23,3
2,24,3
2,25,3
2,26,3
2,27,3
2,28,1
2,29,1
2,30,1
3,0,2
3,1,2
3,2,2
3,3,2
3,4,2
3,5,2
3,6,4
3,7,4
3,8,4
3,9,2
3,10,2
3,11,2
3,12,2
3,13,2
3,14,2
3,15,1
3,16,1
3,17,1
3,18,1
3,19,3
3,20,3
3,21,3
3,22,3
3,23,3
3,24,3
3,25,3
3,26,3
3,27,1
3,28,1
3,29,1
3,30,1
4,0,2
4,1,2
4,2,2
4,3,2
4,4,2
4,5,2
4,6,2
4,7,2
4,8,2
4,9,2
4,10,2
4,11,2
4,12,2
4,13,2
4,14,2
4,15,2
4,16,1
4,17,1
4,18,3
4,19,3
4,20,3
4,21,3
4,22,3
4,23,3
4,24,3
4,25,4
4,26,4
4,27,1
4,28,1
4,29,1
4,30,1
5,0,4
5,1,4
5,2,4
5,3,2
5,4,2
5,5,2
5,6,2
5,7,2
5,8,2
5,9,2
5,10,2
5,11,4
5,12,4
5,13,2
5,14,2
5,15,2
5,16,2
5,17,2
5,18,3
5,19,3
5,20,3
5,21,3
5,22,4
5,23,4
5,24,4
5,25,4
5,26,4
5,27,4
5,28,1
5,29,1
5,30,1
6,0,4
6,1,4
6,2,4
6,3,4
6,4,2
6,5,2
6,6,3
6,7,3
6,8,2
6,9,2
6,10,4
6,11,4
6,12,4
6,13,4
6,14,2
6,15,2
6,16,2
6,17,2
6,18,2
6,19,3
6,20,3
6,21,4
6,22,4
6,23,4
6,24,4
6,25,4
6,26,4
6,27,4
6,28,4
6,29,1
6,30,1
7,0,4
7,1,4
7,2,4
7,3,4
7,4,4
7,5,3
7,6,3
7,7,3
7,8,3
7,9,4
7,10,4
7,11,4
7,12,4
7,13,4
7,14,4
7,15,2
7,16,2
7,17,2
7,18,2
7,19,2
7,20,4
7,21,4
7,22,4
7,23,4
7,24,4
7,25,4
7,26,4
7,27,4
7,28,4
7,29,1
7,30,1
8,0,4
8,1,4
8,2,4
8,3,4
8,4,4
8,5,3
8,6,3
8,7,3
8,8,3
8,9,4
8,10,4
8,11,4
8,12,4
8,13,4
8,14,4
8,15,2
8,16,2
8,17,2
8,18,2
8,19,2
8,20,4
8,21,4
8,22,4
8,23,4
8,24,4
8,25,4
8,26,4
8,27,4
8,28,1
8,29,1
8,30,1
9,0,4
9,1,4
9,2,4
9,3,4
9,4,4
9,5,3
9,6,3
9,7,3
9,8,3
9,9,3
9,10,4
9,11,4
9,12,4
9,13,4
9,14,3
9,15,3
9,16,2
9,17,2
9,18,2
9,19,3
9,20,3
9,21,4
9,22,4
9,23,4
9,24,4
9,25,4
9,26,4
9,27,4
9,28,1
9,29,1
9,30,1
10,0,4
10,1,4
10,2,4
10,3,4
10,4,4
10,5,3
10,6,3
10,7,3
10,8,3
10,9,3
10,10,3
10,11,3
10,12,3
10,13,3
10,14,3
10,15,3
10,16,3
10,17,3
10,18,3
10,19,3
10,20,3
10,21,3
10,22,3
10,23,3
10,24,3
10,25,4
10,26,4
10,27,2
10,28,2
10,29,1
10,30,1
11,0,4
11,1,4
11,2,4
11,3,4
11,4,4
11,5,3
11,6,3
11,7,3
11,8,3
11,9,3
11,10,3
11,11,3
11,12,3
11,13,3
11,14,3
11,15,3
11,16,3
11,17,3
11,18,3
11,19,3
11,20,3
11,21,3
11,22,3
11,23,3
11,24,3
11,25,3
11,26,2
11,27,2
11,28,2
11,29,2
11,30,2
12,0,4
12,1,4
12,2,4
12,3,4
12,4,4
12,5,4
12,6,3
12,7,3
12,8,3
12,9,3
12,10,3
12,11,3
12,12,3
12,13,3
12,14,3
12,15,3
12,16,3
12,17,3
12,18,3
12,19,3
12,20,3
12,21,3
12,22,3
12,23,3
12,24,3
12,25,3
12,26,2
12,27,2
12,28,2
12,29,2
12,30,2
13,0,4
13,1,4
13,2,4
13,3,4
13,4,4
13,5,4
13,6,2
13,7,2
13,8,2
13,9,3
13,10,3
13,11,3
13,12,3
13,13,3
13,14,3
13,15,3
13,16,3
13,17,2
13,18,2
13,19,3
13,20,3
13,21,3
13,22,3
13,23,3
13,24,3
13,25,3
13,26,2
13,27,2
13,28,2
13,29,2
13,30,2
14,0,4
14,1,4
14,2,4
14,3,4
14,4,4
14,5,2
14,6,2
14,7,2
14,8,2
14,9,2
14,10,3
14,11,3
14,12,3
14,13,3
14,14,3
14,15,3
14,16,2
14,17,2
14,18,2
14,19,2
14,20,3
14,21,3
14,22,3
14,23,3
14,24,3
14,25,2
14,26,2
14,27,2
14,28,2
14,29,2
14,30,2
15,0,4
15,1,4
15,2,4
15,3,1
15,4,1
15,5,2
15,6,2
15,7,2
15,8,2
15,9,2
15,10,1
15,11,1
15,12,3
15,13,3
15,14,3
15,15,3
15,16,2
15,17,2
15,18,2
15,19,2
15,20,3
15,21,3
15,22,3
15,23,3
15,24,3
15,25,2
15,26,2
15,27,2
15,28,3
15,29,3
15,30,3
16,0,4
16,1,4
16,2,1
16,3,1
16,4,1
16,5,1
16,6,2
16,7,2
16,8,2
16,9,1
16,10,1
16,11,1
16,12,1
16,13,3
16,14,3
16,15,4
16,16,4
16,17,2
16,18,2
16,19,4
16,20,4
16,21,3
16,22,3
16,23,3
16,24,3
16,25,2
16,26,2
16,27,3
16,28,3
16,29,3
16,30,3
17,0,1
17,1,1
17,2,1
17,3,1
17,4,1
17,5,1
17,6,2
17,7,2
17,8,2
17,9,1
17,10,1
17,11,1
17,12,1
17,13,4
17,14,4
17,15,4
17,16,4
17,17,4
17,18,4
17,19,4
17,20,4
17,21,4
17,22,3
17,23,3
17,24,2
17,25,2
17,26,2
17,27,3
17,28,3
17,29,3
17,30,3
18,0,1
18,1,1
18,2,1
18,3,1
18,4,1
18,5,2
18,6,2
18,7,2
18,8,2
18,9,2
18,10,1
18,11,1
18,12,4
18,13,4
18,14,4
18,15,4
18,16,4
18,17,4
18,18,4
18,19,4
18,20,4
18,21,4
18,22,1
18,23,1
18,24,2
18,25,2
18,26,2
18,27,2
18,28,3
18,29,3
18,30,3
19,0,1
19,1,1
19,2,1
19,3,1
19,4,1
19,5,2
19,6,2
19,7,2
19,8,2
19,9,2
19,10,4
19,11,4
19,12,4
19,13,4
19,14,4
19,15,4
19,16,3
19,17,3
19,18,3
19,19,4
19,20,4
19,21,1
19,22,1
19,23,1
19,24,1
19,25,2
19,26,2
19,27,2
19,28,4
19,29,4
19,30,4
20,0,1
20,1,1
20,2,1
20,3,1
20,4,1
20,5,1
20,6,2
20,7,2
20,8,2
20,9,4
20,10,4
20,11,4
20,12,4
20,13,4
20,14,4
20,15,3
20,16,3
20,17,3
20,18,3
20,19,3
20,20,1
20,21,1
20,22,1
20,23,1
20,24,1
20,25,2
20,26,2
20,27,4
20,28,4
20,29,4
20,30,4
21,0,1
21,1,1
21,2,1
21,3,1
21,4,1
21,5,1
21,6,3
21,7,3
21,8,3
21,9,4
21,10,4
21,11,4
21,12,4
21,13,4
21,14,4
21,15,3
21,16,3
21,17,3
21,18,3
21,19,3
21,20,1
21,21,1
21,22,1
21,23,1
21,24,1
21,25,2
21,26,2
21,27,4
21,28,4
21,29,4
21,30,4
22,0,1
22,1,1
22,2,1
22,3,1
22,4,1
22,5,3
22,6,3
22,7,3
22,8,3
22,9,3
22,10,4
22,11,4
22,12,4
22,13,4
22,14,4
22,15,3
22,16,3
22,17,3
22,18,3
22,19,3
22,20,1
22,21,1
22,22,1
22,23,1
22,24,1
22,25,2
22,26,2
22,27,4
22,28,4
22,29,4
22,30,4
23,0,1
23,1,1
23,2,1
23,3,1
23,4,1
23,5,3
23,6,3
23,7,3
23,8,3
23,9,3
23,10,4
23,11,4
23,12,4
23,13,4
23,14,4
23,15,3
23,16,3
23,17,3
23,18,3
23,19,3
23,20,1
23,21,1
23,22,1
23,23,1
23,24,1
23,25,2
23,26,2
23,27,2
23,28,4
23,29,4
23,30,4
24,0,1
24,1,1
24,2,1
24,3,1
24,4,1
24,5,1
24,6,3
24,7,3
24,8,3
24,9,3
24,10,4
24,11,4
24,12,4
24,13,4
24,14,4
24,15,3
24,16,3
24,17,3
24,18,3
24,19,3
24,20,1
24,21,1
24,22,1
24,23,1
24,24,1
24,25,2
24,26,2
24,27,2
24,28,2
24,29,2
24,30,2
25,0,4
25,1,4
25,2,4
25,3,1
25,4,1
25,5,1
25,6,3
25,7,3
25,8,3
25,9,3
25,10,4
25,11,4
25,12,4
25,13,4
25,14,4
25,15,4
25,16,3
25,17,3
25,18,3
25,19,4
25,20,4
25,21,1
25,22,1
25,23,1
25,24,1
25,25,1
25,26,2
25,27,2
25,28,2
25,29,2
25,30,2
26,0,4
26,1,4
26,2,4
26,3,4
26,4,1
26,5,1
26,6,1
26,7,3
26,8,3
26,9,4
26,10,4
26,11,4
26,12,4
26,13,4
26,14,4
26,15,4
26,16,4
26,17,4
26,18,4
26,19,4
26,20,4
26,21,4
26,22,1
26,23,1
26,24,1
26,25,1
26,26,1
26,27,1
26,28,1
26,29,1
26,30,1
27,0,4
27,1,4
27,2,4
27,3,4
27,4,1
27,5,1
27,6,1
27,7,1
27,8,4
27,9,4
27,10,4
27,11,4
27,12,1
27,13,1
27,14,4
27,15,4
27,16,4
27,17,4
27,18,4
27,19,4
27,20,4
27,21,4
27,22,1
27,23,1
27,24,1
27,25,1
27,26,1
27,27,1
27,28,1
27,29,1
27,30,1
28,0,4
28,1,4
28,2,4
28,3,4
28,4,4
28,5,1
28,6,1
28,7,1
28,8,4
28,9,4
28,10,4
28,11,1
28,12,1
28,13,1
28,14,1
28,15,4
28,16,4
28,17,3
28,18,3
28,19,4
28,20,4
28,21,4
28,22,1
28,23,1
28,24,1
28,25,1
28,26,1
28,27,1
28,28,2
28,29,2
28,30,2
29,0,4
29,1,4
29,2,4
29,3,4
29,4,4
29,5,4
29,6,1
29,7,1
29,8,4
29,9,4
29,10,1
29,11,1
29,12,1
29,13,1
29,14,1
29,15,1
29,16,3
29,17,3
29,18,3
29,19,3
29,20,4
29,21,4
29,22,4
29,23,1
29,24,1
29,25,1
29,26,1
29,27,2
29,28,2
29,29,2
29,30,2
30,0,4
30,1,4
30,2,4
30,3,4
30,4,4
30,5,4
30,6,1
30,7,1
30,8,4
30,9,4
30,10,1
30,11,1
30,12,1
30,13,1
30,14,1
30,15,1
30,16,3
30,17,3
30,18,3
30,19,3
30,20,4
30,21,4
30,22,4
30,23,1
30,24,1
30,25,1
30,26,1
30,27,2
30,28,2
30,29,2
30,30,2