9
16
11
4
7,2
7,12
7,22
17,2
17,12
17,22
27,2
27,12
27,22
3,4,1
4,7,1
4,8,2
1,4,1
4,5,2
0,4,1
3,6,1
6,7,2
3,7,1
0,3,2
7,8,2
5,8,2
1,2,2
2,5,2
1,5,2
0,1,1
0,0,4
0,1,4
0,2,4
0,3,4
0,4,4
0,5,4
0,6,1
0,7,1
0,8,1
0,9,1
0,10,3
0,11,3
0,12,3
0,13,3
0,14,4
0,15,4
0,16,3
0,17,3
0,18,1
0,19,1
0,20,4
0,21,4
0,22,4
0,23,2
0,24,2
0,25,2
0,26,2
0,27,2
0,28,2
0,29,2
0,30,2
1,0,4
1,1,4
1,2,4
1,3,4
1,4,4
1,5,4
1,6,1
1,7,1
1,8,1
1,9,1
1,10,3
1,11,3
1,12,3
1,13,3
1,14,4
1,15,4
1,16,3
1,17,3
1,18,1
1,19,1
1,20,4
1,21,4
1,22,4
1,23,2
1,24,2
1,25,2
1,26,2
1,27,2
1,28,2
1,29,2
1,30,2
2,0,4
2,1,4
2,2,4
2,3,4
2,4,4
2,5,1
2,6,1
2,7,1
2,8,1
2,9,4
2,10,4
2,11,3
2,12,3
2,13,4
2,14,4
2,15,4
2,16,3
2,17,3
2,18,1
2,19,1
2,20,1
2,21,4
2,22,4
2,23,4
2,24,2
2,25,2
2,26,4
2,27,4
2,28,4
2,29,4
2,30,4
3,0,1
3,1,1
3,2,1
3,3,1
3,4,1
3,5,1
3,6,1
3,7,1
3,8,4
3,9,4
3,10,4
3,11,4
3,12,4
3,13,4
3,14,4
3,15,4
3,16,3
3,17,3
3,18,1
3,19,1
3,20,1
3,21,4
3,22,4
3,23,4
3,24,4
3,25,4
3,26,4
3,27,4
3,28,4
3,29,4
3,30,4
4,0,1
4,1,1
4,2,1
4,3,1
4,4,1
4,5,1
4,6,1
4,7,4
4,8,4
4,9,4
4,10,4
4,11,4
4,12,4
4,13,4
4,14,4
4,15,3
4,16,3
4,17,3
4,18,3
4,19,1
4,20,1
4,21,1
4,22,4
4,23,4
4,24,4
4,25,4
4,26,4
4,27,4
4,28,4
4,29,4
4,30,4
5,0,4
5,1,4
5,2,4
5,3,4
5,4,4
5,5,4
5,6,4
5,7,4
5,8,4
5,9,4
5,10,3
5,11,3
5,12,3
5,13,3
5,14,3
5,15,3
5,16,3
5,17,3
5,18,3
5,19,1
5,20,1
5,21,1
5,22,1
5,23,1
5,24,1
5,25,4
5,26,4
5,27,2
5,28,2
5,29,4
5,30,4
6,0,4
6,1,4
6,2,4
6,3,4
6,4,4
6,5,4
6,6,4
6,7,4
6,8,4
6,9,3
6,10,3
6,11,3
6,12,3
6,13,3
6,14,3
6,15,3
6,16,3
6,17,3
6,18,3
6,19,3
6,20,1
6,21,1
6,22,1
6,23,1
6,24,1
6,25,1
6,26,2
6,27,2
6,28,2
6,29,2
6,30,2
7,0,4
7,1,4
7,2,4
7,3,4
7,4,4
7,5,4
7,6,4
7,7,4
7,8,3
7,9,3
7,10,3
7,11,3
7,12,3
7,13,3
7,14,3
7,15,3
7,16,3
7,17,3
7,18,3
7,19,3
7,20,1
7,21,1
7,22,1
7,23,1
7,24,1
7,25,1
7,26,2
7,27,2
7,28,2
7,29,2
7,30,2
8,0,4
8,1,4
8,2,4
8,3,4
8,4,4
8,5,4
8,6,4
8,7,4
8,8,3
8,9,3
8,10,3
8,11,3
8,12,3
8,13,3
8,14,3
8,15,3
8,16,3
8,17,3
8,18,3
8,19,1
8,20,1
8,21,1
8,22,1
8,23,1
8,24,1
8,25,1
8,26,2
8,27,2
8,28,2
8,29,2
8,30,2
9,0,4
9,1,4
9,2,4
9,3,4
9,4,4
9,5,4
9,6,4
9,7,2
9,8,2
9,9,3
9,10,3
9,11,3
9,12,3
9,13,3
9,14,3
9,15,3
9,16,3
9,17,3
9,18,1
9,19,1
9,20,1
9,21,1
9,22,1
9,23,1
9,24,1
9,25,1
9,26,1
9,27,2
9,28,2
9,29,2
9,30,2
10,0,4
10,1,4
10,2,4
10,3,4
10,4,4
10,5,4
10,6,2
10,7,2
10,8,2
10,9,2
10,10,2
10,11,3
10,12,3
10,13,1
10,14,1
10,15,1
10,16,1
10,17,1
10,18,1
10,19,1
10,20,1
10,21,4
10,22,4
10,23,1
10,24,1
10,25,1
10,26,1
10,27,4
10,28,4
10,29,2
10,30,2
11,0,3
11,1,3
11,2,4
11,3,4
11,4,1
11,5,1
11,6,2
11,7,2
11,8,2
11,9,2
11,10,2
11,11,2
11,12,1
11,13,1
11,14,1
11,15,1
11,16,1
11,17,1
11,18,1
11,19,1
11,20,4
11,21,4
11,22,4
11,23,4
11,24,1
11,25,1
11,26,4
11,27,4
11,28,4
11,29,4
11,30,4
12,0,3
12,1,3
12,2,3
12,3,1
12,4,1
12,5,1
12,6,1
12,7,2
12,8,2
12,9,2
12,10,2
12,11,2
12,12,1
12,13,1
12,14,1
12,15,1
12,16,1
12,17,4
12,18,4
12,19,4
12,20,4
12,21,4
12,22,4
12,23,4
12,24,4
12,25,4
12,26,4
12,27,4
12,28,4
12,29,4
12,30,4
13,0,3
13,1,3
13,2,3
13,3,1
13,4,1
13,5,1
13,6,1
13,7,1
13,8,1
13,9,2
13,10,2
13,11,3
13,12,3
13,13,1
13,14,1
13,15,1
13,16,4
13,17,4
13,18,4
13,19,4
13,20,4
13,21,4
13,22,4
13,23,4
13,24,4
13,25,4
13,26,4
13,27,4
13,28,3
13,29,3
13,30,3
14,0,3
14,1,3
14,2,4
14,3,4
14,4,1
14,5,1
14,6,1
14,7,1
14,8,1
14,9,1
14,10,3
14,11,3
14,12,3
14,13,3
14,14,3
14,15,3
14,16,4
14,17,4
14,18,4
14,19,4
14,20,4
14,21,4
14,22,4
14,23,4
14,24,4
14,25,4
14,26,4
14,27,3
14,28,3
14,29,3
14,30,3
15,0,4
15,1,4
15,2,4
15,3,4
15,4,4
15,5,4
15,6,4
15,7,1
15,8,1
15,9,1
15,10,3
15,11,3
15,12,3
15,13,3
15,14,3
15,15,3
15,16,3
15,17,4
15,18,4
15,19,4
15,20,4
15,21,4
15,22,4
15,23,4
15,24,4
15,25,4
15,26,4
15,27,3
15,28,3
15,29,3
15,30,3
16,0,4
16,1,4
16,2,4
16,3,4
16,4,4
16,5,4
16,6,4
16,7,4
16,8,1
16,9,1
16,10,3
16,11,3
16,12,3
16,13,3
16,14,3
16,15,3
16,16,3
16,17,3
16,18,4
16,19,4
16,20,4
16,21,4
16,22,4
16,23,4
16,24,4
16,25,4
16,26,4
16,27,3
16,28,3
16,29,3
16,30,3
17,0,4
17,1,4
17,2,4
17,3,4
17,4,4
17,5,4
17,6,4
17,7,4
17,8,1
17,9,1
17,10,3
17,11,3
17,12,3
17,13,3
17,14,3
17,15,3
17,16,3
17,17,3
17,18,4
17,19,4
17,20,4
17,21,4
17,22,4
17,23,4
17,24,4
17,25,4
17,26,4
17,27,4
17,28,3
17,29,3
17,30,3
18,0,4
18,1,4
18,2,4
18,3,4
18,4,4
18,5,4
18,6,4
18,7,1
18,8,1
18,9,1
18,10,3
18,11,3
18,12,3
18,13,3
18,14,3
18,15,3
18,16,3
18,17,2
18,18,2
18,19,4
18,20,4
18,21,4
18,22,4
18,23,4
18,24,4
18,25,4
18,26,4
18,27,4
18,28,4
18,29,3
18,30,3
19,0,4
19,1,4
19,2,4
19,3,4
19,4,4
19,5,3
19,6,3
19,7,1
19,8,1
19,9,1
19,10,3
19,11,3
19,12,3
19,13,3
19,14,3
19,15,3
19,16,2
19,17,2
19,18,2
19,19,2
19,20,4
19,21,4
19,22,4
19,23,4
19,24,4
19,25,4
19,26,4
19,27,4
19,28,4
19,29,3
19,30,3
20,0,1
20,1,1
20,2,4
20,3,4
20,4,3
20,5,3
20,6,3
20,7,3
20,8,1
20,9,1
20,10,3
20,11,3
20,12,3
20,13,3
20,14,4
20,15,4
20,16,2
20,17,2
20,18,2
20,19,2
20,20,2
20,21,4
20,22,4
20,23,2
20,24,2
20,25,4
20,26,4
20,27,4
20,28,4
20,29,3
20,30,3
21,0,1
21,1,1
21,2,1
21,3,3
21,4,3
21,5,3
21,6,3
21,7,3
21,8,1
21,9,1
21,10,1
21,11,3
21,12,3
21,13,4
21,14,4
21,15,4
21,16,4
21,17,2
21,18,2
21,19,2
21,20,2
21,21,2
21,22,2
21,23,2
21,24,2
21,25,2
21,26,4
21,27,4
21,28,4
21,29,3
21,30,3
22,0,1
22,1,1
22,2,1
22,3,3
22,4,3
22,5,3
22,6,3
22,7,1
22,8,1
22,9,1
22,10,1
22,11,3
22,12,3
22,13,4
22,14,4
22,15,4
22,16,4
22,17,4
22,18,4
22,19,2
22,20,2
22,21,2
22,22,2
22,23,2
22,24,2
22,25,2
22,26,2
22,27,4
22,28,4
22,29,3
22,30,3
23,0,1
23,1,1
23,2,4
23,3,4
23,4,3
23,5,3
23,6,1
23,7,1
23,8,1
23,9,1
23,10,1
23,11,3
23,12,3
23,13,3
23,14,4
23,15,4
23,16,4
23,17,4
23,18,4
23,19,4
23,20,2
23,21,2
23,22,3
23,23,3
23,24,2
23,25,2
23,26,2
23,27,4
23,28,4
23,29,3
23,30,3
24,0,4
24,1,4
24,2,4
24,3,4
24,4,4
24,5,1
24,6,1
24,7,1
24,8,1
24,9,1
24,10,1
24,11,3
24,12,3
24,13,3
24,14,3
24,15,3
24,16,4
24,17,4
24,18,4
24,19,4
24,20,3
24,21,3
24,22,3
24,23,3
24,24,3
24,25,2
24,26,2
24,27,4
24,28,4
24,29,3
24,30,3
25,0,4
25,1,4
25,2,4
25,3,4
25,4,4
25,5,1
25,6,1
25,7,1
25,8,1
25,9,1
25,10,3
25,11,3
25,12,3
25,13,3
25,14,3
25,15,3
25,16,3
25,17,4
25,18,4
25,19,3
25,20,3
25,21,3
25,22,3
25,23,3
25,24,3
25,25,2
25,26,2
25,27,4
25,28,4
25,29,3
25,30,3
26,0,4
26,1,4
26,2,4
26,3,4
26,4,4
26,5,4
26,6,1
26,7,1
26,8,1
26,9,1
26,10,3
26,11,3
26,12,3
26,13,3
26,14,3
26,15,3
26,16,3
26,17,1
26,18,1
26,19,3
26,20,3
26,21,3
26,22,3
26,23,3
26,24,3
26,25,2
26,26,2
26,27,4
26,28,4
26,29,3
26,30,3
27,0,4
27,1,4
27,2,4
27,3,4
27,4,4
27,5,4
27,6,4
27,7,1
27,8,1
27,9,3
27,10,3
27,11,3
27,12,3
27,13,3
27,14,3
27,15,3
27,16,1
27,17,1
27,18,1
27,19,1
27,20,3
27,21,3
27,22,3
27,23,3
27,24,3
27,25,2
27,26,2
27,27,4
27,28,4
27,29,3
27,30,3
28,0,4
28,1,4
28,2,4
28,3,4
28,4,4
28,5,4
28,6,4
28,7,2
28,8,2
28,9,3
28,10,3
28,11,3
28,12,3
28,13,3
28,14,3
28,15,3
28,16,1
28,17,1
28,18,1
28,19,1
28,20,3
28,21,3
28,22,3
28,23,3
28,24,3
28,25,2
28,26,2
28,27,4
28,28,4
28,29,3
28,30,3
29,0,4
29,1,4
29,2,4
29,3,4
29,4,4
29,5,4
29,6,2
29,7,2
29,8,2
29,9,2
29,10,3
29,11,3
29,12,3
29,13,3
29,14,3
29,15,3
29,16,3
29,17,1
29,18,1
29,19,3
29,20,3
29,21,3
29,22,3
29,23,3
29,24,3
29,25,2
29,26,2
29,27,4
29,28,4
29,29,3
29,30,3
30,0,4
30,1,4
30,2,4
30,3,4
30,4,4
30,5,4
30,6,2
30,7,2
30,8,2
30,9,2
30,10,3
30,11,3
30,12,3
30,13,3
30,14,3
30,15,3
30,16,3
30,17,1
30,18,1
30,19,3
30,20,3
30,21,3
30,22,3
30,23,3
30,24,3
30,25,2
30,26,2
30,27,4
30,28,4
30,29,3
30,30,3