9
16
9
3
7,2
7,12
7,22
17,2
17,12
17,22
27,2
27,12
27,22
0,3,2
3,4,2
3,6,2
0,1,1
1,4,1
1,5,2
1,2,1
0,4,2
7,8,2
5,8,1
4,7,2
4,5,2
4,6,2
5,7,1
6,7,1
2,5,1
0,0,3
0,1,3
0,2,3
0,3,3
0,4,3
0,5,3
0,6,2
0,7,2
0,8,1
0,9,1
0,10,4
0,11,4
0,12,2
0,13,2
0,14,2
0,15,2
0,16,3
0,17,3
0,18,3
0,19,3
0,20,3
0,21,3
0,22,3
0,23,3
0,24,2
0,25,2
0,26,2
0,27,2
0,28,1
0,29,1
0,30,1
1,0,3
1,1,3
1,2,3
1,3,3
1,4,3
1,5,3
1,6,2
1,7,2
1,8,1
1,9,1
1,10,4
1,11,4
1,12,2
1,13,2
1,14,2
1,15,2
1,16,3
1,17,3
1,18,3
1,19,3
1,20,3
1,21,3
1,22,3
1,23,3
1,24,2
1,25,2
1,26,2
1,27,2
1,28,1
1,29,1
1,30,1
2,0,2
2,1,2
2,2,2
2,3,3
2,4,3
2,5,2
2,6,2
2,7,2
2,8,1
2,9,1
2,10,4
2,11,4
2,12,2
2,13,2
2,14,2
2,15,2
2,16,3
2,17,3
2,18,3
2,19,3
2,20,3
2,21,3
2,22,3
2,23,3
2,24,3
2,25,2
2,26,2
2,27,2
2,28,1
2,29,1
2,30,1
3,0,2
3,1,2
3,2,2
3,3,2
3,4,2
3,5,2
3,6,2
3,7,2
3,8,1
3,9,1
3,10,4
3,11,4
3,12,4
3,13,2
3,14,2
3,15,4
3,16,4
3,17,3
3,18,3
3,19,3
3,20,3
3,21,3
3,22,3
3,23,3
3,24,3
3,25,3
3,26,2
3,27,2
3,28,2
3,29,1
3,30,1
4,0,2
4,1,2
4,2,2
4,3,2
4,4,2
4,5,2
4,6,2
4,7,1
4,8,1
4,9,1
4,10,4
4,11,4
4,12,4
4,13,4
4,14,4
4,15,4
4,16,4
4,17,4
4,18,3
4,19,3
4,20,3
4,21,3
4,22,3
4,23,3
4,24,3
4,25,3
4,26,2
4,27,2
4,28,2
4,29,2
4,30,2
5,0,2
5,1,2
5,2,2
5,3,2
5,4,2
5,5,2
5,6,2
5,7,1
5,8,1
5,9,1
5,10,4
5,11,4
5,12,4
5,13,4
5,14,4
5,15,4
5,16,4
5,17,4
5,18,4
5,19,3
5,20,3
5,21,3
5,22,3
5,23,3
5,24,3
5,25,3
5,26,2
5,27,2
5,28,2
5,29,2
5,30,2
6,0,2
6,1,2
6,2,2
6,3,2
6,4,2
6,5,2
6,6,2
6,7,2
6,8,1
6,9,1
6,10,4
6,11,4
6,12,4
6,13,4
6,14,4
6,15,4
6,16,4
6,17,4
6,18,4
6,19,3
6,20,3
6,21,3
6,22,3
6,23,3
6,24,3
6,25,3
6,26,2
6,27,2
6,28,2
6,29,2
6,30,2
7,0,2
7,1,2
7,2,2
7,3,2
7,4,2
7,5,2
7,6,2
7,7,2
7,8,1
7,9,1
7,10,4
7,11,4
7,12,4
7,13,4
7,14,4
7,15,4
7,16,4
7,17,4
7,18,4
7,19,3
7,20,3
7,21,3
7,22,3
7,23,3
7,24,3
7,25,3
7,26,2
7,27,2
7,28,2
7,29,2
7,30,2
8,0,2
8,1,2
8,2,2
8,3,2
8,4,2
8,5,2
8,6,2
8,7,2
8,8,1
8,9,1
8,10,4
8,11,4
8,12,4
8,13,4
8,14,4
8,15,4
8,16,4
8,17,4
8,18,3
8,19,3
8,20,3
8,21,3
8,22,3
8,23,3
8,24,3
8,25,3
8,26,3
8,27,2
8,28,2
8,29,2
8,30,2
9,0,2
9,1,2
9,2,2
9,3,2
9,4,2
9,5,2
9,6,2
9,7,1
9,8,1
9,9,1
9,10,4
9,11,4
9,12,4
9,13,4
9,14,4
9,15,4
9,16,4
9,17,4
9,18,3
9,19,3
9,20,3
9,21,3
9,22,3
9,23,3
9,24,3
9,25,3
9,26,3
9,27,1
9,28,1
9,29,1
9,30,1
10,0,2
10,1,2
10,2,2
10,3,2
10,4,2
10,5,3
10,6,3
10,7,1
10,8,1
10,9,1
10,10,1
10,11,4
10,12,4
10,13,1
10,14,1
10,15,4
10,16,4
10,17,1
10,18,1
10,19,3
10,20,3
10,21,3
10,22,3
10,23,3
10,24,3
10,25,3
10,26,1
10,27,1
10,28,1
10,29,1
10,30,1
11,0,2
11,1,2
11,2,2
11,3,2
11,4,3
11,5,3
11,6,3
11,7,3
11,8,1
11,9,1
11,10,1
11,11,1
11,12,1
11,13,1
11,14,1
11,15,1
11,16,1
11,17,1
11,18,1
11,19,1
11,20,1
11,21,1
11,22,1
11,23,1
11,24,1
11,25,1
11,26,1
11,27,1
11,28,1
11,29,2
11,30,2
12,0,2
12,1,2
12,2,2
12,3,3
12,4,3
12,5,3
12,6,3
12,7,3
12,8,3
12,9,1
12,10,1
12,11,1
12,12,1
12,13,1
12,14,1
12,15,1
12,16,1
12,17,1
12,18,1
12,19,1
12,20,1
12,21,1
12,22,1
12,23,1
12,24,1
12,25,1
12,26,1
12,27,1
12,28,2
12,29,2
12,30,2
13,0,4
13,1,4
13,2,4
13,3,3
13,4,3
13,5,3
13,6,3
13,7,3
13,8,3
13,9,3
13,10,3
13,11,3
13,12,3
13,13,3
13,14,3
13,15,1
13,16,1
13,17,2
13,18,2
13,19,1
13,20,1
13,21,3
13,22,3
13,23,3
13,24,3
13,25,3
13,26,3
13,27,3
13,28,2
13,29,2
13,30,2
14,0,4
14,1,4
14,2,4
14,3,4
14,4,3
14,5,3
14,6,3
14,7,3
14,8,3
14,9,3
14,10,3
14,11,3
14,12,3
14,13,3
14,14,3
14,15,3
14,16,2
14,17,2
14,18,2
14,19,2
14,20,3
14,21,3
14,22,3
14,23,3
14,24,3
14,25,3
14,26,3
14,27,3
14,28,3
14,29,2
14,30,2
15,0,4
15,1,4
15,2,4
15,3,4
15,4,4
15,5,3
15,6,3
15,7,1
15,8,1
15,9,3
15,10,3
15,11,3
15,12,3
15,13,3
15,14,3
15,15,3
15,16,2
15,17,2
15,18,2
15,19,2
15,20,3
15,21,3
15,22,3
15,23,3
15,24,3
15,25,3
15,26,3
15,27,3
15,28,3
15,29,1
15,30,1
16,0,4
16,1,4
16,2,4
16,3,4
16,4,4
16,5,4
16,6,1
16,7,1
16,8,1
16,9,1
16,10,3
16,11,3
16,12,3
16,13,3
16,14,3
16,15,3
16,16,3
16,17,2
16,18,2
16,19,2
16,20,3
16,21,3
16,22,3
16,23,3
16,24,3
16,25,3
16,26,3
16,27,3
16,28,1
16,29,1
16,30,1
17,0,4
17,1,4
17,2,4
17,3,4
17,4,4
17,5,4
17,6,1
17,7,1
17,8,1
17,9,1
17,10,3
17,11,3
17,12,3
17,13,3
17,14,3
17,15,3
17,16,3
17,17,3
17,18,2
17,19,2
17,20,3
17,21,3
17,22,3
17,23,3
17,24,3
17,25,3
17,26,4
17,27,4
17,28,1
17,29,1
17,30,1
18,0,4
18,1,4
18,2,4
18,3,4
18,4,4
18,5,4
18,6,4
18,7,1
18,8,1
18,9,3
18,10,3
18,11,3
18,12,3
18,13,3
18,14,3
18,15,3
18,16,3
18,17,3
18,18,2
18,19,2
18,20,3
18,21,3
18,22,3
18,23,3
18,24,3
18,25,4
18,26,4
18,27,4
18,28,4
18,29,1
18,30,1
19,0,4
19,1,4
19,2,4
19,3,4
19,4,4
19,5,4
19,6,4
19,7,3
19,8,3
19,9,3
19,10,3
19,11,3
19,12,3
19,13,3
19,14,3
19,15,3
19,16,3
19,17,3
19,18,2
19,19,2
19,20,3
19,21,3
19,22,3
19,23,3
19,24,3
19,25,4
19,26,4
19,27,4
19,28,4
19,29,3
19,30,3
20,0,4
20,1,4
20,2,4
20,3,4
20,4,4
20,5,4
20,6,3
20,7,3
20,8,3
20,9,3
20,10,3
20,11,4
20,12,4
20,13,4
20,14,4
20,15,3
20,16,3
20,17,2
20,18,2
20,19,2
20,20,3
20,21,3
20,22,3
20,23,3
20,24,3
20,25,3
20,26,4
20,27,4
20,28,3
20,29,3
20,30,3
21,0,4
21,1,4
21,2,4
21,3,4
21,4,4
21,5,3
21,6,3
21,7,3
21,8,3
21,9,3
21,10,4
21,11,4
21,12,4
21,13,4
21,14,4
21,15,4
21,16,2
21,17,2
21,18,2
21,19,2
21,20,3
21,21,3
21,22,3
21,23,3
21,24,3
21,25,3
21,26,1
21,27,1
21,28,3
21,29,3
21,30,3
22,0,4
22,1,4
22,2,4
22,3,4
22,4,4
22,5,3
22,6,3
22,7,3
22,8,3
22,9,3
22,10,4
22,11,4
22,12,4
22,13,4
22,14,4
22,15,4
22,16,2
22,17,2
22,18,2
22,19,2
22,20,3
22,21,3
22,22,3
22,23,3
22,24,3
22,25,1
22,26,1
22,27,1
22,28,1
22,29,3
22,30,3
23,0,4
23,1,4
23,2,4
23,3,4
23,4,4
23,5,3
23,6,3
23,7,3
23,8,3
23,9,3
23,10,3
23,11,4
23,12,4
23,13,4
23,14,4
23,15,4
23,16,4
23,17,2
23,18,2
23,19,2
23,20,2
23,21,3
23,22,3
23,23,3
23,24,1
23,25,1
23,26,1
23,27,1
23,28,1
23,29,3
23,30,3
24,0,4
24,1,4
24,2,4
24,3,4
24,4,4
24,5,4
24,6,3
24,7,3
24,8,3
24,9,3
24,10,3
24,11,3
24,12,3
24,13,3
24,14,4
24,15,4
24,16,4
24,17,4
24,18,2
24,19,2
24,20,2
24,21,1
24,22,1
24,23,1
24,24,1
24,25,1
24,26,1
24,27,1
24,28,3
24,29,3
24,30,3
25,0,4
25,1,4
25,2,4
25,3,4
25,4,4
25,5,4
25,6,4
25,7,4
25,8,4
25,9,3
25,10,3
25,11,3
25,12,3
25,13,3
25,14,3
25,15,4
25,16,4
25,17,4
25,18,2
25,19,2
25,20,1
25,21,1
25,22,1
25,23,1
25,24,1
25,25,1
25,26,4
25,27,4
25,28,3
25,29,3
25,30,3
26,0,4
26,1,4
26,2,4
26,3,4
26,4,4
26,5,4
26,6,4
26,7,4
26,8,4
26,9,4
26,10,3
26,11,3
26,12,3
26,13,3
26,14,3
26,15,4
26,16,4
26,17,4
26,18,2
26,19,2
26,20,1
26,21,1
26,22,1
26,23,1
26,24,1
26,25,4
26,26,4
26,27,4
26,28,4
26,29,3
26,30,3
27,0,4
27,1,4
27,2,4
27,3,4
27,4,4
27,5,4
27,6,4
27,7,4
27,8,4
27,9,4
27,10,3
27,11,3
27,12,3
27,13,3
27,14,3
27,15,4
27,16,4
27,17,4
27,18,2
27,19,2
27,20,1
27,21,1
27,22,1
27,23,1
27,24,1
27,25,4
27,26,4
27,27,4
27,28,4
27,29,1
27,30,1
28,0,4
28,1,4
28,2,4
28,3,4
28,4,4
28,5,4
28,6,4
28,7,4
28,8,4
28,9,4
28,10,3
28,11,3
28,12,3
28,13,3
28,14,3
28,15,4
28,16,4
28,17,2
28,18,2
28,19,2
28,20,1
28,21,1
28,22,1
28,23,1
28,24,1
28,25,4
28,26,4
28,27,4
28,28,1
28,29,1
28,30,1
29,0,4
29,1,4
29,2,4
29,3,4
29,4,4
29,5,4
29,6,4
29,7,4
29,8,4
29,9,4
29,10,3
29,11,3
29,12,3
29,13,3
29,14,3
29,15,4
29,16,4
29,17,2
29,18,2
29,19,2
29,20,1
29,21,1
29,22,1
29,23,1
29,24,1
29,25,4
29,26,4
29,27,4
29,28,1
29,29,1
29,30,1
30,0,4
30,1,4
30,2,4
30,3,4
30,4,4
30,5,4
30,6,4
30,7,4
30,8,4
30,9,4
30,10,3
30,11,3
30,12,3
30,13,3
30,14,3
30,15,4
30,16,4
30,17,2
30,18,2
30,19,2
30,20,1
30,21,1
30,22,1
30,23,1
30,24,1
30,25,4
30,26,4
30,27,4
30,28,1
30,29,1
30,30,1