9
16
8
5
7,2
7,12
7,22
17,2
17,12
17,22
27,2
27,12
27,22
5,7,2
1,5,2
5,8,1
2,5,1
4,5,1
6,7,2
7,8,2
4,7,1
3,6,1
4,6,1
0,1,1
1,2,2
1,4,1
0,3,2
0,4,1
3,4,1
0,0,4
0,1,4
0,2,4
0,3,1
0,4,1
0,5,1
0,6,2
0,7,2
0,8,3
0,9,3
0,10,2
0,11,2
0,12,2
0,13,2
0,14,2
0,15,2
0,16,2
0,17,2
0,18,2
0,19,2
0,20,2
0,21,2
0,22,2
0,23,1
0,24,1
0,25,1
0,26,1
0,27,1
0,28,1
0,29,1
0,30,1
1,0,4
1,1,4
1,2,4
1,3,1
1,4,1
1,5,1
1,6,2
1,7,2
1,8,3
1,9,3
1,10,2
1,11,2
1,12,2
1,13,2
1,14,2
1,15,2
1,16,2
1,17,2
1,18,2
1,19,2
1,20,2
1,21,2
1,22,2
1,23,1
1,24,1
1,25,1
1,26,1
1,27,1
1,28,1
1,29,1
1,30,1
2,0,4
2,1,4
2,2,4
2,3,1
2,4,1
2,5,2
2,6,2
2,7,2
2,8,3
2,9,3
2,10,3
2,11,2
2,12,2
2,13,3
2,14,3
2,15,2
2,16,2
2,17,3
2,18,3
2,19,3
2,20,2
2,21,2
2,22,3
2,23,3
2,24,1
2,25,1
2,26,1
2,27,1
2,28,1
2,29,3
2,30,3
3,0,4
3,1,4
3,2,4
3,3,1
3,4,1
3,5,2
3,6,2
3,7,2
3,8,3
3,9,3
3,10,3
3,11,3
3,12,3
3,13,3
3,14,3
3,15,3
3,16,3
3,17,3
3,18,3
3,19,3
3,20,3
3,21,3
3,22,3
3,23,3
3,24,3
3,25,3
3,26,3
3,27,3
3,28,3
3,29,3
3,30,3
4,0,4
4,1,4
4,2,1
4,3,1
4,4,1
4,5,2
4,6,2
4,7,2
4,8,2
4,9,3
4,10,3
4,11,3
4,12,3
4,13,3
4,14,3
4,15,3
4,16,3
4,17,3
4,18,3
4,19,3
4,20,3
4,21,3
4,22,3
4,23,3
4,24,3
4,25,3
4,26,3
4,27,3
4,28,3
4,29,3
4,30,3
5,0,1
5,1,1
5,2,1
5,3,1
5,4,1
5,5,2
5,6,2
5,7,2
5,8,2
5,9,4
5,10,4
5,11,4
5,12,4
5,13,4
5,14,4
5,15,3
5,16,3
5,17,3
5,18,3
5,19,3
5,20,3
5,21,3
5,22,3
5,23,3
5,24,3
5,25,3
5,26,3
5,27,4
5,28,4
5,29,4
5,30,4
6,0,1
6,1,1
6,2,1
6,3,1
6,4,1
6,5,1
6,6,2
6,7,2
6,8,4
6,9,4
6,10,4
6,11,4
6,12,4
6,13,4
6,14,4
6,15,4
6,16,3
6,17,3
6,18,3
6,19,3
6,20,3
6,21,3
6,22,3
6,23,3
6,24,3
6,25,3
6,26,4
6,27,4
6,28,4
6,29,4
6,30,4
7,0,1
7,1,1
7,2,1
7,3,1
7,4,1
7,5,1
7,6,1
7,7,4
7,8,4
7,9,4
7,10,4
7,11,4
7,12,4
7,13,4
7,14,4
7,15,4
7,16,3
7,17,3
7,18,3
7,19,3
7,20,3
7,21,3
7,22,3
7,23,3
7,24,3
7,25,3
7,26,4
7,27,4
7,28,4
7,29,3
7,30,3
8,0,1
8,1,1
8,2,1
8,3,1
8,4,1
8,5,1
8,6,1
8,7,4
8,8,4
8,9,4
8,10,4
8,11,4
8,12,4
8,13,4
8,14,4
8,15,4
8,16,3
8,17,3
8,18,3
8,19,3
8,20,3
8,21,3
8,22,3
8,23,3
8,24,3
8,25,3
8,26,4
8,27,4
8,28,3
8,29,3
8,30,3
9,0,1
9,1,1
9,2,1
9,3,1
9,4,1
9,5,1
9,6,4
9,7,4
9,8,4
9,9,4
9,10,4
9,11,4
9,12,4
9,13,4
9,14,4
9,15,4
9,16,4
9,17,3
9,18,3
9,19,3
9,20,3
9,21,3
9,22,3
9,23,3
9,24,3
9,25,4
9,26,4
9,27,4
9,28,3
9,29,3
9,30,3
10,0,4
10,1,4
10,2,4
10,3,4
10,4,4
10,5,4
10,6,4
10,7,4
10,8,4
10,9,4
10,10,4
10,11,4
10,12,4
10,13,4
10,14,4
10,15,4
10,16,4
10,17,4
10,18,4
10,19,4
10,20,4
10,21,4
10,22,4
10,23,4
10,24,4
10,25,4
10,26,4
10,27,4
10,28,3
10,29,3
10,30,3
11,0,4
11,1,4
11,2,4
11,3,4
11,4,4
11,5,4
11,6,4
11,7,4
11,8,4
11,9,1
11,10,1
11,11,4
11,12,4
11,13,4
11,14,4
11,15,4
11,16,4
11,17,4
11,18,4
11,19,4
11,20,4
11,21,4
11,22,4
11,23,4
11,24,4
11,25,4
11,26,4
11,27,1
11,28,1
11,29,3
11,30,3
12,0,3
12,1,3
12,2,3
12,3,3
12,4,3
12,5,3
12,6,4
12,7,4
12,8,1
12,9,1
12,10,1
12,11,1
12,12,4
12,13,4
12,14,4
12,15,1
12,16,1
12,17,1
12,18,1
12,19,1
12,20,1
12,21,1
12,22,1
12,23,1
12,24,1
12,25,1
12,26,1
12,27,1
12,28,1
12,29,1
12,30,1
13,0,3
13,1,3
13,2,3
13,3,3
13,4,3
13,5,3
13,6,3
13,7,3
13,8,1
13,9,1
13,10,1
13,11,1
13,12,1
13,13,1
13,14,1
13,15,1
13,16,1
13,17,1
13,18,1
13,19,1
13,20,1
13,21,1
13,22,1
13,23,1
13,24,1
13,25,1
13,26,1
13,27,1
13,28,1
13,29,1
13,30,1
14,0,3
14,1,3
14,2,1
14,3,1
14,4,3
14,5,3
14,6,3
14,7,3
14,8,3
14,9,1
14,10,1
14,11,1
14,12,1
14,13,1
14,14,1
14,15,1
14,16,1
14,17,3
14,18,3
14,19,1
14,20,1
14,21,4
14,22,4
14,23,4
14,24,1
14,25,1
14,26,3
14,27,3
14,28,1
14,29,1
14,30,1
15,0,1
15,1,1
15,2,1
15,3,1
15,4,1
15,5,3
15,6,3
15,7,3
15,8,3
15,9,3
15,10,3
15,11,3
15,12,3
15,13,3
15,14,3
15,15,3
15,16,3
15,17,3
15,18,3
15,19,3
15,20,4
15,21,4
15,22,4
15,23,4
15,24,4
15,25,3
15,26,3
15,27,3
15,28,3
15,29,1
15,30,1
16,0,1
16,1,1
16,2,1
16,3,1
16,4,1
16,5,3
16,6,3
16,7,3
16,8,3
16,9,3
16,10,3
16,11,3
16,12,3
16,13,3
16,14,3
16,15,3
16,16,3
16,17,3
16,18,3
16,19,3
16,20,4
16,21,4
16,22,4
16,23,4
16,24,4
16,25,3
16,26,3
16,27,3
16,28,3
16,29,4
16,30,4
17,0,1
17,1,1
17,2,1
17,3,1
17,4,1
17,5,1
17,6,3
17,7,3
17,8,3
17,9,3
17,10,3
17,11,3
17,12,3
17,13,3
17,14,3
17,15,3
17,16,3
17,17,3
17,18,3
17,19,4
17,20,4
17,21,4
17,22,4
17,23,4
17,24,4
17,25,4
17,26,3
17,27,3
17,28,4
17,29,4
17,30,4
18,0,1
18,1,1
18,2,1
18,3,1
18,4,1
18,5,1
18,6,1
18,7,1
18,8,3
18,9,3
18,10,3
18,11,3
18,12,3
18,13,3
18,14,3
18,15,3
18,16,3
18,17,3
18,18,4
18,19,4
18,20,4
18,21,4
18,22,4
18,23,4
18,24,4
18,25,4
18,26,1
18,27,1
18,28,4
18,29,4
18,30,4
19,0,1
19,1,1
19,2,1
19,3,1
19,4,1
19,5,1
19,6,1
19,7,1
19,8,1
19,9,3
19,10,3
19,11,3
19,12,3
19,13,3
19,14,3
19,15,1
19,16,1
19,17,1
19,18,4
19,19,4
19,20,4
19,21,4
19,22,4
19,23,4
19,24,4
19,25,1
19,26,1
19,27,1
19,28,1
19,29,4
19,30,4
20,0,3
20,1,3
20,2,3
20,3,3
20,4,1
20,5,1
20,6,1
20,7,1
20,8,1
20,9,1
20,10,1
20,11,1
20,12,1
20,13,1
20,14,1
20,15,1
20,16,1
20,17,1
20,18,1
20,19,4
20,20,4
20,21,4
20,22,4
20,23,4
20,24,1
20,25,1
20,26,1
20,27,1
20,28,1
20,29,2
20,30,2
21,0,3
21,1,3
21,2,3
21,3,3
21,4,3
21,5,1
21,6,1
21,7,1
21,8,1
21,9,1
21,10,1
21,11,1
21,12,1
21,13,1
21,14,1
21,15,1
21,16,1
21,17,1
21,18,1
21,19,1
21,20,1
21,21,1
21,22,1
21,23,1
21,24,1
21,25,1
21,26,1
21,27,1
21,28,2
21,29,2
21,30,2
22,0,3
22,1,3
22,2,3
22,3,3
22,4,3
22,5,2
22,6,2
22,7,2
22,8,1
22,9,1
22,10,2
22,11,2
22,12,2
22,13,2
22,14,2
22,15,2
22,16,1
22,17,1
22,18,1
22,19,1
22,20,1
22,21,1
22,22,1
22,23,1
22,24,1
22,25,1
22,26,1
22,27,2
22,28,2
22,29,2
22,30,2
23,0,3
23,1,3
23,2,3
23,3,3
23,4,2
23,5,2
23,6,2
23,7,2
23,8,2
23,9,2
23,10,2
23,11,2
23,12,2
23,13,2
23,14,2
23,15,2
23,16,2
23,17,2
23,18,2
23,19,2
23,20,2
23,21,2
23,22,2
23,23,2
23,24,2
23,25,2
23,26,2
23,27,2
23,28,2
23,29,2
23,30,2
24,0,3
24,1,3
24,2,3
24,3,3
24,4,2
24,5,2
24,6,2
24,7,2
24,8,2
24,9,2
24,10,2
24,11,2
24,12,1
24,13,1
24,14,2
24,15,2
24,16,2
24,17,2
24,18,2
24,19,2
24,20,2
24,21,2
24,22,2
24,23,2
24,24,2
24,25,2
24,26,2
24,27,2
24,28,2
24,29,1
24,30,1
25,0,3
25,1,3
25,2,3
25,3,3
25,4,3
25,5,2
25,6,2
25,7,2
25,8,2
25,9,2
25,10,1
25,11,1
25,12,1
25,13,1
25,14,1
25,15,2
25,16,2
25,17,2
25,18,1
25,19,1
25,20,1
25,21,1
25,22,1
25,23,1
25,24,1
25,25,2
25,26,2
25,27,2
25,28,1
25,29,1
25,30,1
26,0,3
26,1,3
26,2,3
26,3,3
26,4,3
26,5,3
26,6,2
26,7,2
26,8,2
26,9,1
26,10,1
26,11,1
26,12,1
26,13,1
26,14,1
26,15,2
26,16,2
26,17,1
26,18,1
26,19,1
26,20,1
26,21,1
26,22,1
26,23,1
26,24,1
26,25,1
26,26,2
26,27,2
26,28,1
26,29,1
26,30,1
27,0,3
27,1,3
27,2,3
27,3,3
27,4,3
27,5,3
27,6,4
27,7,4
27,8,4
27,9,1
27,10,1
27,11,1
27,12,1
27,13,1
27,14,1
27,15,2
27,16,2
27,17,1
27,18,1
27,19,1
27,20,1
27,21,1
27,22,1
27,23,1
27,24,1
27,25,1
27,26,2
27,27,2
27,28,2
27,29,1
27,30,1
28,0,3
28,1,3
28,2,3
28,3,3
28,4,3
28,5,4
28,6,4
28,7,4
28,8,4
28,9,4
28,10,1
28,11,1
28,12,1
28,13,1
28,14,1
28,15,2
28,16,2
28,17,2
28,18,1
28,19,1
28,20,1
28,21,1
28,22,1
28,23,1
28,24,1
28,25,1
28,26,2
28,27,2
28,28,2
28,29,3
28,30,3
29,0,3
29,1,3
29,2,3
29,3,3
29,4,3
29,5,4
29,6,4
29,7,4
29,8,4
29,9,4
29,10,1
29,11,1
29,12,1
29,13,1
29,14,1
29,15,2
29,16,2
29,17,2
29,18,1
29,19,1
29,20,1
29,21,1
29,22,1
29,23,1
29,24,1
29,25,2
29,26,2
29,27,2
29,28,3
29,29,3
29,30,3
30,0,3
30,1,3
30,2,3
30,3,3
30,4,3
30,5,4
30,6,4
30,7,4
30,8,4
30,9,4
30,10,1
30,11,1
30,12,1
30,13,1
30,14,1
30,15,2
30,16,2
30,17,2
30,18,1
30,19,1
30,20,1
30,21,1
30,22,1
30,23,1
30,24,1
30,25,2
30,26,2
30,27,2
30,28,3
30,29,3
30,30,3