9
16
8
5
7,2
7,12
7,22
17,2
17,12
17,22
27,2
27,12
27,22
2,5,1
4,5,2
5,8,2
1,2,1
0,1,1
1,4,1
2,4,2
0,3,1
3,6,2
3,4,1
3,7,2
0,4,2
6,7,1
4,8,1
4,7,1
7,8,1
0,0,1
0,1,1
0,2,1
0,3,1
0,4,1
0,5,1
0,6,2
0,7,2
0,8,4
0,9,4
0,10,4
0,11,4
0,12,4
0,13,4
0,14,4
0,15,4
0,16,3
0,17,3
0,18,2
0,19,2
0,20,3
0,21,3
0,22,3
0,23,3
0,24,3
0,25,3
0,26,3
0,27,3
0,28,3
0,29,3
0,30,3
1,0,1
1,1,1
1,2,1
1,3,1
1,4,1
1,5,1
1,6,2
1,7,2
1,8,4
1,9,4
1,10,4
1,11,4
1,12,4
1,13,4
1,14,4
1,15,4
1,16,3
1,17,3
1,18,2
1,19,2
1,20,3
1,21,3
1,22,3
1,23,3
1,24,3
1,25,3
1,26,3
1,27,3
1,28,3
1,29,3
1,30,3
2,0,1
2,1,1
2,2,1
2,3,1
2,4,1
2,5,2
2,6,2
2,7,2
2,8,4
2,9,4
2,10,4
2,11,4
2,12,4
2,13,4
2,14,4
2,15,3
2,16,3
2,17,3
2,18,2
2,19,2
2,20,2
2,21,3
2,22,3
2,23,2
2,24,2
2,25,2
2,26,2
2,27,2
2,28,2
2,29,2
2,30,2
3,0,2
3,1,2
3,2,2
3,3,2
3,4,2
3,5,2
3,6,2
3,7,2
3,8,4
3,9,4
3,10,4
3,11,4
3,12,4
3,13,4
3,14,3
3,15,3
3,16,3
3,17,3
3,18,2
3,19,2
3,20,2
3,21,2
3,22,2
3,23,2
3,24,2
3,25,2
3,26,2
3,27,2
3,28,2
3,29,2
3,30,2
4,0,2
4,1,2
4,2,2
4,3,2
4,4,2
4,5,2
4,6,2
4,7,2
4,8,2
4,9,4
4,10,4
4,11,4
4,12,2
4,13,2
4,14,3
4,15,3
4,16,3
4,17,3
4,18,3
4,19,2
4,20,2
4,21,2
4,22,2
4,23,2
4,24,2
4,25,3
4,26,3
4,27,3
4,28,3
4,29,3
4,30,3
5,0,3
5,1,3
5,2,3
5,3,3
5,4,3
5,5,3
5,6,2
5,7,2
5,8,2
5,9,2
5,10,2
5,11,2
5,12,2
5,13,2
5,14,2
5,15,3
5,16,3
5,17,3
5,18,3
5,19,3
5,20,3
5,21,3
5,22,3
5,23,3
5,24,3
5,25,3
5,26,3
5,27,3
5,28,3
5,29,3
5,30,3
6,0,3
6,1,3
6,2,3
6,3,3
6,4,3
6,5,3
6,6,3
6,7,2
6,8,2
6,9,2
6,10,2
6,11,2
6,12,2
6,13,2
6,14,2
6,15,2
6,16,3
6,17,3
6,18,3
6,19,3
6,20,3
6,21,3
6,22,3
6,23,3
6,24,3
6,25,3
6,26,3
6,27,1
6,28,1
6,29,3
6,30,3
7,0,3
7,1,3
7,2,3
7,3,3
7,4,3
7,5,3
7,6,3
7,7,3
7,8,2
7,9,2
7,10,2
7,11,2
7,12,2
7,13,2
7,14,2
7,15,2
7,16,1
7,17,1
7,18,1
7,19,3
7,20,3
7,21,3
7,22,3
7,23,3
7,24,3
7,25,3
7,26,1
7,27,1
7,28,1
7,29,1
7,30,1
8,0,3
8,1,3
8,2,3
8,3,3
8,4,3
8,5,3
8,6,3
8,7,3
8,8,2
8,9,2
8,10,2
8,11,2
8,12,2
8,13,2
8,14,2
8,15,1
8,16,1
8,17,1
8,18,1
8,19,1
8,20,3
8,21,3
8,22,3
8,23,3
8,24,3
8,25,3
8,26,1
8,27,1
8,28,1
8,29,1
8,30,1
9,0,3
9,1,3
9,2,3
9,3,3
9,4,3
9,5,3
9,6,3
9,7,3
9,8,3
9,9,2
9,10,2
9,11,2
9,12,2
9,13,2
9,14,2
9,15,1
9,16,1
9,17,1
9,18,1
9,19,1
9,20,3
9,21,3
9,22,3
9,23,3
9,24,3
9,25,1
9,26,1
9,27,1
9,28,1
9,29,1
9,30,1
10,0,4
10,1,4
10,2,4
10,3,4
10,4,4
10,5,3
10,6,3
10,7,3
10,8,3
10,9,2
10,10,2
10,11,2
10,12,2
10,13,2
10,14,1
10,15,1
10,16,1
10,17,1
10,18,1
10,19,4
10,20,4
10,21,3
10,22,3
10,23,2
10,24,2
10,25,1
10,26,1
10,27,1
10,28,1
10,29,1
10,30,1
11,0,4
11,1,4
11,2,4
11,3,4
11,4,4
11,5,4
11,6,3
11,7,3
11,8,2
11,9,2
11,10,2
11,11,2
11,12,2
11,13,1
11,14,1
11,15,1
11,16,1
11,17,1
11,18,4
11,19,4
11,20,4
11,21,4
11,22,2
11,23,2
11,24,2
11,25,2
11,26,1
11,27,1
11,28,1
11,29,1
11,30,1
12,0,4
12,1,4
12,2,4
12,3,4
12,4,4
12,5,4
12,6,1
12,7,1
12,8,2
12,9,2
12,10,2
12,11,2
12,12,2
12,13,1
12,14,1
12,15,1
12,16,1
12,17,4
12,18,4
12,19,4
12,20,4
12,21,4
12,22,2
12,23,2
12,24,2
12,25,2
12,26,2
12,27,1
12,28,1
12,29,3
12,30,3
13,0,4
13,1,4
13,2,4
13,3,4
13,4,4
13,5,1
13,6,1
13,7,1
13,8,1
13,9,2
13,10,2
13,11,2
13,12,2
13,13,1
13,14,1
13,15,1
13,16,1
13,17,4
13,18,4
13,19,4
13,20,4
13,21,4
13,22,2
13,23,2
13,24,2
13,25,2
13,26,2
13,27,2
13,28,3
13,29,3
13,30,3
14,0,4
14,1,4
14,2,4
14,3,4
14,4,4
14,5,1
14,6,1
14,7,1
14,8,1
14,9,1
14,10,2
14,11,2
14,12,1
14,13,1
14,14,1
14,15,1
14,16,3
14,17,3
14,18,4
14,19,4
14,20,4
14,21,4
14,22,4
14,23,2
14,24,2
14,25,2
14,26,2
14,27,2
14,28,3
14,29,3
14,30,3
15,0,4
15,1,4
15,2,4
15,3,4
15,4,4
15,5,4
15,6,1
15,7,1
15,8,1
15,9,1
15,10,1
15,11,1
15,12,1
15,13,1
15,14,1
15,15,3
15,16,3
15,17,3
15,18,3
15,19,4
15,20,4
15,21,4
15,22,4
15,23,4
15,24,4
15,25,2
15,26,2
15,27,2
15,28,2
15,29,3
15,30,3
16,0,4
16,1,4
16,2,4
16,3,4
16,4,4
16,5,4
16,6,4
16,7,4
16,8,1
16,9,1
16,10,1
16,11,1
16,12,1
16,13,1
16,14,1
16,15,3
16,16,3
16,17,3
16,18,3
16,19,3
16,20,4
16,21,4
16,22,4
16,23,4
16,24,4
16,25,4
16,26,2
16,27,2
16,28,2
16,29,2
16,30,2
17,0,4
17,1,4
17,2,4
17,3,4
17,4,4
17,5,4
17,6,4
17,7,4
17,8,4
17,9,1
17,10,1
17,11,1
17,12,1
17,13,1
17,14,1
17,15,1
17,16,3
17,17,3
17,18,3
17,19,3
17,20,4
17,21,4
17,22,4
17,23,4
17,24,4
17,25,4
17,26,4
17,27,2
17,28,2
17,29,2
17,30,2
18,0,4
18,1,4
18,2,4
18,3,4
18,4,4
18,5,4
18,6,4
18,7,4
18,8,4
18,9,1
18,10,1
18,11,1
18,12,1
18,13,1
18,14,1
18,15,1
18,16,1
18,17,3
18,18,3
18,19,3
18,20,4
18,21,4
18,22,4
18,23,4
18,24,4
18,25,4
18,26,4
18,27,1
18,28,1
18,29,1
18,30,1
19,0,4
19,1,4
19,2,4
19,3,4
19,4,4
19,5,4
19,6,4
19,7,4
19,8,4
19,9,1
19,10,1
19,11,1
19,12,1
19,13,1
19,14,1
19,15,1
19,16,1
19,17,3
19,18,3
19,19,4
19,20,4
19,21,4
19,22,4
19,23,4
19,24,4
19,25,4
19,26,1
19,27,1
19,28,1
19,29,1
19,30,1
20,0,3
20,1,3
20,2,4
20,3,4
20,4,1
20,5,1
20,6,4
20,7,4
20,8,2
20,9,2
20,10,1
20,11,1
20,12,1
20,13,1
20,14,1
20,15,1
20,16,3
20,17,3
20,18,3
20,19,4
20,20,4
20,21,4
20,22,4
20,23,4
20,24,4
20,25,4
20,26,1
20,27,1
20,28,1
20,29,1
20,30,1
21,0,3
21,1,3
21,2,3
21,3,1
21,4,1
21,5,1
21,6,1
21,7,2
21,8,2
21,9,2
21,10,2
21,11,1
21,12,1
21,13,1
21,14,1
21,15,1
21,16,3
21,17,3
21,18,3
21,19,3
21,20,4
21,21,4
21,22,4
21,23,4
21,24,4
21,25,4
21,26,4
21,27,1
21,28,1
21,29,3
21,30,3
22,0,3
22,1,3
22,2,3
22,3,1
22,4,1
22,5,1
22,6,1
22,7,2
22,8,2
22,9,2
22,10,2
22,11,2
22,12,1
22,13,1
22,14,1
22,15,1
22,16,3
22,17,3
22,18,3
22,19,3
22,20,3
22,21,4
22,22,4
22,23,4
22,24,4
22,25,4
22,26,4
22,27,4
22,28,3
22,29,3
22,30,3
23,0,3
23,1,3
23,2,4
23,3,4
23,4,1
23,5,1
23,6,4
23,7,4
23,8,2
23,9,2
23,10,2
23,11,2
23,12,1
23,13,1
23,14,1
23,15,1
23,16,1
23,17,3
23,18,3
23,19,3
23,20,3
23,21,3
23,22,4
23,23,4
23,24,4
23,25,4
23,26,4
23,27,4
23,28,3
23,29,3
23,30,3
24,0,4
24,1,4
24,2,4
24,3,4
24,4,4
24,5,4
24,6,4
24,7,4
24,8,4
24,9,2
24,10,2
24,11,4
24,12,4
24,13,1
24,14,1
24,15,1
24,16,1
24,17,1
24,18,1
24,19,3
24,20,3
24,21,3
24,22,3
24,23,4
24,24,4
24,25,4
24,26,4
24,27,4
24,28,4
24,29,3
24,30,3
25,0,4
25,1,4
25,2,4
25,3,4
25,4,4
25,5,4
25,6,4
25,7,4
25,8,4
25,9,4
25,10,4
25,11,4
25,12,4
25,13,4
25,14,4
25,15,1
25,16,1
25,17,1
25,18,1
25,19,1
25,20,3
25,21,3
25,22,3
25,23,3
25,24,3
25,25,4
25,26,4
25,27,4
25,28,4
25,29,4
25,30,4
26,0,4
26,1,4
26,2,4
26,3,4
26,4,4
26,5,4
26,6,4
26,7,4
26,8,4
26,9,4
26,10,4
26,11,4
26,12,4
26,13,4
26,14,4
26,15,4
26,16,4
26,17,1
26,18,1
26,19,1
26,20,3
26,21,3
26,22,3
26,23,3
26,24,3
26,25,3
26,26,4
26,27,4
26,28,4
26,29,4
26,30,4
27,0,4
27,1,4
27,2,4
27,3,4
27,4,4
27,5,4
27,6,4
27,7,4
27,8,4
27,9,4
27,10,4
27,11,4
27,12,4
27,13,4
27,14,4
27,15,4
27,16,4
27,17,4
27,18,1
27,19,1
27,20,3
27,21,3
27,22,3
27,23,3
27,24,3
27,25,3
27,26,3
27,27,4
27,28,4
27,29,3
27,30,3
28,0,4
28,1,4
28,2,4
28,3,4
28,4,4
28,5,4
28,6,3
28,7,3
28,8,3
28,9,4
28,10,4
28,11,4
28,12,4
28,13,4
28,14,4
28,15,4
28,16,4
28,17,4
28,18,1
28,19,1
28,20,3
28,21,3
28,22,3
28,23,3
28,24,3
28,25,3
28,26,3
28,27,3
28,28,3
28,29,3
28,30,3
29,0,4
29,1,4
29,2,4
29,3,4
29,4,4
29,5,3
29,6,3
29,7,3
29,8,3
29,9,3
29,10,4
29,11,4
29,12,4
29,13,4
29,14,4
29,15,4
29,16,4
29,17,4
29,18,1
29,19,1
29,20,3
29,21,3
29,22,3
29,23,3
29,24,3
29,25,3
29,26,3
29,27,3
29,28,3
29,29,3
29,30,3
30,0,4
30,1,4
30,2,4
30,3,4
30,4,4
30,5,3
30,6,3
30,7,3
30,8,3
30,9,3
30,10,4
30,11,4
30,12,4
30,13,4
30,14,4
30,15,4
30,16,4
30,17,4
30,18,1
30,19,1
30,20,3
30,21,3
30,22,3
30,23,3
30,24,3
30,25,3
30,26,3
30,27,3
30,28,3
30,29,3
30,30,3