9
16
10
6
7,7
7,17
7,27
17,7
17,17
17,27
27,7
27,17
27,27
6,7,2
3,6,1
4,6,2
5,7,1
4,7,2
7,8,2
4,5,2
1,5,2
5,8,2
2,5,2
3,4,2
1,3,2
0,3,1
1,4,1
0,1,1
1,2,1
0,0,4
0,1,4
0,2,4
0,3,4
0,4,3
0,5,3
0,6,1
0,7,1
0,8,1
0,9,1
0,10,2
0,11,2
0,12,2
0,13,2
0,14,4
0,15,4
0,16,4
0,17,4
0,18,4
0,19,3
0,20,3
0,21,3
0,22,4
0,23,4
0,24,4
0,25,4
0,26,3
0,27,3
0,28,2
0,29,2
0,30,2
1,0,4
1,1,4
1,2,4
1,3,4
1,4,3
1,5,3
1,6,1
1,7,1
1,8,1
1,9,1
1,10,2
1,11,2
1,12,2
1,13,2
1,14,4
1,15,4
1,16,4
1,17,4
1,18,4
1,19,3
1,20,3
1,21,3
1,22,4
1,23,4
1,24,4
1,25,4
1,26,3
1,27,3
1,28,2
1,29,2
1,30,2
2,0,4
2,1,4
2,2,4
2,3,3
2,4,3
2,5,3
2,6,3
2,7,1
2,8,1
2,9,4
2,10,4
2,11,2
2,12,2
2,13,1
2,14,1
2,15,4
2,16,4
2,17,4
2,18,4
2,19,3
2,20,3
2,21,3
2,22,4
2,23,4
2,24,4
2,25,4
2,26,3
2,27,3
2,28,3
2,29,2
2,30,2
3,0,4
3,1,4
3,2,4
3,3,3
3,4,3
3,5,3
3,6,3
3,7,4
3,8,4
3,9,4
3,10,4
3,11,4
3,12,1
3,13,1
3,14,1
3,15,1
3,16,4
3,17,4
3,18,3
3,19,3
3,20,3
3,21,4
3,22,4
3,23,4
3,24,4
3,25,4
3,26,3
3,27,3
3,28,3
3,29,3
3,30,3
4,0,4
4,1,4
4,2,2
4,3,2
4,4,3
4,5,3
4,6,4
4,7,4
4,8,4
4,9,4
4,10,4
4,11,4
4,12,1
4,13,1
4,14,1
4,15,1
4,16,3
4,17,3
4,18,3
4,19,3
4,20,3
4,21,4
4,22,4
4,23,4
4,24,4
4,25,4
4,26,3
4,27,3
4,28,3
4,29,3
4,30,3
5,0,2
5,1,2
5,2,2
5,3,2
5,4,2
5,5,4
5,6,4
5,7,4
5,8,4
5,9,4
5,10,4
5,11,2
5,12,2
5,13,1
5,14,1
5,15,3
5,16,3
5,17,3
5,18,3
5,19,3
5,20,4
5,21,4
5,22,4
5,23,4
5,24,4
5,25,3
5,26,3
5,27,3
5,28,3
5,29,3
5,30,3
6,0,2
6,1,2
6,2,2
6,3,2
6,4,2
6,5,4
6,6,4
6,7,4
6,8,4
6,9,4
6,10,2
6,11,2
6,12,2
6,13,2
6,14,3
6,15,3
6,16,3
6,17,3
6,18,3
6,19,3
6,20,4
6,21,4
6,22,4
6,23,4
6,24,4
6,25,3
6,26,3
6,27,3
6,28,3
6,29,3
6,30,3
7,0,3
7,1,3
7,2,2
7,3,2
7,4,4
7,5,4
7,6,4
7,7,4
7,8,4
7,9,4
7,10,2
7,11,2
7,12,2
7,13,2
7,14,3
7,15,3
7,16,3
7,17,3
7,18,3
7,19,3
7,20,4
7,21,4
7,22,4
7,23,4
7,24,4
7,25,3
7,26,3
7,27,3
7,28,3
7,29,3
7,30,3
8,0,3
8,1,3
8,2,3
8,3,4
8,4,4
8,5,4
8,6,4
8,7,4
8,8,4
8,9,4
8,10,4
8,11,2
8,12,2
8,13,3
8,14,3
8,15,3
8,16,3
8,17,3
8,18,3
8,19,3
8,20,4
8,21,4
8,22,4
8,23,4
8,24,4
8,25,3
8,26,3
8,27,3
8,28,3
8,29,3
8,30,3
9,0,3
9,1,3
9,2,3
9,3,4
9,4,4
9,5,4
9,6,4
9,7,4
9,8,4
9,9,4
9,10,4
9,11,1
9,12,1
9,13,3
9,14,3
9,15,3
9,16,3
9,17,3
9,18,3
9,19,3
9,20,4
9,21,4
9,22,4
9,23,4
9,24,4
9,25,3
9,26,3
9,27,3
9,28,3
9,29,3
9,30,3
10,0,3
10,1,3
10,2,3
10,3,3
10,4,4
10,5,4
10,6,4
10,7,4
10,8,4
10,9,4
10,10,1
10,11,1
10,12,1
10,13,1
10,14,3
10,15,3
10,16,3
10,17,3
10,18,3
10,19,3
10,20,3
10,21,4
10,22,4
10,23,4
10,24,3
10,25,3
10,26,3
10,27,3
10,28,4
10,29,4
10,30,4
11,0,3
11,1,3
11,2,3
11,3,3
11,4,3
11,5,3
11,6,4
11,7,4
11,8,4
11,9,4
11,10,1
11,11,1
11,12,1
11,13,1
11,14,3
11,15,3
11,16,3
11,17,3
11,18,3
11,19,3
11,20,3
11,21,3
11,22,3
11,23,3
11,24,3
11,25,3
11,26,3
11,27,4
11,28,4
11,29,4
11,30,4
12,0,3
12,1,3
12,2,3
12,3,3
12,4,3
12,5,3
12,6,3
12,7,4
12,8,4
12,9,3
12,10,3
12,11,1
12,12,1
12,13,3
12,14,3
12,15,3
12,16,3
12,17,3
12,18,3
12,19,3
12,20,3
12,21,3
12,22,3
12,23,3
12,24,3
12,25,3
12,26,4
12,27,4
12,28,4
12,29,4
12,30,4
13,0,3
13,1,3
13,2,1
13,3,1
13,4,3
13,5,3
13,6,3
13,7,3
13,8,3
13,9,3
13,10,3
13,11,3
13,12,3
13,13,3
13,14,3
13,15,3
13,16,3
13,17,1
13,18,1
13,19,1
13,20,3
13,21,3
13,22,2
13,23,2
13,24,2
13,25,2
13,26,4
13,27,4
13,28,4
13,29,4
13,30,4
14,0,1
14,1,1
14,2,1
14,3,1
14,4,1
14,5,3
14,6,3
14,7,3
14,8,3
14,9,3
14,10,3
14,11,3
14,12,3
14,13,3
14,14,3
14,15,3
14,16,1
14,17,1
14,18,1
14,19,1
14,20,1
14,21,2
14,22,2
14,23,2
14,24,2
14,25,2
14,26,2
14,27,4
14,28,4
14,29,4
14,30,4
15,0,1
15,1,1
15,2,1
15,3,1
15,4,1
15,5,4
15,6,4
15,7,4
15,8,4
15,9,4
15,10,4
15,11,4
15,12,4
15,13,3
15,14,3
15,15,1
15,16,1
15,17,1
15,18,1
15,19,1
15,20,1
15,21,2
15,22,2
15,23,2
15,24,2
15,25,2
15,26,2
15,27,2
15,28,2
15,29,2
15,30,2
16,0,1
16,1,1
16,2,1
16,3,1
16,4,4
16,5,4
16,6,4
16,7,4
16,8,4
16,9,4
16,10,4
16,11,4
16,12,4
16,13,4
16,14,1
16,15,1
16,16,1
16,17,1
16,18,1
16,19,1
16,20,1
16,21,1
16,22,2
16,23,2
16,24,2
16,25,2
16,26,2
16,27,2
16,28,2
16,29,2
16,30,2
17,0,3
17,1,3
17,2,3
17,3,3
17,4,4
17,5,4
17,6,4
17,7,4
17,8,4
17,9,4
17,10,4
17,11,4
17,12,4
17,13,4
17,14,1
17,15,1
17,16,1
17,17,1
17,18,1
17,19,1
17,20,1
17,21,1
17,22,1
17,23,2
17,24,2
17,25,2
17,26,2
17,27,2
17,28,2
17,29,2
17,30,2
18,0,3
18,1,3
18,2,3
18,3,3
18,4,3
18,5,4
18,6,4
18,7,4
18,8,4
18,9,4
18,10,4
18,11,4
18,12,4
18,13,4
18,14,1
18,15,1
18,16,1
18,17,1
18,18,1
18,19,1
18,20,1
18,21,1
18,22,1
18,23,2
18,24,2
18,25,2
18,26,2
18,27,2
18,28,2
18,29,2
18,30,2
19,0,2
19,1,2
19,2,3
19,3,3
19,4,3
19,5,4
19,6,4
19,7,4
19,8,4
19,9,4
19,10,4
19,11,4
19,12,4
19,13,3
19,14,3
19,15,1
19,16,1
19,17,1
19,18,1
19,19,1
19,20,1
19,21,1
19,22,2
19,23,2
19,24,2
19,25,2
19,26,2
19,27,2
19,28,2
19,29,2
19,30,2
20,0,2
20,1,2
20,2,2
20,3,3
20,4,3
20,5,3
20,6,4
20,7,4
20,8,1
20,9,1
20,10,4
20,11,4
20,12,3
20,13,3
20,14,3
20,15,3
20,16,1
20,17,1
20,18,4
20,19,4
20,20,4
20,21,4
20,22,2
20,23,2
20,24,2
20,25,2
20,26,2
20,27,4
20,28,4
20,29,4
20,30,4
21,0,2
21,1,2
21,2,2
21,3,3
21,4,3
21,5,3
21,6,3
21,7,1
21,8,1
21,9,1
21,10,1
21,11,3
21,12,3
21,13,3
21,14,3
21,15,3
21,16,3
21,17,4
21,18,4
21,19,4
21,20,4
21,21,4
21,22,4
21,23,2
21,24,2
21,25,2
21,26,4
21,27,4
21,28,4
21,29,4
21,30,4
22,0,2
22,1,2
22,2,3
22,3,3
22,4,3
22,5,3
22,6,3
22,7,1
22,8,1
22,9,1
22,10,1
22,11,3
22,12,3
22,13,3
22,14,3
22,15,3
22,16,3
22,17,4
22,18,4
22,19,4
22,20,4
22,21,4
22,22,4
22,23,4
22,24,4
22,25,4
22,26,4
22,27,4
22,28,4
22,29,4
22,30,4
23,0,4
23,1,4
23,2,3
23,3,3
23,4,3
23,5,3
23,6,4
23,7,4
23,8,1
23,9,1
23,10,4
23,11,4
23,12,3
23,13,3
23,14,3
23,15,3
23,16,4
23,17,4
23,18,4
23,19,4
23,20,4
23,21,4
23,22,4
23,23,4
23,24,4
23,25,4
23,26,4
23,27,4
23,28,4
23,29,4
23,30,4
24,0,4
24,1,4
24,2,4
24,3,3
24,4,3
24,5,4
24,6,4
24,7,4
24,8,4
24,9,4
24,10,4
24,11,4
24,12,4
24,13,3
24,14,3
24,15,4
24,16,4
24,17,4
24,18,4
24,19,4
24,20,4
24,21,4
24,22,4
24,23,4
24,24,4
24,25,3
24,26,3
24,27,4
24,28,4
24,29,4
24,30,4
25,0,4
25,1,4
25,2,4
25,3,4
25,4,4
25,5,4
25,6,4
25,7,4
25,8,4
25,9,4
25,10,4
25,11,4
25,12,4
25,13,4
25,14,4
25,15,4
25,16,4
25,17,4
25,18,4
25,19,4
25,20,4
25,21,4
25,22,4
25,23,4
25,24,3
25,25,3
25,26,3
25,27,3
25,28,3
25,29,3
25,30,3
26,0,4
26,1,4
26,2,4
26,3,4
26,4,4
26,5,4
26,6,4
26,7,4
26,8,4
26,9,4
26,10,4
26,11,4
26,12,4
26,13,4
26,14,4
26,15,4
26,16,4
26,17,4
26,18,4
26,19,4
26,20,4
26,21,4
26,22,4
26,23,4
26,24,3
26,25,3
26,26,3
26,27,3
26,28,3
26,29,3
26,30,3
27,0,4
27,1,4
27,2,4
27,3,4
27,4,4
27,5,4
27,6,4
27,7,4
27,8,4
27,9,4
27,10,4
27,11,4
27,12,4
27,13,4
27,14,4
27,15,4
27,16,4
27,17,4
27,18,4
27,19,4
27,20,4
27,21,4
27,22,4
27,23,3
27,24,3
27,25,3
27,26,3
27,27,3
27,28,3
27,29,3
27,30,3
28,0,4
28,1,4
28,2,1
28,3,1
28,4,4
28,5,4
28,6,4
28,7,4
28,8,4
28,9,4
28,10,4
28,11,4
28,12,2
28,13,2
28,14,4
28,15,4
28,16,4
28,17,4
28,18,4
28,19,4
28,20,4
28,21,3
28,22,3
28,23,3
28,24,3
28,25,3
28,26,3
28,27,3
28,28,3
28,29,3
28,30,3
29,0,1
29,1,1
29,2,1
29,3,1
29,4,1
29,5,4
29,6,4
29,7,4
29,8,4
29,9,4
29,10,4
29,11,2
29,12,2
29,13,2
29,14,2
29,15,4
29,16,4
29,17,4
29,18,4
29,19,4
29,20,3
29,21,3
29,22,3
29,23,3
29,24,3
29,25,3
29,26,3
29,27,3
29,28,3
29,29,3
29,30,3
30,0,1
30,1,1
30,2,1
30,3,1
30,4,1
30,5,4
30,6,4
30,7,4
30,8,4
30,9,4
30,10,4
30,11,2
30,12,2
30,13,2
30,14,2
30,15,4
30,16,4
30,17,4
30,18,4
30,19,4
30,20,3
30,21,3
30,22,3
30,23,3
30,24,3
30,25,3
30,26,3
30,27,3
30,28,3
30,29,3
30,30,3